0.012989
0.038313
0.03913
0.039685
0.041215
0.041575
0.041832
0.042735
0.041926
0.043058
0.041435
0.043361
0.042472
0.046642
0.04283
0.042398
0.043154
0.044439
0.042985
0.04322
0.049412
0.046782
0.046521
0.04707
0.048841
0.049396
0.048013
0.047811
0.046582
0.048924
0.046351
0.046024
0.046059
0.047885
0.046659
0.047533
0.045466
0.04525
0.045016
0.044634
0.040335
0.041641
0.041031
0.039707
0.036814
0.03558
0.036255
0.034685
0.032091
0.031228
0.029614
0.029605
0.032061
0.030193
0.030544
0.030364
0.031219
0.036137
0.031593
0.031171
0.031383
0.031586
0.032222
0.030875
0.030329
0.030881
0.031674
0.033338
0.032605
0.03973
0.036869
0.037408
0.035908
0.037654
0.037674
0.03856
0.03696
0.035965
0.035599
0.035521
0.034611
0.03928
0.035918
0.033917
0.033659
0.033315
0.033903
0.033808
0.036711
0.034292
0.034269
0.03515
0.035828
0.036397
0.036276
0.035867
0.037225
0.037671
0.037067
0.038669
0.038052
0.038195
0.03949
0.038385
0.042163
0.041242
0.037738
0.036215
0.036131
0.03454
0.032799
0.034157
0.033795
0.031845
0.033093
0.031235
0.032704
0.033648
0.033544
0.041853
0.037657
0.036684
0.037039
0.036547
0.038226
0.036275
0.037679
0.036249
0.036796
0.037675
0.038671
0.038512
0.040019
0.038431
0.037441
0.040244
0.04108
0.042043
0.043492
0.04221
0.042869
0.041573
0.042776
0.044745
0.040451
0.040997
0.040996
0.040571
0.041166
0.040426
0.040771
0.039611
0.038737
0.036026
0.034817
0.035276
0.035048
0.035129
0.03471
0.034091
0.032966
0.033686
0.033947
0.032577
0.034133
0.034334
0.033782
0.033961
0.037611
0.037325
0.036309
0.035603
0.035773
0.036217
0.036076
0.039071
0.040539
0.038201
0.038513
0.037594
0.035889
0.043732
0.039942
0.038189
0.038413
0.036529
0.038381
0.03761
0.040468
0.037431
0.037553
0.045518
0.040138
0.039431
0.039735
0.041581
0.042783
0.041475
0.040954
0.03886
0.039977
0.036761
0.040585
0.037767
0.038885
0.036715
0.035915
0.036515
0.033929
0.035582
0.0356
0.035748
0.035103
0.040956
0.036111
0.036461
0.036961
0.036747
0.036284
0.039448
0.038749
0.040005
0.038419
0.040024
0.039324
0.038665
0.037348
0.035543
0.035092
0.033049
0.032904
0.034525
0.033153
0.033064
0.032039
0.030945
0.030866
0.032388
0.032369
0.032881
0.032495
0.038946
0.035006
0.034408
0.034424
0.034905
0.035046
0.032988
0.043405
0.040446
0.036293
0.03548
0.036138
0.036761
0.038291
0.036863
0.038433
0.040093
0.037764
0.036409
0.037049
0.036631
0.037043
0.038275
0.035847
0.036723
0.041502
0.036903
0.039576
0.037262
0.044371
0.038632
0.040501
0.039827
0.041896
0.041927
0.040722
0.038994
0.03784
0.037713
0.040303
0.039268
0.037192
0.040005
0.039253
0.036568
0.038449
0.04097
0.037878
0.03629
0.035098
0.037088
0.037943
0.037437
0.037487
0.035878
0.038218
0.039687
0.03866
0.043324
0.041221
0.044788
0.041812
0.040044
0.043524
0.043565
0.046735
0.044348
0.045772
0.045472
0.047954
0.050371
0.049276
0.047139
0.049854
0.050325
0.050457
0.048542
0.052682
0.054127
0.054806
0.054544
0.055398
0.058937
0.056367
0.053762
0.055744
0.053479
0.054718
0.055927
0.058435
0.053262
0.055079
0.054044
0.05521
0.053351
0.055509
0.052916
0.052946
0.052082
0.050907
0.053136
0.054933
0.053171
0.051868
0.050275
0.052563
0.055036
0.051847
0.0508
0.050748
0.048537
0.050871
0.048495
0.04919
0.048204
0.048188
0.046837
0.04882
0.046516
0.046531
0.045971
0.047515
0.048842
0.050534
0.050068
0.050883
0.057464
0.052755
0.050322
0.051164
0.049103
0.049631
0.047213
0.048682
0.049181
0.048517
0.048181
0.047458
0.048832
0.061586
0.051277
0.052049
0.049456
0.049385
0.047269
0.048192
0.047086
0.047462
0.048303
0.049658
0.045738
0.04838
0.047106
0.04773
0.047211
0.052693
0.049115
0.049149
0.049091
0.048642
0.047739
0.048052
0.04494
0.046916
0.047252
0.047058
0.047748
0.048495
0.047038
0.048034
0.046791
0.046236
0.04556
0.049937
0.048161
0.049726
0.046965
0.049508
0.049521
0.049132
0.047135
0.052113
0.04906
0.050127
0.049769
0.050925
0.049648
0.050321
0.049352
0.052468
0.049644
0.050048
0.047473
0.049138
0.047172
0.048672
0.047198
0.047566
0.0471
0.047958
0.049234
0.05701
0.050734
0.050704
0.049429
0.049985
0.05018
0.050823
0.050686
0.053074
0.053214
0.052994
0.053392
0.054401
0.053613
0.053617
0.058769
0.057302
0.057025
0.056915
0.059006
0.058779
0.059495
0.05877
0.060282
0.062823
0.062851
0.061093
0.061043
0.059724
0.058385
0.059896
0.057947
0.057974
0.053669
0.054948
0.052265
0.055266
0.05443
0.052535
0.052694
0.055121
0.05368
0.053752
0.052576
0.052464
0.048266
0.050951
0.046949
0.045528
0.046342
0.046233
0.045741
0.047071
0.046701
0.043923
0.044909
0.044
0.043586
0.049515
0.04406
0.043687
0.042729
0.043366
0.041897
0.044519
0.041533
0.042409
0.044844
0.042825
0.041271
0.042
0.044588
0.043879
0.057757
0.052433
0.050212
0.048847
0.047987
0.04597
0.045452
0.046006
0.042869
0.043211
0.043051
0.044467
0.042877
0.044923
0.043732
0.043586
0.043264
0.043889
0.044607
0.047321
0.04472
0.053672
0.045771
0.046976
0.043736
0.04436
0.043615
0.050625
0.04517
0.047393
0.053247
0.049373
0.050051
0.049222
0.04853
0.04752
0.045899
0.044277
0.04609
0.049498
0.044946
0.047549
0.047161
0.055997
0.052612
0.051551
0.049924
0.050296
0.048726
0.04933
0.047908
0.051072
0.049493
0.049512
0.048337
0.048549
0.047204
0.047003
0.049937
0.051051
0.046256
0.044379
0.042619
0.044576
0.04757
0.049029
0.039162
0.035926
0.03494
0.034665
0.034621
0.037183
0.035775
0.03613
0.034713
0.03507
0.038331
0.034033
0.029994
0.028858
0.028392
0.032205
0.037371
0.03664
0.032461
0.032192
0.033066
0.036256
0.033973
0.033046
0.0325
0.041028
0.035817
0.035255
0.036703
0.036195
0.035638
0.038726
0.0346
0.0349
0.035997
0.036424
0.039603
0.03732
0.052033
0.042459
0.040011
0.039613
0.039292
0.038159
0.036982
0.037427
0.036414
0.038141
0.035999
0.034575
0.03592
0.036866
0.036134
0.037064
0.035874
0.038081
0.036987
0.046026
0.037584
0.039431
0.037817
0.04004
0.040543
0.041828
0.039411
0.042202
0.041718
0.043125
0.041771
0.04447
0.042239
0.043933
0.042666
0.045127
0.043703
0.041683
0.044177
0.045594
0.044582
0.04539
0.044681
0.046353
0.043587
0.045878
0.044358
0.044868
0.044022
0.045708
0.043759
0.046389
0.044784
0.042192
0.044645
0.044389
0.044945
0.044609
0.042175
0.044891
0.045181
0.046136
0.045275
0.045788
0.046115
0.046294
0.045055
0.045619
0.043359
0.04575
0.045594
0.043188
0.044375
0.043292
0.044668
0.042852
0.043502
0.042308
0.047715
0.043755
0.04616
0.045089
0.044313
0.046285
0.045038
0.044108
0.042852
0.045179
0.044137
0.045199
0.044255
0.043852
0.043614
0.04485
0.043728
0.047361
0.04589
0.044384
0.046198
0.044814
0.044815
0.045036
0.043517
0.044901
0.043142
0.045934
0.044786
0.046117
0.043562
0.045697
0.045308
0.046695
0.046047
0.044862
0.046128
0.047995
0.052859
0.052306
0.052449
0.053971
0.052199
0.05269
0.053008
0.053773
0.051496
0.053142
0.052628
0.053693
0.052135
0.053004
0.052918
0.0523
0.051951
0.053828
0.052508
0.051766
0.049113
0.050017
0.050041
0.04869
0.046125
0.04717
0.047568
0.044637
0.045799
0.045602
0.043774
0.044609
0.042476
0.043782
0.041144
0.041228
0.043839
0.041213
0.040252
0.041054
0.040683
0.051941
0.040878
0.040595
0.040855
0.039636
0.040011
0.039071
0.03755
0.037647
0.03653
0.035841
0.036941
0.036388
0.035599
0.03599
0.034865
0.03367
0.035502
0.035341
0.034571
0.036105
0.042528
0.036769
0.035346
0.035578
0.035456
0.036278
0.036566
0.034037
0.037925
0.038025
0.037005
0.036342
0.036758
0.046847
0.03861
0.039067
0.036504
0.038346
0.037073
0.039482
0.037596
0.037698
0.038219
0.037217
0.03712
0.037621
0.038548
0.037943
0.037148
0.036705
0.036181
0.04411
0.038858
0.037715
0.03579
0.035115
0.034483
0.034417
0.033721
0.034342
0.036225
0.034688
0.033898
0.034445
0.03428
0.033615
0.034362
0.037072
0.034217
0.033753
0.03396
0.033223
0.034246
0.0343
0.035067
0.03495
0.033144
0.034004
0.033474
0.034417
0.03407
0.034277
0.037589
0.035511
0.035395
0.03508
0.036225
0.035938
0.042561
0.039792
0.038553
0.038183
0.042648
0.041953
0.041947
0.043507
0.042587
0.046113
0.041811
0.043282
0.041584
0.042731
0.040794
0.041473
0.042342
0.041821
0.043789
0.042945
0.041343
0.042646
0.042231
0.042511
0.041996
0.046369
0.043907
0.044352
0.042945
0.042013
0.050338
0.048903
0.048636
0.049282
0.048669
0.048344
0.046957
0.048671
0.048561
0.050478
0.048257
0.050738
0.051573
0.051298
0.050506
0.05314
0.050036
0.049369
0.050176
0.04904
0.050176
0.04918
0.048797
0.051144
0.04865
0.047855
0.048335
0.046259
0.046156
0.044971
0.043523
0.041816
0.039193
0.04216
0.039111
0.040881
0.038041
0.037618
0.036832
0.037043
0.035874
0.034811
0.033794
0.038415
0.036385
0.035332
0.036803
0.047704
0.041799
0.042606
0.041326
0.042497
0.040921
0.043098
0.040312
0.042543
0.041203
0.042004
0.04207
0.04235
0.042406
0.041736
0.041615
0.042152
0.041088
0.040075
0.038781
0.039903
0.038591
0.036054
0.036739
0.036788
0.037002
0.037031
0.036948
0.035928
0.036089
0.035441
0.038287
0.03696
0.03615
0.034574
0.03474
0.03475
0.035543
0.037232
0.036221
0.038308
0.035356
0.035836
0.038628
0.039154
0.037874
0.043413
0.037357
0.039622
0.037753
0.038235
0.037603
0.038092
0.041264
0.038083
0.040154
0.036553
0.037307
0.038531
0.041769
0.037549
0.036818
0.042283
0.038718
0.037535
0.037954
0.036838
0.038989
0.036247
0.036328
0.033404
0.036716
0.035163
0.03547
0.034743
0.034372
0.035696
0.035561
0.034192
0.035565
0.03287
0.033455
0.033981
0.033215
0.033666
0.035348
0.034999
0.033921
0.035155
0.034123
0.034382
0.034626
0.034522
0.034563
0.034442
0.033443
0.032904
0.035534
0.034645
0.034673
0.035321
0.036258
0.03612
0.036468
0.035648
0.035728
0.036551
0.035726
0.035875
0.035901
0.035601
0.035604
0.034817
0.040681
0.039916
0.040177
0.038587
0.044834
0.040448
0.039159
0.04655
0.043225
0.04312
0.043938
0.044897
0.043886
0.04599
0.044186
0.044757
0.044966
0.044631
0.045552
0.044738
0.046812
0.047297
0.047143
0.04824
0.04777
0.047464
0.047807
0.046972
0.046056
0.051128
0.045748
0.045098
0.049745
0.045103
0.04529
0.048341
0.050493
0.048655
0.04994
0.04845
0.048952
0.04849
0.047483
0.047792
0.047741
0.047794
