0.0000 0.0000 0.0000 0.0000 0.0000 -0.0000 -0.0000 1.0000
0.1034 0.0041 -0.0219 0.9739 0.0018 0.0010 -0.0008 1.0000
0.2071 0.0034 -0.0285 1.9321 0.0022 0.0013 -0.0003 1.0000
0.3103 0.0181 -0.0169 2.9362 0.0009 0.0015 -0.0000 1.0000
0.4136 0.0121 0.0157 3.8881 -0.0014 0.0011 0.0015 1.0000
0.5179 0.0142 0.0013 4.8457 -0.0017 0.0006 0.0023 1.0000
0.6204 0.0205 -0.0067 5.8013 -0.0004 0.0004 0.0032 1.0000
0.7242 0.0173 -0.0145 6.7265 0.0009 -0.0001 0.0029 1.0000
0.8272 0.0116 -0.0159 7.6524 0.0013 -0.0006 0.0033 1.0000
0.9306 0.0096 -0.0017 8.5538 0.0006 -0.0009 0.0030 1.0000
1.0341 -0.0034 0.0098 9.4971 -0.0006 -0.0014 0.0031 1.0000
1.1374 -0.0100 0.0068 10.4323 -0.0012 -0.0019 0.0032 1.0000
1.2443 -0.0162 0.0058 11.3537 -0.0016 -0.0022 0.0045 1.0000
1.3442 -0.0251 0.0122 12.2751 -0.0015 -0.0024 0.0044 1.0000
1.4476 -0.0294 0.0106 13.1544 -0.0012 -0.0030 0.0049 1.0000
1.5511 -0.0335 0.0055 14.0684 -0.0002 -0.0034 0.0046 1.0000
1.6545 -0.0586 0.0015 14.9694 0.0004 -0.0042 0.0048 1.0000
1.7578 -0.0617 0.0060 15.8546 0.0007 -0.0050 0.0048 1.0000
1.8614 -0.0810 -0.0002 16.7550 0.0011 -0.0058 0.0043 1.0000
1.9647 -0.1111 -0.0011 17.6542 0.0011 -0.0065 0.0037 1.0000
2.0682 -0.1085 0.0028 18.5612 0.0009 -0.0073 0.0038 1.0000
2.1716 -0.1298 -0.0066 19.4302 0.0005 -0.0080 0.0037 1.0000
2.2751 -0.1464 0.0011 20.3184 0.0003 -0.0086 0.0033 1.0000
2.3786 -0.1726 -0.0103 21.2065 0.0003 -0.0095 0.0034 0.9999
2.4820 -0.1901 -0.0143 22.0707 0.0004 -0.0101 0.0033 0.9999
2.5855 -0.2096 -0.0172 22.9167 0.0002 -0.0108 0.0032 0.9999
2.6890 -0.2359 -0.0121 23.7823 -0.0005 -0.0112 0.0032 0.9999
2.7937 -0.2492 -0.0156 24.6250 -0.0020 -0.0117 0.0038 0.9999
2.8961 -0.2750 -0.0103 25.4758 -0.0026 -0.0120 0.0039 0.9999
2.9996 -0.3129 -0.0132 26.2929 -0.0023 -0.0123 0.0035 0.9999
3.1035 -0.3268 -0.0217 27.1075 -0.0012 -0.0127 0.0028 0.9999
3.2066 -0.3507 -0.0192 27.9004 -0.0003 -0.0131 0.0027 0.9999
3.3101 -0.3833 -0.0185 28.6970 -0.0003 -0.0135 0.0023 0.9999
3.4140 -0.4044 -0.0319 29.4951 -0.0001 -0.0141 0.0024 0.9999
3.5171 -0.4318 -0.0270 30.2650 0.0003 -0.0151 0.0021 0.9999
3.6207 -0.4668 -0.0401 31.0444 0.0003 -0.0160 0.0020 0.9999
3.7247 -0.4886 -0.0369 31.7752 -0.0000 -0.0171 0.0019 0.9999
3.8277 -0.5117 -0.0344 32.5221 -0.0009 -0.0179 0.0021 0.9998
3.9312 -0.5471 -0.0381 33.2819 -0.0016 -0.0188 0.0017 0.9998
4.0349 -0.6013 -0.0382 34.0021 -0.0018 -0.0199 0.0013 0.9998
4.1422 -0.6336 -0.0440 34.7038 -0.0016 -0.0207 0.0003 0.9998
4.2434 -0.6707 -0.0411 35.4188 -0.0012 -0.0218 -0.0008 0.9998
4.3460 -0.6981 -0.0388 36.1161 -0.0016 -0.0224 -0.0011 0.9997
4.4492 -0.7405 -0.0361 36.8163 -0.0023 -0.0230 -0.0016 0.9997
4.5525 -0.7877 -0.0233 37.4989 -0.0026 -0.0231 -0.0029 0.9997
4.6562 -0.8227 -0.0406 38.1656 -0.0019 -0.0225 -0.0047 0.9997
4.7608 -0.8664 -0.0400 38.8103 -0.0004 -0.0216 -0.0054 0.9998
4.8638 -0.8791 -0.0417 39.4508 0.0005 -0.0206 -0.0057 0.9998
4.9668 -0.9177 -0.0414 40.0746 0.0002 -0.0189 -0.0061 0.9998
5.0733 -0.9478 -0.0421 40.7393 -0.0010 -0.0174 -0.0086 0.9998
5.1743 -0.9859 -0.0303 41.3419 -0.0027 -0.0155 -0.0109 0.9998
5.2775 -0.9921 -0.0341 41.9619 -0.0032 -0.0134 -0.0131 0.9998
5.3811 -1.0218 -0.0298 42.5390 -0.0033 -0.0107 -0.0152 0.9998
5.4846 -1.0288 -0.0256 43.0992 -0.0042 -0.0078 -0.0169 0.9998
5.5881 -1.0458 -0.0158 43.6536 -0.0050 -0.0046 -0.0193 0.9998
5.6916 -1.0644 -0.0195 44.1939 -0.0049 -0.0010 -0.0212 0.9998
5.7952 -1.0522 -0.0314 44.6845 -0.0050 0.0028 -0.0228 0.9997
5.8987 -1.0695 -0.0238 45.1788 -0.0048 0.0065 -0.0249 0.9997
6.0024 -1.0454 -0.0224 45.6610 -0.0039 0.0103 -0.0275 0.9996
6.1059 -1.0426 -0.0376 46.0967 -0.0024 0.0143 -0.0281 0.9995
6.2095 -1.0284 -0.0206 46.5106 -0.0021 0.0184 -0.0286 0.9994
6.3130 -1.0065 -0.0369 46.9203 -0.0029 0.0223 -0.0283 0.9993
6.4165 -0.9879 -0.0267 47.2853 -0.0033 0.0262 -0.0289 0.9992
6.5240 -0.9706 -0.0306 47.6568 -0.0036 0.0307 -0.0306 0.9991
6.6237 -0.9453 -0.0249 47.9818 -0.0034 0.0350 -0.0329 0.9988
6.7273 -0.9285 -0.0174 48.2806 -0.0037 0.0395 -0.0348 0.9986
6.8308 -0.8895 -0.0298 48.5732 -0.0040 0.0442 -0.0348 0.9984
6.9344 -0.8411 -0.0374 48.8367 -0.0034 0.0495 -0.0344 0.9982
7.0381 -0.8179 -0.0424 49.1013 -0.0015 0.0554 -0.0336 0.9979
7.1417 -0.7853 -0.0474 49.3655 0.0002 0.0622 -0.0340 0.9975
7.2453 -0.7248 -0.0431 49.6223 0.0012 0.0699 -0.0347 0.9970
7.3533 -0.6745 -0.0484 49.8888 0.0016 0.0781 -0.0355 0.9963
7.4526 -0.6237 -0.0482 50.1278 0.0020 0.0866 -0.0358 0.9956
7.5566 -0.5670 -0.0525 50.3618 0.0024 0.0958 -0.0354 0.9948
7.6634 -0.4904 -0.0596 50.6303 0.0024 0.1054 -0.0350 0.9938
7.7634 -0.4284 -0.0588 50.8553 0.0028 0.1157 -0.0352 0.9927
7.8670 -0.3619 -0.0635 51.0835 0.0034 0.1265 -0.0360 0.9913
7.9706 -0.2794 -0.0667 51.3396 0.0040 0.1382 -0.0366 0.9897
8.0742 -0.1737 -0.0773 51.5671 0.0042 0.1508 -0.0372 0.9879
8.1780 -0.0878 -0.0757 51.8068 0.0040 0.1640 -0.0387 0.9857
8.2839 0.0299 -0.0856 52.0812 0.0040 0.1784 -0.0398 0.9832
8.3860 0.1373 -0.0872 52.3042 0.0041 0.1934 -0.0404 0.9803
8.4888 0.2625 -0.1070 52.5234 0.0047 0.2093 -0.0395 0.9770
8.5934 0.4248 -0.1182 52.7749 0.0060 0.2267 -0.0380 0.9732
8.6960 0.5792 -0.1311 52.9634 0.0076 0.2452 -0.0373 0.9687
8.7997 0.7571 -0.1449 53.2206 0.0096 0.2643 -0.0379 0.9636
8.9039 0.9209 -0.1482 53.4193 0.0111 0.2841 -0.0385 0.9580
9.0080 1.1243 -0.1652 53.6481 0.0120 0.3048 -0.0398 0.9515
9.1106 1.3403 -0.1768 53.9116 0.0125 0.3264 -0.0418 0.9442
9.2142 1.5684 -0.1810 54.1300 0.0125 0.3482 -0.0442 0.9363
9.3178 1.8288 -0.2034 54.3543 0.0128 0.3711 -0.0450 0.9274
9.4215 2.1337 -0.2303 54.6122 0.0130 0.3951 -0.0440 0.9175
9.5251 2.4183 -0.2537 54.7995 0.0132 0.4189 -0.0433 0.9069
9.6301 2.7607 -0.2672 55.0312 0.0136 0.4435 -0.0432 0.8951
9.7324 3.1062 -0.3021 55.2016 0.0146 0.4686 -0.0428 0.8822
9.8360 3.4960 -0.3277 55.3863 0.0153 0.4936 -0.0422 0.8685
9.9397 3.9248 -0.3592 55.5784 0.0147 0.5177 -0.0417 0.8544
10.0439 4.3241 -0.3905 55.7293 0.0133 0.5412 -0.0418 0.8398
10.1468 4.7653 -0.3989 55.8809 0.0118 0.5637 -0.0430 0.8248
10.2504 5.2551 -0.4178 55.9979 0.0123 0.5852 -0.0435 0.8097
10.3537 5.7143 -0.4723 56.0944 0.0148 0.6053 -0.0400 0.7949
10.4572 6.2029 -0.4970 56.1566 0.0179 0.6235 -0.0344 0.7808
10.5630 6.7406 -0.5598 56.2171 0.0204 0.6404 -0.0313 0.7671
10.6645 7.2502 -0.5579 56.2595 0.0224 0.6553 -0.0313 0.7544
10.7670 7.7823 -0.6163 56.2949 0.0250 0.6678 -0.0291 0.7433
10.8702 8.3599 -0.6580 56.3135 0.0272 0.6787 -0.0263 0.7334
10.9734 8.8978 -0.6896 56.3063 0.0285 0.6880 -0.0239 0.7247
11.0772 9.4794 -0.7204 56.3302 0.0302 0.6953 -0.0216 0.7177
11.1802 10.0608 -0.7656 56.3148 0.0310 0.7012 -0.0216 0.7120
11.2842 10.6525 -0.7969 56.3079 0.0315 0.7059 -0.0214 0.7073
11.3859 11.2457 -0.8119 56.3079 0.0319 0.7101 -0.0215 0.7031
11.4890 11.8812 -0.8810 56.2954 0.0341 0.7132 -0.0211 0.6998
11.5925 12.4955 -0.9381 56.2572 0.0359 0.7157 -0.0203 0.6972
11.6953 13.1289 -0.9687 56.2419 0.0360 0.7172 -0.0200 0.6956
11.7995 13.7789 -1.0205 56.2225 0.0343 0.7186 -0.0198 0.6943
11.9017 14.4605 -1.0461 56.1979 0.0315 0.7195 -0.0182 0.6936
12.0048 15.1239 -1.0861 56.1730 0.0298 0.7200 -0.0157 0.6932
12.1080 15.8245 -1.1186 56.1447 0.0300 0.7202 -0.0139 0.6929
12.2112 16.5170 -1.1766 56.1069 0.0319 0.7202 -0.0132 0.6929
12.3145 17.2009 -1.2156 56.0917 0.0346 0.7199 -0.0154 0.6930
12.4177 17.9083 -1.2875 56.0768 0.0370 0.7190 -0.0184 0.6938
12.5211 18.6311 -1.3263 56.0380 0.0378 0.7184 -0.0189 0.6944
12.6245 19.3805 -1.3605 56.0184 0.0366 0.7175 -0.0169 0.6954
12.7274 20.1040 -1.4049 55.9943 0.0346 0.7167 -0.0148 0.6964
12.8307 20.8641 -1.4366 55.9941 0.0335 0.7157 -0.0147 0.6975
12.9341 21.5812 -1.5199 55.9638 0.0373 0.7146 -0.0143 0.6984
13.0377 22.2905 -1.5859 55.9536 0.0399 0.7134 -0.0154 0.6995
13.1417 23.0421 -1.6273 55.9459 0.0383 0.7126 -0.0177 0.7003
13.2442 23.7892 -1.6635 55.9539 0.0356 0.7112 -0.0184 0.7018
13.3480 24.5154 -1.7080 55.9451 0.0361 0.7098 -0.0153 0.7034
13.4528 25.2703 -1.7772 55.9403 0.0380 0.7086 -0.0140 0.7045
13.5549 25.9878 -1.8475 55.9358 0.0394 0.7075 -0.0154 0.7054
13.6580 26.7298 -1.8870 55.9483 0.0385 0.7063 -0.0174 0.7067
13.7613 27.4786 -1.9476 55.9561 0.0378 0.7049 -0.0176 0.7080
13.8647 28.2112 -1.9995 55.9554 0.0386 0.7037 -0.0154 0.7093
13.9682 28.9609 -2.0558 55.9707 0.0403 0.7025 -0.0136 0.7104
14.0716 29.6762 -2.1233 55.9735 0.0415 0.7012 -0.0130 0.7117
14.1751 30.4311 -2.1742 55.9836 0.0417 0.7001 -0.0127 0.7128
14.2786 31.1767 -2.2163 55.9915 0.0420 0.6989 -0.0120 0.7138
14.3821 31.9284 -2.2764 55.9959 0.0426 0.6977 -0.0104 0.7151
14.4855 32.6530 -2.3253 56.0316 0.0423 0.6965 -0.0112 0.7162
14.5890 33.4130 -2.3835 56.0771 0.0415 0.6954 -0.0128 0.7173
14.6924 34.1804 -2.4410 56.0944 0.0423 0.6944 -0.0124 0.7182
14.7960 34.9098 -2.5001 56.1328 0.0415 0.6934 -0.0129 0.7192
14.8995 35.6906 -2.5465 56.1619 0.0411 0.6927 -0.0134 0.7199
15.0029 36.3986 -2.5958 56.2039 0.0407 0.6915 -0.0141 0.7211
15.1064 37.1897 -2.6568 56.2458 0.0403 0.6904 -0.0156 0.7222
15.2099 37.9515 -2.7342 56.2762 0.0411 0.6891 -0.0173 0.7232
15.3134 38.6966 -2.7770 56.3111 0.0420 0.6880 -0.0178 0.7243
15.4168 39.4736 -2.8506 56.3763 0.0407 0.6868 -0.0207 0.7254
15.5202 40.2444 -2.8908 56.4290 0.0391 0.6858 -0.0222 0.7264
15.6239 41.0237 -2.9710 56.4789 0.0401 0.6845 -0.0213 0.7276
15.7272 41.7908 -3.0400 56.5467 0.0406 0.6832 -0.0216 0.7288
15.8306 42.5868 -3.1047 56.5940 0.0395 0.6818 -0.0234 0.7301
15.9343 43.4010 -3.1498 56.6623 0.0387 0.6802 -0.0235 0.7316
16.0394 44.1824 -3.2378 56.7229 0.0389 0.6785 -0.0223 0.7332
16.1409 44.9670 -3.2862 56.8128 0.0388 0.6767 -0.0251 0.7348
16.2443 45.7526 -3.3738 56.8985 0.0412 0.6742 -0.0286 0.7368
16.3483 46.5603 -3.4443 56.9722 0.0429 0.6714 -0.0308 0.7392
16.4535 47.3734 -3.5218 57.0742 0.0422 0.6688 -0.0332 0.7415
16.5544 48.2003 -3.6044 57.1734 0.0407 0.6658 -0.0340 0.7442
16.6580 49.0145 -3.7012 57.2782 0.0397 0.6631 -0.0334 0.7468
16.7614 49.8300 -3.7748 57.3866 0.0388 0.6604 -0.0322 0.7493
16.8647 50.6415 -3.8583 57.5109 0.0362 0.6576 -0.0306 0.7519
16.9681 51.4609 -3.9158 57.6416 0.0328 0.6547 -0.0292 0.7546
17.0734 52.2546 -3.9933 57.7567 0.0317 0.6521 -0.0276 0.7569
17.1756 53.0461 -4.0652 57.8863 0.0323 0.6493 -0.0284 0.7593
17.2795 53.8297 -4.1413 58.0286 0.0347 0.6470 -0.0306 0.7611
17.3833 54.5991 -4.2059 58.1661 0.0361 0.6451 -0.0324 0.7626
17.4854 55.3710 -4.2828 58.3145 0.0365 0.6430 -0.0332 0.7642
17.5889 56.1550 -4.3481 58.4625 0.0359 0.6409 -0.0342 0.7660
17.6939 56.9153 -4.4419 58.5869 0.0359 0.6390 -0.0323 0.7677
17.7958 57.6501 -4.4952 58.7312 0.0341 0.6373 -0.0298 0.7693
17.8994 58.3861 -4.5571 58.8671 0.0312 0.6362 -0.0274 0.7704
18.0031 59.1486 -4.6073 59.0177 0.0286 0.6349 -0.0277 0.7715
18.1063 59.8804 -4.6868 59.1882 0.0279 0.6336 -0.0282 0.7726
18.2098 60.5876 -4.7450 59.3413 0.0276 0.6327 -0.0295 0.7734
18.3134 61.2868 -4.8124 59.5098 0.0278 0.6320 -0.0319 0.7738
18.4172 61.9825 -4.8700 59.6507 0.0291 0.6311 -0.0342 0.7744
18.5205 62.6481 -4.9388 59.8022 0.0308 0.6303 -0.0364 0.7749
18.6240 63.3272 -5.0050 59.9451 0.0316 0.6297 -0.0367 0.7753
18.7275 63.9889 -5.0597 60.0925 0.0306 0.6292 -0.0376 0.7758
18.8310 64.6415 -5.1320 60.2409 0.0301 0.6290 -0.0362 0.7760
18.9347 65.3031 -5.1754 60.3919 0.0293 0.6288 -0.0349 0.7762
19.0380 65.9544 -5.2493 60.5345 0.0287 0.6289 -0.0350 0.7761
19.1415 66.6029 -5.3055 60.6412 0.0287 0.6292 -0.0344 0.7759
19.2455 67.2038 -5.3570 60.7939 0.0285 0.6300 -0.0349 0.7753
19.3518 67.8090 -5.4111 60.9225 0.0288 0.6309 -0.0363 0.7745
19.4521 68.4408 -5.4837 61.0678 0.0309 0.6315 -0.0373 0.7739
19.5577 69.0317 -5.5392 61.1766 0.0316 0.6321 -0.0372 0.7733
19.6601 69.6110 -5.5955 61.3132 0.0313 0.6332 -0.0370 0.7725
19.7640 70.1827 -5.6459 61.4344 0.0302 0.6342 -0.0360 0.7717
19.8670 70.7409 -5.6939 61.5353 0.0291 0.6352 -0.0344 0.7711
19.9699 71.3043 -5.7600 61.6339 0.0296 0.6361 -0.0331 0.7703
20.0734 71.8604 -5.8024 61.7324 0.0316 0.6367 -0.0325 0.7697
20.1772 72.4154 -5.8630 61.8456 0.0339 0.6375 -0.0316 0.7691
20.2803 72.9540 -5.8952 61.9381 0.0346 0.6382 -0.0324 0.7684
20.3838 73.5112 -5.9633 62.0454 0.0350 0.6387 -0.0335 0.7679
20.4876 74.0337 -6.0027 62.1475 0.0352 0.6392 -0.0328 0.7676
20.5909 74.5858 -6.0606 62.2346 0.0369 0.6391 -0.0300 0.7677
20.6943 75.1393 -6.1118 62.3367 0.0382 0.6384 -0.0281 0.7683
20.7977 75.7075 -6.1664 62.4341 0.0389 0.6375 -0.0268 0.7690
20.9021 76.2464 -6.2122 62.5276 0.0385 0.6363 -0.0273 0.7700
21.0046 76.8007 -6.2654 62.6719 0.0379 0.6342 -0.0281 0.7717
21.1082 77.3393 -6.3205 62.7867 0.0381 0.6317 -0.0274 0.7738
21.2136 77.9221 -6.3658 62.9183 0.0379 0.6286 -0.0276 0.7763
21.3161 78.4840 -6.4041 63.0426 0.0374 0.6255 -0.0270 0.7789
21.4180 79.0534 -6.4563 63.1737 0.0363 0.6219 -0.0275 0.7818
21.5243 79.6563 -6.5053 63.3474 0.0357 0.6180 -0.0280 0.7849
21.6248 80.2324 -6.5701 63.5039 0.0351 0.6140 -0.0304 0.7879
21.7303 80.8270 -6.6168 63.6812 0.0347 0.6100 -0.0326 0.7910
21.8330 81.4281 -6.6655 63.8624 0.0347 0.6055 -0.0339 0.7944
21.9362 82.0502 -6.7272 64.0370 0.0348 0.6010 -0.0349 0.7977
22.0384 82.6662 -6.7827 64.2456 0.0339 0.5968 -0.0362 0.8008
22.1419 83.2654 -6.8414 64.4290 0.0339 0.5926 -0.0367 0.8040
22.2453 83.9095 -6.8970 64.6524 0.0333 0.5881 -0.0374 0.8072
22.3488 84.6135 -6.9494 64.8947 0.0319 0.5835 -0.0360 0.8107
22.4522 85.2442 -7.0135 65.0996 0.0301 0.5795 -0.0328 0.8138
22.5557 85.9194 -7.0735 65.3643 0.0291 0.5747 -0.0311 0.8172
22.6594 86.5885 -7.1188 65.6263 0.0282 0.5704 -0.0295 0.8203
22.7625 87.3093 -7.1859 65.9018 0.0290 0.5663 -0.0274 0.8232
22.8660 87.9924 -7.2239 66.1722 0.0304 0.5625 -0.0241 0.8259
22.9695 88.7260 -7.2749 66.4436 0.0300 0.5594 -0.0188 0.8282
23.0730 89.4514 -7.3374 66.7292 0.0307 0.5564 -0.0153 0.8302
23.1766 90.1672 -7.3736 67.0241 0.0321 0.5531 -0.0139 0.8324
23.2800 90.8868 -7.4439 67.3477 0.0356 0.5497 -0.0148 0.8345
23.3847 91.5815 -7.5024 67.6564 0.0395 0.5464 -0.0159 0.8364
23.4876 92.2782 -7.5587 67.9796 0.0397 0.5438 -0.0170 0.8381
23.5907 92.9969 -7.6147 68.2951 0.0378 0.5417 -0.0194 0.8395
23.6945 93.6787 -7.6639 68.6181 0.0368 0.5396 -0.0215 0.8409
23.7982 94.3650 -7.7494 68.9454 0.0373 0.5378 -0.0232 0.8419
23.9035 95.0145 -7.8091 69.2636 0.0381 0.5359 -0.0254 0.8431
24.0046 95.7086 -7.8848 69.6192 0.0381 0.5343 -0.0271 0.8440
24.1082 96.3674 -7.9375 69.9416 0.0374 0.5323 -0.0271 0.8453
24.2132 97.0076 -8.0114 70.2452 0.0365 0.5306 -0.0256 0.8465
24.3151 97.6385 -8.0730 70.5752 0.0352 0.5290 -0.0249 0.8475
24.4221 98.2786 -8.1291 70.8753 0.0346 0.5275 -0.0244 0.8485
24.5224 98.8918 -8.1919 71.1967 0.0342 0.5259 -0.0257 0.8495
24.6253 99.4987 -8.2607 71.5164 0.0347 0.5245 -0.0259 0.8503
24.7288 100.1036 -8.3148 71.8158 0.0351 0.5234 -0.0247 0.8510
24.8322 100.6892 -8.3750 72.1243 0.0353 0.5229 -0.0240 0.8513
24.9356 101.2459 -8.4199 72.4133 0.0349 0.5221 -0.0242 0.8518
25.0391 101.8255 -8.4823 72.7113 0.0351 0.5211 -0.0239 0.8525
25.1425 102.3944 -8.5351 73.0025 0.0357 0.5198 -0.0244 0.8532
25.2460 102.9505 -8.5986 73.2812 0.0369 0.5186 -0.0241 0.8539
25.3494 103.4800 -8.6596 73.5771 0.0376 0.5171 -0.0229 0.8548
25.4528 104.0504 -8.7069 73.8686 0.0382 0.5154 -0.0219 0.8558
25.5563 104.5602 -8.7623 74.1412 0.0387 0.5138 -0.0210 0.8568
25.6596 105.0810 -8.8141 74.4465 0.0389 0.5123 -0.0208 0.8577
25.7632 105.5730 -8.8657 74.7154 0.0390 0.5108 -0.0203 0.8586
25.8665 106.0957 -8.9135 74.9970 0.0397 0.5090 -0.0197 0.8596
25.9702 106.6054 -8.9628 75.2779 0.0401 0.5070 -0.0201 0.8607
26.0745 107.1053 -9.0201 75.5640 0.0416 0.5048 -0.0192 0.8620
26.1778 107.5970 -9.0701 75.8346 0.0424 0.5023 -0.0206 0.8634
26.2800 108.0655 -9.1261 76.1138 0.0437 0.4997 -0.0233 0.8648
26.3845 108.5488 -9.1787 76.4305 0.0448 0.4966 -0.0271 0.8664
26.4870 109.0322 -9.2258 76.7433 0.0459 0.4935 -0.0302 0.8680
26.5902 109.5240 -9.2809 77.0681 0.0464 0.4899 -0.0324 0.8699
26.6936 110.0333 -9.3468 77.3864 0.0450 0.4870 -0.0337 0.8716
26.7969 110.4904 -9.4007 77.7026 0.0415 0.4841 -0.0350 0.8733
26.9004 110.9977 -9.4549 78.0392 0.0374 0.4812 -0.0361 0.8751
27.0038 111.5224 -9.5205 78.3896 0.0334 0.4777 -0.0373 0.8771
27.1073 112.0085 -9.5689 78.7313 0.0309 0.4748 -0.0376 0.8787
27.2106 112.5324 -9.6293 79.0883 0.0304 0.4713 -0.0396 0.8805
27.3140 113.0563 -9.6732 79.4626 0.0305 0.4679 -0.0419 0.8823
27.4174 113.5759 -9.7334 79.8478 0.0313 0.4641 -0.0433 0.8842
27.5207 114.1069 -9.7789 80.2352 0.0313 0.4608 -0.0445 0.8858
27.6242 114.6422 -9.8409 80.6411 0.0305 0.4573 -0.0457 0.8876
27.7277 115.1934 -9.8856 81.0509 0.0288 0.4537 -0.0475 0.8894
27.8311 115.7483 -9.9472 81.4868 0.0276 0.4499 -0.0474 0.8914
27.9345 116.3113 -10.0080 81.9279 0.0266 0.4458 -0.0466 0.8935
28.0378 116.8798 -10.0770 82.3860 0.0263 0.4413 -0.0469 0.8957
28.1410 117.4500 -10.1263 82.8617 0.0254 0.4370 -0.0483 0.8978
28.2444 118.0368 -10.1881 83.3418 0.0253 0.4326 -0.0491 0.8999
28.3480 118.6190 -10.2375 83.8202 0.0249 0.4285 -0.0495 0.9018
28.4513 119.1936 -10.3042 84.3060 0.0246 0.4254 -0.0491 0.9033
28.5548 119.8230 -10.3652 84.8580 0.0245 0.4233 -0.0484 0.9044
28.6609 120.4234 -10.4197 85.3441 0.0249 0.4214 -0.0473 0.9053
28.7618 121.0498 -10.4842 85.8806 0.0261 0.4194 -0.0446 0.9063
28.8668 121.6790 -10.5524 86.4301 0.0268 0.4174 -0.0410 0.9074
28.9707 122.3311 -10.6049 87.0120 0.0273 0.4154 -0.0375 0.9085
29.0736 122.9559 -10.6817 87.5230 0.0270 0.4138 -0.0350 0.9093
29.1767 123.5997 -10.7186 88.1017 0.0268 0.4117 -0.0337 0.9103
29.2793 124.2263 -10.8017 88.6653 0.0271 0.4098 -0.0344 0.9111
29.3848 124.8886 -10.8614 89.2617 0.0269 0.4074 -0.0369 0.9121
29.4864 125.4914 -10.9132 89.8744 0.0255 0.4057 -0.0394 0.9128
29.5894 126.1599 -10.9744 90.4436 0.0233 0.4040 -0.0392 0.9136
29.6929 126.7966 -11.0168 91.0696 0.0202 0.4019 -0.0388 0.9146
29.7963 127.4600 -11.0752 91.7058 0.0173 0.3999 -0.0368 0.9157
29.8998 128.0876 -11.1171 92.3229 0.0164 0.3970 -0.0343 0.9170
30.0032 128.7573 -11.1803 92.9356 0.0177 0.3943 -0.0326 0.9182
30.1066 129.3996 -11.2401 93.5590 0.0223 0.3910 -0.0292 0.9196
30.2116 130.0558 -11.2879 94.1907 0.0268 0.3878 -0.0288 0.9209
30.3133 130.7069 -11.3655 94.8216 0.0292 0.3841 -0.0284 0.9224
30.4167 131.3402 -11.3957 95.4716 0.0288 0.3805 -0.0258 0.9240
30.5201 131.9809 -11.4853 96.1554 0.0284 0.3767 -0.0223 0.9256
30.6236 132.6120 -11.5186 96.7929 0.0299 0.3732 -0.0196 0.9271
30.7270 133.2563 -11.6096 97.4794 0.0321 0.3702 -0.0206 0.9282
30.8303 133.8832 -11.6507 98.1715 0.0330 0.3675 -0.0217 0.9292
30.9338 134.5259 -11.7268 98.8244 0.0327 0.3656 -0.0202 0.9300
31.0373 135.1458 -11.7910 99.5311 0.0319 0.3638 -0.0167 0.9308
31.1428 135.7850 -11.8582 100.2217 0.0309 0.3629 -0.0153 0.9312
31.2442 136.4348 -11.9151 100.9207 0.0303 0.3625 -0.0129 0.9314
31.3477 137.0731 -11.9799 101.6171 0.0296 0.3622 -0.0128 0.9316
31.4513 137.6922 -12.0235 102.3020 0.0294 0.3623 -0.0126 0.9315
31.5556 138.3203 -12.0952 103.0041 0.0292 0.3628 -0.0145 0.9313
31.6617 138.9500 -12.1433 103.7015 0.0295 0.3633 -0.0162 0.9311
31.7632 139.5701 -12.2130 104.3836 0.0289 0.3647 -0.0192 0.9305
31.8659 140.2287 -12.2680 105.1059 0.0288 0.3662 -0.0195 0.9299
31.9708 140.8652 -12.3242 105.7930 0.0276 0.3675 -0.0218 0.9294
32.0741 141.4797 -12.3870 106.4764 0.0267 0.3693 -0.0215 0.9287
32.1766 142.1221 -12.4279 107.1481 0.0253 0.3708 -0.0210 0.9281
32.2802 142.7483 -12.4792 107.8038 0.0253 0.3727 -0.0188 0.9274
32.3826 143.4033 -12.5666 108.4985 0.0275 0.3746 -0.0194 0.9266
32.4861 143.9945 -12.6131 109.1330 0.0295 0.3766 -0.0260 0.9255
32.5899 144.6532 -12.7119 109.8170 0.0318 0.3789 -0.0280 0.9245
32.6947 145.2960 -12.7599 110.4425 0.0310 0.3811 -0.0266 0.9236
32.7966 145.9315 -12.8299 111.1069 0.0274 0.3836 -0.0275 0.9227
32.9023 146.5584 -12.8738 111.7383 0.0257 0.3858 -0.0262 0.9219
33.0034 147.2223 -12.9474 112.3711 0.0246 0.3880 -0.0279 0.9209
33.1068 147.8637 -12.9978 113.0212 0.0254 0.3899 -0.0263 0.9201
33.2116 148.5031 -13.0645 113.6362 0.0266 0.3922 -0.0258 0.9191
33.3147 149.1297 -13.1160 114.2467 0.0288 0.3945 -0.0238 0.9181
33.4171 149.8093 -13.2066 114.8852 0.0296 0.3968 -0.0250 0.9171
33.5205 150.4664 -13.2450 115.4838 0.0302 0.3991 -0.0244 0.9161
33.6240 151.1056 -13.3122 116.0788 0.0296 0.4016 -0.0256 0.9150
33.7278 151.7653 -13.3693 116.6885 0.0302 0.4048 -0.0247 0.9136
33.8308 152.4384 -13.4223 117.2983 0.0300 0.4082 -0.0262 0.9120
33.9346 153.1150 -13.5107 117.9066 0.0316 0.4118 -0.0290 0.9103
34.0379 153.7881 -13.5803 118.5293 0.0331 0.4153 -0.0314 0.9085
34.1422 154.4783 -13.6809 119.1144 0.0330 0.4191 -0.0337 0.9067
34.2447 155.1700 -13.7284 119.7027 0.0305 0.4231 -0.0312 0.9050
34.3481 155.8954 -13.7694 120.2889 0.0252 0.4274 -0.0313 0.9032
34.4516 156.6087 -13.8395 120.8878 0.0229 0.4315 -0.0297 0.9014
34.5551 157.3333 -13.8867 121.4784 0.0204 0.4358 -0.0312 0.8993
34.6591 158.0708 -13.9668 122.0394 0.0207 0.4400 -0.0324 0.8972
34.7647 158.8110 -14.0047 122.6030 0.0249 0.4440 -0.0296 0.8952
34.8662 159.5530 -14.1140 123.1937 0.0283 0.4480 -0.0329 0.8930
34.9690 160.3181 -14.1922 123.7504 0.0312 0.4520 -0.0320 0.8909
35.0749 161.0935 -14.2533 124.2858 0.0305 0.4560 -0.0301 0.8889
35.1768 161.8724 -14.3064 124.8344 0.0300 0.4599 -0.0271 0.8870
35.2795 162.6401 -14.3861 125.3755 0.0293 0.4639 -0.0267 0.8850
35.3828 163.3683 -14.4415 125.8766 0.0293 0.4676 -0.0276 0.8830
35.4863 164.1534 -14.5269 126.3820 0.0299 0.4706 -0.0264 0.8814
35.5897 164.9080 -14.5920 126.8817 0.0298 0.4734 -0.0227 0.8801
35.6932 165.6653 -14.6493 127.3644 0.0287 0.4763 -0.0219 0.8785
35.7965 166.3990 -14.6980 127.8629 0.0276 0.4786 -0.0218 0.8773
35.9000 167.1427 -14.7822 128.3335 0.0279 0.4810 -0.0226 0.8760
36.0060 167.8855 -14.8459 128.8189 0.0298 0.4830 -0.0230 0.8748
36.1082 168.5958 -14.9166 129.2798 0.0322 0.4847 -0.0250 0.8737
36.2103 169.3135 -14.9900 129.7240 0.0320 0.4863 -0.0267 0.8728
36.3137 170.0472 -15.0454 130.1817 0.0303 0.4877 -0.0250 0.8721
36.4171 170.7941 -15.0925 130.6300 0.0281 0.4888 -0.0220 0.8717
36.5205 171.5098 -15.1584 131.0548 0.0277 0.4902 -0.0189 0.8710
36.6240 172.2073 -15.2265 131.4815 0.0288 0.4915 -0.0175 0.8703
36.7274 172.9151 -15.2814 131.8917 0.0310 0.4927 -0.0173 0.8695
36.8307 173.5580 -15.3385 132.3001 0.0335 0.4937 -0.0201 0.8688
36.9347 174.2843 -15.4216 132.7312 0.0362 0.4948 -0.0232 0.8679
37.0404 174.9394 -15.5073 133.1194 0.0383 0.4958 -0.0228 0.8673
37.1410 175.5892 -15.5544 133.5033 0.0356 0.4970 -0.0208 0.8668
37.2447 176.2707 -15.5860 133.9120 0.0287 0.4988 -0.0206 0.8660
37.3479 176.9467 -15.6198 134.3262 0.0235 0.5005 -0.0217 0.8651
37.4514 177.6078 -15.7002 134.7355 0.0230 0.5014 -0.0226 0.8646
37.5548 178.2491 -15.7681 135.0859 0.0254 0.5028 -0.0224 0.8637
37.6581 178.8759 -15.8173 135.4328 0.0265 0.5040 -0.0230 0.8630
37.7617 179.5319 -15.8576 135.7961 0.0264 0.5051 -0.0226 0.8624
37.8651 180.1319 -15.9044 136.1534 0.0256 0.5063 -0.0226 0.8617
37.9686 180.7746 -15.9506 136.5035 0.0255 0.5077 -0.0224 0.8609
38.0724 181.3512 -16.0011 136.8366 0.0263 0.5089 -0.0218 0.8601
38.1761 181.9887 -16.0540 137.1740 0.0271 0.5107 -0.0224 0.8590
38.2788 182.5994 -16.1015 137.5010 0.0279 0.5129 -0.0231 0.8577
38.3823 183.2094 -16.1501 137.8271 0.0286 0.5153 -0.0238 0.8562
38.4858 183.7802 -16.1942 138.1416 0.0298 0.5175 -0.0243 0.8548
38.5893 184.3528 -16.2510 138.4220 0.0316 0.5201 -0.0251 0.8531
38.6927 184.9468 -16.3138 138.7187 0.0335 0.5233 -0.0253 0.8511
38.7963 185.5568 -16.3694 139.0217 0.0338 0.5263 -0.0265 0.8492
38.8999 186.1593 -16.4147 139.3317 0.0327 0.5293 -0.0282 0.8473
39.0032 186.7824 -16.4594 139.6275 0.0314 0.5325 -0.0299 0.8453
39.1069 187.3989 -16.5198 139.9161 0.0315 0.5355 -0.0305 0.8434
39.2104 188.0291 -16.5832 140.2116 0.0323 0.5386 -0.0316 0.8413
39.3139 188.6658 -16.6443 140.4977 0.0330 0.5422 -0.0339 0.8389
39.4174 189.3009 -16.7017 140.8327 0.0338 0.5455 -0.0354 0.8367
39.5209 189.9505 -16.7619 141.1038 0.0342 0.5488 -0.0366 0.8344
39.6243 190.6265 -16.8264 141.3924 0.0350 0.5520 -0.0376 0.8323
39.7280 191.2777 -16.8853 141.6624 0.0354 0.5554 -0.0387 0.8299
39.8313 191.9714 -16.9722 141.9369 0.0365 0.5587 -0.0381 0.8277
39.9348 192.6612 -17.0317 142.1677 0.0369 0.5619 -0.0375 0.8255
40.0383 193.3783 -17.1078 142.4749 0.0362 0.5654 -0.0365 0.8232
40.1417 194.1067 -17.1677 142.7591 0.0347 0.5687 -0.0358 0.8210
40.2452 194.8371 -17.2182 143.0056 0.0334 0.5716 -0.0345 0.8191
40.3505 195.6014 -17.3222 143.2996 0.0327 0.5744 -0.0326 0.8173
40.4521 196.3739 -17.3689 143.5612 0.0305 0.5769 -0.0309 0.8157
40.5561 197.1467 -17.4046 143.8279 0.0285 0.5794 -0.0292 0.8140
40.6602 197.9203 -17.4825 144.0876 0.0301 0.5813 -0.0277 0.8126
40.7641 198.7244 -17.5510 144.3437 0.0344 0.5837 -0.0287 0.8108
40.8659 199.5321 -17.6444 144.6146 0.0406 0.5853 -0.0312 0.8092
40.9694 200.3319 -17.7408 144.9003 0.0455 0.5870 -0.0317 0.8077
41.0728 201.1374 -17.8016 145.1378 0.0469 0.5890 -0.0285 0.8062
41.1768 201.9824 -17.8805 145.3804 0.0462 0.5910 -0.0241 0.8050
41.2828 202.8316 -17.9428 145.6265 0.0453 0.5933 -0.0212 0.8034
41.3851 203.6831 -18.0504 145.8997 0.0460 0.5951 -0.0235 0.8020
41.4868 204.5325 -18.1412 146.1715 0.0477 0.5969 -0.0286 0.8004
41.5927 205.4005 -18.2441 146.4565 0.0474 0.5989 -0.0307 0.7988
41.6933 206.2676 -18.3120 146.6920 0.0445 0.6012 -0.0304 0.7973
41.7967 207.1537 -18.3886 146.9305 0.0421 0.6037 -0.0300 0.7955
41.9002 208.0354 -18.4838 147.2037 0.0419 0.6059 -0.0306 0.7938
42.0036 208.9554 -18.5939 147.4451 0.0424 0.6079 -0.0329 0.7922
42.1069 209.8438 -18.6743 147.6852 0.0439 0.6098 -0.0319 0.7907
42.2103 210.7669 -18.7756 147.9128 0.0451 0.6116 -0.0303 0.7893
42.3138 211.6753 -18.8678 148.1550 0.0454 0.6133 -0.0294 0.7880
42.4176 212.6146 -18.9610 148.3833 0.0458 0.6148 -0.0285 0.7868
42.5206 213.5332 -19.0649 148.6240 0.0457 0.6160 -0.0281 0.7859
42.6240 214.4603 -19.1615 148.8479 0.0442 0.6169 -0.0285 0.7853
42.7274 215.3875 -19.2451 149.0858 0.0435 0.6182 -0.0276 0.7843
42.8307 216.3293 -19.3312 149.3123 0.0424 0.6193 -0.0285 0.7835
42.9342 217.2287 -19.4318 149.5108 0.0423 0.6198 -0.0302 0.7830
43.0374 218.2393 -19.5318 149.7574 0.0425 0.6208 -0.0310 0.7822
43.1408 219.1428 -19.6210 149.9894 0.0428 0.6215 -0.0305 0.7816
43.2447 220.0718 -19.7454 150.1981 0.0421 0.6220 -0.0303 0.7813
43.3476 220.9965 -19.7961 150.4210 0.0411 0.6225 -0.0289 0.7810
43.4509 221.9448 -19.9248 150.6337 0.0408 0.6233 -0.0269 0.7804
43.5552 222.8679 -19.9886 150.8436 0.0413 0.6238 -0.0279 0.7800
43.6603 223.7992 -20.1013 151.0503 0.0427 0.6245 -0.0305 0.7793
43.7623 224.7194 -20.1901 151.2701 0.0448 0.6252 -0.0311 0.7785
43.8653 225.6347 -20.2955 151.4557 0.0441 0.6261 -0.0320 0.7778
43.9714 226.5878 -20.3898 151.6858 0.0425 0.6276 -0.0311 0.7767
44.0716 227.5113 -20.4691 151.8786 0.0399 0.6289 -0.0294 0.7759
44.1768 228.4295 -20.5645 152.0715 0.0389 0.6304 -0.0276 0.7748
44.2787 229.3453 -20.6613 152.2773 0.0382 0.6320 -0.0283 0.7735
44.3821 230.3103 -20.7563 152.4695 0.0385 0.6337 -0.0291 0.7721
44.4857 231.1990 -20.8387 152.6361 0.0387 0.6352 -0.0289 0.7708
44.5891 232.1218 -20.9232 152.8201 0.0385 0.6369 -0.0289 0.7694
44.6930 233.0713 -21.0121 152.9987 0.0385 0.6386 -0.0284 0.7681
44.7968 233.9911 -21.0971 153.1726 0.0381 0.6399 -0.0286 0.7670
44.8996 234.9112 -21.1835 153.3592 0.0377 0.6415 -0.0291 0.7656
45.0031 235.8543 -21.2730 153.5141 0.0367 0.6431 -0.0305 0.7643
45.1071 236.7583 -21.3599 153.6707 0.0358 0.6448 -0.0310 0.7629
45.2099 237.6772 -21.4421 153.8251 0.0344 0.6462 -0.0326 0.7617
45.3135 238.6020 -21.5379 153.9918 0.0339 0.6476 -0.0358 0.7604
45.4169 239.5131 -21.6233 154.1455 0.0348 0.6487 -0.0384 0.7593
45.5204 240.4013 -21.7161 154.3011 0.0349 0.6500 -0.0399 0.7581
45.6237 241.3420 -21.8066 154.4576 0.0336 0.6515 -0.0396 0.7569
45.7272 242.2687 -21.8981 154.6051 0.0323 0.6528 -0.0381 0.7559
45.8306 243.1857 -21.9816 154.7448 0.0314 0.6539 -0.0374 0.7550
45.9339 244.1017 -22.0771 154.8660 0.0313 0.6552 -0.0362 0.7539
46.0374 245.0035 -22.1622 154.9833 0.0315 0.6565 -0.0361 0.7528
46.1408 245.9162 -22.2375 155.1188 0.0318 0.6581 -0.0369 0.7513
46.2442 246.8130 -22.3452 155.2344 0.0323 0.6599 -0.0383 0.7497
46.3477 247.7303 -22.4092 155.3305 0.0345 0.6619 -0.0340 0.7480
46.4511 248.6425 -22.4892 155.4619 0.0332 0.6636 -0.0311 0.7467
46.5545 249.5242 -22.5625 155.5460 0.0332 0.6656 -0.0317 0.7449
46.6580 250.4230 -22.6780 155.6710 0.0382 0.6671 -0.0349 0.7432
46.7614 251.2843 -22.7573 155.7559 0.0433 0.6689 -0.0392 0.7410
46.8650 252.1963 -22.8690 155.8544 0.0443 0.6709 -0.0412 0.7391
46.9682 253.0881 -22.9565 155.9278 0.0409 0.6731 -0.0411 0.7373
47.0718 253.9788 -23.0526 156.0209 0.0376 0.6752 -0.0394 0.7357
47.1752 254.8573 -23.1320 156.0907 0.0351 0.6771 -0.0386 0.7341
47.2785 255.7591 -23.2362 156.1810 0.0334 0.6794 -0.0399 0.7319
47.3820 256.6411 -23.3242 156.2383 0.0312 0.6819 -0.0408 0.7296
47.4855 257.5360 -23.4035 156.2976 0.0281 0.6845 -0.0409 0.7274
47.5889 258.4069 -23.4774 156.3466 0.0262 0.6872 -0.0401 0.7249
47.6923 259.3029 -23.5795 156.3984 0.0282 0.6898 -0.0394 0.7224
47.7958 260.1573 -23.6533 156.4430 0.0299 0.6920 -0.0404 0.7202
47.8992 261.0204 -23.7421 156.4561 0.0315 0.6944 -0.0405 0.7178
48.0026 261.8850 -23.8215 156.5009 0.0311 0.6967 -0.0397 0.7155
48.1059 262.7634 -23.9028 156.5162 0.0295 0.6991 -0.0394 0.7134
48.2093 263.6218 -23.9801 156.5226 0.0303 0.7012 -0.0378 0.7113
48.3128 264.5104 -24.0713 156.5311 0.0318 0.7031 -0.0376 0.7094
48.4161 265.3515 -24.1550 156.5618 0.0326 0.7047 -0.0397 0.7076
48.5195 266.2244 -24.2379 156.5341 0.0339 0.7059 -0.0393 0.7064
48.6229 267.1088 -24.3287 156.5618 0.0356 0.7068 -0.0371 0.7055
48.7261 267.9515 -24.4041 156.5401 0.0355 0.7076 -0.0354 0.7049
48.8294 268.8290 -24.4950 156.5153 0.0355 0.7082 -0.0343 0.7043
48.9328 269.7174 -24.5773 156.5366 0.0360 0.7089 -0.0331 0.7036
49.0361 270.5521 -24.6626 156.5364 0.0370 0.7094 -0.0330 0.7030
49.1394 271.4247 -24.7418 156.5306 0.0382 0.7095 -0.0327 0.7029
49.2428 272.2878 -24.8351 156.5267 0.0400 0.7094 -0.0322 0.7029
49.3466 273.0932 -24.9115 156.5084 0.0410 0.7090 -0.0318 0.7033
49.4522 273.9560 -25.0052 156.5003 0.0417 0.7086 -0.0313 0.7037
49.5530 274.7444 -25.0850 156.4968 0.0423 0.7080 -0.0306 0.7042
49.6566 275.5795 -25.1704 156.4967 0.0424 0.7073 -0.0299 0.7050
49.7596 276.3939 -25.2466 156.4932 0.0421 0.7063 -0.0289 0.7060
49.8635 277.2208 -25.3308 156.4914 0.0411 0.7053 -0.0276 0.7072
49.9663 277.9917 -25.4148 156.5063 0.0397 0.7042 -0.0269 0.7084
50.0693 278.7960 -25.4895 156.5199 0.0387 0.7027 -0.0263 0.7099
50.1727 279.5713 -25.5633 156.5336 0.0368 0.7013 -0.0283 0.7114
50.2761 280.3266 -25.6353 156.5608 0.0364 0.7001 -0.0295 0.7126
50.3793 281.0749 -25.7023 156.5886 0.0362 0.6986 -0.0301 0.7140
50.4837 281.8181 -25.7672 156.6017 0.0356 0.6973 -0.0288 0.7153
50.5866 282.5534 -25.8367 156.6335 0.0337 0.6962 -0.0284 0.7165
50.6910 283.2811 -25.9056 156.6705 0.0321 0.6948 -0.0287 0.7179
50.7934 283.9398 -25.9636 156.6916 0.0328 0.6935 -0.0285 0.7191
50.8962 284.6476 -26.0315 156.7394 0.0332 0.6919 -0.0292 0.7207
50.9996 285.2997 -26.0829 156.7580 0.0339 0.6907 -0.0299 0.7217
51.1030 285.9312 -26.1631 156.8121 0.0343 0.6896 -0.0313 0.7227
51.2063 286.5863 -26.2050 156.8667 0.0337 0.6885 -0.0322 0.7237
51.3097 287.2153 -26.2677 156.8985 0.0331 0.6872 -0.0333 0.7250
51.4136 287.8638 -26.3160 156.9333 0.0327 0.6858 -0.0341 0.7262
51.5169 288.4599 -26.3952 156.9722 0.0320 0.6846 -0.0340 0.7274
51.6223 289.0292 -26.4375 157.0204 0.0324 0.6835 -0.0345 0.7284
51.7234 289.6067 -26.5039 157.0767 0.0318 0.6824 -0.0371 0.7293
51.8268 290.2046 -26.5490 157.1061 0.0318 0.6813 -0.0372 0.7303
51.9301 290.7224 -26.6163 157.1841 0.0310 0.6804 -0.0376 0.7312
52.0335 291.3076 -26.6636 157.2196 0.0305 0.6790 -0.0379 0.7325
52.1369 291.8421 -26.7235 157.2857 0.0308 0.6780 -0.0379 0.7334
52.2404 292.3541 -26.7615 157.3469 0.0307 0.6770 -0.0387 0.7343
52.3437 292.8952 -26.8229 157.3794 0.0308 0.6761 -0.0391 0.7351
52.4471 293.3838 -26.8691 157.4319 0.0317 0.6751 -0.0393 0.7360
52.5505 293.9076 -26.9203 157.4907 0.0320 0.6741 -0.0402 0.7368
52.6546 294.4018 -26.9665 157.5334 0.0319 0.6736 -0.0410 0.7372
52.7575 294.8962 -27.0128 157.5868 0.0324 0.6731 -0.0416 0.7376
52.8609 295.3817 -27.0661 157.6409 0.0327 0.6725 -0.0422 0.7381
52.9643 295.8431 -27.1100 157.6819 0.0331 0.6725 -0.0423 0.7381
53.0678 296.3210 -27.1651 157.7366 0.0333 0.6727 -0.0423 0.7379
53.1712 296.8263 -27.2028 157.7874 0.0324 0.6729 -0.0429 0.7378
53.2747 297.3319 -27.2513 157.8424 0.0319 0.6735 -0.0427 0.7372
53.3781 297.8358 -27.3139 157.8866 0.0325 0.6742 -0.0423 0.7367
53.4815 298.3531 -27.3585 157.9326 0.0346 0.6749 -0.0425 0.7359
53.5851 298.8719 -27.4371 157.9642 0.0379 0.6755 -0.0420 0.7352
53.6885 299.4046 -27.4843 157.9961 0.0408 0.6762 -0.0427 0.7344
53.7921 299.9546 -27.5299 158.0394 0.0418 0.6770 -0.0440 0.7334
53.8955 300.4996 -27.5715 158.0806 0.0418 0.6779 -0.0445 0.7326
53.9990 301.0777 -27.6441 158.1234 0.0423 0.6785 -0.0421 0.7321
54.1024 301.6472 -27.7319 158.1693 0.0435 0.6792 -0.0373 0.7317
54.2059 302.2262 -27.7959 158.1945 0.0438 0.6800 -0.0362 0.7310
54.3094 302.8181 -27.8519 158.2406 0.0436 0.6810 -0.0387 0.7300
54.4127 303.4400 -27.8946 158.2949 0.0431 0.6818 -0.0406 0.7292
54.5163 304.0611 -27.9679 158.3345 0.0444 0.6822 -0.0385 0.7288
54.6197 304.6761 -28.0431 158.3667 0.0451 0.6827 -0.0363 0.7284
54.7232 305.3070 -28.1211 158.4150 0.0456 0.6835 -0.0357 0.7277
54.8266 305.9877 -28.1902 158.4495 0.0449 0.6840 -0.0374 0.7271
54.9300 306.6316 -28.2558 158.4963 0.0446 0.6848 -0.0387 0.7263
55.0335 307.3043 -28.3177 158.5488 0.0456 0.6854 -0.0402 0.7256
55.1370 307.9837 -28.4020 158.5843 0.0465 0.6860 -0.0407 0.7250
55.2404 308.7104 -28.4790 158.6129 0.0453 0.6865 -0.0412 0.7246
55.3437 309.3864 -28.5626 158.6722 0.0436 0.6874 -0.0423 0.7238
55.4470 310.0976 -28.6263 158.6977 0.0435 0.6880 -0.0430 0.7232
55.5506 310.8083 -28.7360 158.7437 0.0464 0.6886 -0.0435 0.7223
55.6540 311.5343 -28.8168 158.7735 0.0490 0.6889 -0.0451 0.7218
55.7575 312.2747 -28.8932 158.8125 0.0503 0.6894 -0.0467 0.7211
55.8607 313.0098 -28.9877 158.8412 0.0508 0.6896 -0.0446 0.7210
55.9642 313.7835 -29.0948 158.8607 0.0506 0.6900 -0.0407 0.7208
56.0675 314.5462 -29.1930 158.8941 0.0509 0.6905 -0.0385 0.7205
56.1709 315.3085 -29.2802 158.9168 0.0517 0.6910 -0.0381 0.7200
56.2743 316.0922 -29.3635 158.9629 0.0525 0.6914 -0.0387 0.7195
56.3777 316.8787 -29.4629 158.9999 0.0532 0.6914 -0.0388 0.7194
56.4811 317.6861 -29.5554 159.0148 0.0532 0.6914 -0.0384 0.7195
56.5844 318.4920 -29.6565 159.0488 0.0529 0.6913 -0.0373 0.7196
56.6877 319.3007 -29.7555 159.0803 0.0524 0.6909 -0.0369 0.7201
56.7910 320.1167 -29.8580 159.1139 0.0525 0.6906 -0.0364 0.7204
56.8944 320.9464 -29.9386 159.1561 0.0518 0.6902 -0.0359 0.7209
56.9977 321.8010 -30.0460 159.1934 0.0516 0.6893 -0.0352 0.7218
57.1010 322.6286 -30.1416 159.2563 0.0519 0.6888 -0.0341 0.7223
57.2044 323.4772 -30.2429 159.2749 0.0517 0.6881 -0.0337 0.7229
57.3076 324.3510 -30.3338 159.3332 0.0521 0.6875 -0.0336 0.7236
57.4109 325.2045 -30.4346 159.3751 0.0525 0.6862 -0.0327 0.7248
57.5142 326.0902 -30.5330 159.4297 0.0528 0.6852 -0.0316 0.7258
57.6175 326.9552 -30.6306 159.4825 0.0530 0.6843 -0.0307 0.7266
57.7208 327.8385 -30.7288 159.5368 0.0535 0.6830 -0.0306 0.7278
57.8241 328.7292 -30.8317 159.6011 0.0542 0.6820 -0.0304 0.7287
57.9274 329.6259 -30.9415 159.6677 0.0542 0.6807 -0.0310 0.7299
58.0306 330.5181 -31.0282 159.7364 0.0538 0.6799 -0.0323 0.7306
58.1339 331.4430 -31.1430 159.8282 0.0538 0.6788 -0.0330 0.7316
58.2372 332.3450 -31.2465 159.8973 0.0531 0.6779 -0.0341 0.7324
58.3405 333.2461 -31.3533 159.9704 0.0524 0.6774 -0.0339 0.7329
58.4438 334.1813 -31.4694 160.0485 0.0518 0.6768 -0.0328 0.7336
58.5471 335.0944 -31.5668 160.1380 0.0509 0.6762 -0.0318 0.7343
58.6504 336.0198 -31.6624 160.2035 0.0509 0.6758 -0.0316 0.7346
58.7537 336.9455 -31.7979 160.2802 0.0522 0.6755 -0.0314 0.7348
58.8571 337.8681 -31.8836 160.3778 0.0517 0.6753 -0.0317 0.7351
58.9604 338.7902 -31.9924 160.4554 0.0506 0.6753 -0.0317 0.7352
59.0637 339.7027 -32.0931 160.5402 0.0492 0.6753 -0.0319 0.7352
59.1671 340.6213 -32.2034 160.6443 0.0487 0.6751 -0.0327 0.7354
59.2705 341.5373 -32.3079 160.7177 0.0490 0.6749 -0.0333 0.7355
59.3739 342.4390 -32.4094 160.8008 0.0489 0.6749 -0.0336 0.7355
59.4772 343.3694 -32.5118 160.8910 0.0488 0.6747 -0.0341 0.7356
59.5805 344.2670 -32.6199 160.9762 0.0489 0.6747 -0.0343 0.7357
59.6838 345.1657 -32.7221 161.0463 0.0488 0.6746 -0.0343 0.7358
59.7872 346.0715 -32.8197 161.1203 0.0486 0.6745 -0.0339 0.7359
59.8904 346.9600 -32.9291 161.1883 0.0485 0.6742 -0.0342 0.7362
59.9937 347.8643 -33.0244 161.2864 0.0493 0.6742 -0.0349 0.7361
60.0970 348.7480 -33.1421 161.3777 0.0506 0.6740 -0.0344 0.7361
60.2003 349.6511 -33.2287 161.4335 0.0507 0.6736 -0.0326 0.7367
60.3036 350.5564 -33.3328 161.5239 0.0504 0.6729 -0.0306 0.7373
60.4068 351.4341 -33.4363 161.5937 0.0524 0.6724 -0.0297 0.7377
60.5100 352.3320 -33.5497 161.6893 0.0562 0.6712 -0.0297 0.7386
60.6133 353.2247 -33.6502 161.7734 0.0587 0.6698 -0.0298 0.7396
60.7167 354.1085 -33.7667 161.8589 0.0597 0.6685 -0.0285 0.7408
60.8199 355.0239 -33.8588 161.9552 0.0602 0.6673 -0.0282 0.7418
60.9233 355.9160 -33.9777 162.0499 0.0610 0.6662 -0.0286 0.7427
61.0266 356.8115 -34.0956 162.1650 0.0612 0.6648 -0.0286 0.7439
61.1299 357.7104 -34.1948 162.2792 0.0596 0.6635 -0.0278 0.7453
61.2332 358.5992 -34.3078 162.3925 0.0579 0.6621 -0.0268 0.7467
61.3364 359.5013 -34.4118 162.4916 0.0562 0.6602 -0.0271 0.7485
61.4398 360.3988 -34.5266 162.6257 0.0556 0.6583 -0.0274 0.7502
61.5431 361.2838 -34.6255 162.7365 0.0549 0.6564 -0.0277 0.7519
61.6464 362.1933 -34.7251 162.8735 0.0544 0.6539 -0.0282 0.7541
61.7498 363.0493 -34.8320 163.0221 0.0541 0.6512 -0.0291 0.7564
61.8530 363.9332 -34.9355 163.1625 0.0539 0.6480 -0.0300 0.7592
61.9563 364.8158 -35.0375 163.3073 0.0537 0.6444 -0.0310 0.7622
62.0595 365.6983 -35.1426 163.4924 0.0534 0.6407 -0.0317 0.7653
62.1629 366.5923 -35.2483 163.6621 0.0531 0.6372 -0.0321 0.7682
62.2662 367.4988 -35.3596 163.8449 0.0526 0.6334 -0.0325 0.7713
62.3694 368.3895 -35.4629 164.0327 0.0520 0.6297 -0.0331 0.7744
62.4728 369.2335 -35.5684 164.2358 0.0514 0.6270 -0.0334 0.7766
62.5762 370.1612 -35.6801 164.4481 0.0509 0.6239 -0.0338 0.7791
62.6794 371.0262 -35.7841 164.6601 0.0506 0.6215 -0.0342 0.7810
62.7828 371.8881 -35.8930 164.8566 0.0504 0.6195 -0.0347 0.7826
62.8862 372.7803 -35.9964 165.0821 0.0501 0.6175 -0.0349 0.7842
62.9895 373.6835 -36.1072 165.3115 0.0498 0.6157 -0.0352 0.7856
63.0929 374.5504 -36.2039 165.5088 0.0497 0.6138 -0.0353 0.7871
63.1962 375.4484 -36.3229 165.7464 0.0498 0.6120 -0.0354 0.7885
63.2996 376.3253 -36.4249 165.9861 0.0496 0.6102 -0.0355 0.7899
63.4028 377.2051 -36.5336 166.2290 0.0491 0.6086 -0.0350 0.7912
63.5062 378.0946 -36.6346 166.4784 0.0484 0.6067 -0.0348 0.7927
63.6095 378.9865 -36.7421 166.7265 0.0476 0.6046 -0.0341 0.7943
63.7128 379.8550 -36.8475 166.9741 0.0468 0.6029 -0.0333 0.7957
63.8161 380.7153 -36.9451 167.2319 0.0458 0.6012 -0.0330 0.7971
63.9194 381.5911 -37.0451 167.4926 0.0458 0.5993 -0.0331 0.7985
64.0226 382.4493 -37.1490 167.7663 0.0465 0.5975 -0.0342 0.7998
64.1259 383.3018 -37.2468 168.0202 0.0470 0.5956 -0.0360 0.8011
64.2291 384.1447 -37.3581 168.2863 0.0466 0.5937 -0.0366 0.8025
64.3324 384.9901 -37.4468 168.5521 0.0445 0.5925 -0.0361 0.8035
64.4357 385.8406 -37.5506 168.8274 0.0420 0.5915 -0.0363 0.8044
64.5391 386.6612 -37.6370 169.1005 0.0408 0.5908 -0.0378 0.8049
64.6423 387.4988 -37.7428 169.3824 0.0417 0.5904 -0.0404 0.8050
64.7457 388.3077 -37.8375 169.6476 0.0429 0.5900 -0.0422 0.8052
64.8491 389.1293 -37.9421 169.9144 0.0424 0.5896 -0.0429 0.8054
64.9523 389.9507 -38.0335 170.1850 0.0398 0.5896 -0.0426 0.8056
65.0556 390.7688 -38.1218 170.4584 0.0371 0.5895 -0.0421 0.8058
65.1588 391.5807 -38.2151 170.7297 0.0357 0.5895 -0.0419 0.8059
65.2621 392.3785 -38.3120 170.9805 0.0354 0.5899 -0.0419 0.8056
65.3655 393.1849 -38.4051 171.2328 0.0357 0.5900 -0.0420 0.8055
65.4688 393.9845 -38.4848 171.4972 0.0361 0.5901 -0.0423 0.8054
65.5720 394.7925 -38.5696 171.7415 0.0372 0.5905 -0.0398 0.8052
65.6754 395.5745 -38.6577 171.9909 0.0372 0.5905 -0.0386 0.8053
65.7787 396.3836 -38.7436 172.2587 0.0377 0.5906 -0.0391 0.8051
65.8820 397.1759 -38.8414 172.5113 0.0404 0.5907 -0.0398 0.8049
65.9852 397.9630 -38.9454 172.7605 0.0427 0.5906 -0.0410 0.8048
66.0885 398.7573 -39.0032 173.0166 0.0420 0.5909 -0.0412 0.8046
66.1917 399.5847 -39.1067 173.2686 0.0408 0.5911 -0.0399 0.8046
66.2951 400.4007 -39.1987 173.5349 0.0403 0.5912 -0.0401 0.8046
66.3984 401.2134 -39.2808 173.8034 0.0411 0.5910 -0.0402 0.8046
66.5037 402.0580 -39.3940 174.0779 0.0426 0.5910 -0.0410 0.8045
66.6050 402.8724 -39.4817 174.3232 0.0433 0.5910 -0.0412 0.8044
66.7121 403.7299 -39.5787 174.6031 0.0430 0.5910 -0.0408 0.8045
66.8115 404.5922 -39.6618 174.8703 0.0424 0.5907 -0.0395 0.8048
66.9148 405.4459 -39.7667 175.1350 0.0433 0.5908 -0.0383 0.8047
67.0182 406.3058 -39.8601 175.4165 0.0451 0.5904 -0.0370 0.8050
67.1224 407.1635 -39.9756 175.6780 0.0464 0.5902 -0.0359 0.8051
67.2247 408.0272 -40.0567 175.9630 0.0470 0.5897 -0.0346 0.8055
67.3280 408.9032 -40.1765 176.2274 0.0485 0.5890 -0.0324 0.8060
67.4314 409.7439 -40.2879 176.5192 0.0499 0.5887 -0.0305 0.8063
67.5346 410.6596 -40.3798 176.7994 0.0481 0.5883 -0.0303 0.8066
67.6380 411.5067 -40.4443 177.0815 0.0450 0.5885 -0.0294 0.8067
67.7412 412.3786 -40.5501 177.3602 0.0437 0.5880 -0.0278 0.8072
67.8445 413.2524 -40.6496 177.6354 0.0439 0.5880 -0.0279 0.8072
67.9477 414.0829 -40.7436 177.9225 0.0452 0.5878 -0.0289 0.8072
68.0512 414.9332 -40.8482 178.2002 0.0462 0.5874 -0.0291 0.8074
68.1549 415.7927 -40.9373 178.4721 0.0465 0.5872 -0.0279 0.8076
68.2577 416.6498 -41.0398 178.7468 0.0463 0.5868 -0.0266 0.8080
68.3610 417.4789 -41.1168 179.0266 0.0456 0.5867 -0.0261 0.8081
68.4643 418.3120 -41.2205 179.2944 0.0453 0.5869 -0.0267 0.8079
68.5678 419.1324 -41.3055 179.5709 0.0451 0.5871 -0.0269 0.8078
68.6709 419.9215 -41.3917 179.8284 0.0448 0.5870 -0.0263 0.8079
68.7747 420.7562 -41.4846 180.1055 0.0440 0.5875 -0.0249 0.8076
68.8776 421.5302 -41.5607 180.3477 0.0433 0.5880 -0.0244 0.8074
68.9810 422.3120 -41.6439 180.5897 0.0434 0.5884 -0.0241 0.8070
69.0842 423.1059 -41.7307 180.8523 0.0446 0.5890 -0.0240 0.8065
69.1876 423.8490 -41.8158 181.0861 0.0464 0.5894 -0.0253 0.8061
69.2910 424.6012 -41.8999 181.3445 0.0477 0.5900 -0.0277 0.8055
69.3944 425.3546 -41.9948 181.5873 0.0491 0.5905 -0.0296 0.8050
69.4975 426.0901 -42.0823 181.8151 0.0494 0.5909 -0.0299 0.8046
69.6009 426.8482 -42.1661 182.0583 0.0479 0.5915 -0.0288 0.8044
69.7045 427.5930 -42.2248 182.2953 0.0461 0.5922 -0.0273 0.8040
69.8080 428.3162 -42.3157 182.5077 0.0460 0.5925 -0.0261 0.8038
69.9109 429.0458 -42.4086 182.7407 0.0467 0.5929 -0.0259 0.8035
70.0142 429.7788 -42.4868 182.9688 0.0473 0.5930 -0.0266 0.8034
70.1180 430.5022 -42.5638 183.1972 0.0481 0.5930 -0.0266 0.8033
70.2216 431.2256 -42.6487 183.4190 0.0485 0.5930 -0.0266 0.8033
70.3243 431.9644 -42.7293 183.6486 0.0496 0.5930 -0.0260 0.8032
70.4296 432.6957 -42.8130 183.8766 0.0503 0.5931 -0.0264 0.8031
70.5309 433.3793 -42.8967 184.0787 0.0506 0.5929 -0.0272 0.8032
70.6343 434.1363 -42.9780 184.3182 0.0509 0.5931 -0.0269 0.8031
70.7380 434.8460 -43.0593 184.5427 0.0505 0.5930 -0.0266 0.8032
70.8420 435.5965 -43.1431 184.7648 0.0501 0.5927 -0.0260 0.8035
70.9464 436.3238 -43.2260 184.9997 0.0496 0.5921 -0.0253 0.8040
71.0493 437.0444 -43.3029 185.2211 0.0489 0.5915 -0.0244 0.8044
71.1512 437.7598 -43.3810 185.4414 0.0486 0.5909 -0.0239 0.8050
71.2554 438.4668 -43.4651 185.6821 0.0483 0.5901 -0.0245 0.8055
71.3597 439.1349 -43.5434 185.8921 0.0481 0.5892 -0.0255 0.8061
71.4621 439.8336 -43.6192 186.1195 0.0483 0.5884 -0.0257 0.8067
71.5645 440.4990 -43.6911 186.3530 0.0480 0.5876 -0.0258 0.8073
71.6680 441.1664 -43.7700 186.5744 0.0471 0.5870 -0.0260 0.8078
71.7720 441.8348 -43.8450 186.7856 0.0461 0.5867 -0.0261 0.8081
71.8747 442.4514 -43.9149 187.0028 0.0457 0.5862 -0.0260 0.8085
71.9779 443.0855 -43.9866 187.2169 0.0457 0.5858 -0.0261 0.8088
72.0844 443.7169 -44.0611 187.4246 0.0458 0.5853 -0.0260 0.8091
72.1847 444.3132 -44.1285 187.6248 0.0458 0.5848 -0.0257 0.8095
72.2880 444.9171 -44.1918 187.8297 0.0462 0.5842 -0.0251 0.8099
72.3941 445.5152 -44.2598 188.0262 0.0462 0.5838 -0.0252 0.8102
72.4951 446.0899 -44.3228 188.2316 0.0461 0.5833 -0.0255 0.8106
72.6015 446.6580 -44.3849 188.4265 0.0460 0.5828 -0.0258 0.8109
72.7014 447.2163 -44.4507 188.6095 0.0459 0.5824 -0.0260 0.8112
72.8048 447.7658 -44.5150 188.7973 0.0459 0.5820 -0.0260 0.8115
72.9082 448.2791 -44.5698 188.9773 0.0453 0.5817 -0.0261 0.8117
73.0116 448.8300 -44.6296 189.1773 0.0446 0.5815 -0.0263 0.8119
73.1149 449.3658 -44.6899 189.3761 0.0439 0.5810 -0.0262 0.8123
73.2182 449.8479 -44.7453 189.5277 0.0439 0.5807 -0.0258 0.8125
73.3222 450.3479 -44.7958 189.6980 0.0446 0.5806 -0.0259 0.8126
73.4251 450.8281 -44.8581 189.8688 0.0454 0.5803 -0.0271 0.8127
73.5285 451.2915 -44.9149 190.0332 0.0461 0.5800 -0.0286 0.8128
73.6328 451.7542 -44.9690 190.2008 0.0466 0.5795 -0.0293 0.8131
73.7353 452.2009 -45.0117 190.3442 0.0477 0.5792 -0.0289 0.8133
73.8386 452.6323 -45.0659 190.4992 0.0482 0.5790 -0.0286 0.8134
73.9420 453.0957 -45.1180 190.6507 0.0476 0.5791 -0.0282 0.8133
74.0454 453.5133 -45.1654 190.8107 0.0465 0.5796 -0.0283 0.8131
74.1507 453.9203 -45.2192 190.9502 0.0459 0.5802 -0.0282 0.8127
74.2523 454.2986 -45.2566 191.0873 0.0457 0.5807 -0.0279 0.8124
74.3557 454.6789 -45.3053 191.2157 0.0456 0.5812 -0.0277 0.8120
74.4591 455.0528 -45.3449 191.3398 0.0454 0.5816 -0.0277 0.8117
74.5625 455.4093 -45.3822 191.4613 0.0451 0.5821 -0.0273 0.8114
74.6659 455.7726 -45.4255 191.5744 0.0450 0.5825 -0.0269 0.8111
74.7693 456.0833 -45.4632 191.6842 0.0449 0.5830 -0.0264 0.8108
74.8728 456.4135 -45.5033 191.8077 0.0446 0.5835 -0.0266 0.8105
74.9761 456.7273 -45.5366 191.9191 0.0440 0.5838 -0.0270 0.8102
75.0795 457.0388 -45.5676 192.0293 0.0435 0.5842 -0.0274 0.8100
75.1829 457.3238 -45.5967 192.1230 0.0436 0.5847 -0.0272 0.8096
75.2863 457.6131 -45.6279 192.2169 0.0442 0.5852 -0.0271 0.8093
75.3895 457.8917 -45.6638 192.3072 0.0449 0.5855 -0.0272 0.8090
75.4929 458.1701 -45.6937 192.3934 0.0451 0.5857 -0.0273 0.8088
75.5963 458.4601 -45.7246 192.4991 0.0449 0.5857 -0.0273 0.8088
75.6997 458.7201 -45.7473 192.5851 0.0445 0.5856 -0.0273 0.8089
75.8030 459.0014 -45.7792 192.6892 0.0441 0.5851 -0.0276 0.8093
75.9063 459.2496 -45.8064 192.7637 0.0436 0.5847 -0.0280 0.8096
76.0095 459.5232 -45.8348 192.8523 0.0430 0.5839 -0.0286 0.8102
76.1129 459.7766 -45.8623 192.9414 0.0429 0.5828 -0.0287 0.8110
76.2162 460.0514 -45.8962 193.0423 0.0431 0.5810 -0.0288 0.8122
76.3195 460.3241 -45.9194 193.1444 0.0435 0.5786 -0.0282 0.8139
76.4226 460.5921 -45.9490 193.2327 0.0433 0.5754 -0.0290 0.8162
76.5267 460.8492 -45.9755 193.3592 0.0434 0.5715 -0.0293 0.8189
76.6289 461.1429 -46.0104 193.4799 0.0434 0.5667 -0.0304 0.8222
76.7323 461.4208 -46.0505 193.5846 0.0439 0.5616 -0.0300 0.8257
76.8354 461.6985 -46.0735 193.7358 0.0435 0.5554 -0.0308 0.8299
76.9389 461.9821 -46.1088 193.8718 0.0432 0.5482 -0.0320 0.8346
77.0418 462.2589 -46.1368 194.0117 0.0427 0.5403 -0.0334 0.8397
77.1449 462.5369 -46.1676 194.1764 0.0432 0.5314 -0.0345 0.8453
77.2481 462.8349 -46.2056 194.3421 0.0443 0.5224 -0.0354 0.8508
77.3514 463.0791 -46.2404 194.5063 0.0450 0.5133 -0.0358 0.8563
77.4545 463.3373 -46.2728 194.6701 0.0441 0.5035 -0.0381 0.8620
77.5579 463.6209 -46.3020 194.8267 0.0440 0.4961 -0.0410 0.8662
77.6613 463.8572 -46.3374 195.0039 0.0434 0.4930 -0.0441 0.8679
77.7649 464.0832 -46.3582 195.1789 0.0431 0.4933 -0.0456 0.8676
77.8686 464.3407 -46.3929 195.3107 0.0428 0.4955 -0.0462 0.8663
77.9722 464.5767 -46.4256 195.4619 0.0431 0.5001 -0.0463 0.8637
78.0758 464.8141 -46.4503 195.5624 0.0438 0.5065 -0.0455 0.8599
78.1794 465.0423 -46.4926 195.6905 0.0451 0.5143 -0.0441 0.8553
78.2830 465.2691 -46.5211 195.7488 0.0461 0.5220 -0.0425 0.8507
78.3868 465.5271 -46.5605 195.8666 0.0468 0.5318 -0.0414 0.8445
78.4904 465.7603 -46.5865 195.9522 0.0470 0.5415 -0.0412 0.8384
78.5939 466.0399 -46.6192 196.0577 0.0468 0.5511 -0.0412 0.8321
78.6976 466.2794 -46.6520 196.1352 0.0465 0.5603 -0.0408 0.8260
78.8010 466.5564 -46.6866 196.2093 0.0475 0.5686 -0.0392 0.8203
78.9043 466.8199 -46.7248 196.3067 0.0489 0.5761 -0.0371 0.8151
79.0077 467.0980 -46.7619 196.3577 0.0498 0.5825 -0.0357 0.8105
79.1142 467.3529 -46.7900 196.4323 0.0495 0.5885 -0.0359 0.8062
79.2149 467.6163 -46.8257 196.5110 0.0487 0.5928 -0.0354 0.8031
79.3223 467.8893 -46.8583 196.5842 0.0481 0.5969 -0.0337 0.8001
79.4220 468.1146 -46.8792 196.6395 0.0480 0.5998 -0.0329 0.7980
79.5245 468.3656 -46.9138 196.7057 0.0484 0.6009 -0.0325 0.7972
79.6319 468.5838 -46.9399 196.7730 0.0485 0.5999 -0.0327 0.7980
79.7337 468.8028 -46.9648 196.8398 0.0489 0.5974 -0.0321 0.7998
79.8337 469.0072 -46.9866 196.9191 0.0493 0.5934 -0.0308 0.8028
79.9401 469.2074 -47.0199 196.9803 0.0487 0.5883 -0.0308 0.8066
80.0448 469.3863 -47.0403 197.0720 0.0472 0.5826 -0.0332 0.8107
80.1442 469.5604 -47.0658 197.1500 0.0463 0.5766 -0.0355 0.8149
80.2459 469.7348 -47.0851 197.2440 0.0450 0.5704 -0.0367 0.8193
80.3507 469.9299 -47.1077 197.3212 0.0438 0.5639 -0.0368 0.8238
80.4537 470.0376 -47.1210 197.3910 0.0438 0.5573 -0.0355 0.8284
80.5555 470.1642 -47.1366 197.4423 0.0473 0.5504 -0.0327 0.8329
80.6584 470.2727 -47.1706 197.4974 0.0514 0.5432 -0.0317 0.8375
80.7634 470.3949 -47.1821 197.5745 0.0522 0.5358 -0.0330 0.8421
80.8650 470.4983 -47.1922 197.6538 0.0494 0.5293 -0.0361 0.8462
80.9716 470.5880 -47.1957 197.7280 0.0467 0.5228 -0.0381 0.8503
81.0717 470.6740 -47.2060 197.7895 0.0454 0.5166 -0.0387 0.8541
81.1749 470.7786 -47.2187 197.8475 0.0452 0.5106 -0.0383 0.8578
81.2781 470.8416 -47.2261 197.9025 0.0449 0.5050 -0.0383 0.8611
81.3815 470.9300 -47.2369 197.9684 0.0447 0.4993 -0.0384 0.8644
81.4849 471.0094 -47.2469 198.0179 0.0445 0.4940 -0.0380 0.8675
81.5881 471.0763 -47.2556 198.0979 0.0439 0.4892 -0.0371 0.8703
81.6916 471.1541 -47.2687 198.1415 0.0432 0.4852 -0.0377 0.8725
81.7950 471.1907 -47.2767 198.1960 0.0421 0.4814 -0.0407 0.8745
81.9002 471.2182 -47.2839 198.2573 0.0407 0.4766 -0.0454 0.8770
82.0018 471.2746 -47.2833 198.2963 0.0399 0.4730 -0.0489 0.8788
82.1070 471.3252 -47.2907 198.3373 0.0397 0.4705 -0.0488 0.8802
82.2085 471.3735 -47.3026 198.3735 0.0397 0.4673 -0.0460 0.8820
82.3120 471.4213 -47.3193 198.3813 0.0397 0.4645 -0.0430 0.8836
82.4154 471.4608 -47.3203 198.4229 0.0393 0.4626 -0.0422 0.8847
82.5188 471.4784 -47.3192 198.4771 0.0380 0.4599 -0.0436 0.8861
82.6243 471.5127 -47.3231 198.4943 0.0368 0.4571 -0.0461 0.8874
82.7262 471.5314 -47.3199 198.5342 0.0363 0.4556 -0.0479 0.8882
