1.000000000000000000e+00 4.398956837314658088e-19 2.733407509747682871e-20 -8.673617379884035472e-19 -5.583667658079949532e-19 1.000000000000000000e+00 -6.100159232558060012e-19 0.000000000000000000e+00 4.145284534913582806e-20 -2.210423569125054137e-19 1.000000000000000222e+00 0.000000000000000000e+00
9.999999235785144158e-01 -3.904950503231243916e-04 -1.890174501672429156e-05 1.268528278515019397e-02 3.905099043309944590e-04 9.999996100120753795e-01 7.921343436586389831e-04 -4.444577261561279136e-02 1.859241420064673667e-05 -7.921416714645800137e-04 9.999996860829973855e-01 1.302341227266783363e+00
9.999989013526255910e-01 -1.480855321242025490e-03 -6.605822459573381267e-05 -2.256566774415285151e-04 1.480914944876290332e-03 9.999984878733275684e-01 9.116682864139716682e-04 -6.385230633551676471e-02 6.470807799448900495e-05 -9.117651188240318135e-04 9.999995822486743569e-01 2.599160538707102397e+00
9.999975453599965203e-01 -2.211900465318547299e-03 -1.295151888301383704e-04 -1.503772404905555707e-02 2.211944818917282486e-03 9.999974947581797835e-01 3.431812303421782938e-04 -9.881252445478999613e-02 1.287557844217720679e-04 -3.434668701297251703e-04 9.999999327263536797e-01 3.940410463522864504e+00
9.999964390317882534e-01 -2.657223153383705266e-03 2.471721302527223291e-04 -1.839798500346009544e-02 2.657167571403933927e-03 9.999964444052751311e-01 2.250164397626233724e-04 -1.180293586895391073e-01 -2.477691741029171475e-04 -2.243588606845589649e-04 9.999999441366177466e-01 5.264617990498992484e+00
9.999958820913806834e-01 -2.869526868281474345e-03 4.026330118123589986e-05 -3.728945055990665058e-02 2.869502226364560680e-03 9.999957030583636053e-01 5.998469904711194178e-04 -1.382163653909035395e-01 -4.198440509558792330e-05 -5.997289881823526791e-04 9.999998192812441511e-01 6.593648135267550003e+00
9.999910961433746692e-01 -4.215841604368627746e-03 1.852605063196968607e-04 -2.260163026986882276e-02 4.215502089584200612e-03 9.999895009877610708e-01 1.796510041163792070e-03 -1.719017268784314156e-01 -1.928323642703636963e-04 -1.795713092610745458e-03 9.999983691138226716e-01 7.913564806976093990e+00
9.999907856394328887e-01 -4.292836603826107565e-03 1.406898982957911701e-05 -3.915741534909173566e-02 4.292794138472970020e-03 9.999882564337152502e-01 2.249200934296624252e-03 -1.866698467129094818e-01 -2.372427458303854914e-05 -2.249119831707025244e-03 9.999974704456146002e-01 9.250236353874392137e+00
9.999936796921573556e-01 -3.534500621421928553e-03 -3.845607781687911141e-04 -4.808133087004941297e-02 3.534866976140884492e-03 9.999932952604660974e-01 9.561082213903103824e-04 -2.166142350103665293e-01 3.811788425482220293e-04 -9.574615563584515507e-04 9.999994689852622631e-01 1.057977566311179807e+01
9.999993042132321319e-01 -1.161028122116978785e-03 2.087802223156921312e-04 -6.008569762128994352e-02 1.161274741394507752e-03 9.999986236280243856e-01 -1.184981488599534411e-03 -2.372477179960406635e-01 -2.074041426896286217e-04 1.185223127203876778e-03 9.999992761143050579e-01 1.191900529694888000e+01
9.999975670189591437e-01 2.174716299894045510e-03 -3.695410576275085911e-04 -6.628884559614073302e-02 -2.175505062488724151e-03 9.999953275726050084e-01 -2.147560281278021021e-03 -2.673657566690711418e-01 3.648690007261321325e-04 2.148359012626422336e-03 9.999976257093158294e-01 1.325709778992279020e+01
9.999884614620524470e-01 4.790116972641465277e-03 -3.629222838662121177e-04 -7.452014863561597091e-02 -4.790939290157791158e-03 9.999858788802150622e-01 -2.299771811405373380e-03 -2.917273407098573967e-01 3.519009864760036825e-04 2.301484031492265735e-03 9.999972896648309240e-01 1.460935808881715481e+01
9.999851710282421369e-01 5.432463672376982439e-03 3.821679042035109903e-04 -1.002356319957303787e-01 -5.431861965067891554e-03 9.999840330467074656e-01 -1.558376668940807466e-03 -3.164582396147556098e-01 -3.906276355539357046e-04 1.556277687362902498e-03 9.999987127036515933e-01 1.594146611917744316e+01
9.999930498174836035e-01 3.685493753440369745e-03 5.634237981427386030e-04 -9.901521181431684193e-02 -3.686060175191358933e-03 9.999926988707017461e-01 1.007557630929273524e-03 -3.455051122724545620e-01 -5.597063462982465728e-04 -1.009627453593738011e-03 9.999993336901036312e-01 1.729910704555091883e+01
9.999994804627360123e-01 -5.010747099434199230e-04 8.876939513755406847e-04 -1.137901990483351083e-01 4.985876207676249007e-04 9.999959563746949609e-01 2.799757679484177631e-03 -3.696203158658830090e-01 -8.890932623957256784e-04 -2.799313656243803110e-03 9.999956866685209000e-01 1.864695896366283634e+01
9.999965837744303476e-01 -2.613217584278156817e-03 5.948268433503874092e-05 -1.095842687803844084e-01 2.613152956926087078e-03 9.999960216145430403e-01 1.062158980599437700e-03 -4.039347299046198159e-01 -6.225810003384784936e-05 -1.061999922540759599e-03 9.999994341399597308e-01 1.999973696649355404e+01
9.999938182133333298e-01 -3.464075393649852785e-03 6.030952989471448150e-04 -1.164724059386190030e-01 3.464808871071146847e-03 9.999932540852871643e-01 -1.219375794625613980e-03 -4.240533074535617897e-01 -5.988672319631580974e-04 1.221457880858336587e-03 9.999990746983753453e-01 2.132812702013272954e+01
9.999989375831750404e-01 -1.247839457886149722e-03 7.534802940335437720e-04 -1.173587087584201105e-01 1.249461100940339742e-03 9.999968961750298480e-01 -2.155570776276347338e-03 -4.730580696566235588e-01 -7.507881639584278437e-04 2.156509951870074545e-03 9.999973928868555184e-01 2.270742280895830234e+01
9.999982953980722789e-01 1.069829724964313630e-03 1.504880524926125460e-03 -1.355784192178450809e-01 -1.068159149899258753e-03 9.999988129386216951e-01 -1.110477189276624877e-03 -4.730833129310931806e-01 -1.506066787262351795e-03 1.108867855286515148e-03 9.999982510847792438e-01 2.408316719921833027e+01
9.999963510678121503e-01 1.366085413784406000e-03 2.330592701088730727e-03 -1.365944360640001798e-01 -1.372535529950832814e-03 9.999952265107512339e-01 2.768231173025563398e-03 -4.902439414271959617e-01 -2.326799973672635628e-03 -2.771419917503354768e-03 9.999934525940616936e-01 2.546282245756351514e+01
9.999972887318192560e-01 -6.417479366617676994e-04 2.238457691715428112e-03 -1.352403595746808351e-01 6.326953728327396834e-04 9.999916290000264718e-01 4.042477492037762146e-03 -5.117580826136762795e-01 -2.241033240179057546e-03 -4.041050304589206311e-03 9.999893237831972703e-01 2.681996049925020742e+01
9.999893279281565350e-01 -3.902050514671317073e-03 2.473467614733425649e-03 -1.272485458318119156e-01 3.894082496588582420e-03 9.999872399525936428e-01 3.218081053421917304e-03 -5.614650450018869865e-01 -2.485993207664957422e-03 -3.208414847333510359e-03 9.999917629207303316e-01 2.819122038231010663e+01
9.999864006227828783e-01 -4.786687733325354840e-03 2.070314358096628053e-03 -1.440151770356888072e-01 4.785544025054131595e-03 9.999883940587128706e-01 5.570524886100191361e-04 -5.601088793696259449e-01 -2.072956801339188512e-03 -5.471373322873636976e-04 9.999977017414182212e-01 2.956016124545308443e+01
9.999846905093380256e-01 -4.699239736568499790e-03 2.921627169235799844e-03 -1.476737131784177093e-01 4.702840688877406305e-03 9.999881889813008184e-01 -1.226857394595013600e-03 -6.151683227932215337e-01 -2.915827415955990747e-03 1.240578576560888435e-03 9.999949794429412453e-01 3.093110505529384469e+01
9.999926798295899477e-01 -1.927185183238003859e-03 3.305488238492023095e-03 -1.596484720956739822e-01 1.935726887975831130e-03 9.999947909243391830e-01 -2.582843883359145411e-03 -6.179122190793248093e-01 -3.300493460831841266e-03 2.589223527167044698e-03 9.999912012910552317e-01 3.231303238019390989e+01
9.999921871590440325e-01 -5.797084024439413041e-04 3.910187378669421204e-03 -1.595570736286492097e-01 5.964628546863619089e-04 9.999906413905996772e-01 -4.285016091984244005e-03 -6.671452326704440106e-01 -3.907666796491193056e-03 4.287314938788158725e-03 9.999831743908986770e-01 3.370162756175023588e+01
9.999911506911389747e-01 1.779375431102252236e-04 4.203199127975780491e-03 -1.570416187979769562e-01 -1.601612099150535743e-04 9.999910440766345276e-01 -4.229198024730301125e-03 -6.898288911323597894e-01 -4.203914094278221950e-03 4.228487452421381132e-03 9.999822233389267234e-01 3.510374712041473799e+01
9.999930852680419813e-01 -2.769752810624226814e-04 3.708464140049860022e-03 -1.640022903944392818e-01 2.867648105914982282e-04 9.999964753741402701e-01 -2.639508514914758013e-03 -7.266876552847627568e-01 -3.707720057102698290e-03 2.640553748331909371e-03 9.999896400875553093e-01 3.648264091817068078e+01
9.999940144360608407e-01 9.407094601670299913e-04 3.329588637946012501e-03 -1.705289801560322949e-01 -9.365001859075378944e-04 9.999987606900428982e-01 -1.265538530976424800e-03 -7.484050271469739890e-01 -3.330775074560847308e-03 1.262412809660468311e-03 9.999936561031637083e-01 3.790254313726758539e+01
9.999891046887298129e-01 3.417535804876517189e-03 3.179772118248837785e-03 -1.729444938897903017e-01 -3.414679856735680988e-03 9.999937621100208895e-01 -9.031661659225824826e-04 -7.771826322815611476e-01 -3.182838942181614745e-03 8.922984305909421616e-04 9.999945366527307478e-01 3.928796301674076830e+01
9.999772224819600819e-01 5.890792975297094551e-03 3.294399586955129404e-03 -1.910706606899544580e-01 -5.887174134838702062e-03 9.999820575798338274e-01 -1.107118112266917151e-03 -8.068584693420840503e-01 -3.300862339820282050e-03 1.087698199739366546e-03 9.999939605896536188e-01 4.068965420381788078e+01
9.999613201200804324e-01 7.996115580092093972e-03 3.663384900048045206e-03 -2.062814691416462454e-01 -7.992825080778745081e-03 9.999676409924708187e-01 -9.119926999820212720e-04 -8.326910615927086701e-01 -3.670558820776616358e-03 8.826766353957291858e-04 9.999928739120128585e-01 4.209433717896432370e+01
9.999518914458750407e-01 9.335038959202323836e-03 3.011947465033803627e-03 -1.989730948897176221e-01 -9.332920750539900820e-03 9.999561905976293019e-01 -7.165848690556702368e-04 -8.619134845536287060e-01 -3.018504914939241102e-03 6.884401307591923348e-04 9.999952073255387042e-01 4.349689958099359899e+01
9.999647209939999115e-01 7.914736930782219002e-03 2.813129105203733028e-03 -2.060868341481327526e-01 -7.912377119009626758e-03 9.999683362317393076e-01 -8.490215456231523872e-04 -8.926122589434075660e-01 -2.819759863517391513e-03 8.267330592691603947e-04 9.999956827220682909e-01 4.491819535727842805e+01
9.999708886074171188e-01 7.324638101999547332e-03 2.138130795325523994e-03 -1.922916349441843864e-01 -7.321822122517942372e-03 9.999723213393305610e-01 -1.321926736426855004e-03 -9.221423148289590310e-01 -2.147754288819333883e-03 1.306233248787481678e-03 9.999968404465208183e-01 4.630610896502330576e+01
9.999735766277048077e-01 7.155516684514810072e-03 1.282425626300778615e-03 -2.001101615116434029e-01 -7.154323750229464249e-03 9.999739727637494413e-01 -9.324487186863064311e-04 -9.561628880576837908e-01 -1.289064424579358572e-03 9.232491967817154982e-04 9.999987429601421285e-01 4.774059056597945983e+01
9.999727778151279445e-01 7.375094153842935360e-03 2.271588600818549213e-04 -2.186547560061825601e-01 -7.375056337726180848e-03 9.999727899430794764e-01 -1.671274808327612626e-04 -9.808819092146897622e-01 -2.283852648475891481e-04 1.654476184175038820e-04 9.999999602334502802e-01 4.914205538743897250e+01
9.999685869086406553e-01 7.881708403485300149e-03 -8.389590579957386524e-04 -2.338193782132764464e-01 -7.881811471675147576e-03 9.999689309038835017e-01 -1.195407251106027574e-04 -1.010015559560638598e+00 8.379908207440241131e-04 1.261494819411827502e-04 9.999996409293629984e-01 5.056794754799037861e+01
9.999633395114009282e-01 8.383698738792378161e-03 -1.741611347151936001e-03 -2.434351129234199884e-01 -8.383542435469678450e-03 9.999648527875294457e-01 9.706652196087764536e-05 -1.040660295313786232e+00 1.742363940233413074e-03 -8.246209907991961354e-05 9.999984786840524498e-01 5.201735829423799373e+01
9.999622739204635513e-01 8.174712440774032501e-03 -2.936799684812140508e-03 -2.504128533483852004e-01 -8.171751914312529869e-03 9.999660918029492640e-01 1.018690539195315613e-03 -1.067357896511361703e+00 2.945027656530299978e-03 -9.946533271580359787e-04 9.999951687290149493e-01 5.341874485110875526e+01
9.999685659039518892e-01 6.946291136145161388e-03 -3.823117129268202487e-03 -2.573635167391454259e-01 -6.938511292846993687e-03 9.999738382508713830e-01 2.044477341817205023e-03 -1.092718776454653096e+00 3.837218712268072526e-03 -2.017886361120030565e-03 9.999906019024920045e-01 5.488161441660861328e+01
9.999782348883921035e-01 5.147597293001579012e-03 -4.126981436625398215e-03 -2.787586179103511141e-01 -5.137871215486803332e-03 9.999840070924820301e-01 2.363862896174223367e-03 -1.117556742064621522e+00 4.139083721740436511e-03 -2.342607576279139882e-03 9.999886900272214607e-01 5.626678498624710301e+01
9.999838393362745492e-01 3.130329537312010694e-03 -4.745744446180858410e-03 -2.956425378432782081e-01 -3.121640943801857592e-03 9.999934401442430731e-01 1.837125942940732439e-03 -1.149243186590871435e+00 4.751464208015828902e-03 -1.822281766935733485e-03 9.999870513584339093e-01 5.769428522446585106e+01
9.999856651581491285e-01 2.172134418219930953e-03 -4.894006430408021947e-03 -3.137634449936200776e-01 -2.162259741688775209e-03 9.999956178649180849e-01 2.022099735449812887e-03 -1.176344619546716430e+00 4.898377343091995552e-03 -2.011488660433209934e-03 9.999859798119904442e-01 5.916549517476763498e+01
9.999897194383229326e-01 8.700656618220275725e-04 -4.450167996919822400e-03 -3.186650087348722460e-01 -8.584597828724126233e-04 9.999962275261286004e-01 2.609210856205470934e-03 -1.203870215955605838e+00 4.452421472959188116e-03 -2.605363770474601950e-03 9.999866939264134835e-01 6.057430416782839444e+01
9.999911262406158130e-01 -1.088230978135709941e-03 -4.069789842776938386e-03 -3.265311996528654781e-01 1.102019917767167040e-03 9.999936554761137408e-01 3.387411515874836233e-03 -1.225260567278396495e+00 4.066077809405193449e-03 -3.391866480438883880e-03 9.999859810316682474e-01 6.200815847728387098e+01
9.999917199509016363e-01 -2.453719220823030907e-03 -3.246427478236066280e-03 -3.472491523882724751e-01 2.463312792328458106e-03 9.999926017202629414e-01 2.954418661263593249e-03 -1.258433598559324462e+00 3.239154205486740202e-03 -2.962391193368941068e-03 9.999903660155444740e-01 6.338961895269142133e+01
9.999895563937132303e-01 -3.603365705064705271e-03 -2.811202869931299798e-03 -3.558525536948152768e-01 3.609449630260435238e-03 9.999911485622730023e-01 2.162096994210562038e-03 -1.280707458168734325e+00 2.803387211517093837e-03 -2.172221329308537258e-03 9.999937112198374889e-01 6.481341874440184370e+01
9.999902669297822122e-01 -3.942515490536042076e-03 -1.980560937754157445e-03 -3.856334424649286996e-01 3.946322560033990040e-03 9.999903662067703980e-01 1.921984468653741528e-03 -1.311830096579488014e+00 1.972964440265940252e-03 -1.929781710948082728e-03 9.999961916713239196e-01 6.623971062822528211e+01
9.999963885650274831e-01 -2.051118668424789689e-03 -1.736597356992960464e-03 -3.734378502948920708e-01 2.054184454246092261e-03 9.999963317501660010e-01 1.765448463678892998e-03 -1.341894928375347629e+00 1.732969874277483094e-03 -1.769009395592361159e-03 9.999969337073316700e-01 6.764181542888663046e+01
9.999992606252816607e-01 9.458413168169207876e-04 -7.642841437931585354e-04 -3.922046366183087329e-01 -9.435899630117898810e-04 9.999952308892526842e-01 2.940720623117599585e-03 -1.372991094992621397e+00 7.670619698037997461e-04 -2.939997306370711969e-03 9.999953840061276411e-01 6.907755391741791584e+01
9.999911737345510421e-01 4.200059066274598567e-03 1.093118143047284757e-04 -4.222959126119840700e-01 -4.200475663336359321e-03 9.999826086109118162e-01 4.139865551025005523e-03 -1.396339709589523359e+00 -9.192223158233804169e-05 -4.140288214005633308e-03 9.999914247455862215e-01 7.047588307151166021e+01
9.999708799103697032e-01 7.591465680630781268e-03 7.803631648689585013e-04 -4.381982633698220386e-01 -7.595132357186214732e-03 9.999595966188306040e-01 4.808233316879385877e-03 -1.422345779365985274e+00 -7.438301065612333736e-04 -4.814020311107547294e-03 9.999881358923220498e-01 7.188862059078486766e+01
9.999267347810782969e-01 1.204938047034282735e-02 1.156494035813053576e-03 -4.337052210242485217e-01 -1.205442818159820767e-02 9.999173888669460331e-01 4.461639273967252413e-03 -1.446262087335025370e+00 -1.102638523572640507e-03 -4.475253313864890024e-03 9.999893780914137498e-01 7.325691990792984143e+01
9.998741095601663131e-01 1.572865741187626579e-02 2.091492057564910221e-03 -4.621390586204853768e-01 -1.573666795773567481e-02 9.998686802245585481e-01 3.870351105334078438e-03 -1.474543632471099874e+00 -2.030342009816391707e-03 -3.902777026224690891e-03 9.999903229736643029e-01 7.468844874713951754e+01
9.998426257407178053e-01 1.751495035453936797e-02 2.819616090519664296e-03 -4.717337456673673657e-01 -1.752537722946151399e-02 9.998395108050950331e-01 3.716694756550388296e-03 -1.494716269372720951e+00 -2.754065894402835633e-03 -3.765524724468266755e-03 9.999891179116732198e-01 7.610478779827690232e+01
9.998388823451530572e-01 1.766449954896383637e-02 3.189792399703448612e-03 -4.793920350343489067e-01 -1.767739227927279250e-02 9.998354999656692277e-01 4.059906987038690643e-03 -1.522333234886632081e+00 -3.117551505531111419e-03 -4.115640123245271030e-03 9.999866710990575891e-01 7.747197779619982327e+01
9.998653047298878827e-01 1.610532880061778943e-02 3.160815398123101305e-03 -4.932639976436327678e-01 -1.611817906758206825e-02 9.998617572549857169e-01 4.082978489481181410e-03 -1.550374858178032556e+00 -3.094620778636390790e-03 -4.133375166624111974e-03 9.999866691755404657e-01 7.888248001852599600e+01
9.998754276509054240e-01 1.550330806982154995e-02 2.962531379015811376e-03 -4.868385146410172948e-01 -1.551238376604392906e-02 9.998749767441483804e-01 3.065429927826948675e-03 -1.575301052013387659e+00 -2.914636738298963595e-03 -3.111004020483548998e-03 9.999909132304400927e-01 8.025422837468778425e+01
9.998805124857652604e-01 1.520812306963554260e-02 2.770147583120751919e-03 -4.975697254497078448e-01 -1.521652311480082946e-02 9.998796101186880891e-01 3.036893551624788093e-03 -1.602659471790061962e+00 -2.723628680333393427e-03 -3.078682731958716848e-03 9.999915517425489453e-01 8.163337317419063766e+01
9.998913024221535162e-01 1.453613328539436582e-02 2.466605841430910377e-03 -5.024797457516956278e-01 -1.454397421002494827e-02 9.998891384228772994e-01 3.191191929806795700e-03 -1.629496698271783561e+00 -2.419944838761492814e-03 -3.226719344351831626e-03 9.999918660402761228e-01 8.301471823520878957e+01
9.998991899238801606e-01 1.406317226021865964e-02 1.958864619683087661e-03 -5.135702106359597563e-01 -1.406868296100783136e-02 9.998970309519760180e-01 2.828370569810991549e-03 -1.660245372557779708e+00 -1.918887086715794030e-03 -2.855644121211050376e-03 9.999940815660042226e-01 8.440537702367710438e+01
9.998902731112144782e-01 1.476799985198262721e-02 1.160986847284802351e-03 -5.223971445314049555e-01 -1.477151934254511412e-02 9.998861403446439589e-01 3.083600380638196452e-03 -1.680013220364098725e+00 -1.115316065681559244e-03 -3.100411604277094040e-03 9.999945717438407655e-01 8.578870666497641650e+01
9.999028602056931891e-01 1.393806008845639363e-02 2.461932977451757157e-05 -5.198849027858685190e-01 -1.393805394917564666e-02 9.998957521776481450e-01 3.770338920426061571e-03 -1.710332069523869736e+00 2.793444973261938790e-05 -3.770315860500029516e-03 9.999928919442088171e-01 8.716581072197230640e+01
9.999222526461236660e-01 1.242472244228436107e-02 -1.055892793159617310e-03 -5.332920744774684030e-01 -1.241947071234220622e-02 9.999111482123586025e-01 4.842773046693392945e-03 -1.736168548052106075e+00 1.115969108683947985e-03 -4.829282958432765289e-03 9.999877162454973156e-01 8.855078471096992132e+01
9.999473306491811764e-01 1.005597193493185278e-02 -2.052640650747693252e-03 -5.535230397764154819e-01 -1.004451428168449435e-02 9.999343278262027290e-01 5.517951204203211737e-03 -1.759762427665593432e+00 2.107994252375729443e-03 -5.497042858501909046e-03 9.999826692920917859e-01 8.990362718385202356e+01
9.999623709444458441e-01 8.101688445480642944e-03 -3.101502773420266972e-03 -5.501542823531790916e-01 -8.084629104946288933e-03 9.999523362098283741e-01 5.473946907237145151e-03 -1.783798320878955845e+00 3.145703215123195427e-03 -5.448666486873048401e-03 9.999802080995590092e-01 9.127342018067268725e+01
9.999704748040472158e-01 6.768579322712784709e-03 -3.638108834375653345e-03 -5.723712103855100874e-01 -6.750149335314624584e-03 9.999644433411841726e-01 5.054458311325448448e-03 -1.808166264359081898e+00 3.672191044928936436e-03 -5.029751353902171297e-03 9.999806081224589249e-01 9.265973277097451444e+01
9.999767758112901861e-01 5.439384389815921095e-03 -4.106204958045972866e-03 -5.737540146337510860e-01 -5.419949538525363486e-03 9.999741279566386476e-01 4.729436899985677185e-03 -1.835524384309401347e+00 4.131824022709262509e-03 -4.707071689887406055e-03 9.999803855644767703e-01 9.399790503325984048e+01
9.999746055323063265e-01 5.919685057836653920e-03 -3.968072862987320065e-03 -6.016864447325939169e-01 -5.903046532411258644e-03 9.999737911327218898e-01 4.191789524272454028e-03 -1.858244624654135313e+00 3.992783010481107918e-03 -4.168259403415691157e-03 9.999833415134113945e-01 9.536271439281873086e+01
9.999763471505738188e-01 5.688811381427931989e-03 -3.865559207869241100e-03 -6.080961293100938247e-01 -5.674981368394034845e-03 9.999774911277349299e-01 3.579362263401630797e-03 -1.881090629124042790e+00 3.885834585257141698e-03 -3.557340665087048784e-03 9.999861227154992482e-01 9.670070896995835596e+01
9.999714728988317036e-01 6.504911965680850762e-03 -3.839204453808071557e-03 -6.145896557743539823e-01 -6.493481595271315479e-03 9.999744700252763963e-01 2.982282022411298240e-03 -1.911095628182632788e+00 3.858505989902427311e-03 -2.957267178407361769e-03 9.999881831845620628e-01 9.805700289634278022e+01
9.999622953729370156e-01 7.960964827237024602e-03 -3.468551742069712375e-03 -6.293282352354453435e-01 -7.950251829910034984e-03 9.999636172725019367e-01 3.091543560438745741e-03 -1.933679991144337418e+00 3.493037278742242447e-03 -3.063851172090589423e-03 9.999892056979574617e-01 9.942994236561544596e+01
9.999617245594391024e-01 8.171280232780360475e-03 -3.127231243774894216e-03 -6.514276181176630320e-01 -8.157455125846667376e-03 9.999570100082437740e-01 4.408409658954222203e-03 -1.959332891928231568e+00 3.163119212816263570e-03 -4.382730725540655813e-03 9.999853930703048732e-01 1.007713609700656150e+02
9.999558697957580122e-01 8.843351295992410432e-03 -3.170737649951219008e-03 -6.687400531569771545e-01 -8.825124634725435568e-03 9.999447147187169316e-01 5.717053145973924506e-03 -1.979325786692954336e+00 3.221120324300458509e-03 -5.688818757783680423e-03 9.999786306372896449e-01 1.021028322417284642e+02
9.999564427916295406e-01 8.814896636240174277e-03 -3.067587879060687181e-03 -6.815353745842968047e-01 -8.800413874397000971e-03 9.999502153495721801e-01 4.703142954038196967e-03 -2.008522124291209909e+00 3.108892936525941685e-03 -4.675942107373439773e-03 9.999842350536645164e-01 1.034514536611404338e+02
9.999589329044700214e-01 8.663826935704584467e-03 -2.659057518938851353e-03 -7.010929237686402971e-01 -8.658180737837740254e-03 9.999602537765406307e-01 2.127625338823804692e-03 -2.029245248455295414e+00 2.677385256583781140e-03 -2.104515390745576031e-03 9.999942012969554872e-01 1.047852220191435464e+02
9.999622553092980537e-01 8.248281394854018941e-03 -2.730163181931909069e-03 -7.069255626083722488e-01 -8.245560802483856144e-03 9.999654984773543864e-01 1.006279069822391906e-03 -2.057430390651202590e+00 2.738369107555504479e-03 -9.837293789823331729e-04 9.999957667987081633e-01 1.061130182812734546e+02
9.999766751315237734e-01 6.262478023728792510e-03 -2.725902794585599673e-03 -7.322270886004609292e-01 -6.256699542221116211e-03 9.999781725276620792e-01 2.123249976946817077e-03 -2.086855037860975592e+00 2.739140150067824638e-03 -2.106145323943547139e-03 9.999940306159752490e-01 1.074553730646468637e+02
9.999924834088224079e-01 3.284115594657501837e-03 -2.060995265853766013e-03 -7.297456297199544917e-01 -3.275755592175220304e-03 9.999864469116171994e-01 4.046655842525661781e-03 -2.108751334850684778e+00 2.074257057868227061e-03 -4.039874150055327261e-03 9.999896883860915908e-01 1.087781439493605262e+02
9.999969774983067383e-01 1.721911320286548816e-03 -1.754995706038118023e-03 -7.323138730967112542e-01 -1.713707515482028234e-03 9.999876486293681754e-01 4.665382863243697047e-03 -2.135629412581681930e+00 1.763007439654587722e-03 -4.662361258475742828e-03 9.999875770208291881e-01 1.101276830614293516e+02
9.999982480483845526e-01 1.528212525978463621e-03 -1.080954324735619110e-03 -7.543063235107998477e-01 -1.524441309148964968e-03 9.999927791394431775e-01 3.481055824931753809e-03 -2.162920855516355267e+00 1.086266334294515258e-03 -3.479401908920831416e-03 9.999933568730363653e-01 1.114681035645438101e+02
9.999953223562981774e-01 3.057745591004577042e-03 7.383626121335723491e-05 -7.680417434048648628e-01 -3.057835112654168179e-03 9.999945509809049504e-01 1.244049185230087454e-03 -2.181357789801381841e+00 -7.003187334736536793e-05 -1.244269158641797719e-03 9.999992234446862804e-01 1.127703288265687434e+02
9.999823590687960673e-01 5.817115440297722199e-03 1.201128544660117446e-03 -7.867297371442886211e-01 -5.816343554548709764e-03 9.999828768108851573e-01 -6.451696337296016891e-04 -2.218274835469089545e+00 -1.204861025799616346e-03 6.381720789614385176e-04 9.999990705218232412e-01 1.141143486266243201e+02
9.999624901899248908e-01 8.209554240258659305e-03 2.760692004214075623e-03 -7.841661277179088341e-01 -8.207109502956838262e-03 9.999659199265620302e-01 -8.957426841254339731e-04 -2.237970145967874469e+00 -2.767951617353203546e-03 8.730517882224960759e-04 9.999957881013763483e-01 1.154020759653544701e+02
9.999480760407707391e-01 9.324883410120863442e-03 4.109958547042109021e-03 -8.051077170065671362e-01 -9.328701920621070703e-03 9.999560718535996928e-01 9.108794389801140503e-04 -2.261492311330708382e+00 -4.101284230698614038e-03 -9.491727321847775144e-04 9.999911392275013799e-01 1.167829516798661587e+02
9.999500231933687866e-01 8.648499565553895846e-03 5.015432267826940536e-03 -8.045431647903632522e-01 -8.664707060698412233e-03 9.999572800676689299e-01 3.218836288636850625e-03 -2.285108355297906790e+00 -4.987379988882797814e-03 -3.262132704303579919e-03 9.999822421049522347e-01 1.180780300311169668e+02
9.999470356920170389e-01 8.443193590204258608e-03 5.885429822747724297e-03 -8.004791588616146925e-01 -8.466447131438308363e-03 9.999564072512154844e-01 3.937370371516989848e-03 -2.313029836342594958e+00 -5.851929378908840573e-03 -3.986990549019309334e-03 9.999749290968364956e-01 1.194371248672447052e+02
9.999304932377774957e-01 9.382265338279079103e-03 7.140152759633127538e-03 -8.010083853966398770e-01 -9.406259368912421592e-03 9.999502011459341366e-01 3.334296052697657484e-03 -2.339413464198173198e+00 -7.108514058824066083e-03 -3.401226456637895280e-03 9.999689498570126789e-01 1.207648497769256863e+02
9.999099194358618270e-01 1.046864726664990981e-02 8.400025504070630922e-03 -8.031393442745818900e-01 -1.049371765706155583e-02 9.999405995945989112e-01 2.946046791362045246e-03 -2.358984740390108747e+00 -8.368685557625083968e-03 -3.033928933250540621e-03 9.999603793988053324e-01 1.220680377928160851e+02
9.998879705985782573e-01 1.171250623026546915e-02 9.320055731408167371e-03 -8.142760069950872870e-01 -1.173656915049403615e-02 9.999279200467323658e-01 2.531339130536128419e-03 -2.380935306643194860e+00 -9.289735776486118812e-03 -2.640441048605612472e-03 9.999533633471592298e-01 1.234396423424939400e+02
9.998561737317767095e-01 1.336336725582592047e-02 1.044280865507547090e-02 -8.097816798077652756e-01 -1.337949029004882433e-02 9.999094018463670075e-01 1.475589601270386585e-03 -2.408318563030972470e+00 -1.042214389044183662e-02 -1.615096844313712804e-03 9.999443836366547211e-01 1.247849064835047841e+02
9.998303316439873800e-01 1.437044922171608688e-02 1.152380576983006236e-02 -7.973533568926909343e-01 -1.437927763734377952e-02 9.998963791786097399e-01 6.835994862741615746e-04 -2.434001155841711839e+00 -1.151278823190290783e-02 -8.491875109230115262e-04 9.999333650668902340e-01 1.261255683829716077e+02
9.998300808508550075e-01 1.346592090896948750e-02 1.258881997466082883e-02 -7.939753125769597464e-01 -1.347309227440162370e-02 9.999091161562173591e-01 4.850139672497308981e-04 -2.459790253589257958e+00 -1.258114491317987617e-02 -6.545418910649667332e-04 9.999206400273912276e-01 1.274499042642435995e+02
9.998201738149762319e-01 1.321916401445705214e-02 1.359682776695624734e-02 -7.895318861759844653e-01 -1.323841510521863926e-02 9.999114880644287551e-01 1.326811169885319360e-03 -2.486275186091131406e+00 -1.357808518598356204e-02 -1.506573035152363642e-03 9.999066785579535654e-01 1.287788688046413768e+02
9.998312076701855178e-01 1.147489825613192543e-02 1.434861920313191229e-02 -7.692385482998286284e-01 -1.150983600240903029e-02 9.999309871442126907e-01 2.354707155222487795e-03 -2.509649168052788593e+00 -1.432060918571062026e-02 -2.519459970563707463e-03 9.998942806406942996e-01 1.301371085607738678e+02
9.998360615513839367e-01 1.071393807713878939e-02 1.459662797750004709e-02 -7.601371858738155129e-01 -1.075431948991873235e-02 9.999385502181810104e-01 2.690802860989030456e-03 -2.536029625785173547e+00 -1.456690217334900492e-02 -2.847338555896901900e-03 9.998898429367294449e-01 1.314366134338986853e+02
9.998522474581972297e-01 8.954508897878589099e-03 1.467310542514827648e-02 -7.451246801757140936e-01 -8.996774190707041222e-03 9.999555603570242646e-01 2.816980978801526120e-03 -2.560244299044283078e+00 -1.464722892815055813e-02 -2.948575398715904197e-03 9.998883760558540112e-01 1.327941465502261167e+02
9.998681344173456775e-01 7.459239844720349545e-03 1.442475372722181598e-02 -7.396123298920920242e-01 -7.511319206090246239e-03 9.999654540388738244e-01 3.559610381441279548e-03 -2.581410053980135455e+00 -1.439770366932824862e-02 -3.667489946673831679e-03 9.998896217236740158e-01 1.341328497919772076e+02
9.998867969533161704e-01 5.881465613367962107e-03 1.384924711389066108e-02 -7.246265306497634562e-01 -5.927684836553595397e-03 9.999769905532700509e-01 3.298625006959488015e-03 -2.612095483324783363e+00 -1.382952793777189431e-02 -3.380345587067185974e-03 9.998986535671268161e-01 1.354621215578028171e+02
9.999054061608575461e-01 5.125685371121026755e-03 1.276346681575452752e-02 -7.124752402061605983e-01 -5.169497844916932754e-03 9.999808510939650619e-01 3.402020922437476620e-03 -2.633857021789509645e+00 -1.274578493847586431e-02 -3.467679850084746072e-03 9.999127562684824166e-01 1.367778121568856591e+02
9.999293419586631204e-01 2.837953265558246663e-03 1.154370477604198947e-02 -7.051809417540979563e-01 -2.885958422012264643e-03 9.999872490700189021e-01 4.144025304445127927e-03 -2.651500448459223502e+00 -1.153179722903949558e-02 -4.177047177460057638e-03 9.999247821294388050e-01 1.381416925232951201e+02
9.999437602119919388e-01 1.935523882861911373e-03 1.042737596640669860e-02 -6.907086642062547632e-01 -1.980309787477975165e-03 9.999888524351973063e-01 4.286418212982829462e-03 -2.681958653931533654e+00 -1.041896343836631704e-02 -4.306826611711580405e-03 9.999364461972820584e-01 1.394967572619840155e+02
9.999559212886612869e-01 1.613812226382091734e-03 9.249383673475976286e-03 -6.882405538884377449e-01 -1.654036934026273430e-03 9.999892016022325913e-01 4.342907175611354469e-03 -2.703315645202168493e+00 -9.242275314430642430e-03 -4.358014600703312945e-03 9.999477926598319133e-01 1.408424142627965523e+02
9.999663673082616056e-01 1.416027754535588348e-03 8.078312032355946734e-03 -6.935265658502742792e-01 -1.447456180538235580e-03 9.999914020992368702e-01 3.885949039681243188e-03 -2.728965279384892639e+00 -8.072740100467412291e-03 -3.897511376777343470e-03 9.999598193242728028e-01 1.421471653115925733e+02
9.999750602606414240e-01 5.424557460969850389e-04 7.041633795685794429e-03 -6.899543583924377943e-01 -5.666028233423101631e-04 9.999939650893507892e-01 3.427644429928969685e-03 -2.738741967358043983e+00 -7.039732073419401569e-03 -3.431548780363160352e-03 9.999693328482932575e-01 1.434888223087673680e+02
9.999807041439290334e-01 1.778664506762898739e-04 6.209646613168483091e-03 -6.898670552171706216e-01 -1.867228450052503476e-04 9.999989662838897342e-01 1.425680805062224049e-03 -2.777670360765531754e+00 -6.209386719587338399e-03 -1.426812785703853283e-03 9.999797036510750248e-01 1.448477485355908811e+02
9.999755966522395623e-01 -4.759446407788133632e-03 5.114077164621793486e-03 -6.899693456952067372e-01 4.756755221350592901e-03 9.999885417008643751e-01 5.382731761785276327e-04 -2.805823072863442569e+00 -5.116580535939920828e-03 -5.139336239031780905e-04 9.999867781472029371e-01 1.461715225602181079e+02
9.999126271337628324e-01 -1.257039020700216961e-02 4.089427336348683793e-03 -6.652867649742105760e-01 1.255797804314618890e-02 9.999165034207455616e-01 3.046859312518866540e-03 -2.826572925032689199e+00 -4.127386160939739215e-03 -2.995238175879580324e-03 9.999869965289234219e-01 1.475178842777217483e+02
9.997798062142750908e-01 -2.087832139209023705e-02 2.105901224880149091e-03 -6.535237669129773108e-01 2.086867015621838781e-02 9.997720741574137593e-01 4.505364005416307577e-03 -2.845869315808863931e+00 -2.199485704877884949e-03 -4.460424618538840966e-03 9.999876333600106193e-01 1.488519741886552765e+02
9.997142564075160998e-01 -2.388352092904898541e-02 9.914658478807293531e-04 -6.639252061738609711e-01 2.388180800854323299e-02 9.997133347188971175e-01 1.705166147600976944e-03 -2.873635683279035291e+00 -1.031907014018599742e-03 -1.681000908029162480e-03 9.999980546995117514e-01 1.502156964766286649e+02
9.997532717892032572e-01 -2.215419724584159408e-02 1.608455903934375222e-03 -6.639342777043185650e-01 2.215676044798092076e-02 9.997532388533385550e-01 -1.593528151743697774e-03 -2.910733380220349886e+00 -1.572755688757154725e-03 1.628773187503156040e-03 9.999974367641987216e-01 1.515647445149554073e+02
9.998052535378812999e-01 -1.959075514750019745e-02 2.378517854037863564e-03 -6.736997317528852225e-01 1.960012043668805243e-02 9.997999771237079392e-01 -3.980074087417169101e-03 -2.932542635058461578e+00 -2.300069480498945391e-03 4.025918271334519814e-03 9.999892507715462120e-01 1.528935150662745741e+02
9.998203283368858330e-01 -1.869556077720906095e-02 3.128432120517877363e-03 -6.798029457056122826e-01 1.870790707579004022e-02 9.998171304112720703e-01 -3.964835157945613073e-03 -2.971576367218326631e+00 -3.053735263267202005e-03 4.022649259728000928e-03 9.999872464132097960e-01 1.542555146860023285e+02
9.997461245192684753e-01 -2.221474966407529714e-02 3.767153861266987064e-03 -6.786730452261097168e-01 2.221834843521394015e-02 9.997527222803804792e-01 -9.161052574750430883e-04 -2.995721411969017201e+00 -3.745871342363610561e-03 9.995726461364889352e-04 9.999924846203595008e-01 1.555983018439318073e+02
9.995849050712741768e-01 -2.852049506444671867e-02 4.074182928238211966e-03 -6.700028326127975831e-01 2.851136663199915072e-02 9.995908648671190111e-01 2.281403167014011118e-03 -3.024651855369811404e+00 -4.137582850985164172e-03 -2.164295641015727585e-03 9.999890980543225671e-01 1.569592590066749835e+02
9.994935483868053749e-01 -3.156259311256653238e-02 4.055798920200721393e-03 -6.626643626445432034e-01 3.154915475808190567e-02 9.994966350079071971e-01 3.335774422804513306e-03 -3.049238413787742186e+00 -4.159043129213361653e-03 -3.206127990174266387e-03 9.999862114543198732e-01 1.583224499840522128e+02
9.994376814929422093e-01 -3.327563291436616555e-02 4.129542860365594675e-03 -6.553111448375041892e-01 3.326110447995279940e-02 9.994404326476474809e-01 3.538426858970885203e-03 -3.076829306253879182e+00 -4.244975562726732189e-03 -3.399083983534565215e-03 9.999852130935190653e-01 1.596225211259774142e+02
9.994587990770587016e-01 -3.249317487275724808e-02 5.128605310176673031e-03 -6.638089668069439009e-01 3.247261785501100173e-02 9.994644522106603812e-01 4.042005019816993089e-03 -3.093438763166465932e+00 -5.257196356548525518e-03 -3.873278250576431530e-03 9.999786795707565901e-01 1.610016926602881426e+02
9.995630742733294660e-01 -2.892166991176537208e-02 6.098984621969855829e-03 -6.621473557198450655e-01 2.890105314036101394e-02 9.995763515160900337e-01 3.441884628337374408e-03 -3.113964827586905848e+00 -6.195945948408381788e-03 -3.264113705734847642e-03 9.999754776034418535e-01 1.623373382676409449e+02
9.996613466444704832e-01 -2.504781562209685078e-02 7.056841208658673134e-03 -6.639936081092924214e-01 2.503890376853093805e-02 9.996855680480897233e-01 1.348440936674166410e-03 -3.141709586449406899e+00 -7.088397931059417685e-03 -1.171288701342508738e-03 9.999741910113025822e-01 1.637007174209261109e+02
9.997310850536957894e-01 -2.182274069732783109e-02 7.843826381463085001e-03 -6.683262387200336052e-01 2.181851678585009641e-02 9.997617532608795710e-01 6.237029619180684860e-04 -3.169502847499400033e+00 -7.855568656552814125e-03 -4.523945628889407592e-04 9.999690422059924755e-01 1.650347313294447531e+02
9.997390670653976130e-01 -2.138206854268467905e-02 8.037721946444021520e-03 -6.714245780209306957e-01 2.136881799289959069e-02 9.997701624443701141e-01 1.730857412002089488e-03 -3.183803153764707794e+00 -8.072884023831472175e-03 -1.558649148810182334e-03 9.999661990019902413e-01 1.664016048314128398e+02
9.997533197563066576e-01 -2.082077391222235396e-02 7.732726219921235399e-03 -6.738049556303575827e-01 2.080921865518260347e-02 9.997822291627400659e-01 1.571825071415394433e-03 -3.207240916292944277e+00 -7.763769002882696044e-03 -1.410525333693571619e-03 9.999688666651523894e-01 1.677546679368473690e+02
9.997975876192797262e-01 -1.868871494173627093e-02 7.450890266468428863e-03 -6.759936196067299896e-01 1.869451343029244345e-02 9.998249906893018624e-01 -7.093159521252090458e-04 -3.236786576023799711e+00 -7.436330215120991009e-03 8.484631737338904850e-04 9.999719901544890099e-01 1.691255652125145730e+02
9.998757155491269089e-01 -1.417809644574105632e-02 6.894568135466377055e-03 -6.716482188538087650e-01 1.420261645926906326e-02 9.998929399781657512e-01 -3.520545901968120343e-03 -3.271683293775520696e+00 -6.843915483800300931e-03 3.618029309265802240e-03 9.999700348887327062e-01 1.704955382661136412e+02
9.999378521078383653e-01 -8.871862875070041926e-03 6.751443961797940103e-03 -6.776652225173281918e-01 8.904076507489767575e-03 9.999490459577345947e-01 -4.756353084763449354e-03 -3.300321786462051321e+00 -6.708902355747162725e-03 4.816172917715769337e-03 9.999658969676044062e-01 1.718360313800271797e+02
9.999633187648325761e-01 -4.866421410433112091e-03 7.048339189847623552e-03 -6.843543407725261041e-01 4.894325468827868605e-03 9.999802326849406287e-01 -3.947126724033736198e-03 -3.330542456860730471e+00 -7.028991605979074270e-03 3.981478851074409832e-03 9.999673700143951738e-01 1.732212494186704816e+02
9.999689000670849426e-01 -1.659747128904145433e-03 7.710003303608890628e-03 -6.933308929570122237e-01 1.674677410891882001e-03 9.999967344445279682e-01 -1.930428227402926442e-03 -3.364875789710752407e+00 -7.706774238521679407e-03 1.943279985744126312e-03 9.999684141429635575e-01 1.746301323188104675e+02
9.999700230834718262e-01 -1.451354243548871577e-03 7.605689820779857821e-03 -6.903011519584806299e-01 1.449260460616936912e-03 9.999989103965443160e-01 2.807972887415374633e-04 -3.390764292468296581e+00 -7.606089201226513656e-03 -2.697662401915985496e-04 9.999710368923757642e-01 1.760154752595597358e+02
9.999708268032763137e-01 -2.984188751271455234e-03 7.031370729831609538e-03 -6.824530025110528975e-01 2.975934831851718108e-03 9.999948709093869903e-01 1.184044383919634130e-03 -3.421934545138995531e+00 -7.034868197641756804e-03 -1.163084942572534339e-03 9.999745786039156981e-01 1.773926985297229351e+02
9.999698590083991867e-01 -5.865137212589019607e-03 5.087362526421758402e-03 -6.796302284350068668e-01 5.857882319202807435e-03 9.999818059219840460e-01 1.439801677526584634e-03 -3.439473779463116276e+00 -5.095714687248303724e-03 -1.409957113607466193e-03 9.999860227554980829e-01 1.788048390538797889e+02
9.999754185385517635e-01 -6.247274319211371454e-03 3.183378358083151834e-03 -6.925384483161116655e-01 6.255205970798277497e-03 9.999773415301690394e-01 -2.487732643689014294e-03 -3.479166894733308979e+00 -3.167764735842704474e-03 2.507584209260165821e-03 9.999918386083368471e-01 1.801645014209658200e+02
9.999935961257935269e-01 -3.176424408084694249e-03 1.648648976654035160e-03 -7.002218928083094873e-01 3.187239889308877104e-03 9.999731432926853847e-01 -6.599559862455261355e-03 -3.519690764698303997e+00 -1.627641730311147911e-03 6.604772303924495019e-03 9.999768636133550270e-01 1.815426104239510323e+02
9.999992192154537607e-01 8.078321051178875660e-04 9.534021164904670160e-04 -7.111866088456555435e-01 -8.003236692624533192e-04 9.999688703248078570e-01 -7.849704830916071074e-03 -3.543121223804056807e+00 -9.597137049554556147e-04 7.848935744165896899e-03 9.999687360887264953e-01 1.829222956441583392e+02
9.999892612526175562e-01 4.530336310263490505e-03 9.764349257506113513e-04 -7.295751274050125135e-01 -4.523687328111968345e-03 9.999672729994147913e-01 -6.707398351735662130e-03 -3.576669369960436828e+00 -1.006789764383285955e-03 6.702909295732979722e-03 9.999770284256346287e-01 1.843441134348074115e+02
9.999825331742131507e-01 5.825986684695086230e-03 9.955982908861002456e-04 -7.369891544111968340e-01 -5.822392840415579161e-03 9.999766580737665667e-01 -3.575340675615794415e-03 -3.602285636837582405e+00 -1.016404960380360356e-03 3.569481491056424906e-03 9.999931128366859046e-01 1.857178597830673255e+02
9.999847987025847207e-01 5.343415277030193720e-03 1.360245817907194390e-03 -7.494827769353709090e-01 -5.341753641465182487e-03 9.999849856950587812e-01 -1.222318639314746557e-03 -3.633779590122330205e+00 -1.366756776194390016e-03 1.215033969112838718e-03 9.999983278317233770e-01 1.871259538498475195e+02
9.999823427454077596e-01 5.709122867230560436e-03 1.649274061585112063e-03 -7.540576174609475713e-01 -5.708309009217102728e-03 9.999835835827046715e-01 -4.977793499043324564e-04 -3.664242716042125370e+00 -1.652088899530104824e-03 4.883559965099151627e-04 9.999985160530573403e-01 1.885334463573800292e+02
9.999832546009150835e-01 5.603460041038515679e-03 1.446286520387976169e-03 -7.546029206636835074e-01 -5.603663399944746638e-03 9.999842900355393471e-01 1.365621212468921223e-04 -3.700320924866881800e+00 -1.445498604362005024e-03 -1.446643412279348200e-04 9.999989448014681148e-01 1.899351519324141861e+02
9.999954525770154978e-01 2.710155769674914197e-03 1.322829447072339194e-03 -7.657583281132999131e-01 -2.711242648278884559e-03 9.999959879537939633e-01 8.205147850401883986e-04 -3.725746250900785927e+00 -1.320600439327203422e-03 -8.240975736811082409e-04 9.999987884372770752e-01 1.913269515307951281e+02
9.999983604517650448e-01 6.041173455786910326e-04 1.707084426887158640e-03 -7.601367462252970331e-01 -6.051560761044471031e-04 9.999996320441714159e-01 6.080284830372138924e-04 -3.755189683654907018e+00 -1.706716507254077766e-03 -6.090605431011815668e-04 9.999983580795531735e-01 1.927463701161071015e+02
9.999947817768594094e-01 -2.397257389670981106e-03 2.165544598773044751e-03 -7.590013659523956457e-01 2.393714314898059362e-03 9.999957947857007756e-01 1.637234847716301234e-03 -3.783850990361925515e+00 -2.169460401332312226e-03 -1.632042620463127055e-03 9.999963149311343891e-01 1.941708278356589403e+02
9.999706028769349553e-01 -7.229992217124517340e-03 2.553548689604402330e-03 -7.524716878620673066e-01 7.221754939171160480e-03 9.999687369453855723e-01 3.220461732286145767e-03 -3.800388752579313856e+00 -2.576752812011413700e-03 -3.201925979084527859e-03 9.999915539704420375e-01 1.955795591031900926e+02
9.999378323190284412e-01 -1.086597186157224788e-02 2.502433852098247518e-03 -7.560910989439517671e-01 1.085808498553784800e-02 9.999361064866886251e-01 3.144028443058139756e-03 -3.823907591054844346e+00 -2.536436927256004604e-03 -3.116661365338116267e-03 9.999919264208726455e-01 1.970202743113364647e+02
9.999573015783378427e-01 -8.866578536706809163e-03 2.603617585813294052e-03 -7.582555794966221452e-01 8.868968640500456135e-03 9.999602577956968608e-01 -9.078594700903070769e-04 -3.854091262688768893e+00 -2.595464549860539497e-03 9.309121258233078212e-04 9.999961984741106980e-01 1.984364130311805638e+02
9.999934939297916436e-01 -1.265940929507254923e-03 3.377794920803625991e-03 -7.724449387089552532e-01 1.285301431644750520e-03 9.999827247488413118e-01 -5.735695480257639069e-03 -3.893892737429631712e+00 -3.370475580426462048e-03 5.739999704830320813e-03 9.999778459007704345e-01 1.998720705168911991e+02
9.999586105850591933e-01 7.745816842133699566e-03 4.772780083522423257e-03 -7.944337945428332493e-01 -7.716150129020642005e-03 9.999509894608797911e-01 -6.203202332207388009e-03 -3.916170906719620870e+00 -4.820595126074980752e-03 6.166118153325519761e-03 9.999693699520448842e-01 2.013113186004284785e+02
9.998905441772415470e-01 1.361856214168740038e-02 5.782249644516281213e-03 -8.168942402766988797e-01 -1.360271398854122349e-02 9.999036381635361126e-01 -2.771387145101356000e-03 -3.937626201653444458e+00 -5.819434868998772312e-03 2.692429533076055176e-03 9.999794422851694398e-01 2.027505700068612100e+02
9.998628885490523643e-01 1.511761581725281148e-02 6.757349568844508991e-03 -8.115272033933900175e-01 -1.511449383203442541e-02 9.998856379992439036e-01 -5.128635144874347639e-04 -3.967408127532382700e+00 -6.764330177420538152e-03 4.106592760560968318e-04 9.999770373300695958e-01 2.041732805817166252e+02
9.998752976998053210e-01 1.441639542866364997e-02 6.446438747099412364e-03 -8.170458248939759249e-01 -1.441689704780715030e-02 9.998960706624919759e-01 3.133015353590730190e-05 -4.000056032398476624e+00 -6.445317218037920938e-03 -1.242638956454212987e-04 9.999792210021849481e-01 2.056385208111161091e+02
9.999276524209954609e-01 1.087685206980144870e-02 5.136535656016827898e-03 -8.138423695391481250e-01 -1.087708285122189651e-02 9.999408426509444059e-01 1.697795001919518516e-05 -4.030630528261345269e+00 -5.136047215498954974e-03 -7.284724916380364620e-05 9.999868077657513288e-01 2.070730619434683035e+02
9.999545050928332346e-01 8.703987297442436835e-03 3.902350338025513572e-03 -8.091113794096874701e-01 -8.702264950036491670e-03 9.999620296324772672e-01 -4.581428313763821042e-04 -4.057836984597151364e+00 -3.906189902650539399e-03 4.241627030392960051e-04 9.999922808507774041e-01 2.084819654611738429e+02
9.999396647462739374e-01 1.036963559814825173e-02 3.624570245434944639e-03 -8.192347854518567951e-01 -1.036571592609142854e-02 9.999456710850649355e-01 -1.098558996212199235e-03 -4.092114999345173310e+00 -3.635765047928022232e-03 1.060921454686710851e-03 9.999928278008300975e-01 2.099668144423885110e+02
9.999334648240960632e-01 1.101432853373791876e-02 3.427896594883486376e-03 -8.139931134219814401e-01 -1.101089960971399911e-02 9.999388604354518817e-01 -1.017596390686629267e-03 -4.121864822415161278e+00 -3.438895217307083758e-03 9.797844639003307297e-04 9.999936069882011669e-01 2.114204350626684459e+02
9.999196576902948941e-01 1.218988686278130000e-02 3.476320424904796001e-03 -8.150443060608081325e-01 -1.218912029695005603e-02 9.999256807280884063e-01 -2.416416168223510486e-04 -4.148391551864980542e+00 -3.479007712925653514e-03 1.992489114107105341e-04 9.999939283818121138e-01 2.128825306502432397e+02
9.999285094807927043e-01 1.156187103532604378e-02 3.049433933840960120e-03 -8.179536921429150231e-01 -1.156027595376393942e-02 9.999330318628975034e-01 -5.402147190835096579e-04 -4.184377021827949683e+00 -3.055475666386543374e-03 5.049238004177767671e-04 9.999952045465907435e-01 2.143537959694598953e+02
9.999281400274765419e-01 1.171077203499980117e-02 2.563704396420157534e-03 -8.289961064028941173e-01 -1.170708323319350624e-02 9.999304195970942777e-01 -1.449203103406486101e-03 -4.215115846834555313e+00 -2.580497347190124479e-03 1.419085470157561805e-03 9.999956636036416713e-01 2.157951987893940498e+02
9.999443784467658691e-01 1.026037928010730023e-02 2.442255764587278419e-03 -8.467301125645770865e-01 -1.025611458130374666e-02 9.999458691259514032e-01 -1.752413147289725096e-03 -4.238898373065245195e+00 -2.460104031932536326e-03 1.727267631331628897e-03 9.999954822052968817e-01 2.172740263738470503e+02
9.999411614458472153e-01 1.068973506741106340e-02 1.844774332497243477e-03 -8.546594715984178192e-01 -1.068631036802221088e-02 9.999411764473886688e-01 -1.856458138175184685e-03 -4.271513889234109129e+00 -1.864510897046660906e-03 1.836635086880006968e-03 9.999965751780180989e-01 2.187641101149861527e+02
9.999376022069719205e-01 1.106006569020772518e-02 1.570547738806262524e-03 -8.690616646211939411e-01 -1.105686277272311009e-02 9.999368030080347802e-01 -2.033666041812888601e-03 -4.301433182568981550e+00 -1.592940995496724488e-03 2.016173826946001703e-03 9.999966987843063038e-01 2.202236831444311633e+02
9.999380889942376394e-01 1.104980346225965110e-02 1.311488607786285036e-03 -8.600450677002308142e-01 -1.104654850092679115e-02 9.999359497490699633e-01 -2.463775065710637965e-03 -4.336810128855749902e+00 -1.338628863428952594e-03 2.449135124387000987e-03 9.999961048962170418e-01 2.217252857377855548e+02
9.999237132454823485e-01 1.232268907133404756e-02 8.479390065868363559e-04 -8.717094645231288075e-01 -1.232054751923747707e-02 9.999210083153347028e-01 -2.486214594533246464e-03 -4.366224594751444421e+00 -8.785088946161917402e-04 2.475577871371642449e-03 9.999965498613703208e-01 2.231906672681843418e+02
9.999270379312336088e-01 1.207568771654696921e-02 3.107364583820849350e-04 -8.834952827037180212e-01 -1.207479354228808283e-02 9.999233575142754127e-01 -2.734681401867035833e-03 -4.399289442848632881e+00 -3.437358110808799911e-04 2.730729812202383790e-03 9.999962124725274570e-01 2.246670034851679532e+02
9.999271081089801116e-01 1.207347754363457398e-02 9.790519912231885865e-05 -8.910957285640569436e-01 -1.207316655702662771e-02 9.999234130535223919e-01 -2.721525446385338227e-03 -4.429442913523192971e+00 -1.307559832259143188e-04 2.720145060109371241e-03 9.999962918496437814e-01 2.261768056988469766e+02
9.999337490943591700e-01 1.151052840869380180e-02 7.166294175170550131e-05 -9.020727896878267815e-01 -1.151028089818044269e-02 9.999297837170401104e-01 -2.817994353817025038e-03 -4.466292128781815585e+00 -1.040945194875203528e-04 2.816982816446833311e-03 9.999960268778460559e-01 2.276633689721291773e+02
9.999369497569340348e-01 1.122926882780453731e-02 -3.253365088774972510e-06 -9.114432761552740958e-01 -1.122922788550079209e-02 9.999324239931599578e-01 -3.008639336734093318e-03 -4.499154842744713889e+00 -3.053167913131898758e-05 3.008486193857798623e-03 9.999954740287806398e-01 2.291400244582760308e+02
9.999519047793281601e-01 9.805332517299066367e-03 2.087193950204804425e-04 -9.267453997735494164e-01 -9.804723465067199592e-03 9.999481706944182147e-01 -2.742871147026670377e-03 -4.536702551761427671e+00 -2.356033485035842001e-04 2.740692810600726167e-03 9.999962165394147284e-01 2.306419523107576310e+02
9.999708241031153300e-01 7.631475356054203893e-03 3.339345719742992818e-04 -9.380782399067451038e-01 -7.630804446910004375e-03 9.999689514952666558e-01 -1.966439407351559549e-03 -4.567863930028147834e+00 -3.489310463240262905e-04 1.963833858311821688e-03 9.999980107994403955e-01 2.321367686053714863e+02
9.999716471960409248e-01 7.516786188770667627e-03 4.502395904728698824e-04 -9.374927189761029789e-01 -7.516032009100173487e-03 9.999703861757117673e-01 -1.654100705300743952e-03 -4.600685764497839614e+00 -4.626597888032683392e-04 1.650669802052046097e-03 9.999985306159993037e-01 2.336274273681515297e+02
9.999697371866342888e-01 7.767056333557243071e-03 4.444463550006105389e-04 -9.470537599212147661e-01 -7.766224329240926580e-03 9.999681418256302079e-01 -1.844209505945029444e-03 -4.631289456090089018e+00 -4.587562853182200018e-04 1.840702036766775872e-03 9.999982006772248910e-01 2.351411397927889482e+02
9.999552241334344060e-01 9.422664020700620771e-03 8.735639993599489048e-04 -9.616004303425962352e-01 -9.420279283550705637e-03 9.999519963910341591e-01 -2.695045545682509241e-03 -4.668483403458649761e+00 -8.989165928457695841e-04 2.686695674740426521e-03 9.999959867987310291e-01 2.366461460320786330e+02
9.999502964703733676e-01 9.903626420988645429e-03 1.150110861277624285e-03 -9.699401546441087651e-01 -9.901249430485394715e-03 9.999488709657962104e-01 -2.054442377967711890e-03 -4.698775149786458272e+00 -1.170398510199244192e-03 2.042952743320130497e-03 9.999972282508633459e-01 2.381569022048837212e+02
9.999589193752703720e-01 8.927686560645310340e-03 1.567150121831777966e-03 -9.815780141104916146e-01 -8.927648966293532870e-03 9.999601472750234699e-01 -3.102937305726348374e-05 -4.722587058140744531e+00 -1.567364715211668012e-03 1.703712752019564576e-05 9.999987715369572649e-01 2.396541052319737446e+02
9.999540926639227667e-01 9.283707207105609122e-03 2.371777922459929015e-03 -9.813894159710698784e-01 -9.285216758663677669e-03 9.999566953731006125e-01 6.262156106353654675e-04 -4.756632970936598426e+00 -2.365861652435989702e-03 -6.482093451496180473e-04 9.999969912555728424e-01 2.411799810518237166e+02
9.999569026669196115e-01 8.914753081267308074e-03 2.592291005646392248e-03 -9.943531841642307967e-01 -8.912403813305739761e-03 9.999598638158367914e-01 -9.164240367680546312e-04 -4.782413204746772450e+00 -2.600356701744243725e-03 8.932810014447426557e-04 9.999962200880387897e-01 2.426822033469906614e+02
9.999461727723226723e-01 9.798520207344584010e-03 3.411824350960221321e-03 -9.932980661789131416e-01 -9.790513052849393952e-03 9.999492968646882529e-01 -2.355753244576670475e-03 -4.822907823626048973e+00 -3.434734319158050300e-03 2.322222947704757207e-03 9.999914049009096528e-01 2.442111538749139754e+02
9.999405717158063034e-01 1.032458281407949534e-02 3.500858624299418940e-03 -1.005166044694636218e+00 -1.031741440330662118e-02 9.999446530765702112e-01 -2.059554317819102098e-03 -4.846332826884781397e+00 -3.521928965563138683e-03 2.023312127445512244e-03 9.999917510756229921e-01 2.457196854204026977e+02
9.999403064520956397e-01 1.033352037575404128e-02 3.549911816299994392e-03 -1.008851440517734899e+00 -1.033061939785664615e-02 9.999462894502906263e-01 -8.345882914821642915e-04 -4.881701619892671040e+00 -3.558345447100636546e-03 7.978656874405414814e-04 9.999933507694388490e-01 2.472267168343137200e+02
9.999352677704607117e-01 1.089742219942324737e-02 3.272069910225072244e-03 -1.011562813846886177e+00 -1.089675591132180203e-02 9.999406040896178238e-01 -2.214151679114886211e-04 -4.918622007811686458e+00 -3.274288475190682574e-03 1.857458851568759826e-04 9.999946222500386561e-01 2.487875076123489748e+02
9.999345151436432877e-01 1.105389325715310823e-02 2.962575038940382446e-03 -1.022764277421570389e+00 -1.105301518357469648e-02 9.999388647013452980e-01 -3.126286147042028115e-04 -4.947954530502125081e+00 -2.965849737099078825e-03 2.798627529252288625e-04 9.999955626942088616e-01 2.503043186654408316e+02
9.999141212059596828e-01 1.270628689326848068e-02 3.209433874809214902e-03 -1.026477565294692695e+00 -1.270568260653324143e-02 9.999192578029212353e-01 -2.086365875771406964e-04 -4.978932017427953660e+00 -3.211825791452872607e-03 1.678406175432789840e-04 9.999948279867486578e-01 2.518265804315427658e+02
9.999007405758146838e-01 1.365462632362858704e-02 3.472773211338116891e-03 -1.039627642227580973e+00 -1.365457451693991714e-02 9.999067712176599176e-01 -3.866037147785530487e-05 -5.010181878947912004e+00 -3.472977403343705579e-03 -8.762712986933799051e-06 9.999939691550666643e-01 2.533657828787561925e+02
9.999002598461349534e-01 1.365117899573922190e-02 3.621553497201819224e-03 -1.038916410852234851e+00 -1.365132550440139453e-02 9.999068162044179031e-01 1.570626523187740380e-05 -5.030875652248798069e+00 -3.621001682070926209e-03 -6.514371115114422147e-05 9.999934420276319624e-01 2.549078873966322760e+02
9.999113827354576545e-01 1.276907847149282189e-02 3.765274376984799592e-03 -1.033328899579679439e+00 -1.277023635199595920e-02 9.999184170002217709e-01 2.836056653769247066e-04 -5.073418329768625057e+00 -3.761345877716855499e-03 -3.316639852845521333e-04 9.999928711101998546e-01 2.564594002465225344e+02
9.999281478258271738e-01 1.149193120312282795e-02 3.410965417092589377e-03 -1.036874359402810919e+00 -1.149567742148397895e-02 9.999333385412452202e-01 1.080692587954052049e-03 -5.099378751796610487e+00 -3.398318851258650807e-03 -1.119826311195857476e-03 9.999935986863545123e-01 2.579937383892931848e+02
9.999630902408368494e-01 7.815780274815714926e-03 3.568154217112851599e-03 -1.047254016822966038e+00 -7.822953704569410305e-03 9.999673984230330603e-01 2.000875033702784536e-03 -5.129094504972723456e+00 -3.552399550473203400e-03 -2.028714707987340233e-03 9.999916323498657666e-01 2.595333861481519762e+02
9.999702366429643607e-01 7.040614261497894245e-03 3.155244817407174256e-03 -1.046954638142861382e+00 -7.044029240104937063e-03 9.999746153853357189e-01 1.072497181947200959e-03 -5.160273443062477483e+00 -3.147613737990606186e-03 -1.094690909678507160e-03 9.999944470723600709e-01 2.610594897545599338e+02
9.999716940922845909e-01 6.888648372291146516e-03 3.026140902776761846e-03 -1.053639514209811390e+00 -6.889148853972546643e-03 9.999762575301411882e-01 1.549747706507444156e-04 -5.194299254209851391e+00 -3.025001540939135751e-03 -1.758179227374199614e-04 9.999954092143035211e-01 2.626100741790194206e+02
9.999772566630362736e-01 5.636879162099157903e-03 3.702937246206644377e-03 -1.037440124380542228e+00 -5.643817096516345021e-03 9.999823328190028393e-01 1.865847986582879967e-03 -5.226035658599476719e+00 -3.692354328879889590e-03 -1.886704269393621458e-03 9.999914033940381364e-01 2.641180717336389989e+02
9.999899931548331677e-01 2.412381409633398283e-03 3.767493419068439035e-03 -1.049242969977042916e+00 -2.426210779162015548e-03 9.999903205772895376e-01 3.670457275815041612e-03 -5.241854879308345261e+00 -3.758602470943407312e-03 -3.679561311294818945e-03 9.999861667702516499e-01 2.656792980745830732e+02
9.999907773632964458e-01 1.883070168619265829e-03 3.859952944985294704e-03 -1.053095817779653887e+00 -1.895653415944493006e-03 9.999928930671588834e-01 3.258882637578423488e-03 -5.281054803244852991e+00 -3.853788871789054059e-03 -3.266169742847755287e-03 9.999872401396681099e-01 2.672370437948034123e+02
9.999903944144706847e-01 7.272938390661371584e-04 4.322282598140092351e-03 -1.050129341582209497e+00 -7.360351868374788746e-04 9.999976866125251940e-01 2.021143909517990420e-03 -5.304063728048636683e+00 -4.320802706532454393e-03 -2.024305862443780569e-03 9.999886163574310816e-01 2.687500761568963412e+02
9.999851400664502288e-01 1.756315248857682771e-03 5.160911405710678392e-03 -1.043796847642480818e+00 -1.765027437362135399e-03 9.999970243435135631e-01 1.684038351887218914e-03 -5.330424636280861606e+00 -5.157938434302424685e-03 -1.693122489442759355e-03 9.999852643918948347e-01 2.703044619316452781e+02
9.999778631038390708e-01 2.529520136482824554e-03 6.154253277962134366e-03 -1.054277620343530009e+00 -2.540844107655471345e-03 9.999950922880999071e-01 1.832898051235846634e-03 -5.352445032198573927e+00 -6.149586827166885622e-03 -1.848494487813970430e-03 9.999793826086627035e-01 2.718267057173362105e+02
9.999647309881602997e-01 4.676444825228979855e-03 6.976219870991872893e-03 -1.054332978108020846e+00 -4.687056593795466998e-03 9.999878823314635179e-01 1.505556118410129049e-03 -5.386485785116395419e+00 -6.969094805085126500e-03 -1.538200967250932544e-03 9.999745324990843010e-01 2.733734970913655502e+02
9.999509345280103156e-01 5.909884040004391090e-03 7.949956354122713134e-03 -1.053324948772786263e+00 -5.921121839329701771e-03 9.999815028747158774e-01 1.390767956205964453e-03 -5.417908540974443632e+00 -7.941590162225340907e-03 -1.437772387724326958e-03 9.999674314428930177e-01 2.749570840140888777e+02
9.999454626384014500e-01 5.836381042497566091e-03 8.660739285781446015e-03 -1.058415383472889104e+00 -5.846260369917226883e-03 9.999822879427686662e-01 1.115818656135869787e-03 -5.444087001658663105e+00 -8.654073692788925160e-03 -1.166390745999750260e-03 9.999618725384138429e-01 2.764645295090294326e+02
9.999299655294043854e-01 6.881698108222594409e-03 9.628409333546784910e-03 -1.048707982799567118e+00 -6.886824237193313325e-03 9.999761608801230883e-01 4.993359517713499406e-04 -5.480825907073821668e+00 -9.624743688304094116e-03 -5.656101449289866996e-04 9.999535211110059940e-01 2.780190701937585231e+02
9.999250618758482867e-01 6.338352022447964716e-03 1.047358233649477340e-02 -1.053859005705404916e+00 -6.338210690333298709e-03 9.999799122568132637e-01 -4.669224641055615035e-05 -5.512395866026960078e+00 -1.047366807974219743e-02 -1.969501908724107891e-05 9.999451494338364999e-01 2.795764261085889189e+02
9.999184288528700781e-01 6.149502404344639635e-03 1.119460863254372919e-02 -1.031252783224166913e+00 -6.151332197053167861e-03 9.999810720592626767e-01 1.290235289074916439e-04 -5.541593273594331848e+00 -1.119360350542082660e-02 -1.978747566001330866e-04 9.999373300725568070e-01 2.810938726802689871e+02
9.999183989017509377e-01 4.198937958110921138e-03 1.206500991630811773e-02 -1.017573779598738737e+00 -4.214257204159883342e-03 9.999903454864713659e-01 1.244579336167364126e-03 -5.568137477112614420e+00 -1.205966773114149071e-02 -1.295322835773194802e-03 9.999264405639091136e-01 2.826617431475200988e+02
9.999190597360969601e-01 3.116438360223419690e-03 1.233538800604890712e-02 -1.017077870679663265e+00 -3.136229176034469046e-03 9.999938253138740407e-01 1.585372574679410436e-03 -5.595921500565876450e+00 -1.233037133531696833e-02 -1.623930863664411247e-03 9.999226593976809907e-01 2.841809883499127523e+02
9.999231295900897765e-01 1.908997420437975618e-03 1.225114895209905228e-02 -1.026454294811147472e+00 -1.897528709553692600e-03 9.999977506330639532e-01 -9.476905313624063880e-04 -5.633182802086995622e+00 -1.225293074676177610e-02 9.243707936409815886e-04 9.999245027560728083e-01 2.857609631382146631e+02
9.999253211118448448e-01 2.915170844058636700e-03 1.186819224144154174e-02 -1.001254228431726734e+00 -2.881368143189763035e-03 9.999917467731078702e-01 -2.864281625465114368e-03 -5.666632316907743494e+00 -1.187644436940284501e-02 2.829871128013416570e-03 9.999254681644255127e-01 2.873088892327053259e+02
9.999356013547210376e-01 2.132229129863449663e-03 1.114660270321527445e-02 -9.866523354911710397e-01 -2.100294733802401601e-03 9.999936590563816008e-01 -2.875867437906545494e-03 -5.698307244837046426e+00 -1.115266422752943763e-02 2.852271120024665093e-03 9.999337391128035879e-01 2.888459815602323602e+02
9.999446261238492673e-01 -6.302705550572957477e-05 1.052334198825848575e-02 -9.865052743433132543e-01 9.331696215352818153e-05 9.999958545170642976e-01 -2.877888286142110327e-03 -5.731725004867937123e+00 -1.052311716396252261e-02 2.878710968862531472e-03 9.999404867365750960e-01 2.903783252548105338e+02
9.999582828449378180e-01 5.699111668253708856e-04 9.116346931170971057e-03 -9.674113854783114030e-01 -5.373202709639692378e-04 9.999934579945674029e-01 -3.577045796200989738e-03 -5.768724542902692320e+00 -9.118326051572190477e-03 3.571998214893659564e-03 9.999520473236861440e-01 2.919392140768259196e+02
9.999587948554123917e-01 1.121635020882728222e-03 9.008359192891437703e-03 -9.613008172380284044e-01 -1.087399645147264131e-03 9.999921720167814776e-01 -3.804401380856865366e-03 -5.808140190203700648e+00 -9.012555985110535031e-03 3.794448975787341732e-03 9.999521868468179697e-01 2.935116897231290523e+02
9.999655816991841473e-01 1.239246042457120556e-03 8.203639089181091748e-03 -9.682439413496806146e-01 -1.210539752370881151e-03 9.999931308701996979e-01 -3.503256885532628727e-03 -5.838152287965661102e+00 -8.207924280033121814e-03 3.493205516984459677e-03 9.999602129501454773e-01 2.950638547349001328e+02
9.999729219612089048e-01 7.557017755465343352e-04 7.320127535485167550e-03 -9.668544852892706487e-01 -7.322775792222926700e-04 9.999946050718437895e-01 -3.202124091349954280e-03 -5.878018351763198979e+00 -7.322508024611082411e-03 3.196677054465336086e-03 9.999680805516490967e-01 2.966239478772308757e+02
9.999812485191630351e-01 4.738001395810669436e-04 6.105581915981837804e-03 -9.607453263302093704e-01 -4.615443087111043528e-04 9.999978763112840063e-01 -2.008569395331007493e-03 -5.909042072100372245e+00 -6.106520717725811773e-03 2.005713758849011086e-03 9.999793435410302411e-01 2.982123692056612185e+02
9.999834099669060450e-01 1.351558395662087178e-03 5.599382614605075137e-03 -9.585426612701498650e-01 -1.347905015944077375e-03 9.999988762869004288e-01 -6.561856814426220499e-04 -5.938882286799123555e+00 -5.600263293481876244e-03 6.486273695835226760e-04 9.999841080367887214e-01 2.997878096937172927e+02
9.999789186409701047e-01 1.631549127913279728e-03 6.284928494262685857e-03 -9.472938521958353952e-01 -1.627317793698608442e-03 9.999984458677265708e-01 -6.783082653071336550e-04 -5.971802573894350985e+00 -6.286025529541734019e-03 6.680664004886541045e-04 9.999800195814187997e-01 3.013764274809907420e+02
9.999698293461573018e-01 2.402963506734136570e-03 7.386891682812976763e-03 -9.747670760825672964e-01 -2.396915639276966329e-03 9.999967850361880517e-01 -8.274765004504977236e-04 -5.998215959967899025e+00 -7.388856458993800502e-03 8.097457913371923412e-04 9.999723741696058266e-01 3.029392200915959847e+02
9.999684592289711516e-01 2.080755818189351444e-03 7.664920633646208833e-03 -9.673727678691240728e-01 -2.073572192340644368e-03 9.999974035991374688e-01 -9.450383126951998527e-04 -6.032952048104831988e+00 -7.666867260234959403e-03 9.291147533505173667e-04 9.999701774964422363e-01 3.045257436975355176e+02
9.999683217775428012e-01 -2.637628070755376536e-04 7.955242369009652217e-03 -9.551825151361255095e-01 2.801395741950992325e-04 9.999978439631139748e-01 -2.057569152691330477e-03 -6.063461227112833640e+00 -7.954682646610557878e-03 2.059732577246798420e-03 9.999662396877523340e-01 3.061334307067493228e+02
9.999647174862257293e-01 -1.694698913122274749e-03 8.227502159434980228e-03 -9.418750551983170460e-01 1.726044487076361378e-03 9.999912741977432518e-01 -3.804247138542054749e-03 -6.100475890306436888e+00 -8.220983460088052142e-03 3.818313993777464228e-03 9.999589171052023495e-01 3.077442950706624174e+02
9.999616458469952063e-01 -2.393046334448558927e-03 8.424973542811634714e-03 -9.377586053137298983e-01 2.434971091323714400e-03 9.999846873219762067e-01 -4.969510408289906124e-03 -6.137224047504798108e+00 -8.412952415274631973e-03 4.989834429277139292e-03 9.999521607420502889e-01 3.093485147622264435e+02
9.999793599632905705e-01 -1.461751320305482290e-03 6.256431993000556580e-03 -9.517425775835917090e-01 1.497666509405750799e-03 9.999824063149251874e-01 -5.739691087373184966e-03 -6.176018475354165815e+00 -6.247932031636035249e-03 5.748942728248827502e-03 9.999639558473586431e-01 3.109647058722478619e+02
9.999918390527416934e-01 -7.592877198767170304e-04 3.968036891795633306e-03 -9.508840998570645686e-01 7.805880794699059447e-04 9.999852811065027547e-01 -5.369194727176328577e-03 -6.210875045453594367e+00 -3.963901796594260750e-03 5.372248365334325766e-03 9.999777129636081563e-01 3.125756559835923554e+02
9.999918099264886173e-01 1.011353101449347395e-03 3.918832505514238673e-03 -9.548607810322519152e-01 -1.002739887389973023e-03 9.999970789085969036e-01 -2.199247434216072047e-03 -6.246574283610261347e+00 -3.921045343990312536e-03 2.195299875647575231e-03 9.999899029771375236e-01 3.141772022272311347e+02
9.999919790810037901e-01 -6.551282214558750610e-04 3.951276649195346012e-03 -9.480360548560475831e-01 6.519522394112171101e-04 9.999994634479763000e-01 8.050221484820512712e-04 -6.279561052056489956e+00 -3.951801989472372538e-03 -8.024396510624913059e-04 9.999918696402148033e-01 3.158042108606722991e+02
9.999894243345155420e-01 -1.402152465261035470e-03 4.380090865120031714e-03 -9.514996370293483663e-01 1.395133573468991701e-03 9.999977386228242615e-01 1.605100814778336309e-03 -6.311545375843900629e+00 -4.382331630400642004e-03 -1.598973037603887730e-03 9.999891191654197709e-01 3.174328524449031761e+02
9.999883922439775086e-01 -1.783019719257901122e-03 4.476184446566219138e-03 -9.431266881802811142e-01 1.780429715244095110e-03 9.999982453553328821e-01 5.825400342918739087e-04 -6.343490780721078970e+00 -4.477215349624111447e-03 -5.745637403950492467e-04 9.999898121548040919e-01 3.190717624595031339e+02
9.999814905165552714e-01 -2.947708291806681521e-03 5.322560707585157619e-03 -9.537836285815776138e-01 2.945696907537478145e-03 9.999955870393201218e-01 3.857021558984328633e-04 -6.370759575668910379e+00 -5.323674248300824807e-03 -3.700163625385560089e-04 9.999857606853610470e-01 3.207040836134858637e+02
9.999788641303137826e-01 -3.377748756785425854e-03 5.555368521684030808e-03 -9.593184286788647430e-01 3.374026244778153931e-03 9.999940772181485915e-01 6.793152641337519768e-04 -6.405115886406305137e+00 -5.557630269996938904e-03 -6.605569455794550911e-04 9.999843380789373848e-01 3.223145300931953443e+02
9.999775843957051658e-01 -3.413616366788076867e-03 5.760029789066506423e-03 -9.497399068069686257e-01 3.409888092801736156e-03 9.999939705069218476e-01 6.569677630785653423e-04 -6.439553570874669397e+00 -5.762237793735533811e-03 -6.373119778851700805e-04 9.999831950796301827e-01 3.239515915390103373e+02
9.999782814225341987e-01 -1.950702792839566473e-03 6.295351744285701025e-03 -9.548893224601308072e-01 1.951259483644949503e-03 9.999980929041482058e-01 -8.228566928466820283e-05 -6.471950795556873359e+00 -6.295179332442963488e-03 9.456775501614582663e-05 9.999801806865672438e-01 3.255766128085745095e+02
9.999729633555033415e-01 -1.365407715740078439e-03 7.225526384900941325e-03 -9.610872999709485498e-01 1.371716781446645061e-03 9.999986822408017950e-01 -8.682784015431953923e-04 -6.506080854998884000e+00 -7.224331435124671172e-03 8.781663177222520395e-04 9.999735185742805177e-01 3.271934848198327472e+02
9.999667387910117222e-01 -2.231708196606857746e-03 7.844794722421308958e-03 -9.517674383107939118e-01 2.225814113261451004e-03 9.999972340777959490e-01 7.599895063708909416e-04 -6.535837724288947825e+00 -7.846469234078305363e-03 -7.425031713866294325e-04 9.999689403175467950e-01 3.288177016167077227e+02
9.999622672138366308e-01 -3.610553077020073765e-03 7.901143691693680859e-03 -9.458707657121174783e-01 3.595646792881497956e-03 9.999917306345978973e-01 1.899994629107540703e-03 -6.571981617835364275e+00 -7.907938520515895783e-03 -1.871513222387474317e-03 9.999669804233494164e-01 3.304464479939275634e+02
9.999628564212419413e-01 -3.885806438215661570e-03 7.693263484889168412e-03 -9.415206264689770510e-01 3.880313511293678654e-03 9.999922059795243179e-01 7.287935554665059485e-04 -6.610133678120898360e+00 -7.696035606322149981e-03 -6.989142077914735048e-04 9.999701408268331093e-01 3.320548002581420519e+02
9.999638207958183589e-01 -3.406104307032537491e-03 7.794585876473044024e-03 -9.193713441542378240e-01 3.398749453380358818e-03 9.999937666482707765e-01 9.566401394040717574e-04 -6.653625801083755675e+00 -7.797795839973026624e-03 -9.301136833775952789e-04 9.999691641540089382e-01 3.336746952931629266e+02
9.999720314547942968e-01 -1.635154956875764596e-03 7.298122277107465215e-03 -9.252297065515363572e-01 1.643352713682432430e-03 9.999980253874705127e-01 -1.117412287482944921e-03 -6.668497579267636866e+00 -7.296280851109023143e-03 1.129374442417077195e-03 9.999727440233439069e-01 3.352983271148846711e+02
9.999733433299576868e-01 7.877415741556059855e-04 7.258932465318529426e-03 -9.421554264404008450e-01 -7.600914849710993688e-04 9.999924489169400577e-01 -3.811085425328111353e-03 -6.722042904945555009e+00 -7.261879932293368103e-03 3.805466422868155393e-03 9.999663911928504678e-01 3.368889820113482187e+02
9.999783354275775249e-01 1.403215794172877609e-03 6.431148157769132206e-03 -9.487075491886693968e-01 -1.382417156836102416e-03 9.999938042115484871e-01 -3.237354550339838384e-03 -6.751808138642132917e+00 -6.435651133340217038e-03 3.228393919528877061e-03 9.999740795932287041e-01 3.384995116020695036e+02
9.999849489249523771e-01 1.741989985758353628e-03 5.202633759670814012e-03 -9.349460707236397772e-01 -1.740557004601046755e-03 9.999984460446176282e-01 -2.799517250415829413e-04 -6.791624059774288291e+00 -5.203113438635779270e-03 2.708920369163306772e-04 9.999864270184658510e-01 3.401183194963768983e+02
9.999856835433647007e-01 3.036620602447407356e-03 4.405864702942580667e-03 -9.368093808343623818e-01 -3.046665773213562238e-03 9.999927710059515196e-01 2.275031578258483907e-03 -6.816453384275397376e+00 -4.398924519579891501e-03 -2.288422224153257179e-03 9.999877062151635299e-01 3.417457384615406681e+02
9.999897860218046608e-01 3.542097539184909088e-03 2.807382096487971886e-03 -9.488749224604704491e-01 -3.546606727150499426e-03 9.999924262295206701e-01 1.602832061018149299e-03 -6.852253309664568803e+00 -2.801683493909617757e-03 -1.612772384673165664e-03 9.999947747520442354e-01 3.433494865821094777e+02
9.999924645383144739e-01 3.607726567414012379e-03 1.433586689842337699e-03 -9.415679480107699284e-01 -3.608064345662069950e-03 9.999934637545153659e-01 2.330807931029913599e-04 -6.890108286650764136e+00 -1.432736452760507246e-03 -2.382515131514550369e-04 9.999989452497173303e-01 3.449477601953923340e+02
9.999971952818357268e-01 2.307853891590445471e-03 -5.321971544109395337e-04 -9.617318615697310058e-01 -2.307233337846409382e-03 9.999966611922861404e-01 1.163736506526565984e-03 -6.919538930751628847e+00 5.348811214280052009e-04 -1.162505352356562639e-03 9.999991812419178894e-01 3.465538846651317044e+02
9.999989572010526961e-01 4.744609389743548742e-04 -1.363994427111984336e-03 -9.702961161030002613e-01 -4.718200423097348366e-04 9.999980149895343340e-01 1.935821084329936593e-03 -6.957753667597185832e+00 1.364910216431047558e-03 -1.935175525131032108e-03 9.999971960551606864e-01 3.481498970155639086e+02
9.999989101662497548e-01 2.686893708670068793e-04 -1.451712699556225632e-03 -9.807577705414463054e-01 -2.669526698963237848e-04 9.999992487127011831e-01 1.196373910872872712e-03 -6.986461117954089417e+00 1.452033088076177788e-03 -1.195985080967138046e-03 9.999982306094050699e-01 3.497524886759747460e+02
9.999981025205268992e-01 -1.203356618707988423e-05 -1.948026632180652716e-03 -9.899542797765529256e-01 1.293479312832814551e-05 9.999998929059928932e-01 4.626235733062220544e-04 -7.026413563327706946e+00 1.948020890706440422e-03 -4.626478988547887269e-04 9.999979955852079661e-01 3.513290632641299567e+02
9.999982937653618675e-01 -2.002640739213982374e-04 -1.836398213538426461e-03 -1.007982641813193192e+00 2.004860089362292975e-04 9.999999726219663820e-01 1.206690954713964605e-04 -7.051355342411098626e+00 1.836374029506543685e-03 -1.210370644009673742e-04 9.999983065401242266e-01 3.529383876882513391e+02
9.999973095309838689e-01 -7.357995474202159080e-04 -2.199892725401486875e-03 -1.016172509413896696e+00 7.357811362376893375e-04 9.999997292701977569e-01 -9.181257026644646545e-06 -7.087221463481480299e+00 2.199898923551390790e-03 7.562591306600539409e-06 9.999975801924247953e-01 3.545169987110990633e+02
9.999968243530534817e-01 -1.406705594833535791e-03 -2.091043460088023130e-03 -1.035724678681591682e+00 1.405614325133673582e-03 9.999988752210314802e-01 -5.232614665170187175e-04 -7.125214008228809348e+00 2.091777218844833707e-03 5.203206080159379502e-04 9.999976768660193693e-01 3.561049772520689203e+02
9.999969658973545394e-01 -1.731040248685142670e-03 -1.752625575149914083e-03 -1.039569891507803767e+00 1.729216763697596047e-03 9.999979626239229313e-01 -1.041419424985561958e-03 -7.162303164055750848e+00 1.754424772932472020e-03 1.038385604822805513e-03 9.999979218735192132e-01 3.576989606363331973e+02
9.999954673086214330e-01 -2.222843203890694213e-03 -2.030845009312003298e-03 -1.068268056385518694e+00 2.221002634474398066e-03 9.999971212247552588e-01 -9.081220241967588851e-04 -7.195681702842517957e+00 2.032857810433279407e-03 9.036074038286518980e-04 9.999975254896997789e-01 3.592945459526530385e+02
9.999958221505678146e-01 -2.087802646880093909e-03 -1.999190453206628124e-03 -1.064492942980319823e+00 2.084141829905697841e-03 9.999961509833015239e-01 -1.831493364103796385e-03 -7.222860187386560327e+00 2.003006588193320323e-03 1.827319132357873785e-03 9.999963244292040532e-01 3.608863567457003114e+02
9.999940327854420774e-01 -2.892806333219432886e-03 -1.888403451912083579e-03 -1.089667805764733544e+00 2.887887187672813494e-03 9.999924435601110773e-01 -2.602484479865439879e-03 -7.273810107737658903e+00 1.895917696619569539e-03 2.597015478293442873e-03 9.999948304911001618e-01 3.624819540855202717e+02
9.999863748775834615e-01 -4.814962802907505127e-03 -2.016481642104554946e-03 -1.092074069790984314e+00 4.811504914478452466e-03 9.999869519732470513e-01 -1.716186271967369385e-03 -7.294143301472201912e+00 2.024718738052806808e-03 1.706460594578458004e-03 9.999964942482781893e-01 3.640569452738611176e+02
9.999710970491305639e-01 -7.419576906491817149e-03 -1.659805948982352210e-03 -1.108094429942202863e+00 7.418382552599470797e-03 9.999722208754210362e-01 -7.246134428205838404e-04 -7.338246990650572066e+00 1.665136195164912446e-03 7.122794340738132588e-04 9.999983599895044817e-01 3.656641395633058664e+02
9.999715744523521854e-01 -7.300133484280741693e-03 -1.886358597241209918e-03 -1.123902574583687253e+00 7.297991067718910541e-03 9.999727192893759220e-01 -1.140171272671577744e-03 -7.369373473805944208e+00 1.894630571072923554e-03 1.126372248207903066e-03 9.999975708285750997e-01 3.672377312738806836e+02
9.999831484038051999e-01 -5.679262876673445669e-03 -1.203698517550636253e-03 -1.125678885155008135e+00 5.676852903331044975e-03 9.999818940434316294e-01 -1.996225575842715434e-03 -7.412058321826488161e+00 1.215013833048335422e-03 1.989358737976837724e-03 9.999972830935804913e-01 3.688732136035408757e+02
9.999886299067246576e-01 -4.627729177262503851e-03 -1.150733106822807682e-03 -1.148168120882040011e+00 4.626268369721317150e-03 9.999884936612994935e-01 -1.268927828365581413e-03 -7.434263893981748694e+00 1.156592139783960138e-03 1.263589814155201448e-03 9.999985328173225385e-01 3.704318235719624681e+02
9.999933299492518302e-01 -3.631876701230326004e-03 -3.866971698786604832e-04 -1.159127975893031737e+00 3.631692568769535976e-03 9.999932921457845847e-01 -4.758844440324876308e-04 -7.469262647871969918e+00 3.884229362683354054e-04 4.744769111717099573e-04 9.999998119998489976e-01 3.720671889453641938e+02
9.999948265912931289e-01 -3.155846251209159289e-03 -6.224387246655595533e-04 -1.178859449264672898e+00 3.155523454304837595e-03 9.999948866690769878e-01 -5.189429401718672176e-04 -7.503349129720743527e+00 6.240732567255644720e-04 5.169761418627252803e-04 9.999996716344536907e-01 3.736591528800323658e+02
9.999957105958386938e-01 -2.927018449870164105e-03 -1.065744548752430357e-04 -1.182337517187457276e+00 2.926901535656416340e-03 9.999951319625437485e-01 -1.081338744734148963e-03 -7.540543048065073251e+00 1.097390357336652680e-04 1.081022185388191836e-03 9.999994096739839300e-01 3.752780964879101475e+02
9.999965063410701793e-01 -2.595888074675154270e-03 4.986744458521235072e-04 -1.189292974034314332e+00 2.596662906300525962e-03 9.999954127474660615e-01 -1.559429807987050293e-03 -7.572752408567796856e+00 -4.946240627983547727e-04 1.560719265931183666e-03 9.999986597498090601e-01 3.768877028706252759e+02
9.999974628811751920e-01 -2.232333363745385782e-03 3.015352026195002445e-04 -1.202107128766451982e+00 2.232795567138397969e-03 9.999963195967411789e-01 -1.541237533307628733e-03 -7.606063763928592181e+00 -2.980935432335571301e-04 1.541906905482838454e-03 9.999987668305474475e-01 3.784774656911247348e+02
9.999988617346856623e-01 -1.070156629865824053e-03 1.063624729715438675e-03 -1.213761330794030702e+00 1.071759653483457054e-03 9.999982890835908966e-01 -1.507700055134505307e-03 -7.642822843288743506e+00 -1.062009454404850379e-03 1.508838304644922329e-03 9.999982977691131980e-01 3.800840826481215800e+02
9.999990923017009203e-01 -1.591826698739552508e-04 1.337930788279513040e-03 -1.221873162371185373e+00 1.606529863341337047e-04 9.999993832911250324e-01 -1.098912148588261769e-03 -7.671872712556886853e+00 -1.337755059559528467e-03 1.099126105135589436e-03 9.999985011644471067e-01 3.816781638814381949e+02
9.999988386861776712e-01 7.100088023560199857e-04 1.348523021879604374e-03 -1.231019693509137758e+00 -7.080869621342996637e-04 9.999987338616905808e-01 -1.425092792397668947e-03 -7.711003343677075073e+00 -1.349533167649468726e-03 1.424136279686807893e-03 9.999980752951205254e-01 3.832995772141531461e+02
9.999954499142815756e-01 2.135195831437159894e-03 2.130982970289762614e-03 -1.238776148498111240e+00 -2.130847485295963521e-03 9.999956474418500996e-01 -2.040732889582903397e-03 -7.749936741480440539e+00 -2.135331098502457788e-03 2.036182823560346317e-03 9.999956471491798782e-01 3.849260680939504482e+02
9.999912514775437522e-01 3.567098767113258215e-03 2.184667260925414033e-03 -1.237818089784538111e+00 -3.562864462306043062e-03 9.999917730287555262e-01 -1.939040666987141464e-03 -7.790464620211857927e+00 -2.191566077408610598e-03 1.931240047172587317e-03 9.999957336642242289e-01 3.865215173361614802e+02
9.999861446321672842e-01 4.626945140267294670e-03 2.510361934253612856e-03 -1.248607806382986185e+00 -4.624071103751330007e-03 9.999886482671860310e-01 -1.149483432282227347e-03 -7.818663944369364849e+00 -2.515652079167025532e-03 1.137859423222060875e-03 9.999961883761879777e-01 3.881470738152113427e+02
9.999811405003107279e-01 5.495843223441043701e-03 2.741230428480214733e-03 -1.260953294485892551e+00 -5.493419717977028778e-03 9.999845142413972265e-01 -8.908578991203552075e-04 -7.853229908855188235e+00 -2.746084042721614639e-03 8.757823754285293813e-04 9.999958460032536411e-01 3.897859805020344766e+02
9.999732198710503672e-01 6.562929210632446712e-03 3.238439866289599157e-03 -1.263076267004105802e+00 -6.559174840700648934e-03 9.999778055675502264e-01 -1.168593362533861110e-03 -7.886497541870832961e+00 -3.246037444410929725e-03 1.147320583097052480e-03 9.999940734283333521e-01 3.913960343467733765e+02
9.999701335510700062e-01 6.690628836014048467e-03 3.868783278736920902e-03 -1.280821081824724539e+00 -6.686806441858908837e-03 9.999771429389266997e-01 -1.000116122235016275e-03 -7.924409347227749478e+00 -3.875386324179552321e-03 9.742164552075575999e-04 9.999920161070116054e-01 3.930206933659886204e+02
