0.019879
0.094575
0.098027
0.103431
0.107615
0.106568
0.102467
0.110147
0.104745
0.101849
0.108357
0.108164
0.107496
0.099444
0.099189
0.100939
0.105661
0.107933
0.099053
0.097971
0.102982
0.102295
0.10513
0.101378
0.101949
0.103519
0.1014
0.105513
0.109189
0.109619
0.106066
0.104867
0.107449
0.107005
0.108546
0.104826
0.10604
0.102984
0.104628
0.105376
0.105223
0.10608
0.106413
0.10518
0.106238
0.110001
0.108304
0.107216
0.109042
0.106273
0.106411
0.10347
0.102899
0.102123
0.102955
0.101979
0.109569
0.11072
0.11399
0.109708
0.110486
0.104128
0.105127
0.103967
0.09894
0.122764
0.135323
0.132851
0.132128
0.131519
0.131465
0.129669
0.133598
0.125509
0.129409
0.132476
0.123679
0.130182
0.131439
0.130569
0.130606
0.126368
0.133604
0.131847
0.129782
0.12714
0.128594
0.123642
0.12358
0.129602
0.121893
0.126327
0.130515
0.129073
0.128292
0.127239
0.122746
0.123121
0.126255
0.127195
0.137195
0.137457
0.141214
0.142134
0.139614
0.136572
0.135851
0.137897
0.138877
0.132203
0.135842
0.136397
0.136869
0.133056
0.1351
0.136386
0.135725
0.13222
0.134442
0.129388
0.132324
0.13443
0.130956
0.12916
0.131027
0.130424
0.130463
0.133225
0.131553
0.131553
0.133964
0.135175
0.132308
0.137696
0.139102
0.136613
0.138207
0.134921
0.139114
0.149153
0.149712
0.144646
0.14401
0.148224
0.145371
0.143354
0.144602
0.138565
0.144043
0.145851
0.144302
0.147627
0.140944
0.144861
0.140425
0.140004
0.136324
0.139358
0.140068
0.138405
0.139669
0.14065
0.137758
0.137583
0.13822
0.135417
0.130526
0.131109
0.142044
0.141813
0.135858
0.140895
0.140692
0.142594
0.142254
0.151794
0.137951
0.135833
0.139765
0.137617
0.138725
0.140107
0.137524
0.134406
0.133735
0.130609
0.137947
0.136108
0.128547
0.136247
0.131832
0.133191
0.133151
0.135334
0.130726
0.134319
0.134861
0.133542
0.134371
0.130756
0.131632
0.129594
0.130151
0.131926
0.130787
0.126914
0.131524
0.123164
0.12197
0.125352
0.12687
0.123035
0.124362
0.123752
0.121371
0.126135
0.128602
0.127866
0.123658
0.127521
0.127914
0.123766
0.126408
0.126591
0.126415
0.124611
0.124252
0.124459
0.121878
0.118172
0.120635
0.11903
0.1211
0.121123
0.118057
0.122559
0.126311
0.126754
0.141936
0.137512
0.132982
0.133052
0.132573
0.129991
0.135151
0.140707
0.141364
0.137492
0.136505
0.134509
0.140925
0.135377
0.137751
0.132451
0.142006
0.140862
0.138097
0.140991
0.143109
0.145027
0.139954
0.145896
0.143158
0.1428
0.141461
0.141579
0.140206
0.13903
0.133324
0.135139
0.135823
0.134058
0.129518
0.134146
0.134519
0.134154
0.133054
0.133508
0.131539
0.136173
0.13376
0.13352
0.133724
0.132402
0.134199
0.132935
0.133344
0.137087
0.134915
0.140789
0.13345
0.129701
0.134627
0.134291
0.136489
0.134658
0.133618
0.134953
0.133227
0.142593
0.137312
0.136406
0.137705
0.14013
0.139257
0.13914
0.136262
0.144569
0.159839
0.156745
0.15544
0.160879
0.160004
0.159133
0.163004
0.169494
0.164518
0.169113
0.164653
0.161921
0.164033
0.167251
0.154653
0.162577
0.164998
0.166311
0.165718
0.158839
0.160135
0.156842
0.156201
0.155063
0.153238
0.150706
0.147664
0.146978
0.14985
0.153324
0.153145
0.154587
0.158244
0.152632
0.152148
0.150605
0.149404
0.153628
0.149481
0.149852
0.143269
0.149489
0.14472
0.144655
0.147717
0.141833
0.144104
0.139172
0.138595
0.164994
0.163004
0.164043
0.160032
0.156006
0.149513
0.148551
0.138929
0.143016
0.134088
0.139147
0.136919
0.14398
0.139571
0.137398
0.138063
0.139522
0.137673
0.146948
0.136714
0.1386
0.135422
0.136027
0.133736
0.133704
0.140681
0.149531
0.143076
0.146379
0.148371
0.155034
0.15304
0.15374
0.151138
0.15155
0.149562
0.140865
0.146479
0.154496
0.149763
0.153478
0.154722
0.152459
0.150794
0.149698
0.16033
0.150909
0.152102
0.155994
0.148146
0.158249
0.157366
0.143243
0.146844
0.147544
0.142245
0.145267
0.153703
0.150518
0.15654
0.155467
0.147543
0.146075
0.147552
0.156591
0.154007
0.146089
0.144175
0.149696
0.144746
0.146016
0.154919
0.158617
0.158029
0.157604
0.160952
0.164717
0.159202
0.164834
0.161548
0.157161
0.164137
0.166474
0.163171
0.161964
0.159249
0.160543
0.161448
0.155324
0.15566
0.158213
0.157693
0.155839
0.147819
0.153277
0.155933
0.155666
0.151939
0.151552
0.149257
0.15081
0.153317
0.153568
0.154919
0.149866
0.151987
0.151623
0.146059
0.144201
0.150178
0.152197
0.152604
0.158757
0.163757
0.163917
0.1661
0.160726
0.162849
0.160582
0.161368
0.162784
0.149543
0.151152
0.147103
0.15675
0.148038
0.154461
0.154717
0.153624
0.157564
0.159247
0.163566
0.179361
0.168921
0.167814
0.17043
0.159711
0.156684
0.160891
0.158096
0.154013
0.156165
0.163653
0.168256
0.168434
0.157984
0.153413
0.167272
0.164907
0.157162
0.156744
0.152215
0.152194
0.150727
0.163212
0.156338
0.150096
0.154349
0.149282
0.151858
0.147131
0.168162
0.156078
0.151497
0.152472
0.15184
0.154112
0.153507
0.171139
0.160692
0.157219
0.149025
0.15067
0.156371
0.176111
0.166791
0.163281
0.161286
0.161881
0.155038
0.159564
0.171868
0.167052
0.164011
0.16114
0.157641
0.15695
0.173825
0.165648
0.160128
0.154381
0.154097
0.175785
0.165668
0.164214
0.156136
0.156144
0.141605
0.161923
0.158417
0.159377
0.157159
0.154116
0.150935
0.173954
0.155693
0.156408
0.181131
0.171018
0.174583
0.165284
0.168007
0.166738
0.167166
0.17402
0.173756
0.168651
0.162653
0.166103
0.167383
0.191389
0.169538
0.168385
0.166375
0.164951
0.176942
0.1597
0.160249
0.150722
0.148688
0.157657
0.162495
0.160708
0.15448
0.17658
0.156563
0.153633
0.152839
0.148885
0.151811
0.153811
0.150006
0.144369
0.144174
0.142281
0.146513
0.151311
0.181869
0.161789
0.156893
0.148131
0.151227
0.147574
0.143999
0.144828
0.147089
0.1471
0.141568
0.15369
0.171482
0.152174
0.151311
0.148981
0.146392
0.141603
0.140609
0.139018
0.140362
0.144022
0.149674
0.178692
0.156535
0.141657
0.13851
0.130984
0.131955
0.135335
0.12909
0.128988
0.130809
0.135937
0.158376
0.146541
0.139627
0.140238
0.13907
0.140214
0.135445
0.131406
0.132502
0.137222
0.133388
0.132247
0.136253
0.13465
0.129664
0.131705
0.156506
0.134408
0.130039
0.132904
0.130379
0.127659
0.124291
0.117938
0.126026
0.125061
0.116906
0.114373
0.121876
0.123469
0.147097
0.122802
0.127593
0.122777
0.120996
0.121216
0.117703
0.119013
0.119837
0.120922
0.124358
0.126655
0.128785
0.123623
0.129303
0.131567
0.163551
0.141781
0.132331
0.138375
0.141962
0.136963
0.130635
0.139915
0.140681
0.13883
0.13543
0.133983
0.137833
0.136575
0.145063
0.140462
0.139267
0.138764
0.137898
0.142497
0.148801
0.139229
0.144964
0.148301
0.142845
0.14059
0.157214
0.147265
0.13901
0.144239
0.151952
0.146162
0.147094
0.166227
0.14873
0.149377
0.17323
0.155182
0.155804
0.149814
0.151975
0.148147
0.146722
0.140578
0.141898
0.137885
0.129496
0.131277
0.130576
0.146585
0.137182
0.136799
0.129729
0.156185
0.132081
0.136302
0.127556
0.119952
0.119588
0.127928
0.119665
0.12117
0.121232
0.127024
0.154832
0.132231
0.130849
0.129198
0.128667
0.124489
0.121899
0.119996
0.124759
0.130173
0.126893
0.133203
0.129876
0.160546
0.13667
0.132689
0.130073
0.123589
0.124889
0.123658
0.11945
0.120159
0.115331
0.115466
0.118426
0.118685
0.125924
0.128255
0.130212
0.126668
0.124522
0.144089
0.127268
0.120676
0.121632
0.122768
0.116208
0.126575
0.133922
0.137734
0.136431
0.134592
0.129213
0.131305
0.12552
0.13069
0.125018
0.13109
0.133111
0.13246
0.137148
0.135306
0.131621
0.130714
0.128183
0.129532
0.131385
0.13074
0.128416
0.12476
0.122891
0.138326
0.126678
0.123393
0.122548
0.119471
0.117102
0.128182
0.133234
0.126743
0.152028
0.137667
0.13774
0.131836
0.126789
0.131558
0.133461
0.133105
0.130548
0.130453
0.133543
0.138166
0.1374
0.145819
0.142617
0.139416
0.146101
0.138578
0.143436
0.137695
0.133365
0.148679
0.1428
0.143135
0.139636
0.141263
0.134005
0.134999
0.13638
0.131154
0.132146
0.131786
0.128245
0.127367
0.123433
0.121407
0.137815
0.128099
0.132468
0.127726
0.126597
0.124841
0.122625
0.134876
0.129508
0.127247
0.119727
0.119332
0.132132
0.121696
0.119056
0.107869
0.115501
0.114947
0.107419
0.124602
0.118221
0.111042
0.110692
0.109868
0.112658
0.114302
0.114367
0.116873
0.11307
0.106129
0.115565
0.12349
0.117405
0.10633
0.11055
0.119925
0.111104
0.107648
0.101895
0.101908
0.108511
0.104194
0.105967
0.110333
0.104305
0.102972
0.103897
0.114155
0.11174
0.112992
0.110437
0.111881
0.116764
0.111396
0.113946
0.112281
0.120503
0.121513
0.118191
0.120509
0.118
0.11511
0.116699
0.106681
0.110391
0.11211
0.114729
0.114234
0.112001
0.116122
0.113931
0.111646
0.115282
0.128192
0.116583
0.124615
0.121161
0.118363
0.117615
0.115789
0.122727
0.111543
0.10968
0.110122
0.107691
0.105974
0.109511
0.115828
0.114226
0.107572
0.106369
0.108348
0.109787
0.108732
0.104939
0.104313
0.104115
0.108766
0.111647
0.109751
0.112863
0.105573
0.10693
0.108082
0.112663
0.113368
0.110805
0.110658
0.110124
0.110214
0.105837
0.106405
0.116672
0.116455
0.1142
0.112102
0.118048
0.115188
0.110017
0.119661
0.109972
0.107948
0.103866
0.103797
0.097098
0.105142
0.081077
0.087201
0.093494
0.100138
0.117586
0.114675
0.11964
0.118614
0.112084
0.110666
0.113247
0.111691
0.104994
0.110586
0.108939
0.106346
0.103054
0.101359
0.11013
0.115848
0.116388
0.114434
0.114096
0.1114
0.120777
0.122392
0.120365
0.120828
0.120431
0.121901
0.117912
0.114027
0.116171
0.114655
0.113589
0.119533
0.117474
0.119934
0.121198
0.120067
0.119311
0.116311
0.116884
0.123547
0.121773
0.120568
0.121337
0.120517
0.119734
0.116393
0.114234
0.113499
0.112031
0.107834
0.112397
0.12163
0.120791
0.116849
0.112907
0.114804
0.107822
0.111819
0.114753
0.116677
0.104506
0.109299
0.109044
0.108652
0.106069
0.106877
0.104982
0.106351
0.105733
0.105859
0.107451
0.106163
0.101146
0.100766
0.108091
0.100434
0.098201
0.096003
0.092827
0.09491
0.105692
0.099557
0.102785
0.101779
0.096748
0.109021
0.101352
0.103973
0.103969
0.100896
0.103278
0.109847
0.106953
0.104174
0.10423
0.099898
0.113639
0.108038
0.104325
0.097929
0.106322
0.100263
0.096909
0.094281
0.092691
0.098184
0.093972
0.092074
0.100132
0.100744
0.102217
0.118143
0.100863
0.101413
0.09907
0.092856
0.095668
0.092212
0.09196
0.094275
0.093282
0.091814
0.090411
0.096058
0.104496
0.098208
0.103424
0.111861
0.108537
0.106343
0.102871
0.101613
0.1012
0.098085
0.096031
0.096767
0.099939
0.097008
0.096751
0.09979
0.095145
0.092741
0.090075
0.091077
0.089479
0.110929
0.096355
0.097225
0.095408
0.098938
0.09314
0.091142
0.087317
0.084881
0.090165
0.090907
0.091763
0.090501
0.094517
0.091418
0.111878
0.101705
0.101004
0.098426
0.099287
0.095009
0.090443
0.095432
0.093106
0.09737
0.095528
0.089822
0.092463
0.104406
0.095258
0.094396
0.099637
0.10009
0.093871
0.103873
0.108884
0.111063
0.105206
0.109552
0.107448
0.10546
0.100434
0.112371
0.112049
0.109716
0.110146
0.108711
0.109639
0.106014
0.118581
0.120715
0.115581
0.118521
0.106772
0.129888
0.125284
0.11811
0.112776
0.111587
0.1145
0.109788
0.108706
0.109479
0.114314
0.114235
0.1153
0.118278
0.116353
0.119352
0.113827
0.13473
0.11384
0.116956
0.108688
0.10197
0.099119
0.102086
0.097803
0.101294
0.107502
0.12589
0.114073
0.121479
0.11084
0.106436
0.111349
0.10883
0.107119
0.104057
0.106864
0.122654
0.116142
0.116693
0.10971
0.10342
0.100514
0.100752
0.100463
0.105877
0.104093
0.10158
0.10122
0.121579
0.128309
0.13125
0.127108
0.123484
0.119642
0.125238
0.128151
0.126996
0.1223
0.123081
0.125654
0.125537
0.136967
0.127328
0.126623
0.146908
0.125208
0.134826
0.127893
0.123256
0.123874
0.127436
0.130437
0.12928
0.129054
0.12889
0.132946
0.162966
0.141976
0.136779
0.145494
0.141706
0.140471
0.13825
0.126389
0.127342
0.127976
0.125511
0.130794
0.140453
0.135618
0.138219
0.158814
0.14346
0.143404
0.133728
0.132259
0.127594
0.126278
0.127633
0.122442
0.11878
0.123166
0.12447
0.123735
0.121806
0.125465
0.158616
0.139971
0.133297
0.130146
0.130959
0.125918
0.118504
0.119093
0.113188
0.116828
0.118476
0.107656
0.116994
0.115661
0.118181
0.119595
0.116174
0.142463
0.120077
0.120526
0.118049
0.110887
0.113979
0.113147
0.108701
0.113948
0.116417
0.117103
0.116322
0.11976
0.121384
0.139072
0.131041
0.133788
0.132915
0.129203
0.126596
0.127194
0.134146
0.13372
0.126142
0.128371
0.120839
0.14978
0.136901
0.125227
0.121814
0.124318
0.118751
0.119451
0.119096
0.127949
0.118642
0.120659
0.127194
0.119163
0.122475
0.156233
0.141569
0.129817
0.128861
0.124747
0.128587
0.123243
0.123859
0.123156
0.127022
0.125099
0.129256
0.150918
0.129359
0.127918
0.12546
0.131196
0.123743
0.124177
0.120888
0.125713
0.123741
0.127891
0.128835
0.144796
0.127989
0.124287
0.122964
0.113484
0.117501
0.10952
0.115431
0.115469
0.110146
0.111033
0.110478
0.111367
0.11569
0.126556
0.111522
0.110256
0.108502
0.110221
0.11209
0.109257
0.110341
0.110596
0.107606
0.118929
0.112388
0.121621
0.123313
0.118488
0.119005
0.117253
0.126072
0.123471
0.117535
0.127109
0.126768
0.121257
0.108883
0.107762
0.111267
0.11239
0.116478
0.118262
0.138881
0.135265
0.133442
0.129827
0.118679
0.122954
0.119929
0.119477
0.115646
0.116339
0.111795
0.11817
0.116032
0.113624
0.113577
0.11909
0.111725
0.111046
0.125949
0.109207
0.111613
0.111057
0.118022
0.113216
0.107628
0.113
0.120003
0.11543
0.110061
0.107511
0.104798
0.116471
0.110123
0.112301
0.110022
0.121437
0.118401
0.116968
0.114792
0.119552
0.121645
0.12696
0.117964
0.130846
0.129402
0.123368
0.12102
0.120885
0.122114
0.121508
0.128605
0.12313
0.122211
0.12023
0.118775
0.127737
0.135197
0.125456
0.117343
0.129768
0.12225
0.116736
0.117635
0.119658
0.116027
0.114186
0.113473
0.113001
0.107993
0.117627
0.133586
0.12143
0.121134
0.121966
0.121896
0.12212
0.118536
0.120767
0.127621
0.129548
0.127761
0.153544
0.139367
0.139573
0.138204
0.140924
0.138902
0.134544
0.13467
0.135281
0.136241
0.134283
0.133181
0.13016
0.146315
0.136915
0.134119
0.127552
0.129323
0.125183
0.126961
0.126862
0.138127
0.124903
0.122354
0.121118
0.126249
0.142683
0.132482
0.126998
0.123449
0.123277
0.115472
0.11893
0.123837
0.11808
0.115966
0.114042
0.113133
0.128454
0.125086
0.120854
0.115161
0.116763
0.130692
0.118671
0.117745
0.118175
0.116836
0.115229
0.114056
0.114522
0.124208
0.117682
0.12059
0.113853
0.120555
0.118211
0.152622
0.133075
0.131327
0.128847
0.120938
0.119577
0.112471
0.110197
0.115558
0.109028
0.106888
0.106155
0.108999
0.11658
0.119471
0.123528
0.116014
0.126522
0.116782
0.110967
0.108897
0.101775
0.100287
0.099023
0.097395
0.103226
0.104933
0.11008
0.108328
0.128621
0.120297
0.113174
0.110082
0.110912
0.108693
0.109851
0.107516
0.106623
0.104937
0.102785
0.105666
0.109736
0.115426
0.121435
0.14743
0.133026
0.133865
0.127336
0.127023
0.121379
0.122651
0.124406
0.123615
0.125071
0.123467
0.121509
0.125039
0.122748
0.124163
0.124546
0.127267
0.126826
0.124141
0.124596
0.118762
0.127135
0.124258
0.126081
0.123486
0.119568
0.122285
0.125122
0.129059
0.120372
0.123971
0.126201
0.117957
0.122727
0.121091
0.129627
0.120978
0.119402
0.121326
0.120842
0.121496
0.133026
0.124202
0.123808
0.123358
0.118049
0.122323
0.130136
0.124568
0.123382
0.126072
0.122791
0.134427
0.126918
0.125154
0.119797
0.12359
0.115266
0.115388
0.127853
0.119135
0.120796
0.118159
0.119127
0.121491
0.120941
0.124984
0.135514
0.124098
0.121288
0.125168
0.14771
0.135529
0.127185
0.130286
0.123828
0.120746
0.131828
0.128366
0.126062
0.128062
0.128391
0.128311
0.133716
0.162307
0.139351
0.142401
0.141407
0.137175
0.128165
0.125823
0.126672
0.124546
0.122387
0.135373
0.133978
0.155049
0.140091
0.138673
0.137316
0.140287
0.131271
0.132976
0.133256
0.137342
0.139026
0.138762
0.137374
0.140836
0.136429
0.13259
0.140194
0.138191
0.1371
0.163022
0.145617
0.142089
0.141037
0.14178
0.135784
0.139675
0.137721
0.142179
0.144379
0.155448
0.151918
0.152226
0.147203
0.143113
0.145422
0.143747
0.131982
0.145938
0.1408
0.133811
0.134098
0.137176
0.139275
0.151506
0.138688
0.138782
0.13593
0.137673
0.135664
0.132731
0.149616
0.135316
0.130591
0.128049
0.123332
0.131751
0.145808
0.142675
0.130691
0.126841
0.125819
0.122417
0.131504
0.123297
0.123802
0.119651
0.122163
0.130645
0.129676
0.131773
0.126776
0.132048
0.155413
0.134283
0.128731
0.123576
0.123866
0.122261
0.113677
0.118769
0.12911
0.12648
0.125818
0.12431
0.124763
0.125306
0.131304
0.13883
0.12905
0.128507
0.126588
0.144579
0.137561
0.126556
0.122902
0.125039
0.118891
0.124189
0.128863
0.126597
0.124872
0.119488
0.126651
0.14957
0.139618
0.136561
0.135499
0.128479
0.124746
0.127928
0.124645
0.121629
0.127309
0.121428
0.127699
0.135267
0.129408
0.165634
0.140605
0.139977
0.133891
0.129296
0.13272
0.127802
0.12856
0.125654
0.119547
0.129055
0.12385
0.12718
0.130634
0.126616
0.146435
0.128894
0.127553
0.130201
0.129571
0.126844
0.131448
0.126569
0.126365
0.126733
0.12534
0.123464
0.124202
0.126988
0.125468
0.128675
0.124416
0.120472
0.129088
0.137476
0.135105
0.13097
0.129099
0.127612
0.131108
0.129175
0.124
0.122813
0.121443
0.115326
0.120475
0.134526
0.121405
0.118384
0.120676
0.115639
0.119862
0.111441
0.114625
0.111197
0.111188
0.110135
0.110142
0.10727
0.105564
0.105508
0.104424
0.106469
0.106476
0.104719
0.099214
0.100749
0.101487
0.096131
0.094903
0.104353
0.098602
0.100736
0.09988
0.10114
0.095817
0.101661
0.100684
0.109182
0.108641
0.106775
0.10814
0.106345
0.102333
0.099792
0.100778
0.098654
0.097245
0.097943
0.099035
0.098003
0.098394
0.098202
0.114335
0.105844
0.10664
0.104603
0.098659
0.109084
0.108017
0.104053
0.104047
0.103937
0.1059
0.099022
0.102826
0.10829
0.102873
0.1013
0.10255
0.102222
0.107039
0.109335
0.1065
0.106403
0.106681
0.10058
0.097426
0.100769
0.107825
0.096435
0.09848
0.095081
0.090646
0.100486
0.092436
0.087697
0.089867
0.090661
0.09248
0.088884
0.088579
0.086334
0.09321
0.091285
0.087888
0.106766
0.095377
0.09604
0.094137
0.096095
0.096526
0.101883
0.107978
0.118671
0.117174
0.115349
0.11726
0.118641
0.116565
0.115792
0.119049
0.116688
0.114044
0.114494
0.116789
0.114848
0.114649
0.112286
0.118902
0.119772
0.121201
0.115772
0.112979
0.111673
0.10922
0.10974
0.112521
0.1103
0.10988
0.10919
0.110791
0.103091
0.104773
0.101931
0.103401
0.104121
0.099136
0.102671
0.103967
0.109825
0.10604
0.107266
0.109931
0.111496
0.109411
0.105009
0.107182
0.10846
0.1054
0.106928
0.105897
0.102816
0.103362
0.106694
0.104479
0.107022
0.104918
0.113468
0.11552
0.114007
0.112243
0.111783
0.113273
0.109021
0.10557
0.114594
0.109458
0.1167
0.113989
0.115982
0.122511
0.12274
0.119194
0.120057
0.117155
0.118764
0.117811
0.1239
0.123857
0.124262
0.125726
0.124325
0.122516
0.125244
0.123634
0.129823
0.123627
0.117914
0.117376
0.116101
0.119847
0.122183
0.118176
0.116581
0.114313
0.115498
0.116565
0.115361
0.115714
0.116322
0.111801
0.118445
0.118263
0.120365
0.11808
0.120733
0.118092
0.120522
0.127686
0.1242
0.121151
0.118908
0.119308
0.122678
0.118581
0.11954
0.121497
0.121065
0.117922
0.11357
0.118285
0.115813
0.122565
0.118364
0.115509
0.11011
0.118202
0.112738
0.112974
0.111368
0.115806
0.113239
0.113399
0.113569
0.122754
0.119527
0.122673
0.116882
0.121376
0.117965
0.113132
0.118823
0.115697
0.115817
0.114579
0.11817
0.121205
0.122594
0.13428
0.124689
0.114834
0.122575
0.118514
0.131855
0.128219
0.124957
0.124577
0.123124
0.118203
0.119082
0.123149
0.119401
0.11895
0.120077
0.119091
0.116651
0.11742
0.116811
0.118868
0.114035
0.117647
0.112906
0.110486
0.111502
0.113873
0.114944
0.111151
0.111522
0.111373
0.127209
0.121966
0.11856
0.117144
0.116071
0.115897
0.129571
0.124762
0.119723
0.121602
0.120139
0.118771
0.118222
0.120505
0.11382
0.120155
0.119483
0.119114
0.122153
0.118159
0.114459
0.127274
0.122578
0.120699
0.116683
0.117374
0.116367
0.130622
0.118803
0.121428
0.117933
0.120423
0.114286
0.117817
0.117794
0.122693
0.119297
0.121382
0.11881
0.141328
0.127104
0.123269
0.127329
0.124384
0.124488
0.120954
0.126854
0.128963
0.131297
0.127349
0.122309
0.121481
0.117724
0.115962
0.125789
0.116453
0.11678
0.117937
0.118457
0.109361
0.129861
0.119221
0.11658
0.115329
0.112005
0.104958
0.111735
0.110515
0.124454
0.122493
0.11008
0.117712
0.115237
0.115616
0.111642
0.126076
0.113268
0.108744
0.108994
0.113585
0.113511
0.114441
0.113667
0.11347
0.11628
0.115006
0.12994
0.120117
0.116816
0.117256
0.11631
0.116009
0.123534
0.128512
0.122392
0.118402
0.118564
0.116831
0.113155
0.114978
0.118803
0.107945
0.105455
0.107842
0.108972
0.102545
0.103352
0.099559
0.112782
0.107017
0.109192
0.10929
0.111826
0.125218
0.116172
0.117689
0.117375
0.118384
0.112843
0.113154
0.110278
0.121505
0.118908
0.119796
0.119277
0.149274
0.126489
0.128991
0.129566
0.120684
0.123101
0.123595
0.126586
0.122966
0.125199
0.132889
0.134581
0.131908
0.169391
0.134267
0.135947
0.137144
0.135076
0.132265
0.123443
0.128434
0.127873
0.132664
0.128117
0.131541
0.137892
0.145112
0.13968
0.141516
0.140811
0.147132
0.142372
0.158184
0.144241
0.141611
0.140756
0.138364
0.137636
0.137835
0.134944
0.141886
0.140234
0.140177
0.147474
0.147153
0.147863
0.168425
0.15759
0.155218
0.143696
0.148822
0.142976
0.14872
0.140689
0.145718
0.148574
0.149652
0.148056
0.147589
0.141982
0.164421
0.13646
0.138438
0.140359
0.132569
0.126425
0.133989
0.12682
0.128819
0.138993
0.136409
0.139457
0.138483
0.139015
0.141509
0.133618
0.145817
0.135693
0.122028
0.123889
0.120395
0.120811
0.121273
0.116314
0.124151
0.12097
0.1231
0.11988
0.119788
0.119763
0.120205
0.120496
0.123475
0.126242
0.131174
0.125508
0.128312
0.128354
0.144529
0.130912
0.127416
0.126824
0.120732
0.12252
0.115125
0.134499
0.124165
0.123693
0.121634
0.120163
0.122776
0.125983
0.145822
0.137773
0.130817
0.128461
0.126188
0.123594
0.122821
0.119904
0.117518
0.115961
0.122328
0.125044
0.152214
0.138551
0.138924
0.127521
0.134625
0.13244
0.133211
0.130494
0.12894
0.132841
0.135977
0.139493
0.138501
0.13023
0.130422
0.155137
0.141403
0.127609
0.132852
0.131858
0.133188
0.127655
0.124309
0.127112
0.137331
0.130837
0.126529
0.123298
0.12342
0.126603
0.128984
0.124033
0.12357
0.145151
0.133577
0.130383
0.126132
0.124569
0.124677
0.129569
0.125025
0.135418
0.135738
0.126365
0.123472
0.126556
0.122671
0.142999
0.132725
0.134713
0.130815
0.129085
0.127909
0.134166
0.133873
0.136337
0.137803
0.140611
0.136678
0.133907
0.131372
0.154987
0.145537
0.14253
0.141329
0.135581
0.144305
0.141756
0.148161
0.139246
0.144208
0.136435
0.136547
0.13302
0.150159
0.1449
0.140699
0.14329
0.140412
0.141662
0.151888
0.149417
0.142728
0.13923
0.138655
0.139999
0.143917
0.137386
0.138355
0.144181
0.143633
0.138359
0.134288
0.138892
0.131069
0.148673
0.131272
0.127843
0.130015
0.126315
0.140532
0.128483
0.119796
0.117253
0.116754
0.11633
0.115111
0.127744
0.117265
0.132559
0.118819
0.117594
0.111171
0.108835
0.114364
0.10886
0.106396
0.104468
0.107094
0.107986
0.10917
0.111386
0.110735
0.10331
0.122799
0.116458
0.116951
0.111605
0.118117
0.120759
0.121248
0.114323
0.113834
0.116509
0.110472
0.111368
0.110854
0.107946
0.110996
0.107326
0.107337
0.109957
0.110597
0.111117
0.111197
0.129142
0.113818
0.110524
0.106503
0.1063
0.10504
0.098659
0.110253
0.102893
0.102507
0.099212
0.09702
0.101315
0.0999
0.109777
0.098852
0.097925
0.118631
0.107293
0.1057
0.102598
0.107987
0.110096
0.107387
0.102557
0.098185
0.099697
0.100013
0.099138
0.110086
0.105465
0.098576
0.1012
0.10105
0.098247
0.098002
0.10426
0.09276
0.094526
0.092169
0.098099
0.103887
0.105488
0.123751
0.113982
0.108854
0.101813
0.099586
0.09316
0.089613
0.094308
0.092093
0.10146
0.097951
0.098388
0.100609
0.102105
0.124369
0.111641
0.107535
0.103389
0.099674
0.097626
0.100419
0.099904
0.112329
0.109594
0.110654
0.101958
0.103256
0.099947
0.093857
0.091094
0.090243
0.091538
0.093833
0.097143
0.116627
0.109962
0.104124
0.10488
0.100209
0.095427
0.099449
0.095217
0.095276
0.09617
0.093659
0.10036
0.122974
0.105412
0.109743
0.108952
0.108029
0.103562
0.102635
0.100252
0.097664
0.098163
0.100902
0.107244
0.107722
0.12075
0.113723
0.114296
0.112089
0.111955
0.109923
0.108757
0.104953
0.105798
0.102544
0.107951
0.108155
0.097917
0.096855
0.113855
0.100504
0.094135
0.095147
0.093587
0.094183
0.103845
0.101457
0.097322
0.098449
0.09755
0.097634
0.109275
0.10311
0.099766
0.096157
0.098777
0.106257
0.100303
0.102039
0.098916
0.10033
0.093574
0.090582
0.099771
0.091877
0.093375
0.091002
0.089125
0.096034
0.09746
0.093067
0.096828
0.089315
0.092317
0.092327
0.094342
0.100747
0.098238
0.099387
0.101313
0.097998
0.100022
0.097535
0.102135
0.099832
0.099536
0.097419
0.100022
0.096401
0.107884
0.101002
0.098325
0.102983
0.101736
0.108999
0.107099
0.104273
0.108482
0.114757
0.112805
0.109888
0.10964
0.114663
0.112861
0.108578
0.108986
0.108721
0.110239
0.109467
0.115314
0.138647
0.115567
0.113565
0.110406
0.107804
0.103779
0.097165
0.099308
0.097389
0.096238
0.098455
0.107784
0.106096
0.106045
0.108467
0.127747
0.114064
0.107084
0.102374
0.100634
0.106982
0.106447
0.099711
0.099461
0.105629
0.106123
0.10481
0.100131
0.108773
0.100863
0.105337
0.106807
0.103886
0.106909
0.101112
0.114237
0.108139
0.10555
0.0994
0.100889
0.10023
0.099901
0.103366
0.107289
0.104601
0.094802
0.094079
0.100504
0.100967
0.104792
0.118168
0.111082
0.104539
0.104411
0.10234
0.099389
0.098708
0.096187
0.096343
0.097115
0.101843
0.099117
0.10205
0.103804
0.121281
0.111907
0.108674
0.104967
0.106149
0.100075
0.102
0.10311
0.100277
0.098096
0.098887
0.100919
0.103138
0.100601
0.103154
0.105907
0.125424
0.104574
0.107377
0.104516
0.102631
0.102352
0.101229
0.098895
0.098514
0.106381
0.104491
0.101511
0.101125
0.094808
0.097549
0.09803
0.098507
0.101786
0.098659
0.108042
0.108471
0.105601
0.10421
0.108987
0.104437
0.114522
0.111366
0.116126
0.116559
0.11006
0.119843
0.120178
0.121205
0.116884
0.118983
0.114281
0.114168
0.120126
0.114538
0.112146
0.110766
0.111262
0.108262
0.10733
0.113976
0.114916
0.11069
0.111744
0.112366
0.106875
0.12714
0.117972
0.1164
0.127605
0.118919
0.121115
0.116337
0.115673
0.125506
0.122217
0.117498
0.112581
0.114892
0.126432
0.12191
0.119991
0.119452
0.119094
0.115987
0.114541
0.116273
0.123522
0.123013
0.123455
0.120318
0.141057
0.131555
0.129971
0.1295
0.127299
0.124935
0.123116
0.126886
0.130492
0.127632
0.125138
0.123505
0.129567
0.128799
0.130504
0.136583
0.130985
0.125854
0.121245
0.121086
0.134216
0.12495
0.124672
0.126981
0.125193
0.124977
0.123942
0.133029
0.133024
0.129496
0.133413
0.150148
0.138714
0.139885
0.136924
0.137181
0.135387
0.133167
0.137093
0.142461
0.137819
0.137865
0.139602
0.139292
0.130504
0.144405
0.137517
0.13416
0.137773
0.132044
0.129719
0.130482
0.146015
0.138288
0.134775
0.137953
0.130684
0.133812
0.157672
0.143225
0.138157
0.129357
0.1345
0.1302
0.147938
0.142829
0.134067
0.137124
0.129381
0.124731
0.133227
0.131222
0.131544
0.132468
0.131027
0.121333
0.137527
0.127024
0.126236
0.128028
0.129661
0.124808
0.122153
0.131171
0.125576
0.123526
0.117808
0.118399
0.132179
0.123243
0.120867
0.115934
0.117272
0.116043
0.112248
0.121111
0.115303
0.110273
0.108227
0.113781
0.111899
0.116643
0.138784
0.120877
0.115998
0.117385
0.113224
0.113685
0.107861
0.110352
0.11091
0.111597
0.116464
0.112601
0.113349
0.114639
0.114734
0.112606
0.125051
0.115869
0.1158
0.115097
0.115307
0.11255
0.109565
0.120995
0.117041
0.117959
0.114057
0.111884
0.114448
0.1254
0.112458
0.112754
0.109508
0.107217
0.105932
0.117684
0.109953
0.10759
0.107258
0.109768
0.109118
0.110348
0.120692
0.110083
0.110602
0.105675
0.118477
0.110644
0.109001
0.111299
0.109927
0.109985
0.107788
0.116308
0.110828
0.111195
0.108958
0.10883
0.120775
0.116538
0.108781
0.109467
0.108205
0.107096
0.106096
0.115486
0.110192
0.113276
0.109364
0.105214
0.110901
0.119031
0.119302
0.11346
0.117789
0.112005
0.115624
0.120418
0.123848
0.122968
0.121209
0.122172
0.135092
0.12969
0.126651
0.125097
0.127185
0.120948
0.126158
0.120389
0.11792
0.122195
0.126992
0.125523
0.13319
0.129273
0.126439
0.123978
0.134805
0.131941
0.128693
0.121927
0.123755
0.144804
0.138968
0.136904
0.133614
0.131659
0.135609
0.133559
0.149505
0.145419
0.147539
0.144656
0.144881
0.157171
0.156312
0.154004
0.154792
0.148492
0.165406
0.156302
0.160908
0.162039
0.161093
0.170715
0.168859
0.169796
0.167317
0.160579
0.159072
0.174306
0.171789
0.161024
0.162045
0.162249
0.165663
0.176838
0.158503
0.155163
0.153686
0.167975
0.158154
0.163959
0.156785
0.153592
0.153203
0.158275
0.162408
0.155408
0.154102
0.15439
0.15191
0.149534
0.168702
0.147858
0.152483
0.148871
0.164499
0.142867
0.146659
0.149053
0.144254
0.143561
0.160778
0.153936
0.14534
0.144339
0.14522
0.150936
0.167534
0.154416
0.153289
0.154247
0.151707
0.169361
0.163077
0.150553
0.151886
0.145068
0.145153
0.156221
0.156004
0.154508
0.15273
0.141638
0.156472
0.148448
0.151874
0.145683
0.144778
0.144463
0.157051
0.157913
0.158224
0.154408
0.156376
0.176953
0.158196
0.163848
0.159914
0.160596
0.159761
0.169649
0.168523
0.170083
0.16099
0.157338
0.149215
0.182064
0.164678
0.160247
0.157161
0.158674
0.177386
0.168912
0.161238
0.156026
0.151516
0.15583
0.171559
0.163459
0.160643
0.162507
0.156822
0.18278
0.169802
0.164755
0.158523
0.163106
0.155296
0.171507
0.167803
0.16408
0.150532
0.161952
0.166986
0.173996
0.16175
0.157913
0.155219
0.150156
0.164005
0.157308
0.158873
0.155663
0.154855
0.152288
0.149377
0.158998
0.167506
0.15926
0.160635
0.158358
0.174624
0.155045
0.146466
0.144978
0.140611
0.141949
0.14755
0.153268
0.155759
0.154337
0.145839
0.143207
0.145034
0.141921
0.186404
0.163974
0.167772
0.1599
0.154937
0.152505
0.145706
0.145419
0.142999
0.142922
0.140823
0.147405
0.152163
0.14366
0.140072
0.143403
0.165114
0.144762
0.135904
0.133159
0.136018
0.133403
0.12976
0.133481
0.135873
0.133189
0.135229
0.127831
0.129061
0.132563
0.132019
0.136086
0.142088
0.132713
0.136732
0.149057
0.136477
0.134169
0.146165
0.143774
0.136385
0.136945
0.130977
0.136429
0.139966
0.137011
0.133052
0.130805
0.13017
0.140638
0.136871
0.130941
0.128996
0.130104
0.137624
0.150234
0.135115
0.135028
0.131837
0.151669
0.134317
0.134024
0.126494
0.126174
0.132245
0.130873
0.130262
0.131069
0.1249
0.123488
0.131717
0.141685
0.130403
0.120193
0.12559
0.145749
0.131042
0.127447
0.121625
0.131937
0.125806
0.121098
0.116406
0.113006
0.124565
0.119265
0.120782
0.119346
0.113889
0.111099
0.120058
0.122183
0.115237
0.121452
0.136773
0.129431
0.126505
0.120226
0.121717
0.11851
0.119858
0.123938
0.127305
0.126333
0.122926
0.124627
0.142877
0.13358
0.130841
0.12961
0.13007
0.129947
0.128181
0.124938
0.135117
0.135476
0.129136
0.131325
0.129927
0.142602
0.13205
0.136777
0.13384
0.135838
0.127361
0.122959
0.128899
0.133207
0.13427
0.136026
0.132541
0.13274
0.143441
0.130839
0.130699
0.130012
0.125583
0.122013
0.122478
0.126935
0.123888
0.119054
0.121596
0.119581
0.12652
0.129253
0.123063
0.119348
0.133789
0.119521
0.118314
0.11577
0.11128
0.111555
0.113971
0.110457
0.118193
0.11405
0.111077
0.110231
0.108322
0.106656
0.102756
0.103891
0.105391
0.10716
0.105914
0.102484
0.103442
0.100271
0.095657
0.094417
0.102728
0.100433
0.097753
0.097488
0.097605
0.095507
0.094271
0.094263
0.101281
0.095671
0.095384
0.094585
0.092324
0.092418
0.086695
0.098028
0.0959
0.093927
0.091727
0.093185
0.090839
0.09008
0.091051
0.098386
0.093999
0.093746
0.094466
0.097677
0.096681
0.105716
0.099956
0.099151
0.096412
0.094862
0.093157
0.095748
0.093606
0.091102
0.095807
0.093493
0.096645
0.093711
0.095131
0.095971
0.095374
0.114706
0.106746
0.103908
0.105789
0.105552
0.103465
0.105167
0.104887
0.100239
0.111938
0.109764
0.113056
0.108707
0.11222
0.106988
0.114208
0.104469
0.10909
0.123916
0.114228
0.112194
0.110921
0.110199
0.107088
0.109655
0.109732
0.109334
0.11079
0.11337
0.110219
0.11358
0.115364
0.129692
0.119134
0.119426
0.117213
0.110962
0.114808
0.111564
0.114072
0.119132
0.117041
0.114376
0.117049
0.115453
0.120686
0.130872
0.121615
0.120155
0.119301
0.116022
0.116967
0.120795
0.114764
0.122215
0.124393
0.122513
0.119169
0.138603
0.12861
0.126931
0.127028
0.127458
0.122075
0.121487
0.117869
0.119788
0.123342
0.126024
0.123121
0.129689
0.126751
0.125707
0.138239
0.131209
0.134613
0.135846
0.136331
0.132746
0.1319
0.133584
0.136087
0.136303
0.13407
0.135049
0.131541
0.147546
0.141235
0.142849
0.136748
0.133735
0.129259
0.13846
0.137351
0.130906
0.13207
0.133283
0.147137
0.13361
0.131671
0.129535
0.143118
0.131248
0.133249
0.125999
0.125442
0.128149
0.121178
0.126372
0.131567
0.130375
0.127955
0.127059
0.129119
0.127076
0.139032
0.133263
0.132289
0.128189
0.132113
0.126273
0.128208
0.130513
0.131704
0.130825
0.132046
0.125748
0.131107
0.129143
0.128942
0.131731
0.132422
0.129852
0.126959
0.135134
0.13099
0.135033
0.128513
0.13377
0.131133
0.135619
0.134301
0.127838
0.133069
0.136999
0.135068
0.136333
0.135174
0.125566
0.139132
0.132228
0.13472
0.135392
0.131561
0.127573
0.153284
0.141807
0.138674
0.139003
0.137821
0.132697
0.132173
0.150702
0.139881
0.141486
0.137734
0.132837
0.139725
0.136085
0.143804
0.134992
0.13554
0.132068
0.130317
0.132522
0.130839
0.128505
0.128688
0.131611
0.1302
0.134422
0.133996
0.133778
0.13476
0.128952
0.131011
0.14006
0.133408
0.131754
0.127742
0.124769
0.131026
0.129281
0.1261
0.12436
0.124007
0.124177
0.126902
0.131016
0.128868
0.127925
0.129505
0.130704
0.129203
0.128656
0.131743
0.130127
0.128115
0.128033
0.129128
0.125085
0.12471
0.135721
0.131221
0.129966
0.130143
0.131744
0.1271
0.144241
0.139783
0.135869
0.131741
0.131092
0.131493
0.130056
0.126237
0.122551
0.122703
0.118888
0.120386
0.123441
0.129152
0.121422
0.120584
0.119893
0.115278
0.117696
0.115644
0.118843
0.119675
0.119783
0.125859
0.12422
0.120656
0.121994
0.121885
0.115262
0.115289
0.114248
0.119588
0.12182
0.124253
0.123273
0.119769
0.110202
0.114652
0.116395
0.115054
0.115013
0.115328
0.118849
0.117174
0.118676
0.115721
0.113478
0.122343
0.123864
0.121076
0.123276
0.124635
0.1211
0.11717
0.114091
0.118038
0.121866
0.120397
0.118285
0.122769
0.121703
0.124089
0.123459
0.119728
0.124641
0.129399
0.131798
0.131255
0.13675
0.128873
0.130364
0.142277
0.136577
0.130981
0.131471
0.133271
0.13496
0.131091
0.129426
0.126518
0.130255
0.133668
0.132525
0.136612
0.132815
0.131678
0.132836
0.142113
0.131692
0.135392
0.137524
0.129145
0.137384
0.131946
0.130177
0.134411
0.144446
0.137702
0.141903
0.146488
0.144209
0.144432
0.141854
0.143262
0.147987
0.151012
0.157684
0.15325
0.156031
0.153586
0.150386
0.151299
0.141717
0.146905
0.142448
0.140272
0.154122
0.163468
0.151393
0.150221
0.154731
0.143329
0.145932
0.153887
0.148139
0.143644
0.145291
0.142838
0.145468
0.139814
0.139401
0.138246
0.136394
0.13618
0.144296
0.148659
0.146486
0.144418
0.142402
0.143524
0.143429
0.146308
0.148766
0.154982
0.149424
0.149939
0.151048
0.149594
0.153999
0.147413
0.147069
0.142534
0.143931
0.148348
0.150483
0.156115
0.151183
0.151529
0.151682
0.149967
0.152312
0.142805
0.149113
0.151749
0.149673
0.154857
0.149382
0.156133
0.146685
0.146966
0.147264
0.145186
0.149386
0.153005
0.154272
0.161165
0.154867
0.148908
0.148431
0.147413
0.148076
0.147281
0.148444
0.15551
0.154136
0.151049
0.15339
0.145393
0.146759
0.151276
0.150522
0.145534
0.145141
0.155461
0.154004
0.157963
0.156632
0.156942
0.151018
0.146707
0.147303
0.145744
0.146208
0.14771
0.153778
0.156089
0.15961
0.155937
0.155557
0.151063
0.149437
0.146517
0.146948
0.14167
0.142269
0.144242
0.140487
0.148866
0.154702
0.154043
0.14979
0.149496
0.148894
0.150908
0.14701
0.150488
0.150681
0.133937
0.148824
0.143834
0.140603
0.150167
0.152936
0.152558
0.15281
0.151794
0.151956
0.151011
0.15241
0.157087
0.155591
0.152935
0.153095
0.147497
0.15
0.148556
0.146993
0.151928
0.154443
0.159582
0.161713
0.164293
0.159925
0.158495
0.156341
0.155044
0.1538
0.151671
0.154707
0.15424
0.149742
0.143387
0.147132
0.142621
0.142605
0.13863
0.143464
0.136007
0.142677
0.140791
0.140754
0.141846
0.140272
0.144385
0.148842
0.151343
0.151176
0.14948
0.15029
0.147693
0.148904
0.153883
0.151274
0.143788
0.147598
0.145796
0.147421
0.147311
0.149087
0.146209
0.144545
0.146958
0.141888
0.141824
0.138631
0.145854
0.137238
0.145641
0.140907
0.137281
0.137901
0.140285
0.139956
0.143336
0.135205
0.138988
0.139605
0.140222
0.135349
0.133466
0.137483
0.135936
0.137225
0.136744
0.137013
0.135229
0.14212
0.151687
0.152603
0.153435
0.14908
0.149946
0.148813
0.148459
0.144539
0.147911
0.150901
0.149896
0.147252
0.155807
0.150414
0.149844
0.150125
0.144853
0.154546
0.157022
0.151701
0.150862
0.151613
0.156317
0.148847
0.141762
0.140101
0.147377
0.143532
0.146158
0.141682
0.149659
0.144083
0.147135
0.149324
0.148261
0.151662
0.144582
0.142126
0.148899
0.156709
0.150633
0.142378
0.141759
0.146187
0.14451
0.13739
0.135746
0.138208
0.137633
0.141659
0.136043
0.135074
0.138722
0.13595
0.1357
0.136144
0.142645
0.138225
0.135976
0.137138
0.136987
0.136781
0.13549
0.138264
0.137629
0.137626
0.136914
0.137983
0.136434
0.137746
0.133456
0.132011
0.135652
0.136927
0.137205
0.134698
0.132645
0.136158
0.139131
0.136021
0.133792
0.142979
0.145955
0.139287
0.135011
0.137224
0.136908
0.143559
0.135415
0.134986
0.134938
0.139444
0.138956
0.138468
0.136516
0.140243
0.138716
0.134082
0.135554
0.135244
0.131821
0.134034
0.132753
0.134548
0.13466
0.134734
0.137655
0.140883
0.140043
0.141633
0.137595
0.13617
0.141903
0.140668
0.145333
0.142197
0.143057
0.140022
0.14288
0.140523
0.147106
0.142055
0.14615
0.143993
0.144714
0.146736
