0.007928
0.030242
0.031706
0.031875
0.030567
0.031352
0.030897
0.032065
0.031522
0.034288
0.03191
0.032361
0.032299
0.032077
0.031981
0.032748
0.03195
0.03244
0.031994
0.033396
0.03218
0.032944
0.032015
0.032769
0.031774
0.032225
0.031018
0.032443
0.032063
0.031936
0.032332
0.031949
0.033097
0.032694
0.0313
0.031641
0.033926
0.032795
0.03332
0.03365
0.033377
0.032478
0.033509
0.031331
0.034344
0.032342
0.033082
0.033165
0.032805
0.033817
0.032788
0.033651
0.034211
0.033726
0.032533
0.032769
0.031571
0.03242
0.033695
0.033727
0.033439
0.032013
0.033341
0.032024
0.033281
0.032526
0.03218
0.031898
0.033666
0.033613
0.033219
0.034258
0.03305
0.034104
0.033152
0.034071
0.033092
0.035234
0.033553
0.031935
0.031842
0.032293
0.033821
0.034627
0.033912
0.034117
0.033386
0.033535
0.033741
0.033379
0.032725
0.032861
0.032727
0.033333
0.031969
0.031841
0.03253
0.032557
0.033032
0.033066
0.032469
0.03262
0.032463
0.032735
0.032555
0.032767
0.032595
0.032412
0.032405
0.034283
0.036695
0.035584
0.035734
0.034429
0.032997
0.035117
0.035061
0.034945
0.033034
0.034679
0.0347
0.034068
0.031756
0.032934
0.032343
0.035736
0.035984
0.035535
0.037328
0.036579
0.035944
0.035634
0.034013
0.033771
0.034051
0.034472
0.033519
0.033202
0.033171
0.036146
0.037373
0.036113
0.036267
0.035074
0.034199
0.035215
0.034395
0.033376
0.033564
0.033761
0.035266
0.034183
0.032532
0.033374
0.032269
0.032532
0.031982
0.034044
0.03344
0.031991
0.032023
0.032174
0.032319
0.032986
0.032053
0.03142
0.03353
0.0344
0.033942
0.032317
0.032355
0.033694
0.032684
0.034385
0.034258
0.033584
0.032645
0.032681
0.038101
0.035702
0.034684
0.034199
0.033606
0.033556
0.037071
0.03638
0.035809
0.034176
0.03375
0.03767
0.036871
0.03558
0.034396
0.03421
0.03749
0.036443
0.035403
0.033778
0.03388
0.03721
0.036335
0.035752
0.033954
0.034468
0.034122
0.037479
0.035603
0.034423
0.033861
0.033277
0.032479
0.039082
0.036096
0.035204
0.034283
0.039317
0.037954
0.035584
0.036541
0.033542
0.034061
0.033707
0.036597
0.036609
0.037367
0.03566
0.03559
0.03578
0.039681
0.036814
0.03611
0.035353
0.035432
0.036233
0.040917
0.038794
0.037729
0.037265
0.037011
0.037338
0.042015
0.04016
0.03731
0.038023
0.037375
0.036599
0.041988
0.037776
0.03717
0.036498
0.035459
0.036604
0.037519
0.037596
0.03973
0.037604
0.037165
0.037179
0.03831
0.042152
0.039526
0.038492
0.040212
0.046611
0.042914
0.041709
0.041054
0.040013
0.038663
0.037821
0.042513
0.041049
0.039678
0.038949
0.037474
0.038342
0.040419
0.040015
0.042397
0.040355
0.039532
0.038848
0.045917
0.040872
0.040393
0.039187
0.037914
0.037698
0.041271
0.040172
0.039347
0.038086
0.037682
0.038484
0.040194
0.04574
0.040998
0.043032
0.047197
0.043717
0.043402
0.041512
0.040703
0.038231
0.03814
0.039972
0.039433
0.038055
0.038964
0.03894
0.039998
0.048204
0.042897
0.04063
0.040208
0.039563
0.03897
0.037801
0.039364
0.041256
0.040707
0.036965
0.04
0.039456
0.040623
0.050467
0.041729
0.042602
0.039459
0.038991
0.039175
0.03683
0.037966
0.040369
0.041315
0.039223
0.041305
0.039171
0.048818
0.041172
0.040209
0.041172
0.039973
0.037751
0.04118
0.041066
0.039541
0.039425
0.039259
0.040275
0.040019
0.044229
0.040541
0.039401
0.046078
0.041009
0.040531
0.038547
0.038905
0.036148
0.040085
0.03985
0.039364
0.036842
0.038295
0.038819
0.03941
0.042784
0.037275
0.0362
0.037145
0.04127
0.036511
0.036829
0.034636
0.033933
0.033902
0.036968
0.037126
0.035804
0.034974
0.034526
0.035205
0.036602
0.036066
0.044816
0.039388
0.03706
0.035971
0.035435
0.035892
0.035232
0.037677
0.037082
0.03606
0.035815
0.035354
0.040773
0.037755
0.036433
0.035115
0.036522
0.034077
0.033788
0.038597
0.03698
0.035963
0.035498
0.035235
0.035691
0.040818
0.037175
0.035871
0.035728
0.035182
0.034823
0.039705
0.03752
0.0377
0.037558
0.036259
0.035366
0.041817
0.037758
0.037771
0.036246
0.036121
0.034916
0.041941
0.038225
0.03791
0.036397
0.035894
0.035676
0.034993
0.034479
0.035878
0.034796
0.034632
0.033997
0.034172
0.033355
0.033577
0.035605
0.033845
0.032737
0.031677
0.030931
0.031041
0.029868
0.030269
0.032868
0.032234
0.031097
0.030302
0.030735
0.030798
0.030072
0.028427
0.033316
0.031336
0.030126
0.029401
0.030326
0.0329
0.029292
0.030219
0.029107
0.02903
0.029229
0.028627
0.029471
0.030884
0.029191
0.028479
0.028218
0.028254
0.029797
0.028827
0.02742
0.026939
0.028376
0.027762
0.027994
0.028694
0.028778
0.02776
0.030722
0.029009
0.028906
0.028242
0.028627
0.027658
0.0282
0.027004
0.026413
0.028591
0.026275
0.028351
0.028433
0.02664
0.02681
0.02697
0.026581
0.026309
0.02679
0.027409
0.026814
0.028063
0.02909
0.02673
0.028264
0.0279
0.026724
0.027417
0.026899
0.026911
0.027836
0.02688
0.025506
0.026965
0.027599
0.024822
0.027923
0.02607
0.025687
0.027333
0.027178
0.028529
0.027785
0.028424
0.027997
0.027995
0.028065
0.029776
0.028478
0.027536
0.027141
0.028597
0.027281
0.027745
0.027475
0.026964
0.027797
0.028489
0.027273
0.027639
0.02805
0.027069
0.027994
0.034122
0.027663
0.027512
0.028878
0.027606
0.027935
0.029198
0.027897
0.027515
0.028215
0.027308
0.027081
0.027793
0.026161
0.026775
0.027701
0.027153
0.028334
0.028203
0.028241
0.028244
0.029118
0.027563
0.028879
0.030766
0.029558
0.028767
0.028918
0.028686
0.029115
0.029736
0.029095
0.028986
0.028817
0.028973
0.02836
0.028915
0.028477
0.027317
0.027602
0.027774
0.02833
0.029877
0.028213
0.02911
0.029679
0.029173
0.029194
0.029396
0.028813
0.029408
0.029306
0.028716
0.027818
0.028514
0.028421
0.027638
0.02753
0.027363
0.026774
0.028929
0.028347
0.027177
0.029285
0.029256
0.028624
0.028963
0.029058
0.028535
0.029781
0.029151
0.028711
0.029393
0.02852
0.028935
0.029464
0.027873
0.028595
0.028427
0.028472
0.027797
0.02985
0.026802
0.026532
0.026791
0.027018
0.027649
0.028288
0.028028
0.027625
0.028458
0.028165
0.026715
0.02734
0.027249
0.027369
0.028062
0.027698
0.027256
0.029366
0.028176
0.028642
0.028836
0.02915
0.027632
0.028073
0.02833
0.027652
0.030517
0.028613
0.027685
0.029345
0.028004
0.031901
0.028363
0.027868
0.027148
0.028822
0.029715
0.027772
0.028406
0.027284
0.027494
0.032037
0.029374
0.026655
0.027799
0.030473
0.028105
0.029099
0.028408
0.02777
0.028392
0.028219
0.02796
0.02783
0.028183
0.027662
0.028944
0.027748
0.027399
0.028423
0.027776
0.027457
0.030394
0.028681
0.031043
0.028685
0.028278
0.027767
0.028526
0.028159
0.027378
0.028789
0.027056
0.02798
0.02832
0.028521
0.028387
0.028651
0.027327
0.027595
0.028713
0.027285
0.0285
0.027689
0.027141
0.026649
0.028704
0.027163
0.026944
0.026538
0.02671
0.02556
0.0258
0.025984
0.026177
0.027025
0.027278
0.027526
0.028162
0.027744
0.027863
0.028503
0.027351
0.027709
0.02796
0.026777
0.026425
0.028023
0.026872
0.026346
0.027192
0.028065
0.027847
0.030972
0.027987
0.027729
0.028632
0.027895
0.026549
0.027873
0.027185
0.027027
0.027703
0.027079
0.026923
0.028545
0.027103
0.027061
0.02821
0.027217
0.027913
0.028585
0.027529
0.02768
0.029355
0.027181
0.027405
0.027879
0.026854
0.027305
0.028444
0.028118
0.026406
0.02825
0.026556
0.026833
0.029184
0.028024
0.027681
0.028195
0.027938
0.027906
0.028747
0.028099
0.028014
0.028406
0.027815
0.028021
0.029023
0.028737
0.028492
0.028264
0.029658
0.029892
0.029029
0.028026
0.027187
0.030091
0.027888
0.028612
0.029243
0.02756
0.027255
0.029128
0.029521
0.027912
0.028674
0.027988
0.02775
0.028484
0.027099
0.028578
0.027764
0.027679
0.027796
0.027917
0.027992
0.028292
0.028111
0.027603
0.027437
0.027511
0.027605
0.026876
0.028875
0.027473
0.027747
0.02786
0.027205
0.027684
0.028891
0.027562
0.027042
0.028435
0.02743
0.026827
0.027767
0.027172
0.027691
0.029574
0.02966
0.028517
0.029488
0.028738
0.026743
0.02766
0.026614
0.025616
0.026608
0.026617
0.026668
0.027211
0.02696
0.025577
0.027071
0.026487
0.027025
0.027755
0.02779
0.027963
0.027692
0.028076
0.02713
0.027796
0.026853
0.026796
0.026369
0.028064
0.028261
0.028169
0.027881
0.027525
0.026743
0.028796
0.028483
0.027846
0.027212
0.025932
0.027585
0.027275
0.026836
0.027045
0.026509
0.026489
0.027463
0.027672
0.027527
0.027188
0.026601
0.02562
0.028917
0.02776
0.026953
0.02712
0.026043
0.026779
0.026976
0.027046
0.026622
0.025647
0.026438
0.026273
0.026595
0.027101
0.026363
0.025592
0.025462
0.025141
0.024545
0.026753
0.02605
0.024557
0.024049
0.024741
0.023455
0.023298
0.022725
0.023366
0.022939
0.023137
0.023667
0.024204
0.022614
0.022833
0.021626
0.022175
0.024194
0.022643
0.021815
0.021076
0.020373
0.02062
0.022662
0.02071
0.019226
0.0184
0.018308
0.018383
0.020393
0.018074
0.017088
0.017672
0.016663
0.016027
0.015842
0.015149
0.016776
0.015491
0.015226
0.014743
0.014912
0.013863
0.014588
0.015571
0.01439
0.013512
0.013267
0.013645
0.013542
0.016029
0.013256
0.013072
0.012312
0.012487
0.013951
0.012935
0.012244
0.011493
0.011333
0.011581
0.011389
0.011801
0.011189
0.010812
0.010228
0.011564
0.010898
0.010187
0.010173
0.011589
0.011079
0.011314
0.010972
0.010197
0.009945
0.009599
0.010424
0.009325
0.008932
0.009206
0.009332
0.009497
0.009946
0.008868
0.00906
0.008976
0.00965
0.00948
0.008958
0.008697
0.009551
0.009117
0.008922
0.008572
0.009199
0.009022
0.008996
0.008683
0.009094
0.008816
0.008537
0.00836
0.008635
0.009144
0.009711
0.009452
0.009347
0.008941
0.008876
0.009043
0.009434
0.009
0.010352
0.00995
0.009933
0.009793
0.009617
0.009307
0.009408
0.009592
0.009768
0.010667
0.010261
0.010352
0.011098
0.010098
0.010206
0.010996
0.011002
0.011107
0.011421
0.010643
0.01134
0.011688
0.011485
0.011361
0.011491
0.012952
0.012118
0.011861
0.011401
0.011642
0.011414
0.011463
0.012013
0.012553
0.012345
0.012436
0.013875
0.013402
0.014395
0.013797
0.013388
0.013526
0.014614
0.01551
0.014527
0.01447
0.014535
0.014527
0.017374
0.016198
0.015726
0.015798
0.016146
0.015635
0.017797
0.016839
0.015952
0.015657
0.016129
0.019279
0.017272
0.017089
0.016441
0.018299
0.016717
0.016082
0.015604
0.016188
0.016011
0.014032
0.015074
0.014761
0.016395
0.015126
0.015649
0.014902
0.014619
0.014403
0.013912
0.013532
0.013202
0.01275
0.013791
0.012484
0.012637
0.012566
0.012503
0.012628
0.012576
0.012779
0.011803
0.012328
0.011458
0.010638
0.010816
0.010506
0.011131
0.01032
0.010856
0.010929
0.014087
0.01255
0.012045
0.011051
0.011294
0.011045
0.01094
0.011543
0.011848
0.011371
0.010827
0.011256
0.011178
0.011369
0.011157
0.012944
0.011494
0.011566
0.011194
0.010942
0.010851
0.011251
0.01131
0.011346
0.01128
0.010418
0.010672
0.011461
0.011239
0.013139
0.011786
0.011969
0.011266
0.011571
0.011366
0.011214
0.011305
0.011161
0.011102
0.011539
0.011196
0.010762
0.011549
0.014096
0.01227
0.012353
0.012835
0.012289
0.012046
0.012328
0.01275
0.012898
0.012633
0.012478
0.012892
0.012282
0.015949
0.0127
0.012769
0.012898
0.012767
0.012721
0.012602
0.013221
0.0135
0.012829
0.015522
0.013379
0.013638
0.013157
0.01345
0.01328
0.014181
0.014197
0.013771
0.01527
0.015479
0.014382
0.01438
0.013998
0.014065
0.015002
0.015543
0.015271
0.015269
0.015697
0.015172
0.014699
0.015265
0.018071
0.015356
0.015704
0.015531
0.016364
0.016101
0.016396
0.017622
0.016985
0.016831
0.01695
0.017465
0.017497
0.016958
0.018701
0.018362
0.018826
0.018504
0.018197
0.020238
0.019668
0.019603
0.021373
0.020692
0.021374
0.020591
0.020447
0.020511
0.022948
0.021783
0.021695
0.024307
0.022998
0.023147
0.023464
0.023596
0.022004
0.022136
0.024989
0.024994
0.024732
0.023349
0.028517
0.026393
0.026263
0.026159
0.026194
0.024668
0.024569
0.024358
0.02589
0.025868
0.025507
0.024828
0.025207
0.028406
0.024804
0.025397
0.024768
0.026887
0.023587
0.02588
0.026577
0.026117
0.024857
0.027171
0.024388
0.024605
0.025328
0.025877
0.026857
0.026105
0.029113
0.026679
0.025894
0.030608
0.025977
0.026296
0.025986
0.025859
0.025749
0.025284
0.026167
0.026977
0.026194
0.026985
0.02701
0.026653
0.033069
0.028351
0.027688
0.028696
0.028501
0.02716
0.027222
0.026556
0.028047
0.028018
0.029015
0.029631
0.030131
0.035072
0.031751
0.030609
0.030843
0.029341
0.029303
0.027196
0.029327
0.030539
0.029939
0.029529
0.031034
0.030266
0.036447
0.031869
0.031847
0.031992
0.030638
0.030132
0.032002
0.031739
0.031592
0.031704
0.03092
0.031483
0.030455
0.029886
0.03489
0.032788
0.0304
0.033049
0.031601
0.032151
0.030524
0.034467
0.028465
0.027843
0.029252
0.029729
0.028186
0.027623
0.028221
0.028613
0.032991
0.028322
0.031932
0.030686
0.034354
0.030955
0.029245
0.028808
0.027978
0.028152
0.02847
0.028499
0.028677
0.027746
0.027935
0.028157
0.028545
0.035389
0.032244
0.029651
0.028706
0.028927
0.028927
0.029868
0.030469
0.028535
0.029539
0.030036
0.034422
0.030581
0.031319
0.030217
0.029042
0.030066
0.028949
0.029492
0.03128
0.028747
0.030797
0.029643
0.030292
0.029881
0.030637
0.03545
0.031431
0.03074
0.030841
0.030368
0.029627
0.030505
0.032094
0.032245
0.032931
0.032086
0.03229
0.036728
0.035376
0.033998
0.034958
0.033537
0.037159
0.036537
0.036554
0.034771
0.035095
0.036398
0.035478
0.033875
0.034913
0.036125
0.043437
0.039751
0.039545
0.035686
0.03416
0.033984
0.034317
0.033083
0.038815
0.03577
0.047241
0.040719
0.037383
0.036869
0.035306
0.034766
0.036018
0.034357
0.035898
0.035053
0.036075
0.036252
0.037179
0.046734
0.04074
0.038292
0.037863
0.035838
0.036345
0.036081
0.035563
0.03468
0.035937
0.036194
0.037199
0.035804
0.03788
0.036597
0.047253
0.040113
0.037798
0.038485
0.037678
0.036803
0.038994
0.037157
0.035869
0.037823
0.038421
0.036918
0.040476
0.037936
0.038327
0.037742
0.045648
0.040142
0.040825
0.039259
0.038622
0.03617
0.036999
0.03812
0.040391
0.03921
0.037351
0.03698
0.038552
0.046334
0.04117
0.038869
0.038034
0.036235
0.037411
0.035259
0.036164
0.036922
0.037579
0.037065
0.035051
0.03793
0.037634
0.037258
0.036574
0.035742
0.04016
0.0376
0.035726
0.035113
0.034602
0.035478
0.034373
0.035748
0.037008
0.03723
0.035067
0.035175
0.035986
0.036181
0.036178
0.036347
0.036212
0.042424
0.036765
0.035205
0.036415
0.036595
0.036392
0.036123
0.035411
0.039444
0.036026
0.036092
0.036
0.036278
0.035999
0.033811
0.037462
0.03605
0.034695
0.035555
0.033638
0.034848
0.035813
0.034296
0.035441
0.035975
0.03565
0.033419
0.033437
0.033071
0.035852
0.034912
0.034143
0.034916
0.033805
0.031754
0.038515
0.033075
0.031168
0.032112
0.029286
0.031842
0.031381
0.030993
0.034624
0.030456
0.031869
0.030701
0.029889
0.035449
0.031861
0.030474
0.031572
0.030712
0.031292
0.031282
0.031999
0.031386
0.030871
0.03171
0.031889
0.033267
0.033836
0.033847
0.033982
0.034027
0.033999
0.034307
0.033118
0.033119
0.033012
0.033804
0.034013
0.033276
0.034161
0.036173
0.0369
0.036979
0.03765
0.038331
0.038277
0.038031
0.039218
0.038254
0.038433
0.038052
0.038137
0.038831
0.038032
0.03785
0.037118
0.037455
0.037935
0.037533
0.037163
0.037661
0.040386
0.037288
0.036847
0.037289
0.035013
0.036075
0.036736
0.037183
0.037193
0.037457
0.037646
0.036549
0.035879
0.036572
0.036019
0.039521
0.037727
0.037316
0.037067
0.036907
0.036145
0.036215
0.036199
0.036804
0.036434
0.036252
0.036833
0.036216
0.037096
0.036457
0.035144
0.035988
0.036475
0.036408
0.035846
0.036729
0.036615
0.036527
0.036246
0.03546
0.037084
0.036942
0.036642
0.036666
0.037157
0.037716
0.037011
0.037003
0.036882
0.038053
0.040294
0.040849
0.042395
0.041535
0.041155
0.041862
0.042407
0.044509
0.040105
0.040524
0.040273
0.040043
0.04212
0.040753
0.041411
0.040261
0.040396
0.040066
0.040202
0.038384
0.038944
0.038537
0.038787
0.039573
0.042247
0.042287
0.042029
0.043159
0.043202
0.040819
0.040278
0.039133
0.040626
0.038819
0.039726
0.039409
0.03987
0.039932
0.041753
0.040846
0.041165
0.039969
0.040697
0.039402
0.039492
0.037803
0.043453
0.038536
0.037913
0.039627
0.03741
0.037218
0.040804
0.040121
0.039784
0.036548
0.037062
0.036151
0.035347
0.037392
0.03449
0.038685
0.036987
0.0361
0.036928
0.035398
0.035354
0.039659
0.036039
0.035803
0.035352
0.034028
0.034271
0.038217
0.036077
0.035586
0.034331
0.035405
0.034747
0.03631
0.039073
0.037269
0.037122
0.036708
0.037019
0.037185
0.03547
0.040236
0.038637
0.037546
0.038512
0.036432
0.037278
0.037535
0.036337
0.038335
0.037409
0.035655
0.036861
0.037848
0.036999
0.036095
0.040168
0.037774
0.037118
0.036375
0.035837
0.036058
0.039668
0.037642
0.036856
0.036163
0.035219
0.0346
0.039678
0.037273
0.03673
0.034406
0.034714
0.034303
0.038283
0.035435
0.035001
0.034378
0.033438
0.038818
0.035647
0.035408
0.035125
0.033953
0.033572
0.03404
0.037285
0.036645
0.037696
0.035343
0.035374
0.041472
0.038189
0.036806
0.036243
0.037576
0.037503
0.040769
0.03973
0.039837
0.038444
0.042912
0.042625
0.041264
0.041364
0.038854
0.04219
0.041105
0.040887
0.039822
0.039743
0.03894
0.04412
0.041798
0.042139
0.040911
0.040255
0.045998
0.042602
0.04267
0.042391
0.040987
0.040942
0.046109
0.044274
0.042272
0.041051
0.040747
0.043968
0.041825
0.047338
0.043559
0.044159
0.041307
0.047975
0.043202
0.04299
0.04266
0.040477
0.048895
0.043804
0.04447
0.0438
0.044223
0.044063
0.042059
0.042845
0.045634
0.042873
0.042814
0.05073
0.045222
0.043385
0.045813
0.040979
0.03963
0.039635
0.04116
0.041652
0.041658
0.041751
0.040484
0.041758
0.040345
0.040721
0.04326
0.04084
0.038727
0.038689
0.044842
0.039925
0.037823
0.038508
0.037526
0.040871
0.038448
0.038732
0.036497
0.037051
0.037404
0.039448
0.040003
0.037588
0.036136
0.042593
0.039972
0.039249
0.039818
0.03664
0.035886
0.037272
0.037126
0.037597
0.036342
0.036904
0.03634
0.037036
0.038302
0.035947
0.045745
0.039019
0.037211
0.037256
0.035992
0.035977
0.034968
0.035396
0.036725
0.040086
0.03758
0.038037
0.036242
0.047263
0.038765
0.039521
0.037767
0.037019
0.036216
0.038472
0.039224
0.038588
0.037442
0.042483
0.040673
0.039446
0.04171
0.040439
0.042671
0.042486
0.040305
0.039034
0.042297
0.040972
0.039884
0.038993
0.038067
0.04169
0.041062
0.040801
0.038148
0.038115
0.036087
0.040768
0.037204
0.037421
0.037212
0.036297
0.037761
0.037267
0.041503
0.039009
0.037825
0.043331
0.039382
0.039059
0.037634
0.037796
0.03685
0.039386
0.038636
0.039212
0.038219
0.039439
0.042922
0.040728
0.040245
0.039476
0.039339
0.042973
0.039679
0.041813
0.037816
0.042229
0.04032
0.040287
0.038257
0.039189
0.037921
0.041145
0.0389
0.038418
0.038845
0.040147
0.041549
0.040306
0.047141
0.041326
0.040028
0.040312
0.038714
0.038972
0.03763
0.041713
0.04024
0.039456
0.038844
0.03987
0.040162
0.041445
0.039302
0.045476
0.039056
0.041715
0.038386
0.039047
0.036908
0.04232
0.039459
0.037704
0.036068
0.036163
0.034676
0.037023
0.036371
0.039734
0.036972
0.036322
0.03638
0.04231
0.038508
0.037523
0.035934
0.035589
0.034913
0.034125
0.036621
0.034949
0.033548
0.032734
0.03237
0.038434
0.034498
0.033886
0.033608
0.03249
0.03169
0.035304
0.034855
0.03409
0.033105
0.033631
0.038032
0.035144
0.034681
0.034601
0.033242
0.032155
0.039475
0.035336
0.033014
0.032493
0.031844
0.037517
0.038942
0.035129
0.033679
0.034714
0.035377
0.032707
0.03881
0.037547
0.036748
0.041102
0.036786
0.037797
0.039877
0.040341
0.037804
0.037418
0.03707
0.037166
0.042467
0.041105
0.038996
0.039179
0.036709
0.038601
0.039331
0.040341
0.041565
0.041006
0.039702
0.039071
0.039409
0.04056
0.043678
0.042551
0.041702
0.040825
0.041245
0.040668
0.043556
0.042773
0.041785
0.040426
0.040895
0.039527
0.041081
0.044223
0.041304
0.041081
0.040193
0.040362
0.039831
0.038844
0.038956
0.041324
0.04018
0.037692
0.038651
0.04019
0.036968
0.03733
0.037461
0.039023
0.037426
0.037995
0.036705
0.036821
0.036404
0.036242
0.035359
0.037933
0.037957
0.036359
0.03547
0.035205
0.035167
0.035359
0.038846
0.036535
0.036724
0.035824
0.034001
0.035982
0.03608
0.035395
0.035672
0.035692
0.036163
0.035163
0.036484
0.035226
0.034068
0.038102
0.036765
0.035571
0.034479
0.033707
0.033789
0.03528
0.036985
0.035338
0.033837
0.034284
0.033599
0.034125
0.033647
0.034212
0.033525
0.033178
0.03404
0.033105
0.035211
0.033902
0.034308
0.033405
0.033618
0.032622
0.03292
0.035455
0.033474
0.034624
0.035331
0.034798
0.034228
0.034546
0.03484
0.034077
0.03412
0.033425
0.033865
0.033015
0.033729
0.033749
0.033519
0.032599
0.033095
0.0331
0.03615
0.036299
0.036012
0.037194
0.034224
0.03354
0.034807
0.034714
0.033774
0.034206
0.033479
0.032615
0.035224
0.033218
0.033665
0.033286
0.032541
0.032477
0.031776
0.033693
0.031381
0.032023
0.035503
0.033606
0.032386
0.033492
0.036933
0.034725
0.034073
0.033123
0.038449
0.032561
0.038753
0.032251
0.033606
0.033039
0.031654
0.032164
0.035212
0.03145
0.033273
0.031452
0.032155
0.036603
0.035183
0.032183
0.033545
0.031635
0.031638
0.033037
0.032119
0.032503
0.031946
0.032918
0.032228
0.032304
0.035024
0.033476
0.032375
0.03242
0.032486
0.030477
0.031908
0.030217
0.032333
0.033356
0.032343
0.032204
0.03212
0.03019
0.030686
0.031276
0.029969
0.028717
0.031154
0.03103
0.031903
0.030275
0.028915
0.029477
0.03406
0.030801
0.029241
0.028168
0.029775
0.027725
0.028524
0.028897
0.027875
0.030162
0.028688
0.027893
0.02876
0.028329
0.030809
0.027437
0.027318
0.026137
0.026169
0.025047
0.024238
0.027028
0.025365
0.024415
0.024558
0.023677
0.023609
0.024291
0.023537
0.023388
0.023268
0.023796
0.022843
0.023065
0.023161
0.027016
0.024077
0.023089
0.022543
0.021857
0.021973
0.021682
0.0212
0.021274
0.021968
0.02144
0.021038
0.021031
0.020209
0.020363
0.020646
0.019068
0.020302
0.018493
0.019421
0.018302
0.018682
0.01823
0.01907
0.019063
0.018179
0.019061
0.01844
0.017467
0.018149
0.017446
0.017418
0.018346
0.016112
0.016502
0.017277
0.016136
0.015707
0.016664
0.015949
0.016262
0.015843
0.019923
0.017018
0.017172
0.016695
0.015933
0.015439
0.015937
0.015927
0.015999
0.014898
0.015653
0.015411
0.015511
0.014539
0.015212
0.015566
0.014644
0.014051
0.014176
0.015982
0.013776
0.013107
0.013219
0.013552
0.014351
0.01329
0.013288
0.013438
0.013639
0.014604
0.013599
0.013514
0.013356
0.013354
0.014168
0.013534
0.013605
0.013048
0.012879
0.01454
0.012622
0.01262
0.012749
0.013507
0.013487
0.015073
0.013342
0.013148
0.013446
0.014888
0.013861
0.013251
0.012984
0.013688
0.014494
0.013336
0.013026
0.014152
0.013567
0.0137
0.013931
0.014027
0.013616
0.012951
0.013512
0.013945
0.013393
0.013309
0.012806
0.013572
0.013216
0.01464
0.012934
0.012688
0.014328
0.013527
0.013531
0.01306
0.013524
0.014018
0.012991
0.012631
0.013124
0.012974
0.013541
0.012745
0.014869
0.013216
0.013183
0.013437
0.01329
0.01365
0.013289
0.012965
0.01354
0.01344
0.013672
0.013261
0.012743
0.014672
0.013094
0.012963
0.012518
0.012618
0.013419
0.013519
0.012975
0.012896
0.013155
0.013449
0.014809
0.013815
0.013288
0.013006
0.013202
0.01388
0.013938
0.01316
0.01305
0.014058
0.013223
0.014247
0.013186
0.01256
0.012879
0.014148
0.013514
0.012725
0.012307
0.014341
0.015195
0.013197
0.014462
0.014449
0.014957
0.013641
0.013331
0.01427
0.014325
0.014439
0.013652
0.013564
0.013766
0.013608
0.015385
0.013604
0.013366
0.013074
0.013148
0.013933
0.013974
0.013478
0.016112
0.014019
0.014186
0.013266
0.012862
0.013128
0.013466
0.014141
0.013242
0.01293
0.012643
0.013216
0.013526
0.012643
0.013498
0.013748
0.011764
0.01306
0.012012
0.01305
0.013168
0.01285
0.015216
0.013497
0.013327
0.013995
0.013051
0.013825
0.014321
0.014182
0.013329
0.013159
0.01375
0.013262
0.013465
0.013054
0.013179
0.016378
0.013225
0.012969
0.012873
0.012632
0.013151
0.013288
0.014037
0.013335
0.01383
0.013828
0.013334
0.01344
0.015337
0.013589
0.014241
0.013796
0.013222
0.013443
0.013504
0.014699
0.013011
0.013034
0.01245
0.012261
0.012675
0.012394
0.013773
0.012703
0.011892
0.012282
0.012353
0.012569
0.012562
0.012427
0.012544
0.012518
0.012824
0.014507
0.013257
0.013735
0.013179
0.012643
0.012634
0.013133
0.013594
0.013517
0.013259
0.01347
0.012621
0.013655
0.013002
0.013304
0.01328
0.013391
0.014372
0.013386
0.013664
0.013311
0.013725
0.014276
0.0136
0.013722
0.01382
0.013664
0.014489
0.013435
0.013686
0.013676
0.014204
0.014389
0.014264
0.013685
0.013874
0.014183
0.013566
0.013353
0.013283
0.013351
0.0153
0.01457
0.014657
0.014389
0.01411
0.014209
0.013973
0.013803
0.013883
0.012953
0.014075
0.012913
0.013321
0.013026
0.013254
0.013274
0.013123
0.013533
0.012584
0.01297
0.012957
0.012748
0.013247
0.013022
0.013127
0.012903
0.013263
0.013553
0.012969
0.013287
0.013573
0.013541
0.015877
0.015499
0.013774
0.014132
0.014011
0.014372
0.013576
0.013792
0.014405
0.01344
0.014468
0.013956
0.014307
0.015032
0.013813
0.014096
0.013638
0.013812
0.014688
0.013256
0.014028
0.013885
0.013862
0.013731
0.013306
0.013884
0.013531
0.013804
0.013939
0.013655
0.013648
0.014094
0.013999
0.014611
0.014039
0.013662
0.013913
0.013876
0.014081
0.013484
0.013494
0.01362
0.013015
0.014194
0.01355
0.013692
0.013494
0.013939
0.014251
0.0139
0.013544
0.014697
0.013747
0.015564
0.015434
0.013732
0.013742
0.013681
0.015107
0.0141
0.013954
0.013742
0.014212
0.015084
0.014531
0.01401
0.014066
0.013862
0.014828
0.013856
0.013832
0.01419
0.013863
0.014776
0.013848
0.014006
0.013996
0.014833
0.013782
0.014537
0.01374
0.014566
0.014159
0.014007
0.013786
0.013868
0.014818
0.01425
0.014225
0.014276
0.013859
0.015561
0.014349
0.013994
0.01409
0.014127
0.014389
0.014946
0.014045
0.013993
0.014142
0.014332
0.01382
0.01379
0.013997
0.013954
0.014359
0.014469
0.014086
0.014002
0.013507
0.015877
0.014672
0.015067
0.015061
0.014764
0.014291
0.014558
0.013845
0.013879
0.014213
0.014274
0.016807
0.013996
0.013916
0.014515
0.013802
0.013646
0.013739
0.013684
0.014581
0.013904
0.013899
0.013813
0.013986
0.013784
0.013879
0.014111
0.013885
0.013359
0.014092
0.013622
0.013716
0.013898
0.014508
0.014207
0.013982
0.014012
0.013759
0.013968
0.013789
0.013697
0.01362
0.013844
0.013665
0.01436
0.014212
0.013831
0.014065
0.01382
0.014716
0.013848
0.013628
0.013251
0.013521
0.013716
0.013235
0.013318
0.013143
0.013014
0.013326
0.012751
0.012629
0.012485
0.012301
0.01291
0.011999
0.012236
0.012608
0.013364
0.014306
0.01388
0.013724
0.013669
0.01341
0.013738
0.013437
0.013435
0.013161
0.013097
0.01359
0.013116
0.0128
0.013262
0.012988
0.013604
0.012996
0.012917
0.013052
0.012869
0.01401
0.013084
0.012732
0.013088
0.012406
0.013738
0.013243
0.012951
0.013186
0.013553
0.014006
0.013192
0.01324
0.013212
0.013297
0.012944
0.013303
0.012649
0.013014
0.013345
0.013579
0.013413
0.012815
0.012828
0.013182
0.014166
0.013978
0.013368
0.012739
0.013128
0.013168
0.013289
0.013648
0.013499
0.013375
0.013801
0.013297
0.013132
0.013129
0.013289
0.013692
0.013554
0.013247
0.01319
0.013468
0.013761
0.013243
0.013167
0.013229
0.012472
0.0135
0.013119
0.013049
0.012957
0.012748
0.012938
0.012928
0.012692
0.012267
0.012839
0.013776
0.013945
0.01377
0.014066
0.013973
0.014245
0.014453
0.014028
0.013998
0.013985
0.013647
0.013501
0.013372
0.012907
0.013244
0.013957
0.01422
0.014183
0.014679
0.014444
0.014876
0.014
0.01406
0.01415
0.014184
0.014253
0.012731
0.012952
0.013055
0.013108
0.013591
0.013311
0.013152
0.013464
0.01333
0.013865
0.013259
0.013183
0.013245
0.013829
0.014171
0.013794
0.013785
0.013283
0.013929
0.01432
0.014092
0.014003
0.014222
0.01407
0.014011
0.014237
0.013695
0.012937
0.012783
0.013107
0.012898
0.013291
0.013338
0.012603
0.013345
0.012726
0.01315
0.013778
0.013645
0.014143
0.01388
0.012958
0.013654
0.013263
0.014573
0.013765
0.014475
0.01347
0.013633
0.013519
0.013755
0.013285
0.013333
0.013352
0.014359
0.012856
0.013678
0.01322
0.013348
0.014002
0.01403
0.014029
0.013735
0.013626
0.014478
0.013761
0.013784
0.013694
0.013279
0.013747
0.013711
0.013216
0.013534
0.012952
0.014196
0.013477
0.013654
0.013478
0.014041
0.015144
0.013902
0.014213
0.014025
0.014153
0.01455
0.013703
0.014231
0.013424
0.013371
0.014076
0.013772
0.013701
0.0139
0.013907
0.013959
0.01422
0.013729
0.014176
0.014013
0.014474
0.013866
0.014472
0.013863
0.013391
0.014223
0.013736
0.013874
0.013683
0.013314
0.014929
0.013935
0.013507
0.013808
0.013225
0.013697
0.013918
0.013562
0.013815
0.014402
0.013686
0.014062
0.013474
0.01412
0.013714
0.014241
0.013296
0.013837
0.013895
0.014511
0.0143
0.014227
0.01396
0.014135
0.014938
0.014366
0.014012
0.01406
0.013605
0.014566
0.014333
0.01421
0.014477
0.014639
0.014537
0.014226
0.013959
0.015185
0.01392
0.014309
0.014109
0.01387
0.013964
0.01475
0.01421
0.014168
0.013956
0.013875
0.013369
0.014248
0.013426
0.013678
0.014141
0.013305
0.014383
0.013983
0.014211
0.013461
0.013627
0.014605
0.014396
0.013656
0.014186
0.013727
0.014038
0.013964
0.014624
0.014335
0.013455
0.01328
0.013908
0.013914
0.014011
0.014044
0.013923
0.013592
0.013482
0.013761
0.014356
0.013361
0.014181
0.013235
0.013504
0.013778
0.013977
0.013703
0.014222
0.014177
0.014647
0.013513
0.013784
0.013993
0.013703
0.013858
0.013976
0.014015
0.014019
0.014177
0.013742
0.014
0.014053
0.014206
0.015809
0.014269
0.013639
0.013571
0.01358
0.014215
0.014445
0.013717
0.014155
0.01455
0.014117
0.014303
0.014361
0.014208
0.014228
0.014924
0.014998
0.01434
0.014731
0.014423
0.015244
0.013984
0.013545
0.014415
0.014055
0.013713
0.014498
0.013729
0.013928
0.01378
0.013708
0.013698
0.014463
0.013654
0.013387
0.012949
0.013655
0.013066
0.014425
0.01294
0.012743
0.013398
0.012752
0.01413
0.012618
0.013021
0.013638
0.012961
0.012899
0.013176
0.014129
0.013595
0.01302
0.013234
0.01321
0.013164
0.013448
0.013309
0.013254
0.013495
0.013673
0.014653
0.014284
0.01474
0.014856
0.01482
0.015308
0.014459
0.014491
0.014542
0.013863
0.013253
0.013223
0.013879
0.013645
0.013862
0.01403
0.013673
0.013623
0.013658
0.013336
0.013969
0.013545
0.013851
0.013729
0.013778
0.01447
0.014332
0.014244
0.014244
0.014163
0.014552
0.014593
0.014875
0.015036
0.014902
0.015257
0.015
0.014713
0.015247
0.014255
0.014517
0.013888
0.013357
0.013874
0.013958
0.014599
0.01432
0.014675
0.014686
0.015433
0.015809
0.014976
0.014902
0.014891
0.014799
0.015459
0.015306
0.01508
0.014825
0.013938
0.015181
0.014564
0.01385
0.013517
0.013154
0.013601
0.013422
0.013465
0.013442
0.013205
0.014373
0.014044
0.014577
0.014902
0.014952
0.015424
0.014763
0.014557
0.016033
0.014893
0.01446
0.014092
0.013881
0.013682
0.013748
0.013305
0.013439
0.013652
0.013294
0.013637
0.013578
0.014041
0.014728
0.015369
0.016277
0.015723
0.01584
0.015636
0.015529
0.015437
0.015212
0.015127
0.015017
0.015436
0.014601
0.014897
0.015324
0.015646
0.01598
0.015998
0.015857
0.016253
0.016495
0.016021
0.016143
0.016362
0.016382
0.01549
0.015745
0.016748
0.015776
0.016142
0.015822
0.015938
0.016068
0.014232
0.014447
0.014914
0.01526
0.016082
0.016078
0.016118
0.018635
0.016668
0.016417
0.016056
0.016263
0.016179
0.015973
0.015499
0.014484
0.013666
0.014636
0.014724
0.015454
0.016367
0.016378
0.01577
0.016311
0.015142
0.014801
0.015081
0.014213
0.014442
0.014448
0.013956
0.014461
0.013859
0.014116
0.014028
0.014302
0.015476
0.014646
0.015479
0.015536
0.015015
0.015895
0.015718
0.016564
0.015336
0.0154
0.014979
0.014983
0.015287
0.015011
0.015992
0.015423
0.016094
0.015323
0.014427
0.013983
0.012931
0.012114
0.01225
0.013023
0.01331
0.013956
0.014264
0.014259
0.015039
0.01571
0.01602
0.015898
0.015425
0.014875
0.014241
0.014101
0.013545
0.014138
0.014084
0.014803
0.015154
0.015309
0.016312
0.015591
0.014871
0.015094
0.015733
0.014942
0.015769
0.016278
0.016134
0.016879
0.015682
0.016052
0.01586
0.016301
0.015254
0.014033
0.012954
0.011307
0.012887
0.013121
0.013456
0.014263
0.016259
0.016512
0.016926
0.01681
0.016726
0.017008
0.017329
0.018129
0.017612
0.017931
0.017103
0.016651
0.016319
0.016633
0.016097
0.015579
0.015312
0.015098
0.015028
0.015081
0.015743
0.016735
0.01667
0.017311
0.016196
0.016532
0.016511
0.019022
0.016521
0.016148
0.016221
0.016188
0.015634
0.01572
0.01616
0.015753
0.017918
0.015448
0.014573
0.014755
0.01503
0.015123
0.01583
0.015417
0.015612
0.016423
0.016228
0.016747
0.019803
0.017244
0.018109
0.017619
0.017319
0.016829
0.017415
0.016038
0.015837
0.014878
0.014607
0.014746
0.014681
0.015041
0.014678
0.015529
0.015049
0.015407
0.015254
0.015477
0.016405
0.015646
0.016087
0.015388
0.015874
0.016302
0.01526
0.016457
0.015105
0.015009
0.015391
0.014828
0.014508
0.015495
0.014398
0.013788
0.013838
0.013716
0.014784
0.013993
0.013988
0.013961
0.013965
0.014316
0.015015
0.013678
0.013366
0.013535
0.014421
0.014258
0.01458
0.014499
0.014567
0.015369
0.018111
0.016041
0.015551
0.014787
0.015593
0.01459
0.014609
0.015077
0.015977
0.016404
0.015838
0.016355
0.018707
0.016875
0.015919
0.01634
0.016088
0.015502
0.014977
0.016043
0.0157
0.015238
0.014771
0.014676
0.01523
0.01548
0.015718
0.016596
0.016675
0.016127
0.015761
0.016579
0.016341
0.016421
0.018554
0.017105
0.017205
0.017617
0.019083
0.017848
0.01758
0.017576
0.017008
0.018607
0.018337
0.018804
0.017683
0.017434
0.019596
0.018935
0.018373
0.017513
0.017404
0.019853
0.018399
0.017684
0.017846
0.017496
0.019049
0.018015
0.017479
0.017439
0.016862
0.01662
0.017552
0.018523
0.017115
0.018145
0.017222
0.017841
0.017464
0.018147
0.018926
0.017238
0.016564
0.01673
0.017204
0.017487
0.016601
0.018202
0.018632
0.01734
0.016587
0.019545
0.018011
0.018091
0.017197
0.016759
0.016723
0.016653
0.018206
0.019314
0.019691
0.017795
0.018313
0.018906
0.0204
0.019896
0.019582
0.019228
0.019768
0.019814
0.022356
0.020714
0.020899
0.020361
0.020159
0.019706
0.020831
0.020098
0.02165
0.021308
0.021465
0.020281
0.020434
0.020219
0.020057
0.024809
0.020453
0.020484
0.019244
0.019731
0.019484
0.023074
0.020192
0.019296
0.019114
0.019335
0.02147
0.020116
0.019356
0.019835
0.019204
0.020491
0.02117
0.02149
0.021346
0.019937
0.020279
0.019458
0.019271
0.018598
0.021308
0.020084
0.019821
0.019779
0.022363
0.021469
0.020957
0.020943
0.022908
0.022446
0.021907
0.022216
0.022121
0.021549
0.021454
0.021509
0.023349
0.023159
0.02221
0.023576
0.02374
0.024352
0.027799
0.024675
0.02427
0.024011
0.025582
0.024196
0.024528
0.026159
0.024987
0.025325
0.024495
0.031475
0.02688
0.026208
0.026631
0.026974
0.027361
0.028155
0.02528
0.029611
0.028507
0.027572
0.026735
0.027514
0.026811
0.032327
0.02825
0.027683
0.026247
0.026253
0.026
0.025221
0.024554
0.026018
0.026159
0.025575
0.025637
0.024943
0.024371
0.030979
0.026085
0.025549
0.025458
0.024273
0.024252
0.024805
0.023612
0.025185
0.025444
0.025094
0.02491
0.025386
0.028645
0.025748
0.025042
0.025029
0.024489
0.024423
0.023551
0.023663
0.026073
0.026119
0.026003
0.026205
0.025791
0.025783
0.026467
0.026397
0.028369
0.026345
0.027121
0.026839
0.028313
0.029514
0.026591
0.027506
0.028521
0.0293
0.028942
0.029495
0.030804
0.032174
0.037109
0.032428
0.034169
0.033852
0.033305
0.033304
0.032997
0.033729
0.035024
0.036678
0.036434
0.037166
0.036808
0.045297
0.040643
0.040485
0.037233
0.038737
0.038592
0.037594
0.036563
0.037493
0.039482
0.039071
0.03845
0.039056
0.045862
0.041516
0.041844
0.038695
0.038297
0.038392
0.037954
0.03561
0.034288
0.034815
0.036064
0.039115
0.037274
0.038465
0.042719
0.037539
0.036032
0.036355
0.035888
0.035364
0.037717
0.036931
0.03643
0.03539
0.035646
0.035933
0.034814
0.036964
0.035398
0.034209
0.03928
0.037323
0.038927
0.035855
0.035979
0.035622
0.036998
0.035155
0.03419
0.033479
0.034424
0.034221
0.034208
0.041938
0.035476
0.034847
0.033111
0.035479
0.031865
0.033198
0.034295
0.032407
0.03271
0.033615
0.034992
0.035279
0.034763
0.042766
0.038938
0.037573
0.037209
0.036662
0.037064
0.037467
0.037328
0.033292
0.035579
0.042336
0.039915
0.038221
0.036259
0.034412
0.034059
0.032514
0.037072
0.035129
0.034708
0.0373
0.033379
0.037469
0.036238
0.033836
0.033076
0.037645
0.038714
0.036683
0.034266
0.035985
0.033535
0.034889
0.037471
0.03496
0.034897
0.041902
0.036225
0.035873
0.034624
0.035014
0.036219
0.035529
0.033531
0.033102
0.03267
0.038427
0.033407
0.03398
0.036829
0.03569
0.033707
0.033917
0.033197
0.032513
0.033172
0.033134
0.031823
0.031097
0.032995
0.035225
0.03195
0.032823
0.032445
0.03122
0.031714
0.029981
0.033661
0.031833
0.033306
0.032161
0.031073
0.033737
0.03885
0.033144
0.033751
0.032329
0.031727
0.031384
0.031771
0.032379
0.031069
0.030817
0.030534
0.032208
0.032011
0.031725
0.032579
0.03154
0.03019
0.02915
0.031505
0.031582
0.031398
0.027908
0.028205
0.029771
0.029979
0.032575
0.029965
0.029271
0.029171
0.02859
0.027169
0.029751
0.027845
0.027813
0.028404
0.027444
0.032219
0.030132
0.029511
0.030338
0.028964
0.028837
0.029969
0.029261
0.03444
0.032307
0.03152
0.030372
0.030808
0.031549
0.032362
0.030961
0.035041
0.033524
0.032098
0.031501
0.032473
0.032213
0.031322
0.032945
0.034024
0.033854
0.033658
0.032835
0.034511
0.034213
0.03294
0.031984
0.033767
0.030985
0.029226
0.029656
0.02973
0.031196
0.030414
0.031394
0.030358
0.035298
0.033783
0.031773
0.031991
0.035615
0.034732
0.034617
0.03426
0.036748
0.037002
0.036491
0.036638
0.033887
0.034743
0.03607
0.034135
0.034203
0.039736
0.036715
0.036978
0.034759
0.034599
0.035961
0.03489
0.033739
0.033771
0.034551
0.036642
0.033531
0.032719
0.032402
0.036892
0.033676
0.031352
0.032149
0.035078
0.034071
0.034878
0.03172
0.037044
0.035808
0.035416
0.036595
0.036941
0.036598
0.036638
0.034076
0.035214
0.03498
0.033637
0.033195
0.032601
0.033583
0.033463
0.03733
0.034437
0.041501
0.037927
0.034524
0.034094
0.035456
0.037738
0.035239
0.033735
0.033968
0.03464
0.035498
0.035945
0.042925
0.037844
0.038696
0.035232
0.034161
0.033734
0.036123
0.034751
0.033731
0.033831
0.035736
0.034833
0.042654
0.03893
0.04089
0.034962
0.034378
0.036323
0.035027
0.035051
0.034302
0.034982
0.036012
0.035907
0.043497
0.037246
0.038892
0.034523
0.036108
0.039834
0.039059
0.03846
0.03377
0.036843
0.040349
0.037892
0.036735
0.036826
0.041146
0.03928
0.036175
0.034793
0.034409
0.037368
0.039086
0.037625
0.040573
0.036508
0.048661
0.040956
0.04075
0.039293
0.037342
0.0369
0.038716
0.040038
0.038345
0.039299
0.039036
0.037489
0.040291
0.036101
0.035772
0.035802
0.039736
0.035512
0.03437
0.03545
0.036051
0.03899
0.036726
0.035284
0.033729
0.031962
0.033957
0.037228
0.034827
0.034721
0.034274
0.04133
0.039254
0.037117
0.03658
0.036339
0.035599
0.038491
0.038116
0.038497
0.038222
0.04042
0.045102
0.041025
0.042015
0.041965
0.040147
0.039243
0.035948
0.037287
0.039623
0.037453
0.03661
0.037751
0.037764
0.03775
0.04031
0.036687
0.039017
0.038199
0.036387
0.035861
0.040633
0.03822
0.036881
0.036539
0.035533
0.035079
0.038754
0.037414
0.037945
0.036226
0.036638
0.037205
0.037637
0.036812
0.039364
0.036443
0.035304
0.042404
0.038173
0.038231
0.038717
0.03532
0.035065
0.035779
0.036096
0.034342
0.035394
0.035773
0.037036
0.036046
0.045558
0.039622
0.03846
0.037165
0.036911
0.03728
0.03509
0.038123
0.037946
0.03747
0.037968
0.038469
0.038078
0.038866
0.045312
0.042692
0.040639
0.039863
0.042358
0.037222
0.039375
0.038751
0.037402
0.042061
0.036523
0.0351
0.037483
0.036605
0.0356
0.037986
0.041408
0.037942
0.034947
0.035728
0.040021
0.034129
0.034321
0.034251
0.038458
0.035768
0.043422
0.039444
0.035156
0.03561
0.035228
0.037866
0.03499
0.033855
0.033243
0.034016
0.03574
0.035785
0.03668
0.034469
0.037441
0.035228
0.044056
0.037579
0.036359
0.038057
0.037722
0.036479
0.034603
0.03446
0.032915
0.035079
0.033956
0.033984
0.033238
0.033286
0.034128
0.035963
0.039041
0.035051
0.034749
0.034267
0.039819
0.036051
0.036191
0.034991
0.03654
0.033623
0.033159
0.03293
0.036024
0.036403
0.035772
0.035315
0.035574
0.03515
0.035362
0.036228
0.035301
0.035666
0.035426
0.034248
0.035328
0.03492
0.034968
0.038589
0.037254
0.035409
0.035759
0.034078
0.034411
0.035115
0.037637
0.036801
0.035836
0.03483
0.034393
0.034951
0.039345
0.036973
0.036227
0.034864
0.03445
0.033587
0.034752
0.033079
0.033939
0.033517
0.033565
0.035865
0.035361
0.034492
0.034703
0.034145
0.033673
0.033527
0.033239
0.033835
0.034969
0.034407
0.034613
0.034099
0.033497
0.033863
0.032505
0.03265
0.032333
0.032418
0.032732
0.03306
0.034012
0.035229
0.033711
0.033217
0.033418
0.032776
0.0333
0.032931
0.032537
0.032653
0.032564
0.033863
0.033952
0.033515
0.03359
0.033864
0.033691
0.033451
0.033549
0.03361
0.034917
0.037844
0.038226
0.035622
0.037049
0.038407
0.038579
0.038488
0.03788
0.037218
0.037146
0.036906
0.036867
0.036774
0.036787
0.035086
0.033983
0.033403
0.036101
0.036098
0.036297
0.035857
0.036133
0.035595
0.035552
0.036217
0.035571
0.03395
0.035295
0.035407
0.035448
0.034751
0.034585
0.033895
0.032254
0.032045
0.034166
0.039134
0.035506
0.035822
0.039118
0.038943
0.038459
0.038361
0.038788
0.038315
0.039912
0.03894
0.038642
0.038953
0.038873
0.038304
0.038871
0.038875
0.03806
0.037002
0.039034
0.039071
0.038776
0.038872
0.037059
0.03769
0.037551
0.038545
0.038373
0.036828
0.037577
0.038286
0.0385
0.036824
0.038537
0.03762
0.039077
0.037584
0.037633
0.039766
0.037998
0.038928
0.039818
0.040003
0.039514
0.039556
0.039343
0.040106
0.039649
0.036957
0.039607
0.040104
0.03934
0.040206
0.037748
0.036578
0.037648
0.036997
0.036466
0.037058
0.037585
0.036781
0.03739
0.036412
0.037415
0.037465
0.037073
0.0366
0.037572
0.036684
0.037216
0.037411
0.038153
0.038121
0.037099
0.037381
0.037872
0.0363
0.037785
0.037379
0.036326
0.03723
0.037122
0.036423
0.037493
0.037058
0.037699
0.03799
0.037354
0.037201
0.037486
0.037531
0.038969
0.037823
0.036735
0.036378
0.037966
0.036764
0.037457
0.036887
0.037129
0.037342
0.039962
0.0406
0.037858
0.038154
0.036979
0.038519
0.036834
0.038574
0.036571
0.038668
0.037927
0.037343
0.03691
0.038101
0.037246
0.037215
0.037743
0.037028
0.038209
0.03776
0.038616
0.038092
0.037078
0.036744
0.037431
0.036132
0.037615
0.039837
0.038287
0.03623
0.037442
0.036558
0.03907
0.037913
0.037561
0.03811
0.037293
0.037934
0.03693
0.036931
0.036585
0.036311
0.037586
0.03727
0.037106
0.037108
0.036054
0.03616
0.03748
0.037253
0.036137
0.037752
0.037671
0.038193
0.036875
0.036873
0.036873
0.037797
0.038352
0.036911
0.036681
0.03762
0.035858
0.037599
0.036193
0.037042
0.037378
0.035913
0.036306
0.037107
0.037529
0.036939
0.039455
0.038054
0.037229
0.038178
0.036488
0.038285
0.037129
0.037318
0.036446
0.036011
0.038093
0.038661
0.036192
0.038575
0.036851
0.03822
0.037339
0.040948
0.040896
0.040494
0.040004
0.040275
0.039669
0.040257
0.039873
0.038544
0.038712
0.038309
0.036466
0.036639
0.036931
0.037227
0.036581
0.036892
0.036218
0.036905
0.036722
0.035494
0.036547
0.035971
0.034896
0.037834
0.036455
0.036807
0.037931
0.038111
0.038086
0.036254
0.038413
0.037035
0.035381
0.034994
0.035571
0.037888
0.037453
0.036747
0.036636
0.03541
0.037448
0.037701
0.038052
0.038158
0.037767
0.037399
0.036591
0.037813
0.038311
0.038676
0.038407
0.037547
0.036371
0.03678
0.038103
0.037542
0.036193
0.037425
0.037393
0.038113
0.037829
0.036441
0.037673
0.037428
0.037954
0.037739
0.035446
0.036524
0.038017
0.036766
0.036666
0.035737
0.036048
0.036545
0.035912
0.035007
0.036687
0.037013
0.036503
0.035951
0.03412
0.036388
0.035494
0.036912
0.0372
0.037143
0.037196
0.037616
0.037348
0.03665
0.036224
0.035504
0.037472
0.037851
0.036967
0.037
0.036461
0.037255
0.037662
0.036642
0.037149
0.036844
0.036872
0.037139
0.037877
0.038012
0.037209
0.037784
0.036669
0.035687
0.03789
0.037652
0.037015
0.03795
0.038382
0.038661
0.03693
0.037143
0.037285
0.036952
0.037962
0.038583
0.037928
0.03657
0.037891
0.037696
0.037935
0.037691
0.03721
0.035566
0.035987
0.035059
0.035956
0.035288
0.037168
0.037893
0.035565
0.036166
0.037175
0.037799
0.038245
0.036665
0.036093
0.037343
0.037283
0.034747
0.036062
0.036728
0.036754
0.035196
0.035835
0.035965
0.035372
0.035527
0.035558
0.035516
0.035347
0.037298
0.03717
0.042226
0.037819
0.039524
0.03783
0.03906
0.03867
0.039231
0.038335
0.038714
0.03844
0.038939
0.038247
0.037909
0.037522
0.037183
0.037234
0.037254
0.036142
0.036414
0.038163
0.040192
0.040402
0.038304
0.039503
0.038586
0.037385
0.036801
0.037013
0.039194
0.040315
0.038908
0.038889
0.037952
0.036989
0.037014
0.037735
0.03974
0.036649
0.036658
0.03673
0.035188
0.035989
0.035634
0.035323
0.036537
0.036404
0.034652
0.03487
0.035238
0.034684
0.034441
0.038091
0.036882
0.037109
0.035269
0.036657
0.037073
0.034032
0.034656
0.037377
0.036052
0.036736
0.036143
0.035645
0.035895
0.038334
0.036258
0.034967
0.036185
0.034499
0.034037
0.034546
0.037353
0.036323
0.036388
0.035596
0.034974
0.036301
0.039
0.037878
0.036119
0.035301
0.035669
0.035034
0.035693
0.03705
0.036773
0.035709
0.036237
0.034959
0.035134
0.038817
0.037176
0.035746
0.035253
0.035602
0.034845
0.037214
0.040165
0.037939
0.037052
0.035985
0.041489
0.038084
0.035525
0.036659
0.035036
0.038323
0.037601
0.036572
0.035794
0.035825
0.037113
0.039732
0.037339
0.037546
0.039969
0.038353
0.037429
0.036172
0.034713
0.037711
0.038091
0.036437
0.03836
0.042031
0.040499
0.039852
0.039259
0.042996
0.041323
0.040495
0.038012
0.042124
0.040874
0.04293
0.04021
0.042426
0.041375
0.04015
0.041151
0.039235
0.038447
0.036613
0.040662
0.040674
0.038492
0.042174
0.039951
0.039134
0.038528
0.040814
0.037607
0.038129
0.037975
0.037418
0.036334
0.040727
0.039658
0.038347
0.036443
0.036147
0.035608
0.03742
0.038639
0.04437
0.040048
0.036908
0.035509
0.03409
0.035287
0.037868
0.036999
0.034081
0.033913
0.032289
0.036606
0.035286
0.042605
0.037937
0.04051
0.038608
0.037213
0.036436
0.037462
0.036619
0.039122
0.042696
0.04197
0.037798
0.040117
0.035736
0.035669
0.036764
0.042073
0.040639
0.039119
0.035847
0.036273
0.036185
0.037536
0.03876
0.042855
0.040043
0.040019
0.037297
0.036854
0.035024
0.036365
0.037583
0.042433
0.039391
0.03885
0.038152
0.038276
0.036704
0.039829
0.038905
0.04112
0.045278
0.041072
0.040495
0.040319
0.037635
0.037721
0.038945
0.041874
0.039844
0.040038
0.03813
0.041827
0.038277
0.037306
0.039264
0.038148
0.035921
0.03544
0.037465
0.036015
0.034866
0.034552
0.035127
0.03907
0.036605
0.034653
0.039154
0.038285
0.035786
0.035389
0.034227
0.035956
0.03518
0.034643
0.033525
0.035042
0.042244
0.034509
0.035809
0.035793
0.034688
0.034418
0.033302
0.035369
0.034863
0.034645
0.034371
0.03457
0.034781
0.03448
0.036856
0.034003
0.034716
0.039999
0.035959
0.03859
0.035171
0.039625
0.033843
0.036292
0.035128
0.036395
0.033376
0.034925
0.035943
0.036405
0.04788
0.038109
0.039612
0.035945
0.037009
0.034856
0.0406
0.03713
0.035997
0.041016
0.035958
0.036452
0.036571
0.035867
0.040757
0.037512
0.035469
0.037086
0.034207
0.04267
0.037695
0.034993
0.032164
0.034381
0.031795
0.035344
0.034065
0.033262
0.03489
0.032323
0.031935
0.032367
0.037759
0.031168
0.030372
0.032898
0.031239
0.030997
0.031206
0.031909
0.029909
0.031592
0.029022
0.029615
0.028902
0.027724
0.032073
0.030179
0.029194
0.027181
0.027213
0.026878
0.02705
0.027744
0.026698
0.028879
0.028645
0.025776
0.026249
0.028973
0.026643
0.025077
0.027539
0.026407
0.025077
0.027097
0.026456
0.025427
0.026737
0.027089
0.027284
0.027616
0.027127
0.027468
0.028208
0.026469
0.026361
0.028387
0.027393
0.026124
0.027481
0.027476
0.027502
0.028209
0.027727
0.026784
0.027141
0.027051
0.029138
0.027704
0.028114
0.029268
0.028351
0.027182
0.026765
0.026048
0.02594
0.026679
0.027927
0.026838
0.029765
0.026329
0.025811
0.02342
0.023363
0.02416
0.023927
0.026262
0.028819
0.026679
0.027206
0.027113
0.027346
0.027656
0.027428
0.027682
0.027126
0.026738
0.027852
0.027827
0.027653
0.027687
0.027197
0.028728
0.027434
0.027657
0.026846
0.02752
0.027734
0.027364
0.027594
0.027834
0.027864
0.027457
0.028966
0.027815
0.027923
0.028255
0.027967
0.02735
0.027155
0.027072
0.026954
0.027203
0.027504
0.027846
0.028048
0.027753
0.028839
0.027211
0.027704
0.027745
0.028472
0.027739
0.027762
0.028699
0.028033
0.028354
0.027362
0.026703
0.027961
0.02789
0.027985
0.028129
0.02907
0.027484
0.028043
0.027523
0.027123
0.027783
0.027405
0.027298
0.027606
0.027899
0.028189
0.028155
0.028457
0.02951
0.027988
0.029096
0.027619
0.027889
0.028526
0.02751
0.028258
0.02864
0.029163
0.028062
0.027086
0.025292
0.022743
0.019853
0.017306
0.016242
0.014021
0.016737
0.019792
0.022295
0.024282
0.026261
0.028226
0.030169
0.02891
0.02873
0.030042
0.029067
0.028341
0.029996
0.029363
0.030429
0.030791
0.030421
0.031302
0.032333
0.030329
0.031608
0.032439
0.030265
0.031424
0.031589
0.030343
0.03032
0.03105
0.030971
0.034276
0.032734
0.0302
0.030959
0.03122
0.031058
0.030654
0.031484
0.031288
0.030392
0.030952
0.030102
0.03006
0.031252
0.031218
0.029431
0.029141
0.029991
0.032417
0.029855
0.029824
0.031962
0.031744
0.029553
0.029235
0.029589
0.029289
0.028349
0.030415
0.029697
0.030655
0.031334
0.029994
0.028895
0.029067
0.029127
0.030702
0.033621
0.031405
0.030575
0.031381
0.028757
0.030833
0.030747
0.030093
0.029905
0.030742
0.030756
0.030489
0.03057
0.029651
0.029336
0.031557
0.031578
0.03097
0.031068
0.030673
0.032457
0.031626
0.030882
0.03093
0.03122
0.030115
0.031389
0.031385
0.030744
0.031067
0.031143
0.030513
0.031267
0.030683
0.030732
0.029911
0.03205
0.030322
0.031599
0.031559
0.029929
0.030955
0.031232
0.030041
0.031034
0.030449
0.031077
0.032559
0.032564
0.031725
0.029489
0.032535
0.031999
0.029218
0.029844
0.029374
0.031461
0.030707
0.03042
0.031869
0.03125
0.031494
0.031768
0.030583
0.031486
0.030809
0.032367
0.031009
0.030152
0.030848
0.030857
0.030658
0.030744
0.030013
0.031071
0.031159
0.029954
0.031176
0.030425
0.030376
0.031212
0.031177
0.030633
0.030775
0.031658
0.031123
0.030921
0.030793
0.03108
0.030094
0.029852
0.031202
0.029717
0.030963
0.030642
0.02893
0.0336
0.029547
0.030672
0.031669
0.030956
0.029313
0.032937
0.029714
0.029222
0.030231
0.029306
0.030248
0.031397
0.030385
0.029325
0.029453
0.031226
0.030016
0.03
0.028833
0.030328
0.029635
0.029008
0.028873
0.029623
0.030781
0.029823
0.030201
0.028073
0.028333
0.029923
0.028903
0.027813
0.030177
0.028574
0.028525
0.030319
0.031411
0.029125
0.030042
0.028598
0.02987
0.03237
0.02897
0.029923
0.030547
0.030374
0.03159
0.029112
0.030243
0.029477
0.030849
0.030752
0.02944
0.031396
0.030804
0.028736
0.030553
0.031415
0.028532
0.031817
0.029596
0.030092
0.028971
0.030769
0.030465
0.029302
0.030687
0.0294
0.030732
0.02946
0.030705
0.031343
0.028348
0.030549
0.031639
0.030958
0.031512
0.030616
0.027738
0.027683
0.0296
0.028599
0.028654
0.028593
0.029117
0.030353
0.030693
0.030224
0.030393
0.031075
0.029463
0.029504
0.031541
0.029529
0.028838
0.029484
0.029441
0.030507
0.031922
0.02948
0.031186
0.031249
0.029813
0.029068
0.029342
0.029182
0.028072
0.029772
0.028889
0.030725
0.03194
0.029259
0.030075
0.0291
0.030306
0.031042
0.03008
0.029511
0.030179
0.031279
0.02875
0.026757
0.025033
0.022866
0.018857
0.018631
0.017833
0.022713
0.023909
0.026433
0.027486
0.028333
0.029396
0.02859
0.02883
0.028954
0.030326
0.03019
0.02965
0.030948
0.030526
0.028671
0.029747
0.028318
0.030794
0.031004
0.030215
0.034155
0.029411
0.02996
0.029722
0.029618
0.032881
0.031197
0.0306
0.031128
0.030969
0.028477
0.029572
0.033935
0.030604
0.029044
0.031009
0.02904
0.030461
0.031036
0.028219
0.031521
0.034468
0.029968
0.028844
0.030277
0.029476
0.029691
0.027899
0.030641
0.030172
0.031411
0.032929
0.029711
0.032635
0.030275
0.028608
0.027995
0.031621
0.029501
0.030647
0.030558
0.028513
0.034457
0.029301
0.031697
0.029504
0.032654
0.027493
0.027955
0.027506
0.032329
0.031247
0.02759
0.027406
0.027197
0.026393
0.027107
0.02671
0.027925
0.026409
0.029143
0.028492
0.029552
0.026461
0.029319
0.027547
0.026685
0.029543
0.028824
0.02783
0.028743
0.027923
0.027661
0.02821
0.027093
0.026867
0.027934
0.027449
0.027527
0.028735
0.027849
0.027161
0.026964
0.030049
0.027224
0.027165
0.027534
0.024756
0.025036
0.024553
0.024756
0.025189
0.025929
0.025679
0.025644
0.02635
0.025986
0.024793
0.024906
0.026771
0.024673
0.026055
0.026134
0.026805
0.025521
0.024206
0.025986
0.024742
0.026334
0.028276
0.024626
0.023959
0.024913
0.024302
0.023051
0.026715
0.022655
0.022887
0.024943
0.02411
0.023273
0.022861
0.021664
0.024988
0.022373
0.02421
0.021278
0.022262
0.024441
0.020327
0.020808
0.019973
0.019533
0.018655
0.022293
0.01917
0.019003
0.01883
0.01902
0.017788
0.01818
0.017891
0.017307
0.017477
0.016789
0.017437
0.016782
0.016795
0.016212
0.015044
0.014867
0.014736
0.014157
0.015558
0.014332
0.014146
0.014129
0.014847
0.014403
0.016242
0.014027
0.013571
0.013315
0.013244
0.015029
0.014608
0.013539
0.013157
0.012985
0.012602
0.012395
0.013678
0.013652
0.012486
0.012199
0.012826
0.011977
0.01193
0.01158
0.011302
0.011966
0.010809
0.010614
0.010959
0.010852
0.010664
0.010856
0.010516
0.009922
0.010033
0.010127
0.010718
0.011353
0.010727
0.010629
0.010538
0.011366
0.010374
0.010107
0.009996
0.010245
0.009628
0.009865
0.008738
0.009009
0.009723
0.010232
0.010225
0.010474
0.012574
0.011035
0.010644
0.01047
0.010396
0.01026
0.010828
0.010251
0.010685
0.010506
0.009994
0.010332
0.011184
0.010645
0.010438
0.011698
0.010728
0.010687
0.010946
0.010158
0.010623
0.010659
0.010943
0.010991
0.010492
0.010995
0.01082
0.011264
0.013569
0.011795
0.011657
0.010921
0.011652
0.011046
0.010858
0.0114
0.011812
0.01182
0.011228
0.013195
0.012143
0.011786
0.011946
0.011677
0.011839
0.012841
0.01282
0.012444
0.012973
0.012289
0.014055
0.013526
0.016064
0.014143
0.013382
0.015639
0.015328
0.015153
0.016823
0.014986
0.015394
0.015372
0.014913
0.016265
0.016402
0.015615
0.01571
0.016536
0.018736
0.017648
0.016579
0.016083
0.016356
0.01646
0.015895
0.017776
0.016167
0.016562
0.016201
0.015291
0.015858
0.015145
0.016538
0.0145
0.014296
0.015102
0.014947
0.016428
0.017323
0.01502
0.014118
0.014235
0.013996
0.013504
0.014566
0.014331
0.013974
0.014503
0.013353
0.014397
0.013846
0.013178
0.012864
0.013041
0.013982
0.011541
0.012254
0.011609
0.011648
0.012049
0.011519
0.011182
0.011397
0.010857
0.010587
0.011446
0.010628
0.010434
0.010169
0.010779
0.011112
0.010799
0.011093
0.010958
0.010979
0.011109
0.011513
0.012182
0.010983
0.010812
0.010476
0.010713
0.010336
0.010082
0.011517
0.010969
0.010644
0.010897
0.011538
0.011014
0.010623
0.010469
0.010448
0.01033
0.011902
0.011444
0.011456
0.011015
0.010954
0.010347
0.012566
0.011121
0.010881
0.011157
0.010618
0.011196
0.012238
0.011478
0.011056
0.011186
0.010674
0.010275
0.011992
0.011611
0.010951
0.010934
0.011099
0.012131
0.011328
0.010878
0.011805
0.010404
0.010716
0.011204
0.011227
0.01093
0.012554
0.012337
0.012047
0.011734
0.011581
0.011702
0.011423
0.011996
0.012836
0.012143
0.012153
0.014286
0.012658
0.01247
0.012879
0.01217
0.0122
0.013466
0.012636
0.01292
0.013028
0.013571
0.013332
0.012932
0.013657
0.012824
0.013985
0.013161
0.013957
0.013576
0.015045
0.013992
0.014178
0.013998
0.015884
0.015252
0.014835
0.014302
0.014476
0.016264
0.016341
0.015346
0.015257
0.016114
0.016701
0.016299
0.016025
0.018572
0.016532
0.017272
0.019933
0.018273
0.018521
0.018572
0.018229
0.018511
0.017861
0.018786
0.020442
0.021205
0.021043
0.020712
0.021888
0.021611
0.021799
0.023725
0.022629
0.021535
0.021325
0.022888
0.022196
0.02218
0.024867
0.024904
0.023678
0.024009
0.023996
0.025627
0.024454
0.026352
0.028058
0.025191
0.024845
0.025216
0.025725
0.025388
0.026486
0.026655
0.02713
0.024763
0.02454
0.023738
0.025059
0.026758
0.025495
0.025719
0.024846
0.024778
0.024053
0.027402
0.025893
0.025549
0.024998
0.024574
0.026277
0.026226
0.026118
0.02536
0.026744
0.025695
0.025479
0.026886
0.026285
0.026221
0.028954
0.026522
0.027103
0.027279
0.026112
0.026656
0.027164
0.029266
0.029458
0.028628
0.029926
0.027614
0.028018
0.031708
0.029338
0.028352
0.028398
0.028628
0.028115
0.032374
0.031395
0.030406
0.029796
0.029141
0.029849
0.030376
0.033291
0.03179
0.031218
0.032413
0.030474
0.030664
0.035432
0.031677
0.031176
0.030784
0.030319
0.029696
0.034298
0.030574
0.030558
0.030158
0.029403
0.033136
0.031825
0.029405
0.030188
0.029782
0.032608
0.031196
0.029805
0.029646
0.029199
0.02782
0.031567
0.029579
0.029524
0.028567
0.029489
0.029636
0.0291
0.034159
0.030603
0.029695
0.027651
0.033782
0.030498
0.028756
0.028459
0.029832
0.030106
0.030514
0.03048
0.028914
0.029097
0.030463
0.030148
0.029204
0.030198
0.033834
0.029795
0.030144
0.029418
0.027143
0.030163
0.028749
0.027304
0.027504
0.026254
0.026601
0.028707
0.030951
0.028406
0.028936
0.031635
0.029787
0.029526
0.028241
0.028531
0.028839
0.02961
0.029045
0.028229
0.027895
0.029069
0.03562
0.031091
0.028994
0.029709
0.027999
0.027529
0.027281
0.028921
0.032636
0.0294
0.029595
0.030665
0.030043
0.035837
0.031566
0.030999
0.030547
0.030472
0.030017
0.030139
0.032452
0.031744
0.031886
0.031298
0.031892
0.034097
0.033927
0.039846
0.03478
0.035501
0.03397
0.033482
0.032272
0.032899
0.035334
0.035389
0.035115
0.03568
0.036203
0.035016
0.045152
0.038462
0.038178
0.036368
0.035884
0.03438
0.033847
0.033628
0.035215
0.03493
0.034945
0.035979
0.035665
0.042205
0.038187
0.03597
0.035571
0.035747
0.035799
0.03439
0.033362
0.036002
0.03612
0.035385
0.039074
0.03532
0.035245
0.034395
0.035537
0.040804
0.038332
0.036176
0.035961
0.03522
0.034652
0.039706
0.038707
0.037448
0.037921
0.035273
0.0431
0.038792
0.039137
0.038232
0.03846
0.0367
0.037133
0.041123
0.040367
0.038117
0.039123
0.036814
0.037628
0.043896
0.039196
0.039516
0.038387
0.037593
0.044478
0.040898
0.039455
0.038533
0.038801
0.037435
0.042452
0.0393
0.039273
0.040443
0.037282
0.042694
0.039838
0.038392
0.038782
0.036814
0.036932
0.035872
0.040681
0.037575
0.035951
0.036056
0.037191
0.035334
0.040806
0.037484
0.036503
0.035602
0.035148
0.033904
0.034877
0.038565
0.037732
0.035742
0.035301
0.035037
0.035298
0.039561
0.037793
0.035165
0.035191
0.034311
0.034672
0.034053
0.037296
0.035475
0.035001
0.033674
0.033514
0.034196
0.038361
0.035231
0.03325
0.033087
0.032345
0.032642
0.037642
0.034047
0.033697
0.032174
0.032861
0.032181
0.033395
0.035598
0.033087
0.033053
0.032867
0.031516
0.032303
0.032012
0.035836
0.034009
0.031895
0.030079
0.029275
0.029095
0.032966
0.030734
0.029866
0.02865
0.030026
0.029336
0.03409
0.031898
0.0317
0.03336
0.031904
0.030928
0.033405
0.032541
0.032429
0.032604
0.032187
0.03282
0.034202
0.034576
0.034995
0.034477
0.034791
0.035014
0.034894
0.03448
0.034796
0.034878
0.035069
0.035134
0.034366
0.034992
0.034632
0.034674
0.034737
0.034663
0.038476
0.038416
0.039465
0.038802
0.039384
0.038989
0.039717
0.039303
0.039016
0.039576
0.03835
0.039797
0.039602
0.039751
0.039651
0.039659
0.038887
0.039774
0.038921
0.039205
0.040111
0.038657
0.038534
0.039129
0.038832
0.037346
0.037484
0.038086
0.037938
0.039629
0.038547
0.038381
0.038769
0.036703
0.037865
0.039359
0.037455
0.037104
0.038169
0.037515
0.03673
0.037116
0.037113
0.036147
0.036525
0.03738
0.036076
0.036291
0.03668
0.036442
0.037083
0.03599
0.037823
0.037945
0.038026
0.037203
0.036921
0.037877
0.037697
0.037238
0.036163
0.037333
0.036181
0.037894
0.041185
0.043116
0.041673
0.043071
0.041945
0.040674
0.041917
0.042256
0.042548
0.041702
0.042136
0.042576
0.043627
0.041802
0.040946
0.042312
0.041051
0.042416
0.039998
0.040052
0.038914
0.04048
0.039512
0.040079
0.041377
0.042888
0.042219
0.042547
0.045012
0.041854
0.044327
0.042713
0.042562
0.041906
0.042033
0.039031
0.037565
0.040399
0.042422
0.039771
0.041828
0.042648
0.041684
0.040384
0.039315
0.039029
0.041626
0.03978
0.038704
0.038954
0.039941
0.038615
0.043389
0.040577
0.040014
0.038248
0.0371
0.036366
0.036628
0.036549
0.039666
0.037247
0.03648
0.038773
0.038469
0.036367
0.042449
0.037677
0.036836
0.036517
0.035719
0.035301
0.04092
0.037589
0.038072
0.036265
0.035704
0.03653
0.038056
0.039019
0.038854
0.039692
0.038618
0.039522
0.038691
0.036795
0.042532
0.038459
0.038226
0.038771
0.036196
0.036167
0.036291
0.041146
0.039666
0.038631
0.038266
0.036489
0.036728
0.041595
0.039271
0.037693
0.037616
0.036355
0.036415
0.041892
0.037927
0.038442
0.038076
0.035564
0.034537
0.041368
0.038543
0.035754
0.0353
0.034371
0.034674
0.035447
0.034581
0.037988
0.034584
0.034726
0.034332
0.042441
0.036706
0.03488
0.035049
0.034639
0.034024
0.034127
0.035555
0.038142
0.035377
0.038045
0.034325
0.035944
0.035517
0.037579
0.044427
0.039823
0.039724
0.041138
0.039637
0.039354
0.036797
0.038306
0.039251
0.038523
0.039169
0.03857
0.039587
0.047674
0.041239
0.039651
0.040928
0.039723
0.039033
0.042105
0.041659
0.041036
0.040653
0.041303
0.041766
0.045426
0.044416
0.042848
0.042881
0.041442
0.039685
0.046134
0.043489
0.043112
0.042682
0.041416
0.041549
0.046904
0.043658
0.041318
0.042269
0.039872
0.041188
0.047346
0.04127
0.039612
0.040386
0.038573
0.039449
0.040737
0.041599
0.044183
0.04158
0.039443
0.048293
0.041804
0.042144
0.040189
0.041306
0.039338
0.039608
0.037723
0.042516
0.044017
0.041236
0.038321
0.040867
0.039572
0.041225
0.047798
0.04371
0.041078
0.042434
0.040916
0.039013
0.037389
0.036865
0.040327
0.040499
0.041006
0.038363
0.039365
0.03921
0.039077
0.041859
0.037456
0.037954
0.03552
0.041891
0.037365
0.036913
0.035701
0.035863
0.03507
0.037228
0.038061
0.036499
0.034892
0.036192
0.036623
0.035573
0.040639
0.035962
0.034041
0.034461
0.03649
0.036751
0.035295
0.04201
0.037337
0.03769
0.034834
0.035167
0.034244
0.038955
0.037073
0.037252
0.034842
0.034173
0.039786
0.036956
0.034989
0.035134
0.039251
0.038701
0.036841
0.037091
0.035554
0.03448
0.037598
0.03822
0.036686
0.035943
0.040446
0.039372
0.037835
0.038441
0.036922
0.040765
0.039126
0.039258
0.037104
0.043119
0.039873
0.039458
0.038437
0.042855
0.040705
0.039818
0.03877
0.038749
0.036356
0.041155
0.037752
0.038382
0.037963
0.0385
0.038522
0.041761
0.03849
0.038122
0.042267
0.040817
0.039187
0.038251
0.03817
0.037941
0.039937
0.040112
0.037694
0.037334
0.038076
0.039282
0.041576
0.041087
0.038446
0.04481
0.040044
0.040737
0.039528
0.03896
0.037907
0.040132
0.039946
0.039962
0.038181
0.040643
0.038389
0.046603
0.041825
0.041292
0.03986
0.039137
0.03755
0.042027
0.040936
0.040077
0.038851
0.039789
0.039942
0.039764
0.044385
0.040656
0.039124
0.037325
0.043358
0.040778
0.038908
0.038136
0.03735
0.041801
0.038594
0.038222
0.036134
0.035416
0.03547
0.038569
0.037133
0.038067
0.037605
0.036604
0.0349
0.040377
0.035536
0.035086
0.033745
0.033067
0.032625
0.034427
0.034263
0.035262
0.033515
0.035865
0.03397
0.039576
0.03554
0.03557
0.034419
0.033355
0.033827
0.031859
0.031957
0.034171
0.033313
0.033141
0.034293
0.033423
0.039121
0.035766
0.033853
0.033825
0.03309
0.032601
0.033121
0.034947
0.036072
0.035417
0.034847
0.034145
0.039755
0.036952
0.036506
0.035784
0.035297
0.035962
0.039145
0.038383
0.038222
0.036485
0.037437
0.041794
0.040967
0.039916
0.039341
0.039357
0.038487
0.039025
0.043023
0.040628
0.040849
0.039096
0.039482
0.04464
0.04267
0.03986
0.040501
0.039062
0.039131
0.037574
0.043991
0.03965
0.039725
0.037931
0.039398
0.038256
0.037736
0.040757
0.039325
0.038271
0.03946
0.037063
0.038588
0.03647
0.041109
0.038092
0.036463
0.03628
0.036169
0.036037
0.036035
0.039273
0.038318
0.036796
0.036229
0.035714
0.037
0.036062
0.038961
0.037452
0.038301
0.03666
0.036016
0.036535
0.035602
0.038281
0.036907
0.036125
0.035555
0.034515
0.034769
0.038741
0.036525
0.035343
0.034724
0.033813
0.038008
0.035431
0.034331
0.033907
0.03386
0.034132
0.033357
0.033686
0.033601
0.034655
0.034139
0.033782
0.035047
0.033869
0.033806
0.033585
0.033071
0.034953
0.034451
0.034599
0.034001
0.034302
0.034363
0.033676
0.033984
0.03329
0.033286
0.032886
0.035532
0.037573
0.037532
0.037143
0.036559
0.034497
0.034492
0.035438
0.033912
0.033367
0.034323
0.036277
0.035383
0.035664
0.034121
0.033054
0.033006
0.032973
0.033637
0.034849
0.035082
0.034476
0.033273
0.03352
0.035619
0.035352
0.034026
0.034725
0.035419
0.034387
0.034466
0.035138
0.036035
0.036186
0.035803
0.035324
0.035221
0.03314
0.034447
0.033081
0.034891
0.032034
0.033752
0.032721
0.03364
0.035801
0.035019
0.035307
0.035032
0.034847
0.03464
0.0342
0.034607
0.033347
0.034009
0.033446
0.033068
0.032677
0.030273
0.031295
0.031742
0.030287
0.031374
0.033827
0.035611
0.033715
0.033245
0.038166
0.03298
0.034936
0.029993
0.032258
0.030406
0.031843
0.034351
0.03148
0.035284
0.031092
0.030581
0.029778
0.030764
0.028891
0.028731
0.026718
0.027079
0.02764
0.02689
0.025736
0.026185
0.02656
0.025882
0.025688
0.024911
0.024409
0.025539
0.02582
0.024845
0.02499
0.023618
0.024171
0.023142
0.023071
0.023445
0.022388
0.022675
0.022318
0.022477
0.021363
0.022665
0.021689
0.023908
0.021087
0.020581
0.021386
0.020838
0.020587
0.022997
0.021022
0.019697
0.019468
0.019546
0.018016
0.018259
0.018399
0.017773
0.018324
0.018028
0.018528
0.018387
0.018585
0.018068
0.017377
0.018811
0.017847
0.017598
0.017575
0.018169
0.016785
0.017197
0.017618
0.017356
0.017395
0.017566
0.016844
0.017848
0.016966
0.019322
0.01639
0.01681
0.016763
0.016582
0.016338
0.017832
0.016817
0.016307
0.016223
0.015966
0.015464
0.015532
0.015856
0.014912
0.016259
0.015119
0.014486
0.014718
0.014884
0.01503
0.014593
0.013987
0.015416
0.014953
0.013679
0.014128
0.014569
0.014024
0.014017
0.014887
0.014068
0.013713
0.013647
0.013915
0.013501
0.013733
0.013343
0.013535
0.014394
0.013228
0.013435
0.013546
0.012968
0.013814
0.01423
0.014619
0.016218
0.014742
0.014675
0.01423
0.014145
0.0145
0.015352
0.01454
0.014521
0.014624
0.01411
0.014196
0.015785
0.014158
0.014068
0.013266
0.013914
0.015124
0.014999
0.014162
0.014128
0.015036
0.013365
0.015656
0.014215
0.014052
0.014193
0.014122
0.014134
0.014348
0.01362
0.014036
0.014447
0.013993
0.015886
0.014412
0.014032
0.013792
0.013504
0.013906
0.014412
0.013707
0.013635
0.014432
0.013999
0.014272
0.013605
0.014752
0.014395
0.013826
0.014198
0.01494
0.01412
0.014354
0.013882
0.014193
0.014629
0.014223
0.013773
0.013985
0.014032
0.012915
0.012962
0.01481
0.014435
0.014296
0.013674
0.014329
0.014332
0.014321
0.013788
0.014705
0.01473
0.013717
0.013281
0.015182
0.014596
0.013987
0.013925
0.014845
0.014779
0.014087
0.01374
0.013891
0.015141
0.014353
0.013974
0.013808
0.015185
0.014093
0.014103
0.013721
0.014147
0.014659
0.013847
0.014056
0.013566
0.014942
0.014376
0.013924
0.01383
0.014628
0.014384
0.01418
0.012989
0.014037
0.014721
0.013896
0.013774
0.013495
0.014012
0.013008
0.012881
0.013793
0.013155
0.01317
0.012749
0.013104
0.013528
0.013065
0.013671
0.013467
0.012677
0.01506
0.013154
0.013977
0.013591
0.013131
0.013651
0.014726
0.014853
0.014202
0.013505
0.014602
0.013832
0.014569
0.013697
0.013922
0.015545
0.014293
0.013552
0.01449
0.013777
0.01434
0.015571
0.014701
0.014498
0.016287
0.015117
0.014781
0.015166
0.014554
0.01609
0.015874
0.015282
0.014905
0.014599
0.016144
0.014863
0.014023
0.014499
0.014375
0.014721
0.016098
0.014925
0.014601
0.014475
0.015811
0.014413
0.014034
0.014574
0.014775
0.015449
0.014959
0.015344
0.014819
0.016373
0.016313
0.015304
0.014528
0.013974
0.014721
0.013863
0.012881
0.012471
0.013245
0.012213
0.012445
0.013706
0.014093
0.014153
0.016377
0.017426
0.017347
0.017044
0.016204
0.016243
0.015665
0.014795
0.015087
0.015021
0.015524
0.015508
0.015122
0.015261
0.01399
0.013514
0.013632
0.014232
0.014502
0.014703
0.01497
0.016903
0.016898
0.016051
0.014935
0.015127
0.016379
0.016552
0.016179
0.01648
0.019046
0.017816
0.017357
0.017547
0.018298
0.016871
0.016975
0.017896
0.01773
0.017251
0.01688
0.016192
0.017347
0.016392
0.016278
0.017368
0.016836
0.016467
0.019969
0.017306
0.017032
0.016002
0.015521
0.016061
0.015603
0.016305
0.016135
0.016697
0.016741
0.016314
0.019769
0.017272
0.01858
0.017314
0.017278
0.018929
0.017459
0.016749
0.016656
0.01784
0.017276
0.016983
0.017625
0.017945
0.018845
0.018175
0.017617
0.017512
0.018232
0.017652
0.017771
0.017538
0.01794
0.017081
0.017692
0.01797
0.018604
0.018441
0.017936
0.018289
0.019051
0.018113
0.018281
0.018182
0.018889
0.018089
0.018192
0.017847
0.023706
0.018438
0.017854
0.018076
0.018273
0.017834
0.017773
0.018104
0.018549
0.017838
0.017715
0.017478
0.017843
0.017667
0.017943
0.018117
0.018753
0.018147
0.018133
0.018006
0.017789
0.017837
0.018115
0.017986
0.018502
0.017765
0.017781
0.017974
0.018183
0.01748
0.01817
0.018008
0.018595
0.017443
0.017792
0.017895
0.017918
0.017558
0.017935
0.018191
0.017937
0.017819
0.017734
0.01787
0.018366
0.017885
0.018017
0.017868
0.01824
0.018099
0.017995
0.018258
0.018598
0.017986
0.018221
0.018001
0.018839
0.017722
0.018047
0.018021
0.018592
0.017848
0.017982
0.0178
0.0179
0.017697
0.01789
0.017922
0.018669
0.017793
0.018426
0.017787
0.018332
0.017958
0.018098
0.017944
0.01888
0.018053
0.018092
0.018075
0.018868
0.017748
0.017819
0.018169
0.017989
0.017727
0.017509
0.017294
0.017673
0.016699
0.016694
0.016708
0.016648
0.016843
0.016546
0.017253
0.017451
0.017612
0.017806
0.019054
0.018243
0.017951
0.01764
0.017638
0.017951
0.017659
0.017687
0.017976
0.018104
0.017917
0.018003
0.017939
0.018569
0.017733
0.017954
0.017932
0.018719
0.017747
0.017371
0.017693
0.017871
0.017696
0.017619
0.017763
0.01783
0.017498
0.017358
0.017473
0.017864
0.017328
0.017432
0.017448
0.017873
0.017527
0.017577
0.01745
0.017359
0.018983
0.017405
0.017149
0.017835
0.019345
0.017922
0.018518
0.018587
0.018
0.018096
0.017432
0.018304
0.01801
0.017559
0.017662
0.018148
0.017786
0.017943
0.017851
0.017827
0.017708
0.017882
0.01789
0.017438
0.01782
0.0174
0.018033
0.018224
0.018147
0.01784
0.017647
0.017547
0.017818
0.017679
0.017908
0.017925
0.018226
0.017889
0.018888
0.018553
0.018131
0.018276
0.017936
0.017965
0.017525
0.017519
0.01745
0.017826
0.017236
0.017302
0.017481
0.017626
0.017602
0.017893
0.016974
0.018602
0.017691
0.017527
0.017717
0.017978
0.017699
0.017665
0.017854
0.01792
0.017612
0.017571
0.017677
0.018001
0.018046
0.017458
0.017574
0.018484
0.018554
0.017727
0.017475
0.017926
0.017114
0.017399
0.017317
0.017266
0.017117
0.017401
0.016776
0.018138
0.017165
0.016726
0.016734
0.0179
0.017214
0.016597
0.016991
0.017998
0.016737
0.021084
0.017294
0.018184
0.017481
0.018398
0.018248
0.018844
0.018571
0.018644
0.018165
0.018836
0.018528
0.018606
0.018627
0.018606
0.017892
0.017929
0.018403
0.018437
0.017298
0.017353
0.017741
0.017526
0.01703
0.017838
0.017795
0.0186
0.017994
0.017894
0.017521
0.018169
0.017653
0.017739
0.017463
0.01803
0.017951
0.017164
0.017541
0.017958
0.018268
0.018494
0.018033
0.019102
0.018697
0.018213
0.017986
0.019245
0.018384
0.018251
0.018103
0.018449
0.018341
0.01811
0.017702
0.018801
0.018018
0.017431
0.016871
0.017874
0.016997
0.017908
0.017413
0.019087
0.018428
0.018302
0.018168
0.019062
0.018215
0.017826
0.01774
0.018079
0.017105
0.017392
0.016893
0.018418
0.018079
0.018272
0.018327
0.018328
0.017504
0.01796
0.017311
0.018403
0.018194
0.01829
0.01783
0.018525
0.018227
0.018198
0.017798
0.018466
0.017912
0.017514
0.017023
0.017149
0.017337
0.017821
0.018037
0.018248
0.017912
0.018024
0.017953
0.018935
0.018521
0.017807
0.018
0.018928
0.018172
0.018376
0.018492
0.02
0.017756
0.020654
0.019472
0.019251
0.018643
0.018656
0.018924
0.019065
0.01821
0.017643
0.018832
0.018589
0.017877
0.019706
0.017914
0.018115
0.01763
0.017952
0.017811
0.018669
0.017589
0.017827
0.01825
0.018607
0.018146
0.017462
0.017828
0.018251
0.017304
0.01857
0.017859
0.018481
0.017905
0.017611
0.017591
0.019165
0.019472
0.017779
0.018207
0.019281
0.01801
0.018826
0.018505
0.018995
0.017934
0.018758
0.018275
0.020592
0.018841
0.018882
0.019013
0.019146
0.018467
0.018872
0.018928
0.019688
0.018842
0.019198
0.018969
0.01945
0.019024
0.018902
0.018861
0.019229
0.018973
0.018981
0.01926
0.01931
0.018928
0.018679
0.018692
0.018645
0.018548
0.01894
0.018492
0.018812
0.018686
0.019011
0.018826
0.020845
0.01899
0.018885
0.0191
0.019075
0.019171
0.019014
0.018972
0.018387
0.023068
0.018772
0.018774
0.018967
0.019501
0.018559
0.018432
0.019575
0.018056
0.01849
0.018509
0.019874
0.018741
0.018863
0.018901
0.019086
0.018618
0.0189
0.018996
0.020034
0.019821
0.0195
0.018279
0.020277
0.018461
0.018406
0.01831
0.018368
0.019094
0.01844
0.018092
0.019218
0.019452
0.019353
0.01877
0.018984
0.019488
0.018815
0.01972
0.020179
0.019163
0.019127
0.019093
0.019485
0.018841
0.019225
0.018724
0.018825
0.019291
0.01926
0.018772
0.01978
0.018758
0.019175
0.01914
0.019078
0.019082
0.018746
0.019402
0.019585
0.01864
0.018856
0.018734
0.019094
0.019051
0.019257
0.019196
0.019063
0.019334
0.0186
0.019221
0.018597
0.018507
0.018328
0.017743
0.018188
0.017789
0.017653
0.018295
0.018614
0.018468
0.018585
0.018566
0.018502
0.018162
0.018412
0.018476
0.018543
0.018683
0.018663
0.018533
0.018783
0.018611
0.018779
0.018846
0.018791
0.018639
0.018946
0.018616
0.018938
0.019003
0.018829
0.018727
0.018908
0.018097
0.018139
0.020207
0.019036
0.019062
0.018321
0.018451
0.019572
0.018125
0.017726
0.017505
0.017586
0.017214
0.017351
0.016782
0.016102
0.015504
0.015088
0.014667
0.015641
0.016715
0.016706
0.016578
0.017819
0.017549
0.017204
0.0175
0.017723
0.017697
0.018272
0.018171
0.018901
0.018142
0.017844
0.01779
0.017989
0.01804
0.017903
0.017908
0.018981
0.018264
0.018613
0.018511
0.019247
0.018728
0.018808
0.018469
0.019141
0.018823
0.019007
0.01881
0.019213
0.019086
0.01943
0.019443
0.019493
0.018221
0.018661
0.018371
0.018369
0.017066
0.017368
0.016475
0.016301
0.016452
0.016353
0.016798
0.017252
0.017467
0.017618
0.018084
0.018362
0.018537
0.018322
0.018342
0.018184
0.018065
0.018166
0.017621
0.018427
0.017644
0.017566
0.017423
0.018193
0.017907
0.018205
0.018231
0.019093
0.018266
0.018431
0.018575
0.018543
0.019061
0.018687
0.01912
0.019542
0.018364
0.018092
0.018045
0.018547
0.017608
0.017768
0.01767
0.017926
0.018053
0.017981
0.018354
0.018707
0.018631
0.017969
0.018906
0.019953
0.0191
0.019104
0.019196
0.019887
0.018476
0.018317
0.017843
0.018527
0.018659
0.018606
0.018463
0.019141
0.018559
0.018848
0.019058
0.019465
0.019591
0.019217
0.020102
0.01971
0.020423
0.019761
0.018223
0.019964
0.020323
0.018241
0.017256
0.016318
0.016295
0.016411
0.016287
0.01709
0.017492
0.017601
0.018841
0.019527
0.020374
0.019605
0.020759
0.021211
0.020331
0.019694
0.019904
0.020587
0.020851
0.019613
0.019226
0.020789
0.020002
0.019047
0.019363
0.019485
0.018942
0.019435
0.019793
0.020086
0.019079
0.019149
0.020232
0.019029
0.018517
0.018843
0.01888
0.018576
0.019696
0.019203
0.01961
0.01998
0.019447
0.019323
0.019862
0.020022
0.019469
0.019005
0.019165
0.019391
0.019059
0.019557
0.019723
0.020514
0.019493
0.019715
0.02004
0.01993
0.019148
0.018953
0.019351
0.019342
0.018152
0.018179
0.017978
0.018147
0.018555
0.01894
0.018753
0.018869
0.018033
0.018171
0.018246
0.021068
0.018743
0.019526
0.020411
0.021048
0.018985
0.019605
0.020065
0.024141
0.019075
0.019254
0.019074
0.01936
0.019098
0.019405
0.018924
0.018606
0.018326
0.018814
0.018975
0.019171
0.017807
0.018634
0.020613
0.01866
0.018985
0.0196
0.019199
0.01997
0.019064
0.019102
0.019221
0.019751
0.019072
0.018842
0.018726
0.019563
0.017534
0.017582
0.017774
0.018412
0.018523
0.019506
0.019065
0.019694
0.022057
0.01975
0.018701
0.020341
0.01812
0.017915
0.021834
0.019493
0.017638
0.017557
0.018919
0.018738
0.018724
0.0183
0.019561
0.019231
0.018431
0.018024
0.017886
0.01775
0.019253
0.01843
0.017852
0.018618
0.01779
0.018001
0.017733
0.018059
0.017793
0.0193
0.018234
0.018173
0.017593
0.017483
0.019525
0.018816
0.018273
0.019585
0.019208
0.019913
0.021619
0.020643
0.019818
0.020443
0.019231
0.022228
0.020347
0.023635
0.021664
0.020916
0.020875
0.021942
0.022408
0.022318
0.020934
0.022304
0.022133
0.021871
0.021067
0.02092
0.021664
0.021324
0.020881
0.020503
0.02139
0.022181
0.021206
0.023121
0.021924
0.021643
0.0217
0.02189
0.02231
0.021848
0.024247
0.023477
0.022397
0.02131
0.020883
0.020173
0.021389
0.02022
0.019453
0.018506
0.018734
0.019358
0.022672
0.020054
0.018946
0.021713
0.022654
0.021496
0.021195
0.021467
0.020482
0.021302
0.023091
0.023646
0.0228
0.022189
0.022737
0.022936
0.02527
0.024919
0.026444
0.02443
0.024796
0.025036
0.025317
0.025039
0.030543
0.027155
0.025809
0.026005
0.025191
0.027209
0.029337
0.02592
0.028854
0.027624
0.029011
0.026475
0.031036
0.027798
0.026638
0.025983
0.025242
0.027998
0.026649
0.025733
0.025456
0.023266
0.027545
0.02541
0.024076
0.02251
0.027
0.024847
0.024982
0.023719
0.02445
0.023331
0.026546
0.025511
0.024925
0.024418
0.024523
0.023958
0.028058
0.025891
0.025444
0.026368
0.025288
0.02471
0.029391
0.026923
0.026323
0.026042
0.02594
0.025371
0.02721
0.029493
0.026887
0.026185
0.026419
0.027376
0.031727
0.02774
0.026719
0.028287
0.028107
0.030161
0.032122
0.031555
0.037244
0.033918
0.034006
0.033649
0.033735
0.034839
0.035167
0.037371
0.038873
0.037323
0.038767
0.037725
0.045139
0.040367
0.038987
0.038644
0.038769
0.03863
0.038472
0.03676
0.037681
0.038397
0.041506
0.04129
0.039541
0.049201
0.039596
0.040384
0.03828
0.036438
0.038638
0.040446
0.036497
0.037764
0.040684
0.037312
0.039094
0.037595
0.04549
0.041418
0.038923
0.039403
0.039986
0.037985
0.036679
0.039242
0.036755
0.037024
0.0369
0.035421
0.034341
0.045317
0.04086
0.038935
0.037586
0.036657
0.033516
0.034275
0.033843
0.036305
0.035133
0.034989
0.034799
0.033814
0.041106
0.035387
0.034493
0.03291
0.032789
0.032369
0.03247
0.03331
0.033999
0.032734
0.036364
0.036063
0.043434
0.03807
0.036111
0.036343
0.033582
0.032969
0.03655
0.03469
0.035961
0.034114
0.033672
0.038869
0.03959
0.034679
0.033396
0.039497
0.036847
0.035406
0.035021
0.033804
0.034381
0.035759
0.035355
0.034637
0.035501
0.034726
0.03534
0.042326
0.037703
0.036568
0.036667
0.034546
0.033697
0.033694
0.034727
0.034784
0.034716
0.0365
0.035693
0.038544
0.033894
0.037243
0.03518
0.037595
0.034583
0.035737
0.033769
0.032692
0.034537
0.038013
0.035852
0.033378
0.034097
0.035921
0.036993
0.032879
0.033249
0.031233
0.033328
0.033171
0.034287
0.030593
0.030922
0.033672
0.030338
0.034809
0.029566
0.035104
0.033355
0.032861
0.031432
0.034743
0.030548
0.030018
0.030963
0.035062
0.040152
0.031543
0.032642
0.039361
0.033634
0.034382
0.033269
0.03339
0.031883
0.031123
0.034672
0.03354
0.032454
0.030815
0.030767
0.032134
0.030915
0.032363
0.030757
0.028998
0.032362
0.031694
0.028949
0.035098
0.032273
0.032848
0.031631
0.029635
0.031717
0.029891
0.028186
0.029763
0.028635
0.02915
0.028848
0.033202
0.03014
0.030059
0.028848
0.030442
0.027865
0.028889
0.032296
0.029521
0.029169
0.030161
0.03034
0.030084
0.037738
0.033339
0.031845
0.032131
0.030299
0.030292
0.031589
0.031813
0.029722
0.0308
0.03112
0.031979
0.03841
0.032049
0.032031
0.031104
0.030713
0.030276
0.029024
0.029843
0.030712
0.036117
0.032343
0.032296
0.032249
0.033413
0.033265
0.03384
0.032991
0.033137
0.033889
0.032672
0.033658
0.033411
0.031777
0.031508
0.03047
0.036524
0.031417
0.034092
0.030699
0.03154
0.031966
0.040051
0.036982
0.036401
0.036679
0.034478
0.032913
0.032878
0.036586
0.035771
0.035595
0.034828
0.034969
0.034834
0.036337
0.040086
0.034437
0.036427
0.036768
0.034893
0.035689
0.035318
0.034941
0.034814
0.039809
0.03626
0.03497
0.033931
0.032183
0.036256
0.034426
0.034087
0.034841
0.033507
0.034668
0.036105
0.034697
0.03493
0.033221
0.036958
0.033174
0.034289
0.031979
0.035202
0.035364
0.034029
0.033291
0.03509
0.035146
0.034339
0.036651
0.036317
0.037102
0.036196
0.035326
0.035591
0.034166
0.036649
0.035925
0.033019
0.031856
0.032938
0.03421
0.036901
0.034381
0.032913
0.032919
0.03335
0.036734
0.03596
0.034858
0.034514
0.035037
0.034604
0.043328
0.038981
0.038414
0.035952
0.035217
0.034348
0.03452
0.033125
0.035098
0.034627
0.035521
0.035741
0.042436
0.037134
0.035783
0.036469
0.035082
0.03393
0.034763
0.03682
0.037758
0.037042
0.037107
0.035465
0.04402
0.038579
0.039049
0.037331
0.034668
0.036602
0.038836
0.034642
0.035361
0.036647
0.042629
0.036441
0.034819
0.036493
0.035002
0.034628
0.034937
0.03681
0.035849
0.036941
0.04274
0.040036
0.038828
0.037466
0.035446
0.038128
0.038487
0.038161
0.038821
0.043986
0.04273
0.040456
0.038425
0.037953
0.035526
0.03546
0.035421
0.037596
0.039512
0.041216
0.039064
0.037033
0.037318
0.035486
0.033459
0.034405
0.035399
0.033581
0.033293
0.03421
0.034926
0.040376
0.038647
0.038864
0.037772
0.036424
0.036941
0.035924
0.038131
0.038836
0.039075
0.038365
0.047041
0.040108
0.040613
0.038221
0.037967
0.037519
0.039449
0.039456
0.038583
0.037189
0.038014
0.037345
0.038932
0.040011
0.035418
0.035961
0.044459
0.039513
0.038994
0.03872
0.038807
0.036814
0.037722
0.036575
0.037059
0.037481
0.035816
0.037796
0.038645
0.038901
0.046034
0.038246
0.038663
0.037178
0.037276
0.037131
0.036868
0.036115
0.038824
0.034841
0.034049
0.033893
0.034297
0.042379
0.039844
0.040055
0.037052
0.037865
0.034976
0.036267
0.039565
0.037956
0.042725
0.04148
0.041811
0.038358
0.038012
0.037162
0.036574
0.041209
0.039068
0.037077
0.036425
0.037525
0.036685
0.042175
0.036924
0.035744
0.0346
0.040829
0.037457
0.037542
0.03757
0.034253
0.035137
0.036115
0.033679
0.035193
0.035256
0.04277
0.038701
0.038851
0.037514
0.035603
0.03544
0.037516
0.034623
0.034688
0.035536
0.033575
0.034913
0.036304
0.036419
0.043747
0.0368
0.036465
0.036069
0.035326
0.034652
0.034529
0.034662
0.034278
0.034345
0.034347
0.036458
0.034781
0.035237
0.042094
0.036727
0.03659
0.035621
0.034352
0.033417
0.033914
0.034344
0.0344
0.034312
0.034619
0.034298
0.035296
0.036074
0.03257
0.035639
0.034713
0.034883
0.034397
0.041438
0.038817
0.038552
0.037032
0.036108
0.035888
0.035198
0.036217
0.035379
0.036622
0.035087
0.03581
0.033781
0.034376
0.034574
0.037433
0.042879
0.035445
0.037909
0.037441
0.035068
0.034135
0.0336
0.033704
0.033856
0.032485
0.0335
0.03424
0.033348
0.032987
0.032494
0.032479
0.0327
0.033109
0.039367
0.034696
0.03368
0.036256
0.034313
0.034219
0.035011
0.034753
0.03434
0.034701
0.034377
0.033824
0.034219
0.035314
0.034841
0.034202
0.034358
0.039393
0.035032
0.036698
0.034712
0.034186
0.033983
0.033813
0.034222
0.036597
0.036423
0.035934
0.03423
0.034211
0.033933
0.038857
0.037321
0.036225
0.035851
0.035293
0.034416
0.03459
0.03432
0.034971
0.035303
0.035303
0.034461
0.034891
0.032433
0.031658
0.033263
0.032685
0.031147
0.034415
0.033595
0.035346
0.035911
0.035606
0.033468
0.034946
0.032915
0.03405
0.034032
0.033645
0.033887
0.03361
0.035151
0.033175
0.031871
0.033927
0.034982
0.034855
0.035807
0.035325
0.035775
0.035871
0.036083
0.036322
0.035727
0.034363
0.034693
0.034703
0.035492
0.034445
0.036157
0.035792
0.036224
0.036065
0.038072
0.035881
0.035534
0.036221
0.035925
0.036317
0.03582
0.035685
0.036439
0.03533
0.036598
0.036996
0.036929
0.03656
0.037252
0.036582
0.036229
0.037064
0.036817
0.036937
0.036581
0.036589
0.036952
0.037365
0.036617
0.036919
0.035439
0.036713
0.036383
0.037073
0.036828
0.036859
0.036185
0.036742
0.035529
0.037122
0.035454
0.036789
0.03741
0.03709
0.037291
0.036473
0.035887
0.037167
0.036527
0.035857
0.035714
0.03639
0.035784
0.036875
0.036807
0.036834
0.036773
0.036005
0.036443
0.035909
0.037403
0.037329
0.036678
0.03718
0.037083
0.036001
0.037923
0.037256
0.037174
0.037371
0.037464
0.037619
0.036574
0.037512
0.037432
0.037502
0.037542
0.038546
0.03757
0.038547
0.039169
0.037701
0.038262
0.037324
0.038525
0.037711
0.036645
0.038569
0.036137
0.038115
0.0385
0.038206
0.037412
0.037399
0.037996
0.037823
0.037057
0.036351
0.037736
0.037939
0.037352
0.036325
0.038513
0.037858
0.037814
0.037221
0.037847
0.036761
0.036214
0.036477
0.038167
0.038679
0.037577
0.037685
0.037833
0.037622
0.038001
0.037621
0.037289
0.037512
0.037341
0.037022
0.037244
0.036922
0.037198
0.037994
0.037217
0.036954
0.036448
0.037505
0.038174
0.036985
0.037176
0.037341
0.035716
0.036188
0.035786
0.037202
0.038156
0.037916
0.038294
0.037798
0.037558
0.037036
0.036838
0.037332
0.035965
0.03689
0.036811
0.036765
0.036481
0.036993
0.035635
0.035196
0.035324
0.036899
0.036626
0.038874
0.035505
0.038391
0.037398
0.036342
0.036896
0.037134
0.035479
0.03678
0.035884
0.036752
0.036634
0.037067
0.035939
0.035367
0.036465
0.035985
0.037034
0.036862
0.03679
0.03696
0.036315
0.03723
0.035984
0.036957
0.036904
0.036755
0.036868
0.036158
0.036997
0.036845
0.037231
0.035728
0.037041
0.035936
0.036987
0.036885
0.037128
0.035655
0.035803
0.036593
0.037069
0.03599
0.038096
0.036812
0.036557
0.036241
0.037223
0.037436
0.036839
0.036672
0.037218
0.037111
0.036839
0.037455
0.03702
0.036259
0.036648
0.036782
0.035426
0.039132
0.036659
0.036524
0.03746
0.036588
0.035316
0.036637
0.035524
0.036712
0.0368
0.036895
0.036148
0.035624
0.035205
0.036573
0.035123
0.037
0.03543
0.036709
0.037062
0.036841
0.038269
0.037003
0.036811
0.037187
0.036585
0.037017
0.037185
0.03713
0.036724
0.036997
0.036727
0.036112
0.036969
0.036861
0.036971
0.037653
0.03561
0.036509
0.035805
0.035072
0.036568
0.035513
0.036914
0.036687
0.036913
0.037011
0.03664
0.036756
0.036945
0.035814
0.0359
0.036053
0.035492
0.036078
0.035581
0.037575
0.037097
0.03593
0.036562
0.037852
0.035658
0.035477
0.038492
0.037186
0.036898
0.035888
0.036617
0.039472
0.03655
0.035257
0.036441
0.035766
0.036301
0.036428
0.036737
0.037294
0.036392
0.035623
0.03688
0.036382
0.036607
0.035723
0.037376
0.036539
0.035181
0.036893
0.036445
0.036594
0.036231
0.035462
0.03519
0.036548
0.036675
0.037955
0.036798
0.036585
0.039715
0.035722
0.036397
0.036337
0.036169
0.036907
0.035531
0.036409
0.036311
0.037409
0.036255
0.035747
0.036931
0.036041
0.036922
0.037056
0.036258
0.035869
0.039092
0.035907
0.036483
0.03681
0.036187
0.03759
0.035797
0.035892
0.036706
0.036699
0.03636
0.036285
0.03636
0.037242
0.036732
0.036114
0.03662
0.03702
0.036251
0.037066
0.037327
0.0371
0.03707
0.036661
0.036625
0.036169
0.036481
0.036482
0.036285
0.035647
0.036303
0.036469
0.037373
0.036675
0.03589
0.036431
0.036048
0.036929
0.037877
0.0383
0.037965
0.036782
0.03808
0.036139
0.036351
0.036836
0.036673
0.036762
0.035883
0.035847
0.036459
0.036304
0.036194
0.035242
0.036081
0.035634
0.036603
0.037397
0.036407
0.037666
0.036911
0.036831
0.035947
0.036364
0.038734
0.037364
0.03708
0.037008
0.036829
0.036221
0.037151
0.036963
0.035711
0.035583
0.035736
0.036022
0.036031
0.037736
0.0377
0.037753
0.035644
0.036477
0.037099
0.037894
0.036823
0.037383
0.037303
0.038258
0.0378
0.037573
0.036887
0.037353
0.037291
0.035318
0.038182
0.03793
0.038242
0.037167
0.037156
0.037699
0.03672
0.037475
0.037456
0.03754
0.037161
0.036726
0.036712
0.036953
0.036778
0.036341
0.036571
0.036568
0.036961
0.036786
0.037125
0.036193
0.035488
0.036439
0.036037
0.035944
0.035214
0.035618
0.035144
0.035795
0.037199
0.036025
0.037225
0.036744
0.036418
0.036813
0.035746
0.035008
0.03602
0.035127
0.036859
0.036178
0.036564
0.036547
0.036291
0.036499
0.036529
0.03658
0.036679
0.037236
0.036992
0.036371
0.036313
0.038672
0.039082
0.038595
0.036319
0.036763
0.036476
0.037195
0.038226
0.03729
0.036483
0.036297
0.037139
0.036046
0.037355
0.036697
0.036721
0.036802
0.036859
0.037211
0.035677
0.037043
0.035922
0.036902
0.037315
0.03542
0.035324
0.036227
0.035876
0.036025
0.03614
0.036612
0.035402
0.036075
0.03524
0.036015
0.035483
0.035748
0.035135
0.035059
0.034992
0.03496
0.034488
0.033828
0.034321
0.035616
0.033968
0.034174
0.033693
0.033717
0.037236
0.037032
0.036486
0.036889
0.03614
0.035859
0.03646
0.035646
0.034457
0.03503
0.03486
0.034669
0.036315
0.037551
0.037257
0.03759
0.037724
0.037075
0.0365
0.036573
0.037923
0.037745
0.037753
0.037897
0.037689
0.038351
0.035925
0.036554
0.036179
0.036003
0.035614
0.037184
0.036946
0.037435
0.036924
0.037168
0.036164
0.035904
0.037762
0.037482
0.037666
0.036744
0.036841
0.03708
0.036587
0.039672
0.038752
0.037665
0.037335
0.037591
0.037959
0.037625
0.036863
0.041886
0.039606
0.039181
0.038648
0.039555
0.03759
0.04307
0.039219
0.039472
0.038208
0.036206
0.035862
0.036791
0.037102
0.041615
0.037923
0.036214
0.0369
0.039293
0.043994
0.042295
0.040758
0.040723
0.040511
0.039504
0.042845
0.043522
0.041623
0.042089
0.040609
0.040365
0.045164
0.043489
0.040693
0.040186
0.038279
0.036948
0.04341
0.041874
0.040419
0.039071
0.038376
0.042625
0.040387
0.039567
0.038023
0.037369
0.040562
0.039631
0.037355
0.037737
0.037324
0.041613
0.038525
0.038052
0.037003
0.043238
0.041259
0.040881
0.039937
0.038561
0.03724
0.039446
0.03924
0.038682
0.037
0.042095
0.03893
0.039179
0.035211
0.034644
0.034724
0.037256
0.037482
0.033722
0.035998
0.0361
0.036283
0.040131
0.035699
0.035059
0.040299
0.038036
0.036994
0.035548
0.036402
0.035554
0.037666
0.039183
0.035951
0.035464
0.038236
0.038665
0.045295
0.039306
0.03893
0.037638
0.036603
0.037995
0.037754
0.038978
0.043737
0.038986
0.039009
0.037975
0.045005
0.038257
0.038283
0.037739
0.036197
0.036432
0.03903
0.037548
0.035235
0.034396
0.035123
0.036191
0.035978
0.038687
0.035335
0.033417
0.040711
0.036803
0.036152
0.03649
0.03381
0.033716
0.036038
0.037396
0.03984
0.033683
0.032649
0.032864
0.039104
0.034353
0.033433
0.032829
0.037475
0.03463
0.033871
0.032162
0.03164
0.0353
0.034281
0.031699
0.031981
0.03172
0.03222
0.033568
0.036382
0.033653
0.032971
0.032277
0.037262
0.032662
0.032484
0.034087
0.031802
0.032765
0.032119
0.032136
0.034225
0.032457
0.032562
0.032796
0.04083
0.033318
0.033038
0.032914
0.032395
0.031231
0.032313
0.03279
0.032402
0.032901
0.032823
0.03243
0.037712
0.032202
0.030565
0.030138
0.029339
0.030819
0.029255
0.02887
0.029172
0.028457
0.031197
0.028119
0.030737
0.029
0.030285
0.026797
0.027625
0.026482
0.029127
0.026256
0.029477
0.025053
0.031006
0.024058
0.025064
0.026604
0.025116
0.023697
0.024438
0.025839
0.024008
0.026265
0.026331
0.025101
0.025517
0.025981
0.026396
0.025339
0.024687
0.025274
0.02501
0.024665
0.024989
0.025351
0.024731
0.022867
0.023485
0.023953
0.022933
0.024059
0.026164
0.025007
0.024264
0.02599
0.023537
0.024132
0.025672
0.025421
0.027966
0.029199
0.025107
0.025966
0.025799
0.026485
0.024913
0.028628
0.028194
0.024906
0.02643
0.031295
0.026339
0.026653
0.024276
0.026787
0.026163
0.024611
0.027111
0.02614
0.025381
0.024787
0.026248
0.026758
0.02537
0.025618
0.027436
0.026646
0.026959
0.025945
0.027432
0.027803
0.027416
0.027653
0.026735
0.031165
0.029686
0.028878
0.027314
0.030613
0.030463
0.029359
0.030251
0.029926
0.033287
0.032491
0.033035
0.033221
0.035116
0.032711
0.033795
0.031288
0.031183
0.030666
0.032409
0.032736
0.031572
0.030531
0.031134
0.035793
0.033717
0.031947
0.031016
0.030125
0.033886
0.032163
0.030571
0.030746
0.031807
0.032712
0.031065
0.036428
0.032427
0.032502
0.0391
0.03328
0.033211
0.034178
0.03266
0.032333
0.034251
0.035426
0.037662
0.032794
0.033208
0.034735
0.038232
0.035481
0.034461
0.034924
0.039407
0.035212
0.035257
0.035363
0.034252
0.037398
0.03641
0.034826
0.034631
0.038712
0.036458
0.036217
0.035691
0.035074
0.037926
0.037517
0.037346
0.037303
0.040728
0.038482
0.036768
0.036108
0.036773
0.038042
0.03826
0.036857
0.036021
0.035418
0.036614
0.039396
0.037033
0.035668
0.040628
0.037554
0.036213
0.034329
0.034522
0.036677
0.035789
0.035453
0.035059
0.033775
0.034224
0.034681
0.034279
0.036741
0.033585
0.033034
0.033735
0.038353
0.034168
0.033057
0.032726
0.032018
0.035075
0.034462
0.033642
0.032837
0.032116
0.035595
0.034921
0.033599
0.033037
0.0357
0.034561
0.034853
0.035246
0.031718
0.035666
0.034788
0.034795
0.033495
0.032575
0.035728
0.033031
0.034396
0.03275
0.031512
0.034617
0.033759
0.033205
0.032472
0.031997
0.035599
0.032802
0.032206
0.031375
0.035077
0.034155
0.032733
0.031953
0.031892
0.033644
0.032325
0.031813
0.030949
0.030172
0.030206
0.031398
0.031446
0.029899
0.030579
0.030639
0.027879
0.033877
0.029016
0.028795
0.027809
0.026632
0.030392
0.03052
0.028625
0.028153
0.035283
0.030181
0.029688
0.029034
0.027873
0.026734
0.030324
0.029164
0.028226
0.02888
0.032182
0.028592
0.029872
0.028846
0.028195
0.028057
0.027398
0.026937
0.028681
0.028886
0.028437
0.028638
0.027196
0.027645
0.027707
0.030318
0.028597
0.029337
0.02879
0.028466
0.029782
0.029186
0.029061
0.03378
0.02911
0.028508
0.029605
0.029835
0.031125
0.031744
0.030684
0.030711
0.031949
0.030304
0.029364
0.032752
0.03543
0.030832
0.031765
0.02984
0.02986
0.031429
0.031054
0.03263
0.030956
0.030371
0.030767
0.031266
0.030545
0.029476
0.030482
0.028949
0.030369
0.031662
0.03127
0.032527
0.032031
0.033406
0.032036
0.030758
0.030322
0.031199
0.03077
0.031927
0.030413
0.029589
0.030769
0.030366
0.02913
0.029917
0.029808
0.030831
0.03196
0.032641
0.02924
0.031771
0.028721
0.02781
0.029006
0.028095
0.027121
0.028394
0.029293
0.02997
0.02929
0.026424
0.024601
0.024855
0.026401
0.023706
0.023432
0.022169
0.022238
0.020861
0.02142
0.022057
0.022324
0.020723
0.021354
0.020924
0.022861
0.021659
0.021801
0.023305
0.022155
0.022705
0.02524
0.027447
0.027516
0.027677
0.026595
0.028652
0.026041
0.027035
0.026334
0.026754
0.028355
0.027564
0.027266
0.026993
0.027605
0.02776
0.029582
0.029926
0.029491
0.028322
0.030464
0.029292
0.027836
0.029908
0.028388
0.027902
0.034729
0.030923
0.032375
0.031691
0.029777
0.030092
0.029983
0.028859
0.031404
0.029815
0.029097
0.029809
0.028761
0.027123
0.030343
0.029766
0.029595
0.029295
0.028691
0.028565
0.02892
0.029254
0.031146
0.03042
0.030258
0.02893
0.031669
0.030603
0.030261
0.033829
0.03168
0.029916
0.030633
0.029601
0.031384
0.0318
0.031719
0.03032
0.030366
0.02995
0.030131
0.030131
0.029887
0.030125
0.032966
0.032412
0.032669
0.033558
0.031909
0.032456
0.033079
0.032225
0.032484
0.033216
0.031917
0.031648
0.032878
0.034896
0.03474
0.034816
0.034349
0.034854
0.033936
0.031236
0.0354
0.031757
0.033876
0.031614
0.031565
0.033053
0.031549
0.030599
0.034443
0.032891
0.035263
0.032131
0.03199
0.032174
0.032126
0.03115
0.031831
0.03149
0.031651
0.029533
0.030451
0.030524
0.033608
0.036514
0.032731
0.031647
0.031913
0.030869
0.030812
0.036041
0.030398
0.032761
0.03177
0.032746
0.032191
0.032495
0.032962
0.032715
0.032832
0.03201
0.031673
0.031516
0.034258
0.03298
0.032606
0.032855
0.03259
0.032521
0.031249
0.031541
0.032584
0.030976
0.031514
0.033475
0.032511
0.033194
0.032355
0.032748
0.031979
0.032383
0.031997
0.031905
0.032861
0.03577
0.032814
0.033401
0.03373
0.033865
0.035149
0.03348
0.03317
0.0331
0.033004
0.032883
0.03232
0.031713
0.031633
0.031854
0.032734
0.032333
0.033189
0.033725
0.033421
0.033474
0.033274
0.033517
0.037242
0.032532
0.033389
0.032427
0.032028
0.031949
0.031516
0.032176
0.031555
0.031328
0.032409
0.031461
0.03181
0.032207
0.031594
0.031697
0.03158
0.031553
0.031713
0.030758
0.031329
0.032366
0.031715
0.031387
0.032166
0.031533
0.031781
0.03146
0.031475
0.031811
0.031733
0.032646
0.030542
0.031253
0.032372
0.031523
0.031157
0.031146
0.03
0.032234
0.031365
0.030981
0.031541
0.03069
0.03122
0.030338
0.030813
0.030342
0.030158
0.030979
0.031216
0.03141
0.030381
0.031117
0.03123
0.031033
0.030567
0.031208
0.031187
0.030719
0.031095
0.030597
0.030196
0.029824
0.031114
0.031852
0.031874
0.032562
0.03285
0.031183
0.034206
0.034208
0.031858
0.031215
0.03226
0.031535
0.03135
0.0332
0.032477
0.031102
0.032258
0.031524
0.032562
0.032009
0.032258
0.032763
0.032852
0.033583
0.032961
0.032542
0.0327
0.033052
0.033741
0.033328
0.032768
0.033381
0.03323
0.033356
0.032826
0.032984
0.03268
0.032645
0.033455
0.033485
0.032932
0.032853
0.033048
0.033229
0.032928
0.033066
0.033095
0.033565
0.033491
0.033834
0.032776
0.032564
0.032856
0.033445
0.033152
0.031816
0.032903
