0.016374
0.054133
0.064314
0.06715
0.06144
0.065224
0.064331
0.065021
0.061197
0.0614
0.064459
0.063356
0.063349
0.062159
0.066964
0.063675
0.066082
0.06489
0.062839
0.063829
0.061921
0.06666
0.062129
0.063072
0.066767
0.066484
0.061998
0.06156
0.064892
0.062911
0.06438
0.066256
0.063873
0.063893
0.068152
0.067059
0.069557
0.064359
0.06731
0.066066
0.069669
0.064151
0.065442
0.059992
0.06656
0.064093
0.066815
0.062955
0.063319
0.065421
0.063231
0.064688
0.060502
0.062596
0.061496
0.059665
0.058247
0.055849
0.056016
0.055558
0.05616
0.056982
0.05653
0.056902
0.055562
0.054901
0.053987
0.056711
0.05785
0.057839
0.057811
0.058935
0.057668
0.055169
0.058014
0.060092
0.057294
0.059529
0.057123
0.059345
0.058061
0.058323
0.053784
0.056748
0.054455
0.057516
0.057338
0.054771
0.057218
0.054704
0.053636
0.053954
0.055132
0.053388
0.06062
0.058532
0.058477
0.058252
0.060432
0.057384
0.060628
0.057606
0.058606
0.055408
0.059505
0.058018
0.053895
0.057424
0.054781
0.052719
0.056427
0.053752
0.05541
0.056179
0.055974
0.055863
0.058576
0.05662
0.057797
0.053629
0.055895
0.054706
0.056547
0.054143
0.057207
0.05622
0.055162
0.054708
0.055394
0.053123
0.053044
0.052712
0.055753
0.054879
0.054548
0.056532
0.052187
0.05253
0.053001
0.053599
0.054031
0.052374
0.052068
0.053275
0.052753
0.051253
0.051163
0.053721
0.050778
0.05361
0.051735
0.053268
0.052778
0.05453
0.054774
0.050632
0.050748
0.048202
0.050662
0.051951
0.048488
0.049642
0.047826
0.047328
0.048857
0.044394
0.045325
0.044155
0.0443
0.045101
0.045551
0.044446
0.044334
0.045928
0.04518
0.044586
0.045632
0.04459
0.045215
0.040612
0.043059
0.046094
0.047399
0.041915
0.043206
0.049456
0.046963
0.046762
0.04637
0.046399
0.045422
0.045223
0.045572
0.049814
0.048282
0.050894
0.05007
0.051779
0.053372
0.052891
0.051008
0.049838
0.050325
0.058431
0.05694
0.055196
0.055694
0.058258
0.056204
0.056591
0.05819
0.056362
0.058747
0.056767
0.059692
0.057007
0.057796
0.059511
0.058336
0.060991
0.058977
0.060796
0.055944
0.059181
0.058227
0.057633
0.057197
0.058064
0.058275
0.058481
0.057926
0.058714
0.056896
0.057247
0.055508
0.055088
0.058017
0.062789
0.058512
0.064116
0.060142
0.061233
0.059682
0.059091
0.060971
0.058894
0.063681
0.059054
0.062619
0.06089
0.058525
0.060914
0.060744
0.058692
0.061247
0.059872
0.060665
0.056551
0.060075
0.055728
0.056432
0.058707
0.059982
0.059135
0.05969
0.058957
0.0599
0.059549
0.058361
0.054814
0.059702
0.060791
0.059947
0.06343
0.06137
0.061946
0.060379
0.060931
0.061992
0.063846
0.061905
0.06282
0.06282
0.06125
0.061091
0.061772
0.066357
0.064201
0.064532
0.06325
0.061655
0.064988
0.065753
0.065949
0.066119
0.066626
0.06635
0.064851
0.065242
0.065895
0.062616
0.063447
0.062771
0.064718
0.063402
0.065353
0.063936
0.065067
0.063692
0.064242
0.062483
0.066015
0.062475
0.064736
0.064429
0.063487
0.064698
0.065382
0.062462
0.064366
0.064113
0.063776
0.064819
0.060668
0.062546
0.061263
0.060691
0.062659
0.06096
0.062246
0.060531
0.062594
0.060684
0.062125
0.06086
0.05961
0.059665
0.063081
0.060903
0.061607
0.060128
0.058388
0.061276
0.061765
0.058885
0.05937
0.060858
0.062006
0.064927
0.064715
0.065645
0.065034
0.06625
0.065524
0.066156
0.062109
0.06645
0.065002
0.064784
0.065624
0.066216
0.064049
0.065645
0.063408
0.065495
0.065475
0.064109
0.064405
0.063179
0.065394
0.064281
0.066044
0.066716
0.065269
0.066601
0.067132
0.063013
0.066179
0.066687
0.061967
0.064657
0.065557
0.063325
0.066946
0.067206
0.065092
0.064079
0.064003
0.064617
0.066449
0.064888
0.065181
0.061858
0.064621
0.06485
0.064421
0.063519
0.06509
0.061556
0.063822
0.058679
0.063375
0.061076
0.062609
0.062958
0.063068
0.068596
0.064977
0.064356
0.065286
0.066504
0.065208
0.065812
0.062658
0.065369
0.061508
0.058202
0.059765
0.057822
0.061496
0.06017
0.0588
0.059601
0.058595
0.057384
0.055568
0.056816
0.05933
0.058781
0.061946
0.06143
0.058922
0.053484
0.056045
0.057496
0.056293
0.05693
0.055205
0.055622
0.05591
0.0529
0.054583
0.055279
0.056594
0.056775
0.055608
0.05443
0.05721
0.057419
0.056095
0.056898
0.057943
0.054797
0.056082
0.056158
0.056127
0.054896
0.054083
0.051447
0.051662
0.053209
0.05133
0.050251
0.050858
0.049615
0.050763
0.05069
0.050546
0.050379
0.05288
0.052715
0.052352
0.050629
0.051028
0.048173
0.048392
0.04623
0.047637
0.043381
0.043739
0.041999
0.040602
0.04054
0.043666
0.039318
0.038211
0.040098
0.039394
0.036371
0.03904
0.036871
0.037479
0.040426
0.03973
0.038975
0.041508
0.049795
0.047184
0.048631
0.048319
0.049477
0.048526
0.048822
0.048745
0.052221
0.046313
0.048895
0.043926
0.04817
0.048595
0.0458
0.044518
0.042207
0.040878
0.042093
0.045746
0.044839
0.043012
0.042878
0.043812
0.041951
0.043358
0.04743
0.046202
0.046134
0.045743
0.046219
0.045874
0.045244
0.04568
0.044188
0.044078
0.044144
0.039809
0.042269
0.044592
0.043451
0.047258
0.044143
0.045273
0.04584
0.047659
0.042588
0.044466
0.046992
0.045975
0.04397
0.043669
0.044775
0.042931
0.045863
0.04099
0.043813
0.042027
0.045669
0.042388
0.044249
0.04099
0.042904
0.042791
0.042879
0.042582
0.042211
0.042961
0.043574
0.040715
0.041597
0.039915
0.040749
0.040218
0.040819
0.037975
0.039823
0.040672
0.040299
0.040925
0.041948
0.040602
0.040771
0.042179
0.041908
0.04204
0.042811
0.040758
0.044158
0.042109
0.042167
0.040668
0.042279
0.039926
0.040496
0.043228
0.042771
0.040813
0.048671
0.043419
0.043813
0.041274
0.04121
0.044445
0.042838
0.043769
0.04222
0.04262
0.044382
0.043697
0.043433
0.042884
0.043274
0.043031
0.041104
0.042248
0.042155
0.040663
0.041728
0.042741
0.039035
0.041352
0.040505
0.04161
0.041646
0.042215
0.042633
0.040204
0.042586
0.041293
0.040923
0.042452
0.042923
0.042343
0.041148
0.045253
0.042815
0.042269
0.04429
0.042323
0.04346
0.04244
0.043862
0.043074
0.042535
0.042849
0.04325
0.045585
0.045148
0.044519
0.043013
0.041051
0.044692
0.04324
0.042713
0.040915
0.042198
0.041031
0.041184
0.042823
0.040738
0.042723
0.04288
0.043109
0.042841
0.043149
0.041618
0.043942
0.043185
0.043521
0.042594
0.043846
0.041
0.046501
0.039908
0.044152
0.043291
0.042557
0.044439
0.039933
0.043697
0.042858
0.042677
0.043661
0.041878
0.039411
0.044278
0.048822
0.049746
0.046422
0.047195
0.046058
0.045625
0.043534
0.04634
0.047024
0.04695
0.045176
0.045781
0.047512
0.044623
0.045708
0.041621
0.044964
0.042499
0.042184
0.042905
0.046713
0.045365
0.043213
0.041724
0.040607
0.040511
0.037305
0.038994
0.040417
0.038375
0.040708
0.039335
0.041744
0.038904
0.041724
0.040259
0.041061
0.042937
0.042511
0.042484
0.041826
0.040859
0.043878
0.044048
0.043501
0.041724
0.043586
0.040767
0.041776
0.040118
0.040804
0.040574
0.040263
0.042242
0.043956
0.043446
0.042438
0.042922
0.042188
0.0411
0.040106
0.04148
0.038673
0.039375
0.037308
0.038146
0.03809
0.039834
0.039149
0.039028
0.038354
0.038148
0.040265
0.041621
0.039749
0.039057
0.038359
0.040148
0.040433
0.039738
0.041002
0.037137
0.040238
0.041296
0.045961
0.041237
0.042877
0.043653
0.041385
0.042242
0.040023
0.04082
0.041882
0.042577
0.042233
0.040832
0.040081
0.040447
0.040082
0.039783
0.040309
0.039764
0.040528
0.041206
0.040393
0.040307
0.038989
0.043045
0.043353
0.037679
0.0407
0.03464
0.036129
0.039089
0.036029
0.034865
0.034522
0.034798
0.033473
0.032712
0.034393
0.03472
0.036286
0.035013
0.035675
0.036644
0.034077
0.035306
0.033601
0.036002
0.033541
0.036162
0.036584
0.034273
0.035473
0.038363
0.038215
0.034842
0.035301
0.038464
0.035573
0.035873
0.036393
0.039586
0.037927
0.040103
0.036677
0.040536
0.042682
0.038138
0.038402
0.040381
0.039703
0.040625
0.038856
0.040954
0.039196
0.040686
0.039575
0.041606
0.041044
0.041041
0.04192
0.042789
0.043432
0.043803
0.044735
0.043045
0.046698
0.047966
0.045087
0.047429
0.049247
0.046208
0.047329
0.047208
0.047502
0.046088
0.049445
0.047652
0.045811
0.046181
0.055867
0.05238
0.050145
0.051258
0.05191
0.052823
0.051241
0.050582
0.051271
0.051899
0.054128
0.052843
0.053338
0.054449
0.050347
0.052529
0.051641
0.0528
0.051414
0.053166
0.052607
0.052478
0.050233
0.053451
0.052469
0.052176
0.052737
0.048424
0.049755
0.049451
0.051917
0.053279
0.053473
0.053991
0.05051
0.050682
0.054079
0.049043
0.052036
0.052141
0.05327
0.050594
0.051287
0.050869
0.051945
0.051359
0.047829
0.053549
0.051737
0.052678
0.054958
0.053835
0.053384
0.053422
0.05349
0.052628
0.054367
0.053177
0.051489
0.052944
0.05361
0.052596
0.053405
0.053935
0.052326
0.052328
0.053322
0.051638
0.053637
0.054608
0.056536
0.05325
0.056216
0.053584
0.05508
0.05525
0.05446
0.051831
0.0532
0.055796
0.055549
0.053373
0.054246
0.052696
0.050511
0.054218
0.055794
0.059218
0.050262
0.052697
0.054098
0.052132
0.051898
0.052326
0.054671
0.057909
0.054489
0.05159
0.055949
0.052827
0.055845
0.052898
0.054623
0.054764
0.054389
0.053441
0.055365
0.056012
0.053075
0.054924
0.055178
0.054179
0.052834
0.054869
0.053236
0.054275
0.054536
0.059639
0.056094
0.057452
0.057078
0.057007
0.056505
0.056484
0.060337
0.057924
0.058959
0.05965
0.057293
0.059786
0.054524
0.056086
0.056815
0.059541
0.056142
0.056213
0.063633
0.056601
0.059064
0.059624
0.061589
0.060246
0.060124
0.05952
0.061194
0.058204
0.05752
0.057492
0.059654
0.05834
0.059864
0.059646
0.058927
0.054251
0.057291
0.056491
0.059745
0.05924
0.06064
0.059119
0.056896
0.062319
0.060826
0.061712
0.060386
0.060115
0.059054
0.061788
0.06072
0.059704
0.059423
0.060975
0.061119
0.060285
0.059823
0.059322
0.060062
0.060497
0.060256
0.058695
0.061467
0.06114
0.062779
0.062675
0.063206
0.060809
0.061614
0.057821
0.059483
0.058982
0.058584
0.05826
0.058031
0.054773
0.056633
0.054511
0.057225
0.057218
0.056858
0.058873
0.057892
0.061106
0.062401
0.065116
0.062954
0.064124
0.062794
0.062332
0.061142
0.058911
0.059827
0.060422
0.060377
0.060801
0.059829
0.060547
0.059895
0.057015
0.056173
0.058274
0.055856
0.059046
0.057524
0.057491
0.053452
0.051943
0.056266
0.054367
0.053979
0.053081
0.053775
0.057562
0.054176
0.054795
0.055285
0.056417
0.055454
0.054922
0.054892
0.056343
0.055534
0.053508
0.053208
0.05249
0.052851
0.052643
0.056182
0.054111
0.054667
0.057764
0.053058
0.052336
0.054386
0.055768
0.056132
0.057205
0.059541
0.056293
0.053546
0.05445
0.055838
0.056444
0.055534
0.056652
0.057277
0.056083
0.052717
0.056417
0.053899
0.056666
0.055952
0.055639
0.055006
0.058103
0.05229
0.054795
0.05762
0.055626
0.054536
0.05651
0.056261
0.057289
0.055921
0.053739
0.053238
0.058428
0.057294
0.054575
0.058402
0.0541
0.057159
0.059147
0.056773
0.057989
0.057844
0.053292
0.053416
0.055672
0.051566
0.052483
0.053796
0.053281
0.055042
0.056171
0.053739
0.056104
0.056324
0.056736
0.054173
0.056317
0.058651
0.055271
0.057343
0.057029
0.058819
0.056341
0.056424
0.056209
0.056188
0.058477
0.057148
0.057399
0.057723
0.057754
0.059872
0.060542
0.056828
0.059834
0.059728
0.060325
0.060662
0.059632
0.059923
0.061678
0.059683
0.059318
0.059507
0.058983
0.057217
0.058564
0.060006
0.058914
0.060347
0.058551
0.059666
0.062712
0.060841
0.06279
0.063682
0.060944
0.062257
0.064015
0.060626
0.05945
0.0632
0.060671
0.060715
0.061298
0.062021
0.060588
0.061316
0.061179
0.062089
0.061806
0.060788
0.060569
0.063656
0.061138
0.063111
0.061856
0.062967
0.061264
0.061518
0.061466
0.061833
0.061141
0.061614
0.061701
0.062382
0.059018
0.060787
0.062268
0.060555
0.060255
0.061973
0.060374
0.061019
0.061213
0.060578
0.061612
0.064574
0.060952
0.06145
0.058907
0.058987
0.059006
0.05661
0.058185
0.057751
0.059019
0.056831
0.057994
0.060469
0.060652
0.061001
0.062659
0.059819
0.061036
0.059887
0.062095
0.060781
0.062954
0.061909
0.061841
0.061179
0.061538
0.060392
0.062473
0.062287
0.063138
0.059723
0.061064
0.060728
0.061927
0.059104
0.059064
0.058611
0.062379
0.061488
0.064016
0.063332
0.065155
0.063686
0.064847
0.063214
0.062672
0.061539
0.061741
0.062388
0.062182
0.058404
0.0602
0.057794
0.058527
0.061036
0.056511
0.058197
0.055185
0.057121
0.054629
0.055727
0.052882
0.057172
0.053589
0.052636
0.055513
0.053782
0.056092
0.054121
0.054495
0.05503
0.056416
0.056865
0.052318
0.053625
0.051917
0.053543
0.051418
0.053912
0.051753
0.051638
0.049952
0.054166
0.048529
0.048799
0.052487
0.051778
0.049854
0.051771
0.050671
0.049051
0.049045
0.05086
0.047903
0.050546
0.050092
0.050209
0.048741
0.048338
0.049699
0.050416
0.047442
0.046011
0.050095
0.054067
0.049855
0.055488
0.048931
0.05187
0.053886
0.049664
0.050314
0.050537
0.052102
0.055258
0.051617
0.051422
0.052616
0.048034
0.050331
0.049464
0.050569
0.047765
0.05086
0.049792
0.050949
0.051655
0.050546
0.047024
0.048075
0.04608
0.048511
0.049033
0.04961
0.052996
0.04814
0.047919
0.046623
0.045554
0.047448
0.046643
0.047272
0.047381
0.047408
0.048593
0.04762
0.048997
0.049671
0.04776
0.048555
0.04711
0.047384
0.049188
0.04715
0.04966
0.04805
0.046641
0.049642
0.048755
0.045865
0.048951
0.051368
0.045777
0.047286
0.045778
0.045766
0.042902
0.044951
0.044495
0.044428
0.042944
0.044844
0.046423
0.045754
0.045609
0.046537
0.045131
0.043343
0.049106
0.043837
0.045292
0.044884
0.045655
0.0452
0.048299
0.049789
0.045959
0.04434
0.04635
0.045801
0.046603
0.046937
0.046215
0.046524
0.046479
0.045608
0.0442
0.044323
0.052485
0.045917
0.050133
0.049712
0.049048
0.048612
0.04926
0.04604
0.048037
0.049554
0.048066
0.049696
0.04802
0.050237
0.045275
0.048001
0.047958
0.044865
0.043966
0.046199
0.045078
0.045806
0.045297
0.045596
0.045129
0.044607
0.046607
0.04528
0.04235
0.045221
0.045524
0.044537
0.0452
0.044746
0.045542
0.044587
0.044651
0.044802
0.043805
0.042613
0.039772
0.041475
0.042915
0.044287
0.043879
0.043256
0.043412
0.046107
0.042713
0.042245
0.039645
0.041868
0.041948
0.041775
0.039538
0.042277
0.042332
0.040868
0.043143
0.044422
0.042321
0.043316
0.044843
0.044292
0.042803
0.040888
0.044147
0.043443
0.044697
0.041852
0.042465
0.044789
0.043464
0.051688
0.046642
0.045979
0.047226
0.046547
0.046223
0.04581
0.043469
0.046561
0.045529
0.046234
0.043143
0.04616
0.046307
0.046938
0.044696
0.046084
0.045934
0.045451
0.045397
0.046263
0.045805
0.04577
0.048184
0.044933
0.045173
0.046184
0.045461
0.044828
0.044386
0.044406
0.044208
0.044444
0.045581
0.044405
0.044624
0.041983
0.043289
0.044632
0.041719
0.043395
0.04439
0.045112
0.044748
0.044823
0.043057
0.046439
0.042536
0.043601
0.045013
0.044303
0.043823
0.045917
0.040421
0.043058
0.04395
0.045126
0.044389
0.043565
0.041998
0.042402
0.04227
0.043869
0.040408
0.042707
0.042536
0.043158
0.04206
0.042205
0.042183
0.04556
0.047105
0.047419
0.049268
0.047892
0.050631
0.062261
0.05749
0.060232
0.061576
0.060531
0.060851
0.061229
0.062284
0.060315
0.061382
0.060054
0.061844
0.062649
0.065127
0.065244
0.064579
0.066906
0.065705
0.067394
0.071618
0.07673
0.075641
0.078912
