0.014491
0.042978
0.045865
0.046644
0.043653
0.043124
0.042428
0.049047
0.056911
0.050328
0.049506
0.049597
0.045798
0.049408
0.048147
0.046317
0.045328
0.047409
0.04548
0.049878
0.051245
0.050866
0.056161
0.050911
0.052245
0.051862
0.050127
0.051997
0.049167
0.052846
0.051244
0.053596
0.052021
0.053534
0.060653
0.057333
0.056765
0.056658
0.055058
0.054328
0.053733
0.054909
0.05625
0.053364
0.052537
0.055087
0.053027
0.056389
0.055896
0.056803
0.057191
0.055814
0.05524
0.061048
0.057466
0.058059
0.059818
0.061673
0.063619
0.057903
0.06029
0.06329
0.060933
0.061593
0.061293
0.06096
0.06706
0.065119
0.068168
0.067853
0.063303
0.066558
0.0654
0.065557
0.068568
0.067446
0.066911
0.06824
0.067554
0.068264
0.066843
0.067621
0.066458
0.065396
0.066749
0.066714
0.066255
0.064997
0.067262
0.064454
0.065311
0.064361
0.063649
0.065657
0.071237
0.070879
0.070973
0.066807
0.068618
0.068618
0.067578
0.066486
0.06715
0.065053
0.067814
0.066332
0.066836
0.062876
0.061739
0.062761
0.058799
0.0622
0.059522
0.061031
0.059684
0.061855
0.058132
0.062147
0.063228
0.065433
0.065073
0.062219
0.06156
0.065526
0.062514
0.062412
0.062452
0.060961
0.063568
0.059366
0.057585
0.058116
0.057443
0.060277
0.06297
0.061394
0.066876
0.062109
0.065927
0.063621
0.060676
0.058473
0.058211
0.061278
0.059662
0.058522
0.054595
0.054127
0.054946
0.057217
0.056859
0.057142
0.057817
0.056587
0.056883
0.055899
0.054122
0.052052
0.052723
0.054131
0.055008
0.056165
0.053017
0.056773
0.053803
0.057241
0.056915
0.053757
0.056167
0.053672
0.054027
0.052728
0.054129
0.057339
0.055036
0.053125
0.054452
0.053457
0.053944
0.054032
0.054416
0.053037
0.051692
0.051867
0.055026
0.055047
0.053576
0.052298
0.052285
0.05182
0.048789
0.051133
0.051874
0.050358
0.049266
0.051975
0.05128
0.056066
0.051961
0.051327
0.051514
0.051079
0.05176
0.050116
0.052553
0.049946
0.050372
0.051297
0.051834
0.051805
0.054072
0.052217
0.052893
0.052042
0.053125
0.053888
0.056979
0.052665
0.05217
0.052614
0.053221
0.052181
0.052002
0.049547
0.051215
0.050196
0.05459
0.054301
0.054176
0.052769
0.058653
0.052469
0.053169
0.052184
0.053312
0.051439
0.051611
0.052022
0.050476
0.04901
0.05069
0.049497
0.049982
0.060273
0.062268
0.060481
0.059783
0.055157
0.056362
0.054611
0.055534
0.054829
0.056075
0.055025
0.057357
0.052892
0.05386
0.053608
0.053574
0.052646
0.053206
0.051588
0.052881
0.05429
0.057307
0.055326
0.058469
0.052906
0.056208
0.052151
0.060816
0.057969
0.057369
0.054393
0.059653
0.055026
0.053706
0.051428
0.054427
0.051166
0.052576
0.052331
0.050368
0.052384
0.056805
0.055148
0.055692
0.055195
0.05519
0.053129
0.054861
0.052932
0.05512
0.050901
0.051434
0.050987
0.052073
0.052727
0.05061
0.050605
0.052895
0.050869
0.051023
0.051698
0.050087
0.050176
0.048392
0.048031
0.05165
0.051979
0.051356
0.051915
0.051506
0.04957
0.049397
0.049036
0.053342
0.052394
0.053576
0.051924
0.052489
0.052059
0.051716
0.049682
0.051283
0.052529
0.053237
0.051288
0.053234
0.051075
0.051355
0.051165
0.047801
0.048616
0.050652
0.049444
0.048699
0.04972
0.04879
0.048173
0.051595
0.049791
0.053126
0.053139
0.054035
0.051314
0.051125
0.055711
0.053806
0.056152
0.05503
0.055838
0.056662
0.054945
0.055483
0.053087
0.05465
0.052328
0.054499
0.053647
0.054956
0.055712
0.055333
0.054662
0.053155
0.054109
0.054062
0.053921
0.055873
0.054775
0.054439
0.055809
0.05568
0.053949
0.054994
0.059603
0.05617
0.055022
0.056023
0.053601
0.055921
0.060096
0.057131
0.056328
0.056745
0.056483
0.05512
0.057409
0.056485
0.056975
0.056824
0.053958
0.054655
0.058265
0.05865
0.056326
0.056138
0.054112
0.052277
0.051021
0.052014
0.052552
0.052177
0.049156
0.051361
0.050944
0.047716
0.048653
0.053271
0.050284
0.050225
0.048351
0.048849
0.048915
0.048455
0.053767
0.050036
0.04934
0.050839
0.048596
0.053077
0.050861
0.05479
0.05079
0.053116
0.051622
0.056181
0.053485
0.051228
0.0528
0.05243
0.052902
0.056163
0.053045
0.05606
0.054767
0.054917
0.058749
0.059201
0.058396
0.058786
0.05708
0.05846
0.0587
0.061733
0.063522
0.062058
0.061693
0.060363
0.062587
0.05935
0.061781
0.057048
0.055836
0.055741
0.055069
0.060396
0.062646
0.059754
0.058288
0.06674
0.06011
0.05932
0.057843
0.061458
0.055917
0.055778
0.055684
0.056082
0.054062
0.056839
0.055257
0.056567
0.054705
0.055312
0.054137
0.05899
0.053953
0.05358
0.053025
0.053765
0.050034
0.04956
0.048756
0.051508
0.0508
0.049875
0.049924
0.05076
0.047548
0.048544
0.047774
0.047897
0.045734
0.047854
0.04706
0.045165
0.046287
0.045756
0.044849
0.047323
0.049703
0.050371
0.047229
0.051004
0.047195
0.049629
0.047004
0.049241
0.048415
0.047571
0.050503
0.053479
0.050505
0.052613
0.051051
0.05269
0.052222
0.052403
0.056472
0.056332
0.057001
0.055785
0.056321
0.056916
0.056149
0.057072
0.05579
0.055479
0.055646
0.056153
0.056892
0.060986
0.063281
0.061984
0.059218
0.0585
0.058472
0.05887
0.058814
0.05806
0.05963
0.060023
0.062119
0.060476
0.058345
0.06063
0.059974
0.063518
0.065342
0.065688
0.062473
0.065453
0.063836
0.066136
0.064343
0.061258
0.059477
0.059784
0.05795
0.062539
0.058038
0.059066
0.06299
0.062582
0.062968
0.062142
0.06093
0.06245
0.058378
0.062573
0.06428
0.061746
0.060561
0.059159
0.057782
0.058075
0.058574
0.058517
0.056122
0.055853
0.05504
0.055981
0.060123
0.059843
0.059429
0.060382
0.058232
0.056848
0.054995
0.056157
0.056658
0.059233
0.058327
0.057799
0.056999
0.055686
0.055836
0.055587
0.059827
0.056932
0.055922
0.055754
0.058124
0.056223
0.060195
0.060292
0.057662
0.05856
0.056234
0.066531
0.061249
0.062255
0.061196
0.060073
0.058665
0.057447
0.059467
0.059131
0.059935
0.059203
0.059451
0.059131
0.060443
0.066564
0.064622
0.065484
0.064969
0.067685
0.066047
0.070698
0.065142
0.063988
0.065985
0.063668
0.061345
0.062281
0.059203
0.062397
0.061771
0.067092
0.066829
0.070296
0.066013
0.064009
0.061573
0.063372
0.060847
0.056985
0.056168
0.058783
0.056046
0.057835
0.056082
0.05356
0.052698
0.059157
0.058659
0.057838
0.056554
0.058341
0.054362
0.054749
0.052725
0.054877
0.05315
0.055742
0.05694
0.060111
0.056433
0.057392
0.058195
0.053665
0.053167
0.057099
0.052521
0.054282
0.05844
0.051237
0.051195
0.053386
0.053744
0.054707
0.053786
0.056027
0.057366
0.056081
0.054343
0.053867
0.056434
0.052611
0.053841
0.051088
0.052143
0.05013
0.052414
0.050506
0.05504
0.056902
0.056221
0.054256
0.052022
0.052594
0.051958
0.049986
0.049444
0.049599
0.050157
0.050298
0.051578
0.05386
0.055139
0.056398
0.051721
0.053071
0.052012
0.053284
0.051911
0.051608
0.049679
0.051398
0.050229
0.050687
0.049394
0.049451
0.048673
0.049842
0.048781
0.047966
0.049676
0.049307
0.047038
0.050298
0.050902
0.054723
0.054505
0.053425
0.053362
0.053399
0.052091
0.053143
0.052594
0.052554
0.052326
0.052602
0.052591
0.052836
0.05254
0.053963
0.053925
0.054947
0.054235
0.055343
0.055417
0.057827
0.053948
0.055854
0.05416
0.055937
0.057812
0.054678
0.054799
0.055209
0.055377
0.056391
0.054001
0.055967
0.054141
0.053036
0.054389
0.055973
0.0539
0.054289
0.054557
0.056316
0.060145
0.062471
0.0625
0.062307
0.066327
0.063097
0.061596
0.063767
0.061515
0.062505
0.06268
0.062725
0.061701
0.063919
0.061701
0.061669
0.060675
0.062844
0.064833
0.06522
0.062752
0.063239
0.062153
0.063398
0.064028
0.062335
