0.0000 0.0000 0.0000 0.0000 0.0000 0.0000 0.0000 1.0000
1.0000 -0.0000 -0.0002 0.0002 0.0000 -0.0000 0.0000 1.0000
2.0000 -0.0000 0.0002 0.0004 -0.0000 -0.0000 0.0000 1.0000
3.0000 0.0001 0.0004 0.0005 -0.0000 -0.0000 0.0000 1.0000
4.0000 0.0002 0.0004 0.0007 -0.0000 -0.0000 0.0000 1.0000
5.0000 0.0001 0.0005 0.0008 -0.0000 -0.0000 0.0000 1.0000
6.0000 0.0002 0.0008 0.0009 -0.0000 -0.0000 0.0000 1.0000
7.0000 0.0003 0.0010 0.0011 -0.0000 -0.0000 0.0000 1.0000
8.0000 0.0003 0.0010 0.0012 -0.0000 -0.0000 0.0000 1.0000
9.0000 0.0004 0.0011 0.0013 -0.0000 -0.0000 0.0000 1.0000
10.0000 0.0005 0.0014 0.0015 -0.0000 -0.0000 0.0000 1.0000
11.0000 0.0005 0.0015 0.0016 -0.0000 -0.0000 0.0000 1.0000
12.0000 0.0006 0.0016 0.0018 -0.0000 -0.0000 0.0000 1.0000
13.0000 0.0006 0.0018 0.0019 -0.0000 -0.0000 0.0000 1.0000
14.0000 0.0007 0.0020 0.0020 -0.0000 -0.0000 0.0000 1.0000
15.0000 0.0007 0.0022 0.0021 -0.0000 -0.0000 0.0000 1.0000
16.0000 0.0008 0.0022 0.0023 -0.0000 0.0000 0.0000 1.0000
17.0000 0.0008 0.0024 0.0024 -0.0000 -0.0000 0.0000 1.0000
18.0000 0.0009 0.0026 0.0026 -0.0000 -0.0000 0.0000 1.0000
19.0000 0.0010 0.0028 0.0027 -0.0000 -0.0000 0.0000 1.0000
20.0000 0.0010 0.0029 0.0028 -0.0000 -0.0000 0.0000 1.0000
21.0000 0.0010 0.0030 0.0029 -0.0000 -0.0000 0.0000 1.0000
22.0000 0.0011 0.0032 0.0031 -0.0000 -0.0000 0.0000 1.0000
23.0000 0.0012 0.0034 0.0032 -0.0000 -0.0000 0.0000 1.0000
24.0000 0.0012 0.0036 0.0034 -0.0000 -0.0000 0.0000 1.0000
25.0000 0.0013 0.0036 0.0035 -0.0000 -0.0000 0.0000 1.0000
26.0000 0.0014 0.0038 0.0036 -0.0000 -0.0000 0.0000 1.0000
27.0000 0.0014 0.0041 0.0037 -0.0000 0.0000 0.0000 1.0000
28.0000 0.0015 0.0042 0.0039 -0.0000 0.0000 -0.0000 1.0000
29.0000 0.0015 0.0044 0.0040 -0.0000 0.0000 0.0000 1.0000
30.0000 0.0015 0.0045 0.0041 -0.0000 -0.0000 0.0000 1.0000
31.0000 0.0016 0.0046 0.0043 -0.0000 -0.0000 -0.0000 1.0000
32.0000 0.0017 0.0047 0.0044 0.0000 0.0000 0.0000 1.0000
33.0000 0.0017 0.0046 0.0045 0.0001 -0.0000 0.0000 1.0000
34.0000 0.0015 0.0046 0.0047 0.0001 -0.0000 0.0000 1.0000
35.0000 0.0016 0.0049 0.0048 0.0001 -0.0000 0.0000 1.0000
36.0000 0.0020 0.0051 0.0049 0.0001 0.0000 -0.0000 1.0000
37.0000 0.0018 0.0049 0.0051 0.0001 -0.0000 0.0000 1.0000
38.0000 0.0020 0.0049 0.0052 0.0002 -0.0001 -0.0000 1.0000
39.0000 0.0050 0.0048 0.0050 0.0002 -0.0004 -0.0001 1.0000
40.0000 0.0131 0.0042 0.0051 0.0003 -0.0007 -0.0001 1.0000
41.0000 0.0276 0.0040 0.0054 0.0003 -0.0009 -0.0003 1.0000
42.0000 0.0486 0.0037 0.0060 0.0002 -0.0009 -0.0006 1.0000
43.0000 0.0760 0.0028 0.0068 0.0003 -0.0008 -0.0009 1.0000
44.0000 0.1096 0.0012 0.0076 0.0005 -0.0007 -0.0015 1.0000
45.0000 0.1496 -0.0006 0.0084 0.0006 -0.0005 -0.0022 1.0000
46.0000 0.1954 -0.0029 0.0095 0.0009 -0.0003 -0.0029 1.0000
47.0000 0.2458 -0.0056 0.0112 0.0012 -0.0004 -0.0038 1.0000
48.0000 0.3014 -0.0078 0.0131 0.0012 -0.0005 -0.0048 1.0000
49.0000 0.3636 -0.0089 0.0146 0.0009 -0.0004 -0.0056 1.0000
50.0000 0.4326 -0.0097 0.0158 0.0004 -0.0001 -0.0064 1.0000
51.0000 0.5083 -0.0118 0.0167 0.0002 0.0002 -0.0073 1.0000
52.0000 0.5905 -0.0152 0.0177 0.0003 0.0006 -0.0082 1.0000
53.0000 0.6784 -0.0188 0.0188 0.0003 0.0011 -0.0092 1.0000
54.0000 0.7710 -0.0222 0.0202 0.0003 0.0014 -0.0100 0.9999
55.0000 0.8685 -0.0258 0.0216 0.0002 0.0013 -0.0108 0.9999
56.0000 0.9718 -0.0301 0.0228 0.0003 0.0014 -0.0117 0.9999
57.0000 1.0809 -0.0349 0.0241 0.0005 0.0017 -0.0124 0.9999
58.0000 1.1948 -0.0396 0.0253 0.0005 0.0017 -0.0131 0.9999
59.0000 1.3132 -0.0447 0.0262 0.0007 0.0017 -0.0140 0.9999
60.0000 1.4362 -0.0504 0.0267 0.0009 0.0015 -0.0147 0.9999
61.0000 1.5645 -0.0559 0.0268 0.0009 0.0015 -0.0155 0.9999
62.0000 1.6966 -0.0613 0.0266 0.0007 0.0010 -0.0162 0.9999
63.0000 1.8326 -0.0666 0.0258 0.0005 0.0002 -0.0170 0.9999
64.0000 1.9730 -0.0725 0.0244 0.0003 -0.0005 -0.0179 0.9998
65.0000 2.1155 -0.0789 0.0228 0.0002 -0.0012 -0.0188 0.9998
66.0000 2.2576 -0.0879 0.0218 0.0007 -0.0019 -0.0192 0.9998
67.0000 2.3990 -0.0976 0.0212 0.0013 -0.0023 -0.0199 0.9998
68.0000 2.5404 -0.1041 0.0208 0.0013 -0.0024 -0.0209 0.9998
69.0000 2.6819 -0.1108 0.0211 0.0013 -0.0025 -0.0213 0.9998
70.0000 2.8233 -0.1204 0.0224 0.0017 -0.0025 -0.0216 0.9998
71.0000 2.9632 -0.1319 0.0244 0.0028 -0.0027 -0.0224 0.9997
72.0000 3.1038 -0.1404 0.0271 0.0029 -0.0027 -0.0232 0.9997
73.0000 3.2445 -0.1457 0.0284 0.0023 -0.0030 -0.0237 0.9997
74.0000 3.3848 -0.1510 0.0283 0.0015 -0.0038 -0.0242 0.9997
75.0000 3.5263 -0.1576 0.0291 0.0009 -0.0039 -0.0249 0.9997
76.0000 3.6681 -0.1679 0.0308 0.0015 -0.0037 -0.0254 0.9997
77.0000 3.8088 -0.1786 0.0329 0.0020 -0.0040 -0.0260 0.9997
78.0000 3.9492 -0.1889 0.0348 0.0024 -0.0043 -0.0267 0.9996
79.0000 4.0901 -0.1991 0.0360 0.0023 -0.0045 -0.0275 0.9996
80.0000 4.2304 -0.2089 0.0366 0.0016 -0.0047 -0.0295 0.9996
81.0000 4.3700 -0.2214 0.0380 0.0009 -0.0046 -0.0331 0.9994
82.0000 4.5082 -0.2397 0.0401 0.0005 -0.0043 -0.0383 0.9993
83.0000 4.6439 -0.2635 0.0412 0.0006 -0.0043 -0.0449 0.9990
84.0000 4.7772 -0.2906 0.0430 0.0001 -0.0043 -0.0532 0.9986
85.0000 4.9097 -0.3239 0.0453 0.0000 -0.0040 -0.0633 0.9980
86.0000 5.0407 -0.3648 0.0466 0.0003 -0.0040 -0.0748 0.9972
87.0000 5.1707 -0.4108 0.0472 0.0003 -0.0043 -0.0877 0.9961
88.0000 5.3003 -0.4617 0.0484 0.0002 -0.0042 -0.1020 0.9948
89.0000 5.4280 -0.5192 0.0498 0.0004 -0.0040 -0.1170 0.9931
90.0000 5.5526 -0.5834 0.0511 0.0009 -0.0042 -0.1327 0.9912
91.0000 5.6748 -0.6526 0.0527 0.0012 -0.0043 -0.1494 0.9888
92.0000 5.7948 -0.7270 0.0541 0.0015 -0.0043 -0.1667 0.9860
93.0000 5.9135 -0.8062 0.0546 0.0017 -0.0044 -0.1842 0.9829
94.0000 6.0307 -0.8903 0.0556 0.0018 -0.0045 -0.2016 0.9795
95.0000 6.1462 -0.9800 0.0572 0.0024 -0.0046 -0.2189 0.9757
96.0000 6.2603 -1.0745 0.0589 0.0028 -0.0045 -0.2363 0.9717
97.0000 6.3728 -1.1724 0.0595 0.0031 -0.0048 -0.2532 0.9674
98.0000 6.4836 -1.2729 0.0600 0.0032 -0.0049 -0.2689 0.9631
99.0000 6.5917 -1.3747 0.0606 0.0030 -0.0045 -0.2841 0.9588
100.0000 6.6937 -1.4769 0.0609 0.0027 -0.0039 -0.2997 0.9540
101.0000 6.7858 -1.5806 0.0614 0.0023 -0.0033 -0.3159 0.9488
102.0000 6.8674 -1.6867 0.0617 0.0031 -0.0035 -0.3320 0.9433
103.0000 6.9420 -1.7928 0.0614 0.0038 -0.0040 -0.3473 0.9377
104.0000 7.0131 -1.8970 0.0607 0.0043 -0.0042 -0.3622 0.9321
105.0000 7.0816 -1.9987 0.0610 0.0041 -0.0039 -0.3765 0.9264
106.0000 7.1437 -2.1003 0.0618 0.0041 -0.0040 -0.3903 0.9207
107.0000 7.2004 -2.2017 0.0615 0.0042 -0.0041 -0.4036 0.9149
108.0000 7.2524 -2.3017 0.0607 0.0049 -0.0039 -0.4165 0.9091
109.0000 7.2982 -2.3971 0.0607 0.0054 -0.0039 -0.4284 0.9036
110.0000 7.3399 -2.4867 0.0609 0.0053 -0.0038 -0.4397 0.8981
111.0000 7.3787 -2.5719 0.0604 0.0052 -0.0034 -0.4503 0.8928
112.0000 7.4130 -2.6539 0.0601 0.0050 -0.0033 -0.4601 0.8879
113.0000 7.4431 -2.7328 0.0603 0.0050 -0.0034 -0.4694 0.8830
114.0000 7.4713 -2.8097 0.0603 0.0048 -0.0032 -0.4787 0.8779
115.0000 7.4977 -2.8875 0.0601 0.0048 -0.0032 -0.4880 0.8728
116.0000 7.5236 -2.9666 0.0603 0.0046 -0.0030 -0.4971 0.8677
117.0000 7.5492 -3.0473 0.0601 0.0042 -0.0027 -0.5063 0.8623
118.0000 7.5728 -3.1311 0.0596 0.0039 -0.0026 -0.5158 0.8567
119.0000 7.5940 -3.2189 0.0593 0.0043 -0.0026 -0.5250 0.8511
120.0000 7.6141 -3.3099 0.0594 0.0049 -0.0030 -0.5339 0.8455
121.0000 7.6352 -3.4039 0.0594 0.0054 -0.0035 -0.5423 0.8402
122.0000 7.6585 -3.5022 0.0591 0.0057 -0.0036 -0.5501 0.8351
123.0000 7.6837 -3.6044 0.0587 0.0058 -0.0034 -0.5575 0.8302
124.0000 7.7102 -3.7098 0.0590 0.0058 -0.0030 -0.5647 0.8253
125.0000 7.7369 -3.8179 0.0596 0.0058 -0.0026 -0.5717 0.8205
126.0000 7.7630 -3.9291 0.0596 0.0056 -0.0023 -0.5780 0.8160
127.0000 7.7893 -4.0435 0.0589 0.0054 -0.0020 -0.5840 0.8117
128.0000 7.8151 -4.1615 0.0578 0.0053 -0.0018 -0.5899 0.8075
129.0000 7.8395 -4.2825 0.0565 0.0050 -0.0017 -0.5955 0.8033
130.0000 7.8619 -4.4071 0.0553 0.0053 -0.0019 -0.6010 0.7992
131.0000 7.8831 -4.5348 0.0541 0.0055 -0.0023 -0.6062 0.7953
132.0000 7.9055 -4.6652 0.0522 0.0055 -0.0025 -0.6112 0.7914
133.0000 7.9305 -4.7986 0.0514 0.0051 -0.0020 -0.6161 0.7877
134.0000 7.9547 -4.9349 0.0517 0.0047 -0.0015 -0.6205 0.7842
135.0000 7.9763 -5.0742 0.0517 0.0048 -0.0014 -0.6247 0.7809
136.0000 7.9964 -5.2165 0.0509 0.0052 -0.0016 -0.6288 0.7776
137.0000 8.0165 -5.3609 0.0500 0.0052 -0.0018 -0.6326 0.7744
138.0000 8.0370 -5.5072 0.0494 0.0052 -0.0019 -0.6363 0.7715
139.0000 8.0579 -5.6559 0.0489 0.0049 -0.0017 -0.6397 0.7686
140.0000 8.0770 -5.8074 0.0495 0.0051 -0.0016 -0.6430 0.7659
141.0000 8.0952 -5.9605 0.0489 0.0050 -0.0016 -0.6462 0.7632
142.0000 8.1141 -6.1154 0.0482 0.0048 -0.0015 -0.6492 0.7606
143.0000 8.1317 -6.2714 0.0470 0.0045 -0.0016 -0.6521 0.7581
144.0000 8.1480 -6.4278 0.0462 0.0044 -0.0017 -0.6547 0.7558
145.0000 8.1637 -6.5826 0.0453 0.0045 -0.0019 -0.6571 0.7538
146.0000 8.1794 -6.7345 0.0446 0.0044 -0.0019 -0.6590 0.7521
147.0000 8.1951 -6.8827 0.0441 0.0040 -0.0018 -0.6609 0.7505
148.0000 8.2088 -7.0279 0.0435 0.0040 -0.0020 -0.6628 0.7488
149.0000 8.2199 -7.1716 0.0428 0.0044 -0.0020 -0.6645 0.7473
150.0000 8.2316 -7.3128 0.0418 0.0047 -0.0018 -0.6663 0.7457
151.0000 8.2436 -7.4501 0.0409 0.0045 -0.0016 -0.6681 0.7441
152.0000 8.2549 -7.5835 0.0403 0.0040 -0.0014 -0.6697 0.7426
153.0000 8.2654 -7.7133 0.0403 0.0037 -0.0011 -0.6714 0.7411
154.0000 8.2745 -7.8397 0.0407 0.0035 -0.0008 -0.6731 0.7395
155.0000 8.2818 -7.9622 0.0406 0.0034 -0.0009 -0.6747 0.7381
156.0000 8.2884 -8.0812 0.0404 0.0033 -0.0010 -0.6762 0.7367
157.0000 8.2932 -8.1970 0.0404 0.0035 -0.0012 -0.6778 0.7353
158.0000 8.2966 -8.3095 0.0404 0.0039 -0.0015 -0.6792 0.7340
159.0000 8.3007 -8.4178 0.0404 0.0039 -0.0017 -0.6806 0.7327
160.0000 8.3060 -8.5228 0.0400 0.0038 -0.0014 -0.6819 0.7314
161.0000 8.3114 -8.6246 0.0396 0.0037 -0.0010 -0.6832 0.7303
162.0000 8.3158 -8.7232 0.0396 0.0036 -0.0007 -0.6844 0.7291
163.0000 8.3187 -8.8190 0.0396 0.0035 -0.0006 -0.6856 0.7280
164.0000 8.3215 -8.9128 0.0395 0.0034 -0.0006 -0.6868 0.7269
165.0000 8.3242 -9.0051 0.0397 0.0033 -0.0005 -0.6879 0.7258
166.0000 8.3263 -9.0961 0.0396 0.0033 -0.0004 -0.6890 0.7248
167.0000 8.3276 -9.1866 0.0393 0.0034 -0.0004 -0.6901 0.7237
168.0000 8.3280 -9.2766 0.0394 0.0037 -0.0004 -0.6912 0.7226
169.0000 8.3291 -9.3663 0.0394 0.0039 -0.0002 -0.6924 0.7215
170.0000 8.3303 -9.4559 0.0386 0.0040 0.0000 -0.6935 0.7205
171.0000 8.3305 -9.5455 0.0381 0.0043 0.0002 -0.6945 0.7195
172.0000 8.3296 -9.6348 0.0383 0.0050 0.0004 -0.6956 0.7184
173.0000 8.3282 -9.7238 0.0379 0.0055 0.0004 -0.6968 0.7173
174.0000 8.3276 -9.8127 0.0361 0.0055 0.0003 -0.6978 0.7163
175.0000 8.3278 -9.9016 0.0349 0.0055 0.0004 -0.6988 0.7153
176.0000 8.3275 -9.9904 0.0345 0.0055 0.0004 -0.6999 0.7143
177.0000 8.3260 -10.0793 0.0338 0.0056 0.0004 -0.7008 0.7133
178.0000 8.3244 -10.1690 0.0331 0.0057 0.0004 -0.7018 0.7123
179.0000 8.3235 -10.2599 0.0327 0.0058 0.0006 -0.7028 0.7114
180.0000 8.3228 -10.3515 0.0325 0.0058 0.0009 -0.7038 0.7104
181.0000 8.3217 -10.4432 0.0324 0.0058 0.0012 -0.7047 0.7095
182.0000 8.3202 -10.5349 0.0322 0.0059 0.0014 -0.7056 0.7086
183.0000 8.3180 -10.6262 0.0322 0.0060 0.0015 -0.7066 0.7076
184.0000 8.3152 -10.7174 0.0322 -0.0062 -0.0015 0.7074 -0.7067
185.0000 8.3120 -10.8090 0.0323 -0.0064 -0.0015 0.7083 -0.7059
186.0000 8.3082 -10.9006 0.0323 -0.0068 -0.0013 0.7093 -0.7049
187.0000 8.3039 -10.9920 0.0321 -0.0070 -0.0011 0.7101 -0.7041
188.0000 8.3001 -11.0833 0.0320 -0.0072 -0.0010 0.7109 -0.7032
189.0000 8.2974 -11.1744 0.0317 -0.0071 -0.0012 0.7119 -0.7023
190.0000 8.2947 -11.2658 0.0311 -0.0071 -0.0014 0.7127 -0.7014
191.0000 8.2909 -11.3574 0.0302 -0.0072 -0.0015 0.7136 -0.7005
192.0000 8.2866 -11.4474 0.0300 -0.0072 -0.0013 0.7144 -0.6997
193.0000 8.2827 -11.5361 0.0306 -0.0070 -0.0010 0.7150 -0.6990
194.0000 8.2790 -11.6246 0.0308 -0.0069 -0.0009 0.7156 -0.6985
195.0000 8.2757 -11.7127 0.0309 -0.0068 -0.0008 0.7160 -0.6981
196.0000 8.2731 -11.8005 0.0308 -0.0067 -0.0006 0.7162 -0.6978
197.0000 8.2710 -11.8885 0.0306 -0.0065 -0.0006 0.7163 -0.6978
198.0000 8.2699 -11.9767 0.0299 -0.0063 -0.0008 0.7162 -0.6979
199.0000 8.2689 -12.0654 0.0287 -0.0061 -0.0008 0.7160 -0.6981
200.0000 8.2674 -12.1556 0.0271 -0.0059 -0.0007 0.7156 -0.6985
201.0000 8.2659 -12.2490 0.0256 -0.0059 -0.0006 0.7152 -0.6989
202.0000 8.2643 -12.3464 0.0236 -0.0058 -0.0003 0.7148 -0.6993
203.0000 8.2629 -12.4482 0.0213 -0.0057 -0.0000 0.7142 -0.6999
204.0000 8.2625 -12.5550 0.0193 -0.0057 0.0001 0.7135 -0.7006
205.0000 8.2632 -12.6672 0.0174 -0.0057 -0.0002 0.7127 -0.7014
206.0000 8.2640 -12.7841 0.0155 -0.0059 -0.0006 0.7119 -0.7023
207.0000 8.2644 -12.9044 0.0140 -0.0060 -0.0005 0.7110 -0.7032
208.0000 8.2646 -13.0278 0.0131 -0.0062 -0.0004 0.7101 -0.7040
209.0000 8.2652 -13.1555 0.0119 -0.0065 -0.0005 0.7093 -0.7048
210.0000 8.2660 -13.2870 0.0102 -0.0069 -0.0006 0.7086 -0.7056
211.0000 8.2671 -13.4225 0.0087 -0.0071 -0.0008 0.7079 -0.7063
212.0000 8.2679 -13.5619 0.0070 -0.0076 -0.0010 0.7072 -0.7070
213.0000 8.2682 -13.7054 0.0053 0.0083 0.0012 -0.7066 0.7076
214.0000 8.2702 -13.8523 0.0038 0.0088 0.0018 -0.7061 0.7081
215.0000 8.2734 -14.0014 0.0021 0.0088 0.0023 -0.7055 0.7087
216.0000 8.2759 -14.1527 0.0006 0.0090 0.0026 -0.7049 0.7093
217.0000 8.2771 -14.3075 0.0011 0.0099 0.0029 -0.7044 0.7097
218.0000 8.2777 -14.4646 0.0014 0.0109 0.0031 -0.7038 0.7103
219.0000 8.2794 -14.6240 0.0009 0.0115 0.0033 -0.7033 0.7108
220.0000 8.2832 -14.7858 -0.0007 0.0117 0.0036 -0.7027 0.7113
221.0000 8.2878 -14.9488 -0.0032 0.0114 0.0037 -0.7021 0.7119
222.0000 8.2925 -15.1130 -0.0049 0.0110 0.0036 -0.7015 0.7125
223.0000 8.2972 -15.2788 -0.0065 0.0106 0.0035 -0.7010 0.7131
224.0000 8.3022 -15.4468 -0.0102 0.0100 0.0033 -0.7006 0.7135
225.0000 8.3062 -15.6172 -0.0140 0.0097 0.0030 -0.7004 0.7137
226.0000 8.3082 -15.7901 -0.0156 0.0099 0.0026 -0.7002 0.7138
227.0000 8.3087 -15.9650 -0.0176 0.0103 0.0019 -0.7002 0.7139
228.0000 8.3103 -16.1420 -0.0209 0.0106 0.0014 -0.7002 0.7139
229.0000 8.3132 -16.3203 -0.0243 0.0105 0.0008 -0.7000 0.7140
230.0000 8.3175 -16.5005 -0.0282 0.0101 0.0005 -0.6998 0.7142
231.0000 8.3238 -16.6837 -0.0324 0.0096 0.0009 -0.6998 0.7142
232.0000 8.3287 -16.8687 -0.0359 0.0095 0.0009 -0.6996 0.7144
233.0000 8.3319 -17.0543 -0.0385 0.0093 0.0004 -0.6994 0.7147
234.0000 8.3345 -17.2420 -0.0408 0.0095 -0.0001 -0.6993 0.7148
235.0000 8.3380 -17.4311 -0.0432 0.0094 -0.0004 -0.6992 0.7149
236.0000 8.3424 -17.6213 -0.0452 0.0093 -0.0006 -0.6990 0.7150
237.0000 8.3491 -17.8133 -0.0459 0.0089 -0.0000 -0.6990 0.7151
238.0000 8.3560 -18.0070 -0.0468 0.0087 0.0005 -0.6988 0.7152
239.0000 8.3597 -18.2013 -0.0492 0.0089 0.0002 -0.6987 0.7154
240.0000 8.3614 -18.3967 -0.0508 0.0093 -0.0003 -0.6986 0.7155
241.0000 8.3646 -18.5939 -0.0522 0.0098 -0.0005 -0.6985 0.7155
242.0000 8.3692 -18.7914 -0.0550 0.0098 -0.0007 -0.6984 0.7157
243.0000 8.3746 -18.9907 -0.0576 0.0098 -0.0006 -0.6982 0.7158
244.0000 8.3786 -19.1911 -0.0599 0.0102 -0.0008 -0.6982 0.7158
245.0000 8.3835 -19.3913 -0.0631 0.0099 -0.0010 -0.6981 0.7159
246.0000 8.3893 -19.5930 -0.0658 0.0097 -0.0011 -0.6981 0.7160
247.0000 8.3961 -19.7960 -0.0672 0.0096 -0.0006 -0.6980 0.7160
248.0000 8.4021 -19.9987 -0.0686 0.0094 -0.0005 -0.6979 0.7161
249.0000 8.4071 -20.2028 -0.0699 0.0095 -0.0005 -0.6978 0.7163
250.0000 8.4126 -20.4078 -0.0716 0.0097 -0.0002 -0.6977 0.7163
251.0000 8.4197 -20.6128 -0.0733 0.0094 0.0001 -0.6977 0.7164
252.0000 8.4266 -20.8173 -0.0755 0.0089 0.0001 -0.6977 0.7164
253.0000 8.4305 -21.0227 -0.0772 0.0089 0.0001 -0.6979 0.7161
254.0000 8.4332 -21.2293 -0.0793 0.0091 -0.0001 -0.6986 0.7155
255.0000 8.4353 -21.4373 -0.0814 0.0091 -0.0005 -0.6992 0.7149
256.0000 8.4373 -21.6483 -0.0839 0.0090 -0.0009 -0.6997 0.7144
257.0000 8.4394 -21.8626 -0.0867 0.0090 -0.0013 -0.7002 0.7138
258.0000 8.4421 -22.0809 -0.0888 0.0088 -0.0013 -0.7008 0.7133
259.0000 8.4436 -22.3036 -0.0908 0.0090 -0.0017 -0.7013 0.7128
260.0000 8.4459 -22.5319 -0.0933 0.0088 -0.0016 -0.7017 0.7124
261.0000 8.4491 -22.7662 -0.0958 0.0087 -0.0014 -0.7022 0.7119
262.0000 8.4514 -23.0063 -0.0986 0.0088 -0.0014 -0.7025 0.7116
263.0000 8.4516 -23.2515 -0.1012 0.0092 -0.0019 -0.7026 0.7115
264.0000 8.4536 -23.5014 -0.1025 0.0091 -0.0021 -0.7028 0.7114
265.0000 8.4581 -23.7559 -0.1041 0.0086 -0.0020 -0.7027 0.7114
266.0000 8.4642 -24.0151 -0.1058 0.0078 -0.0018 -0.7025 0.7116
267.0000 8.4684 -24.2793 -0.1070 0.0075 -0.0020 -0.7024 0.7117
268.0000 8.4708 -24.5495 -0.1089 0.0079 -0.0019 -0.7023 0.7118
269.0000 8.4729 -24.8227 -0.1118 0.0087 -0.0018 -0.7021 0.7120
270.0000 8.4759 -25.0963 -0.1150 0.0093 -0.0016 -0.7020 0.7121
271.0000 8.4809 -25.3686 -0.1177 0.0092 -0.0011 -0.7019 0.7122
272.0000 8.4862 -25.6388 -0.1206 0.0089 -0.0012 -0.7019 0.7123
273.0000 8.4896 -25.9078 -0.1231 0.0089 -0.0016 -0.7017 0.7125
274.0000 8.4925 -26.1766 -0.1240 0.0092 -0.0015 -0.7015 0.7126
275.0000 8.4975 -26.4447 -0.1254 0.0096 -0.0009 -0.7015 0.7126
276.0000 8.5046 -26.7117 -0.1275 0.0097 0.0002 -0.7013 0.7128
277.0000 8.5113 -26.9768 -0.1294 0.0098 0.0010 -0.7011 0.7130
278.0000 8.5161 -27.2391 -0.1321 0.0097 0.0010 -0.7009 0.7131
279.0000 8.5191 -27.4991 -0.1350 0.0099 0.0005 -0.7007 0.7134
280.0000 8.5237 -27.7567 -0.1381 0.0095 0.0001 -0.7005 0.7136
281.0000 8.5306 -28.0136 -0.1407 0.0091 0.0002 -0.7003 0.7138
282.0000 8.5366 -28.2699 -0.1424 0.0092 0.0003 -0.7000 0.7141
283.0000 8.5416 -28.5248 -0.1440 0.0092 0.0003 -0.6997 0.7144
284.0000 8.5474 -28.7788 -0.1461 0.0093 0.0004 -0.6994 0.7147
285.0000 8.5539 -29.0305 -0.1485 0.0090 0.0002 -0.6991 0.7149
286.0000 8.5603 -29.2813 -0.1518 0.0087 -0.0000 -0.6989 0.7152
287.0000 8.5671 -29.5315 -0.1555 0.0084 -0.0002 -0.6987 0.7154
288.0000 8.5733 -29.7810 -0.1582 0.0083 -0.0005 -0.6984 0.7156
289.0000 8.5794 -30.0310 -0.1606 0.0081 -0.0009 -0.6982 0.7159
290.0000 8.5869 -30.2856 -0.1626 0.0075 -0.0012 -0.6979 0.7162
291.0000 8.5952 -30.5475 -0.1641 0.0071 -0.0013 -0.6976 0.7165
292.0000 8.6034 -30.8158 -0.1659 0.0070 -0.0013 -0.6973 0.7168
293.0000 8.6110 -31.0894 -0.1680 0.0073 -0.0013 -0.6969 0.7171
294.0000 8.6197 -31.3666 -0.1702 0.0073 -0.0012 -0.6967 0.7173
295.0000 8.6291 -31.6472 -0.1718 0.0072 -0.0012 -0.6965 0.7175
296.0000 8.6378 -31.9317 -0.1738 0.0071 -0.0014 -0.6961 0.7179
297.0000 8.6469 -32.2197 -0.1762 0.0072 -0.0016 -0.6958 0.7182
298.0000 8.6575 -32.5102 -0.1783 0.0073 -0.0011 -0.6954 0.7186
299.0000 8.6685 -32.7998 -0.1800 0.0074 -0.0009 -0.6950 0.7190
300.0000 8.6812 -33.0880 -0.1811 0.0070 -0.0002 -0.6947 0.7193
301.0000 8.6941 -33.3761 -0.1827 0.0070 0.0006 -0.6944 0.7196
302.0000 8.7072 -33.6631 -0.1853 0.0068 0.0015 -0.6940 0.7200
303.0000 8.7189 -33.9478 -0.1883 0.0069 0.0016 -0.6937 0.7203
304.0000 8.7259 -34.2290 -0.1895 0.0077 0.0006 -0.6933 0.7206
305.0000 8.7318 -34.5068 -0.1900 0.0085 -0.0007 -0.6932 0.7207
306.0000 8.7395 -34.7832 -0.1914 0.0089 -0.0013 -0.6932 0.7207
307.0000 8.7504 -35.0589 -0.1943 0.0087 -0.0009 -0.6937 0.7202
308.0000 8.7619 -35.3336 -0.1970 0.0082 0.0000 -0.6948 0.7192
309.0000 8.7687 -35.6069 -0.1988 0.0080 0.0008 -0.6965 0.7175
310.0000 8.7718 -35.8777 -0.2012 0.0077 0.0013 -0.6990 0.7151
311.0000 8.7712 -36.1456 -0.2046 0.0070 0.0016 -0.7022 0.7119
312.0000 8.7679 -36.4122 -0.2082 0.0060 0.0025 -0.7061 0.7081
313.0000 8.7585 -36.6778 -0.2114 -0.0058 -0.0033 0.7105 -0.7037
314.0000 8.7379 -36.9413 -0.2131 -0.0068 -0.0032 0.7155 -0.6986
315.0000 8.7104 -37.2026 -0.2142 -0.0082 -0.0031 0.7212 -0.6926
316.0000 8.6790 -37.4606 -0.2169 -0.0090 -0.0028 0.7275 -0.6860
317.0000 8.6436 -37.7141 -0.2208 -0.0088 -0.0025 0.7341 -0.6790
318.0000 8.6035 -37.9649 -0.2239 -0.0085 -0.0025 0.7410 -0.6715
319.0000 8.5582 -38.2133 -0.2271 -0.0082 -0.0029 0.7481 -0.6635
320.0000 8.5061 -38.4589 -0.2311 -0.0081 -0.0032 0.7555 -0.6551
321.0000 8.4471 -38.7009 -0.2349 -0.0081 -0.0034 0.7633 -0.6459
322.0000 8.3815 -38.9389 -0.2379 -0.0079 -0.0039 0.7717 -0.6359
323.0000 8.3095 -39.1726 -0.2422 -0.0076 -0.0045 0.7805 -0.6251
324.0000 8.2299 -39.4015 -0.2460 -0.0073 -0.0052 0.7895 -0.6137
325.0000 8.1419 -39.6241 -0.2502 -0.0070 -0.0056 0.7990 -0.6013
326.0000 8.0451 -39.8401 -0.2541 -0.0069 -0.0058 0.8088 -0.5880
327.0000 7.9400 -40.0494 -0.2566 -0.0071 -0.0061 0.8188 -0.5740
328.0000 7.8281 -40.2517 -0.2597 -0.0073 -0.0065 0.8290 -0.5592
329.0000 7.7097 -40.4466 -0.2639 -0.0072 -0.0067 0.8390 -0.5440
330.0000 7.5837 -40.6342 -0.2681 -0.0074 -0.0066 0.8489 -0.5285
331.0000 7.4511 -40.8146 -0.2720 -0.0078 -0.0063 0.8583 -0.5131
332.0000 7.3131 -40.9880 -0.2758 -0.0082 -0.0056 0.8672 -0.4978
333.0000 7.1716 -41.1551 -0.2806 -0.0082 -0.0050 0.8758 -0.4826
334.0000 7.0265 -41.3168 -0.2850 -0.0082 -0.0047 0.8840 -0.4674
335.0000 6.8782 -41.4737 -0.2892 -0.0082 -0.0050 0.8917 -0.4525
336.0000 6.7277 -41.6254 -0.2923 -0.0080 -0.0058 0.8991 -0.4377
337.0000 6.5759 -41.7709 -0.2947 -0.0074 -0.0067 0.9061 -0.4230
338.0000 6.4220 -41.9096 -0.2975 -0.0064 -0.0080 0.9127 -0.4084
339.0000 6.2620 -42.0402 -0.3013 -0.0064 -0.0081 0.9192 -0.3937
340.0000 6.0977 -42.1647 -0.3058 -0.0063 -0.0082 0.9253 -0.3791
341.0000 5.9293 -42.2827 -0.3098 -0.0063 -0.0077 0.9312 -0.3643
342.0000 5.7567 -42.3946 -0.3129 -0.0066 -0.0069 0.9368 -0.3497
343.0000 5.5818 -42.5010 -0.3153 -0.0069 -0.0062 0.9420 -0.3355
344.0000 5.4058 -42.6036 -0.3180 -0.0071 -0.0057 0.9468 -0.3218
345.0000 5.2291 -42.7033 -0.3215 -0.0073 -0.0057 0.9510 -0.3089
346.0000 5.0526 -42.7997 -0.3254 -0.0074 -0.0059 0.9549 -0.2967
347.0000 4.8770 -42.8913 -0.3291 -0.0074 -0.0060 0.9583 -0.2854
348.0000 4.7039 -42.9784 -0.3324 -0.0076 -0.0061 0.9613 -0.2752
349.0000 4.5362 -43.0638 -0.3348 -0.0080 -0.0071 0.9640 -0.2658
350.0000 4.3743 -43.1461 -0.3372 -0.0078 -0.0085 0.9661 -0.2579
351.0000 4.2180 -43.2239 -0.3391 -0.0072 -0.0098 0.9679 -0.2509
352.0000 4.0656 -43.2958 -0.3412 -0.0065 -0.0103 0.9696 -0.2445
353.0000 3.9153 -43.3627 -0.3444 -0.0066 -0.0102 0.9709 -0.2390
354.0000 3.7690 -43.4241 -0.3468 -0.0069 -0.0092 0.9721 -0.2344
355.0000 3.6290 -43.4812 -0.3473 -0.0071 -0.0081 0.9730 -0.2304
356.0000 3.4954 -43.5359 -0.3483 -0.0072 -0.0070 0.9739 -0.2269
357.0000 3.3679 -43.5901 -0.3509 -0.0074 -0.0066 0.9745 -0.2241
358.0000 3.2459 -43.6440 -0.3540 -0.0076 -0.0066 0.9750 -0.2221
359.0000 3.1296 -43.6958 -0.3564 -0.0078 -0.0066 0.9753 -0.2205
360.0000 3.0189 -43.7457 -0.3586 -0.0079 -0.0066 0.9756 -0.2193
361.0000 2.9135 -43.7924 -0.3613 -0.0081 -0.0062 0.9757 -0.2187
362.0000 2.8146 -43.8372 -0.3637 -0.0083 -0.0060 0.9757 -0.2187
363.0000 2.7230 -43.8809 -0.3654 -0.0084 -0.0060 0.9757 -0.2187
364.0000 2.6379 -43.9224 -0.3674 -0.0087 -0.0060 0.9756 -0.2194
365.0000 2.5604 -43.9609 -0.3694 -0.0088 -0.0061 0.9753 -0.2205
366.0000 2.4901 -43.9971 -0.3712 -0.0086 -0.0061 0.9751 -0.2214
367.0000 2.4248 -44.0312 -0.3729 -0.0085 -0.0062 0.9748 -0.2228
368.0000 2.3647 -44.0631 -0.3747 -0.0086 -0.0062 0.9744 -0.2244
369.0000 2.3112 -44.0924 -0.3759 -0.0086 -0.0062 0.9741 -0.2259
370.0000 2.2650 -44.1177 -0.3770 -0.0088 -0.0061 0.9738 -0.2273
371.0000 2.2267 -44.1389 -0.3779 -0.0089 -0.0061 0.9734 -0.2288
372.0000 2.1965 -44.1562 -0.3786 -0.0089 -0.0060 0.9732 -0.2299
373.0000 2.1739 -44.1694 -0.3790 -0.0089 -0.0060 0.9730 -0.2307
374.0000 2.1580 -44.1782 -0.3793 -0.0088 -0.0060 0.9728 -0.2314
375.0000 2.1484 -44.1836 -0.3795 -0.0088 -0.0060 0.9727 -0.2318
376.0000 2.1445 -44.1861 -0.3795 -0.0088 -0.0060 0.9727 -0.2319
377.0000 2.1451 -44.1860 -0.3794 -0.0086 -0.0060 0.9727 -0.2320
378.0000 2.1470 -44.1848 -0.3792 -0.0083 -0.0059 0.9727 -0.2319
379.0000 2.1468 -44.1847 -0.3784 -0.0082 -0.0059 0.9727 -0.2320
380.0000 2.1466 -44.1846 -0.3781 -0.0084 -0.0059 0.9727 -0.2319
381.0000 2.1471 -44.1841 -0.3781 -0.0083 -0.0059 0.9727 -0.2319
382.0000 2.1469 -44.1842 -0.3778 -0.0083 -0.0059 0.9727 -0.2320
383.0000 2.1466 -44.1842 -0.3777 -0.0084 -0.0059 0.9727 -0.2319
384.0000 2.1467 -44.1839 -0.3777 -0.0083 -0.0059 0.9727 -0.2319
385.0000 2.1466 -44.1840 -0.3775 -0.0083 -0.0059 0.9727 -0.2319
386.0000 2.1465 -44.1839 -0.3775 -0.0083 -0.0059 0.9727 -0.2319
387.0000 2.1464 -44.1837 -0.3774 -0.0083 -0.0059 0.9727 -0.2319
388.0000 2.1464 -44.1837 -0.3772 -0.0083 -0.0059 0.9727 -0.2319
389.0000 2.1462 -44.1837 -0.3773 -0.0083 -0.0059 0.9727 -0.2319
390.0000 2.1461 -44.1836 -0.3771 -0.0083 -0.0059 0.9727 -0.2319
391.0000 2.1461 -44.1835 -0.3770 -0.0083 -0.0059 0.9727 -0.2320
392.0000 2.1459 -44.1834 -0.3770 -0.0083 -0.0059 0.9727 -0.2319
393.0000 2.1459 -44.1834 -0.3769 -0.0083 -0.0059 0.9727 -0.2320
394.0000 2.1458 -44.1833 -0.3768 -0.0083 -0.0059 0.9727 -0.2320
395.0000 2.1457 -44.1832 -0.3767 -0.0083 -0.0059 0.9727 -0.2319
396.0000 2.1456 -44.1832 -0.3766 -0.0083 -0.0059 0.9727 -0.2320
397.0000 2.1456 -44.1831 -0.3765 -0.0083 -0.0059 0.9727 -0.2319
398.0000 2.1454 -44.1830 -0.3764 -0.0083 -0.0059 0.9727 -0.2319
399.0000 2.1453 -44.1829 -0.3764 -0.0083 -0.0059 0.9727 -0.2320
400.0000 2.1453 -44.1829 -0.3763 -0.0083 -0.0059 0.9727 -0.2319
401.0000 2.1450 -44.1829 -0.3763 -0.0083 -0.0059 0.9727 -0.2320
402.0000 2.1431 -44.1838 -0.3764 -0.0081 -0.0058 0.9726 -0.2321
403.0000 2.1382 -44.1865 -0.3766 -0.0079 -0.0057 0.9726 -0.2323
404.0000 2.1294 -44.1920 -0.3768 -0.0077 -0.0057 0.9725 -0.2326
405.0000 2.1158 -44.1999 -0.3770 -0.0076 -0.0056 0.9724 -0.2332
406.0000 2.0974 -44.2106 -0.3772 -0.0076 -0.0056 0.9722 -0.2339
407.0000 2.0747 -44.2240 -0.3775 -0.0076 -0.0056 0.9720 -0.2348
408.0000 2.0475 -44.2400 -0.3780 -0.0077 -0.0055 0.9717 -0.2360
409.0000 2.0154 -44.2590 -0.3784 -0.0077 -0.0055 0.9714 -0.2373
410.0000 1.9781 -44.2822 -0.3789 -0.0077 -0.0055 0.9710 -0.2389
411.0000 1.9352 -44.3096 -0.3793 -0.0077 -0.0056 0.9705 -0.2407
412.0000 1.8858 -44.3417 -0.3797 -0.0077 -0.0058 0.9699 -0.2432
413.0000 1.8290 -44.3784 -0.3800 -0.0079 -0.0058 0.9691 -0.2463
414.0000 1.7651 -44.4203 -0.3808 -0.0081 -0.0057 0.9682 -0.2499
415.0000 1.6948 -44.4678 -0.3819 -0.0082 -0.0055 0.9671 -0.2542
416.0000 1.6196 -44.5220 -0.3832 -0.0082 -0.0055 0.9658 -0.2593
417.0000 1.5396 -44.5829 -0.3848 -0.0080 -0.0055 0.9641 -0.2654
418.0000 1.4541 -44.6498 -0.3861 -0.0081 -0.0053 0.9621 -0.2727
419.0000 1.3638 -44.7233 -0.3870 -0.0084 -0.0048 0.9596 -0.2810
420.0000 1.2696 -44.8040 -0.3881 -0.0087 -0.0042 0.9568 -0.2906
421.0000 1.1727 -44.8923 -0.3895 -0.0089 -0.0034 0.9534 -0.3015
422.0000 1.0739 -44.9890 -0.3915 -0.0087 -0.0028 0.9496 -0.3132
423.0000 0.9734 -45.0941 -0.3942 -0.0085 -0.0021 0.9454 -0.3258
424.0000 0.8728 -45.2088 -0.3970 -0.0082 -0.0019 0.9406 -0.3393
425.0000 0.7718 -45.3310 -0.4002 -0.0077 -0.0013 0.9353 -0.3537
426.0000 0.6705 -45.4617 -0.4028 -0.0074 -0.0009 0.9295 -0.3688
427.0000 0.5689 -45.6009 -0.4055 -0.0075 -0.0002 0.9231 -0.3844
428.0000 0.4682 -45.7491 -0.4078 -0.0078 0.0004 0.9162 -0.4007
429.0000 0.3705 -45.9067 -0.4102 -0.0080 0.0008 0.9088 -0.4172
430.0000 0.2758 -46.0722 -0.4136 -0.0080 0.0015 0.9008 -0.4342
431.0000 0.1844 -46.2467 -0.4174 -0.0082 0.0021 0.8922 -0.4517
432.0000 0.0978 -46.4305 -0.4210 -0.0084 0.0025 0.8830 -0.4694
433.0000 0.0167 -46.6228 -0.4236 -0.0085 0.0030 0.8732 -0.4873
434.0000 -0.0601 -46.8224 -0.4261 -0.0088 0.0040 0.8627 -0.5057
435.0000 -0.1306 -47.0310 -0.4283 -0.0094 0.0047 0.8516 -0.5241
436.0000 -0.1925 -47.2482 -0.4306 -0.0096 0.0052 0.8400 -0.5425
437.0000 -0.2452 -47.4731 -0.4338 -0.0092 0.0055 0.8280 -0.5606
438.0000 -0.2897 -47.7070 -0.4364 -0.0086 0.0053 0.8157 -0.5783
439.0000 -0.3266 -47.9501 -0.4378 -0.0079 0.0044 0.8037 -0.5950
440.0000 -0.3607 -48.2006 -0.4386 -0.0079 0.0046 0.7917 -0.6108
441.0000 -0.3912 -48.4601 -0.4387 -0.0085 0.0046 0.7798 -0.6259
442.0000 -0.4149 -48.7277 -0.4392 -0.0094 0.0048 0.7685 -0.6397
443.0000 -0.4285 -49.0024 -0.4425 -0.0090 0.0045 0.7577 -0.6525
444.0000 -0.4351 -49.2847 -0.4468 -0.0085 0.0036 0.7474 -0.6643
445.0000 -0.4370 -49.5735 -0.4509 -0.0081 0.0028 0.7379 -0.6749
446.0000 -0.4346 -49.8682 -0.4548 -0.0078 0.0021 0.7293 -0.6841
447.0000 -0.4286 -50.1685 -0.4575 -0.0078 0.0014 0.7215 -0.6924
448.0000 -0.4192 -50.4734 -0.4590 -0.0083 0.0007 0.7143 -0.6998
449.0000 -0.4066 -50.7807 -0.4610 -0.0086 0.0005 0.7079 -0.7062
450.0000 -0.3904 -51.0899 -0.4635 0.0082 -0.0003 -0.7025 0.7116
451.0000 -0.3691 -51.4008 -0.4655 0.0071 0.0004 -0.6979 0.7161
452.0000 -0.3481 -51.7137 -0.4677 0.0066 0.0006 -0.6941 0.7198
453.0000 -0.3293 -52.0276 -0.4707 0.0064 0.0001 -0.6913 0.7225
454.0000 -0.3123 -52.3431 -0.4735 0.0067 -0.0009 -0.6893 0.7245
455.0000 -0.2943 -52.6617 -0.4770 0.0071 -0.0013 -0.6877 0.7260
456.0000 -0.2743 -52.9822 -0.4809 0.0072 -0.0014 -0.6866 0.7270
457.0000 -0.2546 -53.3043 -0.4844 0.0072 -0.0017 -0.6860 0.7276
458.0000 -0.2371 -53.6294 -0.4869 0.0078 -0.0017 -0.6858 0.7278
459.0000 -0.2167 -53.9562 -0.4882 0.0079 -0.0010 -0.6858 0.7277
460.0000 -0.1924 -54.2835 -0.4897 0.0075 0.0001 -0.6857 0.7278
461.0000 -0.1705 -54.6099 -0.4914 0.0072 0.0006 -0.6854 0.7281
462.0000 -0.1515 -54.9358 -0.4922 0.0075 0.0009 -0.6851 0.7284
463.0000 -0.1338 -55.2608 -0.4947 0.0081 0.0006 -0.6849 0.7286
464.0000 -0.1156 -55.5848 -0.4991 0.0085 0.0003 -0.6849 0.7286
465.0000 -0.0979 -55.9091 -0.5023 0.0094 0.0003 -0.6849 0.7286
466.0000 -0.0815 -56.2303 -0.5055 0.0098 0.0000 -0.6853 0.7282
467.0000 -0.0639 -56.5484 -0.5080 0.0099 -0.0001 -0.6861 0.7275
468.0000 -0.0476 -56.8629 -0.5104 0.0096 -0.0004 -0.6868 0.7268
469.0000 -0.0326 -57.1754 -0.5125 0.0093 -0.0007 -0.6876 0.7260
470.0000 -0.0175 -57.4875 -0.5144 0.0091 -0.0004 -0.6887 0.7250
471.0000 -0.0020 -57.7983 -0.5171 0.0087 0.0000 -0.6896 0.7241
472.0000 0.0129 -58.1073 -0.5210 0.0078 0.0004 -0.6905 0.7233
473.0000 0.0246 -58.4151 -0.5253 0.0076 0.0001 -0.6914 0.7224
474.0000 0.0333 -58.7221 -0.5287 0.0079 -0.0002 -0.6922 0.7217
475.0000 0.0407 -59.0278 -0.5312 0.0084 -0.0007 -0.6929 0.7210
476.0000 0.0505 -59.3324 -0.5332 0.0085 -0.0006 -0.6936 0.7203
477.0000 0.0597 -59.6364 -0.5341 0.0090 -0.0003 -0.6941 0.7198
478.0000 0.0698 -59.9391 -0.5363 0.0091 0.0003 -0.6945 0.7194
479.0000 0.0786 -60.2404 -0.5402 0.0094 0.0004 -0.6950 0.7189
480.0000 0.0874 -60.5407 -0.5439 0.0099 0.0006 -0.6953 0.7187
481.0000 0.0956 -60.8393 -0.5470 0.0102 0.0008 -0.6955 0.7184
482.0000 0.1040 -61.1361 -0.5500 0.0104 0.0006 -0.6957 0.7182
483.0000 0.1128 -61.4321 -0.5534 0.0106 0.0009 -0.6958 0.7181
484.0000 0.1205 -61.7268 -0.5560 0.0111 0.0008 -0.6960 0.7179
485.0000 0.1291 -62.0194 -0.5584 0.0109 0.0008 -0.6962 0.7178
486.0000 0.1384 -62.3108 -0.5609 0.0106 0.0007 -0.6964 0.7176
487.0000 0.1493 -62.6011 -0.5640 0.0097 0.0011 -0.6966 0.7174
488.0000 0.1586 -62.8902 -0.5677 0.0091 0.0008 -0.6966 0.7174
489.0000 0.1671 -63.1808 -0.5724 0.0084 0.0003 -0.6966 0.7174
490.0000 0.1750 -63.4742 -0.5764 0.0083 -0.0001 -0.6964 0.7176
491.0000 0.1833 -63.7694 -0.5787 0.0082 -0.0003 -0.6961 0.7179
492.0000 0.1921 -64.0656 -0.5825 0.0081 -0.0009 -0.6959 0.7181
493.0000 0.2000 -64.3633 -0.5855 0.0083 -0.0014 -0.6957 0.7183
494.0000 0.2086 -64.6622 -0.5874 0.0084 -0.0016 -0.6954 0.7186
495.0000 0.2192 -64.9628 -0.5894 0.0084 -0.0015 -0.6953 0.7187
496.0000 0.2312 -65.2645 -0.5918 0.0078 -0.0011 -0.6952 0.7187
497.0000 0.2416 -65.5678 -0.5931 0.0078 -0.0008 -0.6955 0.7185
498.0000 0.2495 -65.8715 -0.5958 0.0079 -0.0009 -0.6960 0.7180
499.0000 0.2577 -66.1746 -0.5982 0.0075 -0.0011 -0.6965 0.7175
500.0000 0.2673 -66.4784 -0.5990 0.0070 -0.0008 -0.6969 0.7171
501.0000 0.2757 -66.7831 -0.6008 0.0067 -0.0007 -0.6972 0.7169
502.0000 0.2831 -67.0888 -0.6035 0.0067 -0.0006 -0.6976 0.7165
503.0000 0.2901 -67.3946 -0.6051 0.0066 -0.0007 -0.6980 0.7161
504.0000 0.2960 -67.7001 -0.6069 0.0065 -0.0009 -0.6983 0.7158
505.0000 0.3022 -68.0067 -0.6089 0.0067 -0.0008 -0.6987 0.7154
506.0000 0.3077 -68.3135 -0.6123 0.0068 -0.0007 -0.6991 0.7150
507.0000 0.3126 -68.6202 -0.6151 0.0070 -0.0008 -0.6994 0.7146
508.0000 0.3189 -68.9274 -0.6158 0.0069 -0.0001 -0.6998 0.7143
509.0000 0.3257 -69.2348 -0.6175 0.0072 0.0006 -0.7002 0.7139
510.0000 0.3306 -69.5439 -0.6216 0.0082 0.0016 -0.7005 0.7136
511.0000 0.3333 -69.8518 -0.6261 0.0092 0.0021 -0.7009 0.7132
512.0000 0.3344 -70.1570 -0.6281 0.0101 0.0017 -0.7014 0.7127
513.0000 0.3366 -70.4590 -0.6283 0.0100 0.0014 -0.7018 0.7123
514.0000 0.3413 -70.7592 -0.6296 0.0092 0.0014 -0.7022 0.7119
515.0000 0.3481 -71.0572 -0.6325 0.0082 0.0020 -0.7026 0.7115
516.0000 0.3528 -71.3524 -0.6353 0.0076 0.0022 -0.7029 0.7112
517.0000 0.3573 -71.6466 -0.6375 0.0071 0.0029 -0.7033 0.7109
518.0000 0.3597 -71.9387 -0.6419 0.0071 0.0027 -0.7037 0.7104
519.0000 0.3593 -72.2270 -0.6496 0.0063 0.0014 -0.7038 0.7104
520.0000 0.3595 -72.5147 -0.6548 0.0062 0.0005 -0.7040 0.7102
521.0000 0.3601 -72.8026 -0.6560 0.0066 0.0006 -0.7041 0.7101
522.0000 0.3614 -73.0901 -0.6565 0.0072 0.0011 -0.7042 0.7100
523.0000 0.3653 -73.3748 -0.6578 0.0068 0.0016 -0.7045 0.7097
524.0000 0.3708 -73.6584 -0.6592 0.0061 0.0025 -0.7047 0.7095
525.0000 0.3739 -73.9416 -0.6611 0.0063 0.0033 -0.7049 0.7093
526.0000 0.3752 -74.2220 -0.6638 0.0062 0.0035 -0.7051 0.7090
527.0000 0.3756 -74.4996 -0.6667 0.0060 0.0031 -0.7054 0.7087
528.0000 0.3737 -74.7760 -0.6695 0.0063 0.0027 -0.7055 0.7086
529.0000 0.3709 -75.0520 -0.6725 0.0073 0.0023 -0.7057 0.7084
530.0000 0.3688 -75.3266 -0.6755 0.0079 0.0020 -0.7061 0.7081
531.0000 0.3672 -75.5993 -0.6783 0.0082 0.0017 -0.7064 0.7078
532.0000 0.3671 -75.8709 -0.6811 0.0082 0.0019 -0.7067 0.7074
533.0000 0.3665 -76.1415 -0.6834 -0.0085 -0.0022 0.7073 -0.7069
534.0000 0.3669 -76.4096 -0.6860 -0.0079 -0.0026 0.7078 -0.7063
535.0000 0.3646 -76.6752 -0.6890 -0.0074 -0.0022 0.7085 -0.7056
536.0000 0.3613 -76.9411 -0.6917 -0.0071 -0.0027 0.7095 -0.7047
537.0000 0.3573 -77.2069 -0.6946 -0.0072 -0.0034 0.7109 -0.7033
538.0000 0.3508 -77.4713 -0.6979 -0.0072 -0.0039 0.7124 -0.7017
539.0000 0.3409 -77.7343 -0.7020 -0.0073 -0.0041 0.7143 -0.6998
540.0000 0.3280 -77.9952 -0.7059 -0.0073 -0.0040 0.7167 -0.6973
541.0000 0.3116 -78.2532 -0.7084 -0.0071 -0.0038 0.7196 -0.6943
542.0000 0.2926 -78.5088 -0.7105 -0.0067 -0.0040 0.7232 -0.6906
543.0000 0.2694 -78.7620 -0.7134 -0.0065 -0.0042 0.7274 -0.6861
544.0000 0.2411 -79.0114 -0.7165 -0.0064 -0.0045 0.7322 -0.6810
545.0000 0.2064 -79.2539 -0.7182 -0.0066 -0.0044 0.7374 -0.6754
546.0000 0.1683 -79.4880 -0.7201 -0.0065 -0.0044 0.7432 -0.6691
547.0000 0.1284 -79.7131 -0.7230 -0.0056 -0.0046 0.7493 -0.6621
548.0000 0.0868 -79.9324 -0.7274 -0.0041 -0.0055 0.7557 -0.6549
549.0000 0.0393 -80.1472 -0.7323 -0.0034 -0.0060 0.7620 -0.6476
550.0000 -0.0149 -80.3579 -0.7368 -0.0035 -0.0058 0.7679 -0.6405
551.0000 -0.0729 -80.5648 -0.7400 -0.0044 -0.0052 0.7731 -0.6342
552.0000 -0.1308 -80.7665 -0.7420 -0.0057 -0.0042 0.7769 -0.6296
553.0000 -0.1835 -80.9622 -0.7435 -0.0064 -0.0033 0.7790 -0.6270
554.0000 -0.2288 -81.1536 -0.7450 -0.0067 -0.0029 0.7795 -0.6263
555.0000 -0.2671 -81.3402 -0.7468 -0.0068 -0.0032 0.7788 -0.6273
556.0000 -0.3008 -81.5205 -0.7489 -0.0069 -0.0031 0.7770 -0.6294
557.0000 -0.3296 -81.6945 -0.7506 -0.0069 -0.0030 0.7743 -0.6328
558.0000 -0.3524 -81.8624 -0.7514 -0.0069 -0.0029 0.7707 -0.6372
559.0000 -0.3706 -82.0257 -0.7523 -0.0068 -0.0029 0.7665 -0.6422
560.0000 -0.3853 -82.1856 -0.7532 -0.0067 -0.0030 0.7622 -0.6473
561.0000 -0.3962 -82.3435 -0.7541 -0.0065 -0.0034 0.7577 -0.6525
562.0000 -0.4028 -82.5001 -0.7549 -0.0064 -0.0041 0.7530 -0.6580
563.0000 -0.4067 -82.6543 -0.7574 -0.0060 -0.0043 0.7479 -0.6638
564.0000 -0.4091 -82.8058 -0.7600 -0.0059 -0.0041 0.7424 -0.6699
565.0000 -0.4084 -82.9545 -0.7620 -0.0060 -0.0037 0.7366 -0.6762
566.0000 -0.4027 -83.1000 -0.7635 -0.0058 -0.0035 0.7305 -0.6829
567.0000 -0.3919 -83.2425 -0.7646 -0.0055 -0.0035 0.7237 -0.6901
568.0000 -0.3759 -83.3823 -0.7652 -0.0052 -0.0038 0.7162 -0.6978
569.0000 -0.3560 -83.5181 -0.7657 -0.0049 -0.0038 0.7082 -0.7059
570.0000 -0.3327 -83.6501 -0.7666 0.0046 0.0034 -0.6995 0.7146
571.0000 -0.3041 -83.7780 -0.7675 0.0042 0.0033 -0.6902 0.7236
572.0000 -0.2713 -83.9029 -0.7685 0.0039 0.0030 -0.6805 0.7328
573.0000 -0.2336 -84.0259 -0.7691 0.0036 0.0033 -0.6701 0.7422
574.0000 -0.1925 -84.1464 -0.7691 0.0036 0.0034 -0.6595 0.7517
575.0000 -0.1486 -84.2642 -0.7691 0.0037 0.0033 -0.6484 0.7613
576.0000 -0.1011 -84.3795 -0.7700 0.0039 0.0030 -0.6368 0.7710
577.0000 -0.0492 -84.4922 -0.7704 0.0038 0.0028 -0.6250 0.7806
578.0000 0.0052 -84.6025 -0.7703 0.0039 0.0022 -0.6130 0.7901
579.0000 0.0617 -84.7113 -0.7705 0.0041 0.0015 -0.6007 0.7994
580.0000 0.1216 -84.8191 -0.7710 0.0045 0.0008 -0.5885 0.8085
581.0000 0.1852 -84.9253 -0.7714 0.0049 0.0003 -0.5761 0.8174
582.0000 0.2521 -85.0301 -0.7716 0.0053 -0.0003 -0.5635 0.8261
583.0000 0.3219 -85.1341 -0.7719 0.0058 -0.0009 -0.5510 0.8345
584.0000 0.3949 -85.2366 -0.7719 0.0063 -0.0014 -0.5385 0.8426
585.0000 0.4720 -85.3366 -0.7717 0.0064 -0.0014 -0.5262 0.8504
586.0000 0.5523 -85.4339 -0.7714 0.0064 -0.0015 -0.5141 0.8577
587.0000 0.6346 -85.5277 -0.7709 0.0059 -0.0017 -0.5019 0.8649
588.0000 0.7167 -85.6177 -0.7702 0.0059 -0.0023 -0.4897 0.8719
589.0000 0.7989 -85.7037 -0.7701 0.0060 -0.0029 -0.4776 0.8785
590.0000 0.8821 -85.7853 -0.7699 0.0060 -0.0034 -0.4659 0.8848
591.0000 0.9656 -85.8622 -0.7696 0.0056 -0.0038 -0.4544 0.8908
592.0000 1.0482 -85.9343 -0.7696 0.0052 -0.0045 -0.4431 0.8965
593.0000 1.1312 -86.0025 -0.7698 0.0045 -0.0049 -0.4322 0.9017
594.0000 1.2136 -86.0685 -0.7700 0.0041 -0.0052 -0.4220 0.9066
595.0000 1.2944 -86.1322 -0.7695 0.0040 -0.0057 -0.4119 0.9112
596.0000 1.3734 -86.1931 -0.7688 0.0042 -0.0062 -0.4019 0.9157
597.0000 1.4516 -86.2502 -0.7683 0.0043 -0.0066 -0.3924 0.9198
598.0000 1.5284 -86.3036 -0.7678 0.0042 -0.0068 -0.3834 0.9236
599.0000 1.6018 -86.3535 -0.7670 0.0044 -0.0070 -0.3747 0.9271
600.0000 1.6717 -86.3993 -0.7659 0.0046 -0.0072 -0.3664 0.9304
601.0000 1.7392 -86.4408 -0.7649 0.0045 -0.0074 -0.3587 0.9334
602.0000 1.8035 -86.4793 -0.7641 0.0045 -0.0076 -0.3514 0.9362
603.0000 1.8650 -86.5163 -0.7632 0.0048 -0.0080 -0.3442 0.9388
604.0000 1.9262 -86.5514 -0.7619 0.0050 -0.0082 -0.3373 0.9413
605.0000 1.9868 -86.5849 -0.7609 0.0052 -0.0083 -0.3307 0.9437
606.0000 2.0464 -86.6177 -0.7601 0.0056 -0.0084 -0.3240 0.9460
607.0000 2.1056 -86.6487 -0.7590 0.0058 -0.0085 -0.3174 0.9482
608.0000 2.1647 -86.6775 -0.7577 0.0059 -0.0085 -0.3111 0.9503
609.0000 2.2233 -86.7049 -0.7568 0.0058 -0.0085 -0.3047 0.9524
610.0000 2.2817 -86.7311 -0.7559 0.0057 -0.0085 -0.2982 0.9544
611.0000 2.3402 -86.7564 -0.7548 0.0056 -0.0086 -0.2919 0.9564
612.0000 2.3988 -86.7810 -0.7537 0.0055 -0.0086 -0.2856 0.9583
613.0000 2.4569 -86.8047 -0.7525 0.0055 -0.0087 -0.2794 0.9601
614.0000 2.5154 -86.8277 -0.7515 0.0054 -0.0089 -0.2731 0.9619
615.0000 2.5753 -86.8505 -0.7504 0.0054 -0.0090 -0.2669 0.9637
616.0000 2.6371 -86.8735 -0.7492 0.0054 -0.0090 -0.2605 0.9654
617.0000 2.7007 -86.8963 -0.7479 0.0053 -0.0091 -0.2541 0.9671
618.0000 2.7665 -86.9184 -0.7465 0.0052 -0.0091 -0.2476 0.9688
619.0000 2.8348 -86.9397 -0.7452 0.0048 -0.0090 -0.2409 0.9705
620.0000 2.9053 -86.9608 -0.7439 0.0043 -0.0089 -0.2341 0.9722
621.0000 2.9783 -86.9821 -0.7425 0.0040 -0.0089 -0.2272 0.9738
622.0000 3.0541 -87.0033 -0.7412 0.0037 -0.0088 -0.2203 0.9754
623.0000 3.1329 -87.0244 -0.7398 0.0033 -0.0085 -0.2131 0.9770
624.0000 3.2139 -87.0446 -0.7382 0.0029 -0.0083 -0.2058 0.9786
625.0000 3.2971 -87.0638 -0.7365 0.0024 -0.0080 -0.1983 0.9801
626.0000 3.3819 -87.0823 -0.7350 0.0019 -0.0078 -0.1908 0.9816
627.0000 3.4671 -87.0996 -0.7335 0.0015 -0.0077 -0.1832 0.9830
628.0000 3.5509 -87.1158 -0.7322 0.0012 -0.0077 -0.1758 0.9844
629.0000 3.6313 -87.1310 -0.7315 0.0012 -0.0077 -0.1688 0.9856
630.0000 3.7077 -87.1443 -0.7310 0.0012 -0.0078 -0.1621 0.9867
631.0000 3.7806 -87.1560 -0.7301 0.0011 -0.0079 -0.1557 0.9878
632.0000 3.8505 -87.1668 -0.7290 0.0012 -0.0078 -0.1496 0.9887
633.0000 3.9170 -87.1768 -0.7281 0.0015 -0.0077 -0.1438 0.9896
634.0000 3.9795 -87.1860 -0.7271 0.0017 -0.0076 -0.1385 0.9903
635.0000 4.0377 -87.1936 -0.7259 0.0020 -0.0077 -0.1334 0.9910
636.0000 4.0917 -87.1997 -0.7248 0.0021 -0.0077 -0.1287 0.9917
637.0000 4.1420 -87.2048 -0.7241 0.0022 -0.0078 -0.1243 0.9922
638.0000 4.1887 -87.2092 -0.7232 0.0022 -0.0078 -0.1202 0.9927
639.0000 4.2317 -87.2130 -0.7223 0.0023 -0.0079 -0.1165 0.9932
640.0000 4.2709 -87.2160 -0.7217 0.0023 -0.0079 -0.1130 0.9936
641.0000 4.3064 -87.2183 -0.7209 0.0023 -0.0080 -0.1099 0.9939
642.0000 4.3381 -87.2203 -0.7202 0.0023 -0.0080 -0.1072 0.9942
643.0000 4.3660 -87.2219 -0.7197 0.0023 -0.0080 -0.1047 0.9945
644.0000 4.3903 -87.2231 -0.7192 0.0023 -0.0081 -0.1026 0.9947
645.0000 4.4112 -87.2240 -0.7187 0.0023 -0.0081 -0.1008 0.9949
646.0000 4.4287 -87.2245 -0.7183 0.0022 -0.0081 -0.0992 0.9950
647.0000 4.4429 -87.2250 -0.7180 0.0022 -0.0081 -0.0980 0.9952
648.0000 4.4541 -87.2255 -0.7177 0.0022 -0.0081 -0.0970 0.9952
649.0000 4.4629 -87.2258 -0.7176 0.0022 -0.0082 -0.0962 0.9953
650.0000 4.4699 -87.2259 -0.7174 0.0022 -0.0082 -0.0955 0.9954
651.0000 4.4753 -87.2261 -0.7172 0.0021 -0.0082 -0.0951 0.9954
652.0000 4.4792 -87.2263 -0.7171 0.0022 -0.0082 -0.0947 0.9955
653.0000 4.4810 -87.2264 -0.7170 0.0021 -0.0082 -0.0946 0.9955
654.0000 4.4805 -87.2264 -0.7169 0.0021 -0.0082 -0.0946 0.9955
655.0000 4.4794 -87.2265 -0.7169 0.0022 -0.0083 -0.0946 0.9955
656.0000 4.4796 -87.2267 -0.7167 0.0023 -0.0082 -0.0946 0.9955
657.0000 4.4795 -87.2267 -0.7167 0.0022 -0.0081 -0.0946 0.9955
658.0000 4.4787 -87.2266 -0.7165 0.0023 -0.0082 -0.0946 0.9955
659.0000 4.4786 -87.2268 -0.7164 0.0023 -0.0082 -0.0946 0.9955
660.0000 4.4787 -87.2268 -0.7164 0.0023 -0.0081 -0.0946 0.9955
661.0000 4.4782 -87.2268 -0.7163 0.0023 -0.0082 -0.0946 0.9955
662.0000 4.4779 -87.2268 -0.7162 0.0023 -0.0082 -0.0946 0.9955
663.0000 4.4780 -87.2268 -0.7162 0.0023 -0.0081 -0.0946 0.9955
664.0000 4.4775 -87.2269 -0.7162 0.0023 -0.0082 -0.0946 0.9955
665.0000 4.4772 -87.2268 -0.7161 0.0023 -0.0082 -0.0946 0.9955
666.0000 4.4772 -87.2268 -0.7161 0.0023 -0.0082 -0.0946 0.9955
667.0000 4.4769 -87.2268 -0.7160 0.0023 -0.0082 -0.0946 0.9955
668.0000 4.4766 -87.2269 -0.7160 0.0023 -0.0082 -0.0946 0.9955
669.0000 4.4765 -87.2269 -0.7159 0.0023 -0.0082 -0.0946 0.9955
670.0000 4.4762 -87.2269 -0.7159 0.0023 -0.0082 -0.0946 0.9955
671.0000 4.4759 -87.2270 -0.7158 0.0023 -0.0082 -0.0946 0.9955
672.0000 4.4758 -87.2270 -0.7158 0.0023 -0.0082 -0.0946 0.9955
673.0000 4.4756 -87.2270 -0.7157 0.0023 -0.0082 -0.0946 0.9955
674.0000 4.4752 -87.2270 -0.7157 0.0023 -0.0082 -0.0946 0.9955
675.0000 4.4751 -87.2270 -0.7156 0.0023 -0.0082 -0.0946 0.9955
676.0000 4.4749 -87.2271 -0.7156 0.0023 -0.0082 -0.0946 0.9955
677.0000 4.4745 -87.2271 -0.7155 0.0023 -0.0082 -0.0946 0.9955
678.0000 4.4743 -87.2271 -0.7155 0.0023 -0.0082 -0.0946 0.9955
679.0000 4.4741 -87.2272 -0.7154 0.0023 -0.0082 -0.0946 0.9955
680.0000 4.4738 -87.2272 -0.7154 0.0023 -0.0082 -0.0946 0.9955
681.0000 4.4736 -87.2273 -0.7153 0.0023 -0.0082 -0.0946 0.9955
682.0000 4.4734 -87.2273 -0.7153 0.0023 -0.0082 -0.0946 0.9955
683.0000 4.4731 -87.2274 -0.7152 0.0023 -0.0082 -0.0946 0.9955
684.0000 4.4729 -87.2274 -0.7152 0.0023 -0.0082 -0.0946 0.9955
685.0000 4.4727 -87.2274 -0.7151 0.0023 -0.0082 -0.0946 0.9955
686.0000 4.4724 -87.2275 -0.7151 0.0023 -0.0082 -0.0946 0.9955
687.0000 4.4722 -87.2275 -0.7151 0.0023 -0.0082 -0.0946 0.9955
688.0000 4.4719 -87.2276 -0.7150 0.0023 -0.0082 -0.0946 0.9955
689.0000 4.4722 -87.2277 -0.7150 0.0024 -0.0083 -0.0945 0.9955
690.0000 4.4749 -87.2282 -0.7149 0.0025 -0.0084 -0.0942 0.9955
691.0000 4.4818 -87.2286 -0.7148 0.0026 -0.0086 -0.0935 0.9956
692.0000 4.4935 -87.2291 -0.7146 0.0027 -0.0087 -0.0924 0.9957
693.0000 4.5107 -87.2291 -0.7143 0.0027 -0.0088 -0.0909 0.9958
694.0000 4.5333 -87.2295 -0.7138 0.0027 -0.0088 -0.0889 0.9960
695.0000 4.5611 -87.2296 -0.7131 0.0025 -0.0089 -0.0865 0.9962
696.0000 4.5937 -87.2298 -0.7123 0.0024 -0.0090 -0.0837 0.9965
697.0000 4.6309 -87.2295 -0.7113 0.0023 -0.0090 -0.0804 0.9967
698.0000 4.6730 -87.2290 -0.7102 0.0021 -0.0091 -0.0767 0.9970
699.0000 4.7210 -87.2283 -0.7090 0.0019 -0.0093 -0.0725 0.9973
700.0000 4.7761 -87.2274 -0.7076 0.0018 -0.0093 -0.0679 0.9977
701.0000 4.8384 -87.2265 -0.7062 0.0016 -0.0093 -0.0629 0.9980
702.0000 4.9081 -87.2252 -0.7047 0.0014 -0.0093 -0.0577 0.9983
703.0000 4.9853 -87.2240 -0.7029 0.0011 -0.0093 -0.0526 0.9986
704.0000 5.0701 -87.2237 -0.7012 0.0009 -0.0095 -0.0477 0.9988
705.0000 5.1634 -87.2242 -0.6993 0.0008 -0.0096 -0.0431 0.9990
706.0000 5.2656 -87.2252 -0.6973 0.0008 -0.0096 -0.0387 0.9992
707.0000 5.3766 -87.2264 -0.6951 0.0007 -0.0096 -0.0348 0.9993
708.0000 5.4965 -87.2278 -0.6926 0.0004 -0.0095 -0.0315 0.9995
709.0000 5.6252 -87.2308 -0.6905 0.0002 -0.0095 -0.0289 0.9995
710.0000 5.7622 -87.2360 -0.6881 0.0003 -0.0095 -0.0269 0.9996
711.0000 5.9074 -87.2418 -0.6862 0.0002 -0.0095 -0.0257 0.9996
712.0000 6.0604 -87.2482 -0.6858 0.0001 -0.0097 -0.0250 0.9996
713.0000 6.2211 -87.2572 -0.6860 0.0003 -0.0101 -0.0245 0.9996
714.0000 6.3902 -87.2678 -0.6843 0.0005 -0.0101 -0.0246 0.9996
715.0000 6.5681 -87.2786 -0.6805 0.0008 -0.0096 -0.0252 0.9996
716.0000 6.7543 -87.2887 -0.6763 0.0006 -0.0092 -0.0256 0.9996
717.0000 6.9482 -87.2989 -0.6727 0.0005 -0.0087 -0.0257 0.9996
718.0000 7.1482 -87.3100 -0.6687 0.0003 -0.0081 -0.0260 0.9996
719.0000 7.3526 -87.3218 -0.6643 0.0003 -0.0076 -0.0263 0.9996
720.0000 7.5607 -87.3340 -0.6604 0.0003 -0.0072 -0.0266 0.9996
721.0000 7.7728 -87.3460 -0.6572 0.0001 -0.0070 -0.0268 0.9996
722.0000 7.9892 -87.3578 -0.6537 -0.0000 -0.0069 -0.0269 0.9996
723.0000 8.2100 -87.3705 -0.6504 0.0001 -0.0069 -0.0267 0.9996
724.0000 8.4354 -87.3837 -0.6466 0.0004 -0.0067 -0.0263 0.9996
725.0000 8.6653 -87.3951 -0.6428 0.0003 -0.0066 -0.0258 0.9996
726.0000 8.8998 -87.4054 -0.6399 0.0000 -0.0066 -0.0251 0.9997
727.0000 9.1389 -87.4164 -0.6366 -0.0001 -0.0064 -0.0241 0.9997
728.0000 9.3816 -87.4284 -0.6333 0.0004 -0.0064 -0.0233 0.9997
729.0000 9.6283 -87.4400 -0.6302 0.0006 -0.0064 -0.0226 0.9997
730.0000 9.8793 -87.4498 -0.6267 0.0004 -0.0062 -0.0218 0.9997
731.0000 10.1339 -87.4591 -0.6233 0.0003 -0.0061 -0.0209 0.9998
732.0000 10.3928 -87.4689 -0.6202 0.0002 -0.0059 -0.0201 0.9998
733.0000 10.6558 -87.4790 -0.6170 0.0003 -0.0055 -0.0193 0.9998
734.0000 10.9220 -87.4889 -0.6133 0.0003 -0.0054 -0.0186 0.9998
735.0000 11.1912 -87.5002 -0.6089 0.0009 -0.0054 -0.0179 0.9998
736.0000 11.4633 -87.5113 -0.6043 0.0013 -0.0055 -0.0174 0.9998
737.0000 11.7391 -87.5213 -0.6011 0.0015 -0.0056 -0.0169 0.9998
738.0000 12.0196 -87.5303 -0.5985 0.0014 -0.0051 -0.0164 0.9999
739.0000 12.3036 -87.5396 -0.5958 0.0014 -0.0046 -0.0160 0.9999
740.0000 12.5889 -87.5498 -0.5918 0.0015 -0.0048 -0.0158 0.9999
741.0000 12.8753 -87.5599 -0.5866 0.0017 -0.0055 -0.0157 0.9999
742.0000 13.1641 -87.5706 -0.5826 0.0020 -0.0063 -0.0156 0.9999
743.0000 13.4566 -87.5812 -0.5792 0.0021 -0.0067 -0.0154 0.9999
744.0000 13.7532 -87.5926 -0.5754 0.0027 -0.0066 -0.0153 0.9999
745.0000 14.0530 -87.6031 -0.5706 0.0028 -0.0061 -0.0152 0.9999
746.0000 14.3545 -87.6136 -0.5663 0.0030 -0.0060 -0.0150 0.9999
747.0000 14.6564 -87.6223 -0.5636 0.0029 -0.0066 -0.0146 0.9999
748.0000 14.9602 -87.6299 -0.5616 0.0025 -0.0070 -0.0141 0.9999
749.0000 15.2669 -87.6380 -0.5568 0.0026 -0.0065 -0.0134 0.9999
750.0000 15.5754 -87.6462 -0.5496 0.0026 -0.0058 -0.0125 0.9999
751.0000 15.8846 -87.6542 -0.5435 0.0028 -0.0056 -0.0118 0.9999
752.0000 16.1937 -87.6613 -0.5380 0.0027 -0.0061 -0.0112 0.9999
753.0000 16.5040 -87.6668 -0.5333 0.0024 -0.0065 -0.0102 0.9999
754.0000 16.8173 -87.6706 -0.5301 0.0019 -0.0062 -0.0094 0.9999
755.0000 17.1327 -87.6761 -0.5269 0.0021 -0.0058 -0.0087 0.9999
756.0000 17.4488 -87.6832 -0.5224 0.0027 -0.0056 -0.0077 1.0000
757.0000 17.7627 -87.6882 -0.5172 0.0028 -0.0064 -0.0069 1.0000
758.0000 18.0762 -87.6906 -0.5115 0.0025 -0.0072 -0.0061 1.0000
759.0000 18.3901 -87.6919 -0.5055 0.0020 -0.0077 -0.0052 1.0000
760.0000 18.7038 -87.6944 -0.4985 0.0019 -0.0081 -0.0044 1.0000
761.0000 19.0181 -87.6958 -0.4907 0.0017 -0.0081 -0.0037 1.0000
762.0000 19.3320 -87.6966 -0.4861 0.0014 -0.0086 -0.0032 1.0000
763.0000 19.6458 -87.6985 -0.4832 0.0012 -0.0096 -0.0026 1.0000
764.0000 19.9603 -87.7017 -0.4793 0.0016 -0.0102 -0.0024 0.9999
765.0000 20.2766 -87.7050 -0.4730 0.0017 -0.0100 -0.0023 0.9999
766.0000 20.5942 -87.7059 -0.4649 0.0012 -0.0091 -0.0022 1.0000
767.0000 20.9118 -87.7044 -0.4582 0.0003 -0.0085 -0.0019 1.0000
768.0000 21.2296 -87.7050 -0.4515 0.0000 -0.0080 -0.0017 1.0000
769.0000 21.5471 -87.7079 -0.4440 0.0001 -0.0075 -0.0015 1.0000
770.0000 21.8642 -87.7113 -0.4373 0.0006 -0.0073 -0.0014 1.0000
771.0000 22.1814 -87.7143 -0.4318 0.0009 -0.0070 -0.0013 1.0000
772.0000 22.4977 -87.7155 -0.4254 0.0008 -0.0069 -0.0011 1.0000
773.0000 22.8153 -87.7154 -0.4198 0.0004 -0.0066 -0.0009 1.0000
774.0000 23.1336 -87.7141 -0.4157 -0.0002 -0.0060 -0.0007 1.0000
775.0000 23.4515 -87.7141 -0.4116 -0.0005 -0.0059 -0.0006 1.0000
776.0000 23.7704 -87.7156 -0.4079 -0.0004 -0.0057 -0.0005 1.0000
777.0000 24.0915 -87.7170 -0.4039 -0.0003 -0.0047 -0.0004 1.0000
778.0000 24.4134 -87.7195 -0.3995 0.0001 -0.0038 -0.0002 1.0000
779.0000 24.7343 -87.7222 -0.3953 0.0006 -0.0035 0.0002 1.0000
780.0000 25.0546 -87.7240 -0.3897 0.0011 -0.0034 0.0003 1.0000
781.0000 25.3741 -87.7259 -0.3834 0.0016 -0.0036 0.0003 1.0000
782.0000 25.6926 -87.7279 -0.3798 0.0021 -0.0043 0.0005 1.0000
783.0000 26.0109 -87.7291 -0.3750 0.0024 -0.0049 0.0005 1.0000
784.0000 26.3280 -87.7289 -0.3703 0.0023 -0.0055 0.0007 1.0000
785.0000 26.6442 -87.7280 -0.3675 0.0020 -0.0060 0.0010 1.0000
786.0000 26.9604 -87.7254 -0.3665 0.0012 -0.0064 0.0012 1.0000
787.0000 27.2772 -87.7223 -0.3655 0.0004 -0.0064 0.0014 1.0000
788.0000 27.5947 -87.7216 -0.3621 0.0003 -0.0059 0.0018 1.0000
789.0000 27.9137 -87.7197 -0.3573 -0.0004 -0.0045 0.0021 1.0000
790.0000 28.2269 -87.7237 -0.3506 0.0016 -0.0049 0.0027 1.0000
791.0000 28.5370 -87.7281 -0.3417 0.0028 -0.0059 0.0034 1.0000
792.0000 28.8472 -87.7286 -0.3331 0.0038 -0.0062 0.0039 1.0000
793.0000 29.1568 -87.7228 -0.3270 0.0032 -0.0064 0.0047 1.0000
794.0000 29.4665 -87.7163 -0.3232 0.0024 -0.0067 0.0055 1.0000
795.0000 29.7784 -87.7068 -0.3231 0.0008 -0.0062 0.0061 1.0000
796.0000 30.0910 -87.6970 -0.3232 -0.0006 -0.0054 0.0069 1.0000
797.0000 30.3999 -87.6883 -0.3217 -0.0016 -0.0059 0.0081 0.9999
798.0000 30.7040 -87.6807 -0.3167 -0.0020 -0.0075 0.0091 0.9999
799.0000 31.0095 -87.6775 -0.3042 -0.0006 -0.0072 0.0108 0.9999
800.0000 31.3159 -87.6778 -0.2937 0.0016 -0.0066 0.0127 0.9999
801.0000 31.6216 -87.6719 -0.2881 0.0031 -0.0061 0.0148 0.9999
802.0000 31.9261 -87.6575 -0.2830 0.0027 -0.0059 0.0173 0.9998
803.0000 32.2273 -87.6379 -0.2787 0.0016 -0.0067 0.0204 0.9998
804.0000 32.5249 -87.6149 -0.2782 0.0002 -0.0088 0.0237 0.9997
805.0000 32.8226 -87.5905 -0.2762 -0.0007 -0.0099 0.0272 0.9996
806.0000 33.1213 -87.5647 -0.2689 -0.0013 -0.0097 0.0315 0.9995
807.0000 33.4206 -87.5381 -0.2585 -0.0011 -0.0086 0.0364 0.9993
808.0000 33.7187 -87.5085 -0.2508 -0.0005 -0.0079 0.0416 0.9991
809.0000 34.0143 -87.4758 -0.2472 0.0005 -0.0081 0.0478 0.9988
810.0000 34.3080 -87.4357 -0.2439 0.0006 -0.0084 0.0547 0.9985
811.0000 34.6001 -87.3871 -0.2379 -0.0002 -0.0080 0.0618 0.9981
812.0000 34.8892 -87.3317 -0.2306 -0.0014 -0.0078 0.0696 0.9975
813.0000 35.1759 -87.2741 -0.2239 -0.0016 -0.0079 0.0781 0.9969
814.0000 35.4619 -87.2121 -0.2182 -0.0017 -0.0075 0.0868 0.9962
815.0000 35.7460 -87.1439 -0.2124 -0.0018 -0.0069 0.0958 0.9954
816.0000 36.0266 -87.0709 -0.2070 -0.0015 -0.0067 0.1054 0.9944
817.0000 36.3050 -86.9928 -0.2030 -0.0011 -0.0065 0.1153 0.9933
818.0000 36.5814 -86.9068 -0.1994 -0.0014 -0.0061 0.1254 0.9921
819.0000 36.8556 -86.8150 -0.1952 -0.0015 -0.0056 0.1353 0.9908
820.0000 37.1272 -86.7188 -0.1910 -0.0017 -0.0053 0.1451 0.9894
821.0000 37.3948 -86.6166 -0.1856 -0.0022 -0.0054 0.1548 0.9879
822.0000 37.6576 -86.5082 -0.1795 -0.0032 -0.0061 0.1644 0.9864
823.0000 37.9178 -86.3978 -0.1747 -0.0034 -0.0069 0.1739 0.9847
824.0000 38.1791 -86.2872 -0.1704 -0.0024 -0.0069 0.1827 0.9831
825.0000 38.4400 -86.1716 -0.1670 -0.0020 -0.0065 0.1907 0.9816
826.0000 38.6984 -86.0506 -0.1637 -0.0020 -0.0062 0.1984 0.9801
827.0000 38.9531 -85.9268 -0.1604 -0.0021 -0.0067 0.2059 0.9786
828.0000 39.2046 -85.8015 -0.1565 -0.0019 -0.0076 0.2125 0.9771
829.0000 39.4543 -85.6747 -0.1517 -0.0014 -0.0082 0.2190 0.9757
830.0000 39.7019 -85.5444 -0.1454 -0.0014 -0.0087 0.2250 0.9743
831.0000 39.9463 -85.4085 -0.1387 -0.0023 -0.0093 0.2304 0.9731
832.0000 40.1885 -85.2697 -0.1325 -0.0035 -0.0100 0.2354 0.9718
833.0000 40.4317 -85.1343 -0.1279 -0.0032 -0.0105 0.2405 0.9706
834.0000 40.6764 -85.0010 -0.1233 -0.0019 -0.0103 0.2451 0.9694
835.0000 40.9188 -84.8657 -0.1186 -0.0006 -0.0103 0.2488 0.9685
836.0000 41.1574 -84.7245 -0.1140 -0.0010 -0.0107 0.2524 0.9676
837.0000 41.3937 -84.5796 -0.1082 -0.0021 -0.0109 0.2560 0.9666
838.0000 41.6292 -84.4344 -0.1022 -0.0031 -0.0110 0.2590 0.9658
839.0000 41.8649 -84.2915 -0.0958 -0.0032 -0.0109 0.2616 0.9651
840.0000 42.1004 -84.1499 -0.0883 -0.0030 -0.0107 0.2641 0.9644
841.0000 42.3341 -84.0078 -0.0808 -0.0027 -0.0105 0.2665 0.9638
842.0000 42.5660 -83.8653 -0.0739 -0.0023 -0.0104 0.2685 0.9632
843.0000 42.7970 -83.7226 -0.0680 -0.0018 -0.0104 0.2705 0.9627
844.0000 43.0279 -83.5819 -0.0623 -0.0006 -0.0101 0.2727 0.9620
845.0000 43.2561 -83.4396 -0.0563 0.0002 -0.0103 0.2748 0.9615
846.0000 43.4814 -83.2941 -0.0502 0.0001 -0.0105 0.2768 0.9609
847.0000 43.7041 -83.1473 -0.0440 -0.0002 -0.0110 0.2788 0.9603
848.0000 43.9255 -83.0002 -0.0384 -0.0004 -0.0113 0.2809 0.9597
849.0000 44.1473 -82.8546 -0.0326 -0.0002 -0.0109 0.2829 0.9591
850.0000 44.3667 -82.7093 -0.0266 -0.0003 -0.0103 0.2847 0.9586
851.0000 44.5815 -82.5648 -0.0208 -0.0004 -0.0098 0.2866 0.9580
852.0000 44.7898 -82.4221 -0.0154 -0.0008 -0.0096 0.2887 0.9574
853.0000 44.9918 -82.2829 -0.0101 -0.0009 -0.0099 0.2907 0.9568
854.0000 45.1890 -82.1478 -0.0043 -0.0005 -0.0100 0.2926 0.9562
855.0000 45.3819 -82.0164 0.0019 0.0003 -0.0099 0.2946 0.9556
856.0000 45.5697 -81.8861 0.0077 0.0008 -0.0100 0.2966 0.9550
857.0000 45.7523 -81.7550 0.0139 0.0009 -0.0102 0.2987 0.9543
858.0000 45.9297 -81.6232 0.0201 0.0005 -0.0104 0.3012 0.9535
859.0000 46.1028 -81.4934 0.0255 0.0003 -0.0107 0.3042 0.9525
860.0000 46.2698 -81.3649 0.0303 0.0002 -0.0109 0.3080 0.9513
861.0000 46.4314 -81.2391 0.0341 0.0009 -0.0108 0.3129 0.9497
862.0000 46.5862 -81.1130 0.0378 0.0014 -0.0105 0.3186 0.9478
863.0000 46.7319 -80.9858 0.0416 0.0015 -0.0104 0.3250 0.9456
864.0000 46.8685 -80.8570 0.0457 0.0008 -0.0106 0.3325 0.9431
865.0000 46.9976 -80.7282 0.0496 0.0003 -0.0107 0.3407 0.9401
866.0000 47.1224 -80.5973 0.0535 -0.0001 -0.0109 0.3499 0.9367
867.0000 47.2435 -80.4632 0.0575 -0.0002 -0.0108 0.3604 0.9327
868.0000 47.3590 -80.3249 0.0614 -0.0002 -0.0105 0.3725 0.9280
869.0000 47.4671 -80.1812 0.0655 -0.0006 -0.0100 0.3860 0.9225
870.0000 47.5670 -80.0325 0.0697 -0.0014 -0.0097 0.4004 0.9163
871.0000 47.6602 -79.8808 0.0736 -0.0021 -0.0093 0.4157 0.9095
872.0000 47.7465 -79.7253 0.0771 -0.0030 -0.0090 0.4315 0.9021
873.0000 47.8256 -79.5669 0.0800 -0.0038 -0.0089 0.4475 0.8942
874.0000 47.8990 -79.4059 0.0819 -0.0043 -0.0089 0.4637 0.8860
875.0000 47.9695 -79.2429 0.0832 -0.0040 -0.0087 0.4797 0.8774
876.0000 48.0370 -79.0771 0.0852 -0.0033 -0.0079 0.4955 0.8686
877.0000 48.0988 -78.9068 0.0878 -0.0031 -0.0072 0.5110 0.8596
878.0000 48.1535 -78.7318 0.0905 -0.0034 -0.0066 0.5260 0.8505
879.0000 48.2028 -78.5541 0.0927 -0.0037 -0.0065 0.5406 0.8412
880.0000 48.2475 -78.3731 0.0951 -0.0041 -0.0064 0.5547 0.8320
881.0000 48.2882 -78.1883 0.0971 -0.0044 -0.0062 0.5681 0.8229
882.0000 48.3256 -77.9991 0.0983 -0.0044 -0.0064 0.5811 0.8138
883.0000 48.3603 -77.8039 0.0985 -0.0040 -0.0068 0.5936 0.8048
884.0000 48.3920 -77.6012 0.0982 -0.0037 -0.0072 0.6053 0.7959
885.0000 48.4197 -77.3910 0.0986 -0.0038 -0.0079 0.6163 0.7875
886.0000 48.4437 -77.1736 0.0987 -0.0042 -0.0089 0.6263 0.7795
887.0000 48.4654 -76.9485 0.0982 -0.0047 -0.0099 0.6354 0.7721
888.0000 48.4884 -76.7159 0.0980 -0.0047 -0.0101 0.6436 0.7652
889.0000 48.5126 -76.4763 0.0992 -0.0043 -0.0097 0.6510 0.7590
890.0000 48.5350 -76.2297 0.1013 -0.0041 -0.0091 0.6575 0.7534
891.0000 48.5549 -75.9772 0.1035 -0.0038 -0.0087 0.6634 0.7482
892.0000 48.5721 -75.7193 0.1055 -0.0035 -0.0088 0.6686 0.7435
893.0000 48.5876 -75.4560 0.1076 -0.0032 -0.0091 0.6733 0.7393
894.0000 48.6009 -75.1868 0.1102 -0.0031 -0.0095 0.6773 0.7356
895.0000 48.6127 -74.9108 0.1125 -0.0034 -0.0096 0.6809 0.7323
896.0000 48.6240 -74.6282 0.1144 -0.0037 -0.0093 0.6841 0.7294
897.0000 48.6340 -74.3414 0.1160 -0.0038 -0.0096 0.6868 0.7268
898.0000 48.6425 -74.0512 0.1182 -0.0034 -0.0103 0.6893 0.7244
899.0000 48.6505 -73.7561 0.1207 -0.0031 -0.0109 0.6914 0.7224
900.0000 48.6585 -73.4556 0.1232 -0.0029 -0.0111 0.6932 0.7207
901.0000 48.6670 -73.1494 0.1265 -0.0026 -0.0109 0.6948 0.7191
902.0000 48.6742 -72.8375 0.1304 -0.0028 -0.0106 0.6963 0.7177
903.0000 48.6803 -72.5207 0.1349 -0.0029 -0.0101 0.6977 0.7163
904.0000 48.6849 -72.2005 0.1379 -0.0027 -0.0098 0.6993 0.7148
905.0000 48.6880 -71.8779 0.1400 -0.0024 -0.0101 0.7008 0.7132
906.0000 48.6894 -71.5502 0.1433 -0.0027 -0.0096 0.7023 0.7118
907.0000 48.6890 -71.2173 0.1475 -0.0036 -0.0089 0.7039 0.7103
908.0000 48.6875 -70.8835 0.1518 -0.0036 -0.0088 0.7054 0.7087
909.0000 48.6847 -70.5489 0.1565 -0.0033 -0.0092 0.7069 0.7073
910.0000 48.6803 -70.2128 0.1609 -0.0030 -0.0097 0.7082 0.7059
911.0000 48.6746 -69.8740 0.1643 -0.0034 -0.0099 0.7095 0.7046
912.0000 48.6696 -69.5336 0.1669 -0.0032 -0.0099 0.7105 0.7036
913.0000 48.6645 -69.1910 0.1708 -0.0031 -0.0097 0.7114 0.7027
914.0000 48.6601 -68.8473 0.1736 -0.0025 -0.0095 0.7122 0.7019
915.0000 48.6540 -68.5032 0.1750 -0.0022 -0.0099 0.7128 0.7013
916.0000 48.6458 -68.1576 0.1796 -0.0026 -0.0101 0.7131 0.7010
917.0000 48.6371 -67.8105 0.1866 -0.0034 -0.0100 0.7131 0.7010
918.0000 48.6314 -67.4636 0.1920 -0.0036 -0.0099 0.7129 0.7012
919.0000 48.6268 -67.1170 0.1953 -0.0038 -0.0101 0.7126 0.7015
920.0000 48.6220 -66.7712 0.1986 -0.0037 -0.0101 0.7125 0.7016
921.0000 48.6184 -66.4258 0.2027 -0.0035 -0.0102 0.7124 0.7017
922.0000 48.6144 -66.0812 0.2069 -0.0030 -0.0104 0.7122 0.7019
923.0000 48.6098 -65.7363 0.2117 -0.0030 -0.0105 0.7122 0.7019
924.0000 48.6045 -65.3911 0.2161 -0.0029 -0.0103 0.7124 0.7017
925.0000 48.5976 -65.0458 0.2206 -0.0033 -0.0105 0.7126 0.7015
926.0000 48.5907 -64.7010 0.2248 -0.0032 -0.0109 0.7128 0.7012
927.0000 48.5838 -64.3554 0.2282 -0.0031 -0.0110 0.7133 0.7008
928.0000 48.5767 -64.0080 0.2322 -0.0034 -0.0109 0.7137 0.7003
929.0000 48.5687 -63.6607 0.2367 -0.0036 -0.0107 0.7141 0.6999
930.0000 48.5623 -63.3135 0.2419 -0.0035 -0.0103 0.7145 0.6995
931.0000 48.5543 -62.9667 0.2474 -0.0036 -0.0102 0.7148 0.6993
932.0000 48.5458 -62.6203 0.2511 -0.0036 -0.0102 0.7151 0.6990
933.0000 48.5371 -62.2736 0.2548 -0.0038 -0.0103 0.7152 0.6988
934.0000 48.5299 -61.9263 0.2594 -0.0039 -0.0098 0.7151 0.6990
935.0000 48.5234 -61.5804 0.2635 -0.0036 -0.0099 0.7149 0.6992
936.0000 48.5153 -61.2353 0.2674 -0.0035 -0.0104 0.7147 0.6993
937.0000 48.5079 -60.8891 0.2713 -0.0037 -0.0105 0.7145 0.6995
938.0000 48.5020 -60.5425 0.2745 -0.0039 -0.0100 0.7143 0.6998
939.0000 48.4986 -60.1968 0.2784 -0.0038 -0.0093 0.7140 0.7001
940.0000 48.4942 -59.8529 0.2831 -0.0035 -0.0090 0.7136 0.7004
941.0000 48.4894 -59.5111 0.2868 -0.0030 -0.0089 0.7134 0.7007
942.0000 48.4850 -59.1706 0.2911 -0.0029 -0.0088 0.7132 0.7009
943.0000 48.4789 -58.8322 0.2959 -0.0032 -0.0088 0.7130 0.7011
944.0000 48.4719 -58.4960 0.3002 -0.0037 -0.0091 0.7126 0.7015
945.0000 48.4658 -58.1627 0.3038 -0.0037 -0.0097 0.7124 0.7017
946.0000 48.4608 -57.8308 0.3066 -0.0036 -0.0100 0.7122 0.7019
947.0000 48.4587 -57.4994 0.3088 -0.0032 -0.0096 0.7119 0.7022
948.0000 48.4584 -57.1682 0.3125 -0.0031 -0.0091 0.7117 0.7024
949.0000 48.4555 -56.8387 0.3171 -0.0031 -0.0088 0.7114 0.7027
950.0000 48.4516 -56.5113 0.3213 -0.0033 -0.0089 0.7112 0.7030
951.0000 48.4486 -56.1853 0.3254 -0.0034 -0.0088 0.7110 0.7032
952.0000 48.4457 -55.8608 0.3292 -0.0034 -0.0086 0.7107 0.7034
953.0000 48.4430 -55.5381 0.3335 -0.0033 -0.0085 0.7106 0.7036
954.0000 48.4387 -55.2169 0.3376 -0.0037 -0.0088 0.7106 0.7035
955.0000 48.4338 -54.8964 0.3403 -0.0039 -0.0091 0.7107 0.7035
956.0000 48.4304 -54.5756 0.3413 -0.0042 -0.0090 0.7108 0.7033
957.0000 48.4278 -54.2541 0.3432 -0.0039 -0.0089 0.7109 0.7033
958.0000 48.4241 -53.9285 0.3464 -0.0036 -0.0093 0.7110 0.7031
959.0000 48.4207 -53.5973 0.3508 -0.0035 -0.0094 0.7112 0.7029
960.0000 48.4165 -53.2619 0.3549 -0.0035 -0.0092 0.7114 0.7027
961.0000 48.4117 -52.9231 0.3594 -0.0036 -0.0092 0.7117 0.7024
962.0000 48.4071 -52.5819 0.3636 -0.0033 -0.0092 0.7119 0.7023
963.0000 48.4021 -52.2387 0.3679 -0.0029 -0.0097 0.7120 0.7021
964.0000 48.3963 -51.8933 0.3703 -0.0025 -0.0104 0.7121 0.7020
965.0000 48.3904 -51.5445 0.3729 -0.0021 -0.0109 0.7123 0.7018
966.0000 48.3856 -51.1912 0.3770 -0.0019 -0.0106 0.7125 0.7015
967.0000 48.3797 -50.8336 0.3818 -0.0024 -0.0105 0.7128 0.7013
968.0000 48.3728 -50.4736 0.3850 -0.0026 -0.0104 0.7130 0.7011
969.0000 48.3663 -50.1110 0.3893 -0.0027 -0.0103 0.7131 0.7009
970.0000 48.3614 -49.7451 0.3946 -0.0027 -0.0094 0.7133 0.7008
971.0000 48.3563 -49.3787 0.4006 -0.0027 -0.0087 0.7136 0.7005
972.0000 48.3501 -49.0131 0.4062 -0.0029 -0.0083 0.7138 0.7003
973.0000 48.3426 -48.6479 0.4099 -0.0032 -0.0079 0.7140 0.7001
974.0000 48.3337 -48.2850 0.4125 -0.0033 -0.0081 0.7142 0.6999
975.0000 48.3248 -47.9239 0.4161 -0.0034 -0.0084 0.7143 0.6998
976.0000 48.3173 -47.5649 0.4195 -0.0033 -0.0083 0.7145 0.6996
977.0000 48.3109 -47.2088 0.4232 -0.0031 -0.0083 0.7145 0.6995
978.0000 48.3046 -46.8551 0.4275 -0.0029 -0.0086 0.7143 0.6997
979.0000 48.2989 -46.5030 0.4326 -0.0025 -0.0084 0.7141 0.7000
980.0000 48.2933 -46.1530 0.4362 -0.0020 -0.0087 0.7140 0.7001
981.0000 48.2868 -45.8053 0.4400 -0.0017 -0.0092 0.7137 0.7004
982.0000 48.2802 -45.4593 0.4454 -0.0013 -0.0096 0.7135 0.7006
983.0000 48.2738 -45.1143 0.4499 -0.0012 -0.0101 0.7134 0.7007
984.0000 48.2692 -44.7701 0.4534 -0.0009 -0.0099 0.7133 0.7008
985.0000 48.2646 -44.4265 0.4574 -0.0011 -0.0097 0.7130 0.7011
986.0000 48.2592 -44.0830 0.4618 -0.0017 -0.0092 0.7127 0.7014
987.0000 48.2550 -43.7422 0.4667 -0.0019 -0.0089 0.7126 0.7015
988.0000 48.2512 -43.4039 0.4718 -0.0017 -0.0087 0.7125 0.7017
989.0000 48.2460 -43.0668 0.4780 -0.0021 -0.0087 0.7122 0.7019
990.0000 48.2412 -42.7309 0.4839 -0.0025 -0.0084 0.7121 0.7020
991.0000 48.2365 -42.3967 0.4879 -0.0028 -0.0082 0.7119 0.7022
992.0000 48.2335 -42.0641 0.4912 -0.0028 -0.0078 0.7117 0.7025
993.0000 48.2309 -41.7339 0.4947 -0.0027 -0.0080 0.7115 0.7026
994.0000 48.2269 -41.4068 0.4976 -0.0021 -0.0086 0.7113 0.7028
995.0000 48.2224 -41.0793 0.5014 -0.0023 -0.0089 0.7112 0.7029
996.0000 48.2189 -40.7521 0.5054 -0.0025 -0.0087 0.7110 0.7031
997.0000 48.2158 -40.4257 0.5098 -0.0027 -0.0086 0.7108 0.7033
998.0000 48.2132 -40.0997 0.5139 -0.0028 -0.0088 0.7106 0.7035
999.0000 48.2102 -39.7713 0.5168 -0.0027 -0.0090 0.7104 0.7037
1000.0000 48.2080 -39.4404 0.5194 -0.0026 -0.0094 0.7102 0.7040
1001.0000 48.2056 -39.1063 0.5228 -0.0027 -0.0094 0.7099 0.7042
1002.0000 48.2049 -38.7697 0.5280 -0.0029 -0.0090 0.7095 0.7046
1003.0000 48.2051 -38.4326 0.5329 -0.0025 -0.0090 0.7091 0.7050
1004.0000 48.2054 -38.0935 0.5371 -0.0022 -0.0091 0.7087 0.7055
1005.0000 48.2049 -37.7520 0.5410 -0.0020 -0.0093 0.7083 0.7059
1006.0000 48.2043 -37.4079 0.5450 -0.0020 -0.0094 0.7079 0.7063
1007.0000 48.2030 -37.0592 0.5474 -0.0028 -0.0095 0.7075 0.7066
1008.0000 48.2016 -36.7080 0.5501 -0.0035 -0.0096 0.7072 0.7070
1009.0000 48.2018 -36.3568 0.5537 -0.0033 -0.0100 0.7069 0.7073
1010.0000 48.2038 -36.0042 0.5594 -0.0026 -0.0103 0.7068 0.7073
1011.0000 48.2074 -35.6487 0.5667 -0.0019 -0.0102 0.7068 0.7073
1012.0000 48.2080 -35.2899 0.5724 -0.0018 -0.0102 0.7069 0.7072
1013.0000 48.2088 -34.9270 0.5769 -0.0020 -0.0097 0.7071 0.7070
1014.0000 48.2087 -34.5633 0.5791 -0.0020 -0.0099 0.7071 0.7070
1015.0000 48.2068 -34.1987 0.5801 -0.0016 -0.0105 0.7071 0.7070
1016.0000 48.2058 -33.8308 0.5843 -0.0019 -0.0105 0.7072 0.7069
1017.0000 48.2057 -33.4605 0.5910 -0.0028 -0.0096 0.7074 0.7068
1018.0000 48.2061 -33.0917 0.5983 -0.0034 -0.0086 0.7075 0.7066
1019.0000 48.2064 -32.7259 0.6047 -0.0035 -0.0083 0.7076 0.7065
1020.0000 48.2052 -32.3629 0.6085 -0.0033 -0.0086 0.7077 0.7065
1021.0000 48.2045 -32.0023 0.6118 -0.0031 -0.0089 0.7078 0.7063
1022.0000 48.2030 -31.6440 0.6159 -0.0030 -0.0091 0.7079 0.7062
1023.0000 48.2023 -31.2883 0.6202 -0.0026 -0.0093 0.7081 0.7061
1024.0000 48.2006 -30.9338 0.6237 -0.0025 -0.0097 0.7083 0.7059
1025.0000 48.2009 -30.5806 0.6270 -0.0018 -0.0094 0.7084 0.7058
1026.0000 48.2016 -30.2276 0.6314 -0.0017 -0.0089 0.7085 0.7056
1027.0000 48.2007 -29.8761 0.6365 -0.0017 -0.0086 0.7086 0.7056
1028.0000 48.1982 -29.5264 0.6411 -0.0018 -0.0085 0.7087 0.7054
1029.0000 48.1953 -29.1774 0.6455 -0.0023 -0.0084 0.7089 0.7052
1030.0000 48.1920 -28.8299 0.6495 -0.0026 -0.0081 0.7091 0.7051
1031.0000 48.1887 -28.4841 0.6538 -0.0032 -0.0083 0.7092 0.7049
1032.0000 48.1847 -28.1406 0.6581 -0.0034 -0.0086 0.7093 0.7049
1033.0000 48.1821 -27.7992 0.6625 -0.0034 -0.0090 0.7095 0.7046
1034.0000 48.1790 -27.4595 0.6668 -0.0033 -0.0093 0.7098 0.7044
1035.0000 48.1768 -27.1208 0.6710 -0.0032 -0.0094 0.7099 0.7042
1036.0000 48.1733 -26.7836 0.6748 -0.0032 -0.0096 0.7101 0.7040
1037.0000 48.1713 -26.4479 0.6779 -0.0030 -0.0096 0.7103 0.7039
1038.0000 48.1688 -26.1130 0.6807 -0.0028 -0.0095 0.7103 0.7038
1039.0000 48.1655 -25.7790 0.6838 -0.0029 -0.0094 0.7104 0.7037
1040.0000 48.1611 -25.4465 0.6880 -0.0031 -0.0095 0.7106 0.7035
1041.0000 48.1549 -25.1144 0.6926 -0.0040 -0.0096 0.7108 0.7033
1042.0000 48.1496 -24.7836 0.6967 -0.0046 -0.0094 0.7109 0.7033
1043.0000 48.1468 -24.4554 0.7009 -0.0046 -0.0093 0.7110 0.7031
1044.0000 48.1428 -24.1288 0.7052 -0.0047 -0.0094 0.7111 0.7030
1045.0000 48.1381 -23.8037 0.7088 -0.0048 -0.0095 0.7112 0.7029
1046.0000 48.1355 -23.4806 0.7123 -0.0046 -0.0096 0.7114 0.7027
1047.0000 48.1312 -23.1600 0.7158 -0.0041 -0.0101 0.7116 0.7025
1048.0000 48.1273 -22.8405 0.7201 -0.0036 -0.0102 0.7117 0.7024
1049.0000 48.1234 -22.5225 0.7237 -0.0033 -0.0104 0.7119 0.7022
1050.0000 48.1187 -22.2057 0.7265 -0.0031 -0.0107 0.7119 0.7022
1051.0000 48.1137 -21.8903 0.7303 -0.0029 -0.0108 0.7121 0.7020
1052.0000 48.1093 -21.5759 0.7348 -0.0028 -0.0108 0.7123 0.7018
1053.0000 48.1046 -21.2624 0.7380 -0.0028 -0.0106 0.7124 0.7017
1054.0000 48.1004 -20.9503 0.7416 -0.0027 -0.0103 0.7125 0.7015
1055.0000 48.0967 -20.6394 0.7458 -0.0027 -0.0098 0.7127 0.7014
1056.0000 48.0922 -20.3305 0.7514 -0.0027 -0.0096 0.7127 0.7014
1057.0000 48.0877 -20.0243 0.7569 -0.0024 -0.0095 0.7128 0.7013
1058.0000 48.0823 -19.7189 0.7616 -0.0025 -0.0095 0.7130 0.7011
1059.0000 48.0750 -19.4142 0.7644 -0.0030 -0.0095 0.7131 0.7009
1060.0000 48.0684 -19.1115 0.7682 -0.0032 -0.0096 0.7133 0.7008
1061.0000 48.0626 -18.8108 0.7721 -0.0031 -0.0098 0.7135 0.7006
1062.0000 48.0576 -18.5116 0.7754 -0.0027 -0.0099 0.7136 0.7005
1063.0000 48.0533 -18.2133 0.7788 -0.0025 -0.0099 0.7136 0.7005
1064.0000 48.0478 -17.9150 0.7813 -0.0027 -0.0097 0.7138 0.7003
1065.0000 48.0426 -17.6181 0.7859 -0.0027 -0.0093 0.7140 0.7001
1066.0000 48.0372 -17.3225 0.7911 -0.0029 -0.0089 0.7141 0.6999
1067.0000 48.0307 -17.0288 0.7948 -0.0030 -0.0089 0.7142 0.6998
1068.0000 48.0233 -16.7380 0.7972 -0.0029 -0.0094 0.7143 0.6997
1069.0000 48.0153 -16.4487 0.8009 -0.0034 -0.0097 0.7144 0.6996
1070.0000 48.0072 -16.1623 0.8051 -0.0037 -0.0099 0.7145 0.6995
1071.0000 48.0007 -15.8789 0.8090 -0.0038 -0.0097 0.7146 0.6994
1072.0000 47.9962 -15.5968 0.8126 -0.0042 -0.0090 0.7148 0.6993
1073.0000 47.9912 -15.3194 0.8138 -0.0039 -0.0088 0.7149 0.6992
1074.0000 47.9881 -15.0448 0.8158 -0.0033 -0.0082 0.7149 0.6991
1075.0000 47.9849 -14.7693 0.8177 -0.0037 -0.0066 0.7151 0.6990
1076.0000 47.9781 -14.4951 0.8179 -0.0048 -0.0055 0.7151 0.6990
1077.0000 47.9694 -14.2267 0.8202 -0.0056 -0.0057 0.7151 0.6990
1078.0000 47.9576 -13.9650 0.8245 -0.0058 -0.0071 0.7153 0.6988
1079.0000 47.9486 -13.7063 0.8300 -0.0058 -0.0082 0.7153 0.6988
1080.0000 47.9415 -13.4487 0.8343 -0.0057 -0.0087 0.7152 0.6988
1081.0000 47.9389 -13.1916 0.8367 -0.0052 -0.0086 0.7152 0.6988
1082.0000 47.9350 -12.9358 0.8380 -0.0046 -0.0086 0.7152 0.6988
1083.0000 47.9325 -12.6797 0.8398 -0.0043 -0.0085 0.7151 0.6989
1084.0000 47.9287 -12.4240 0.8420 -0.0040 -0.0080 0.7150 0.6991
1085.0000 47.9268 -12.1705 0.8416 -0.0028 -0.0081 0.7147 0.6994
1086.0000 47.9249 -11.9183 0.8381 -0.0012 -0.0088 0.7140 0.7000
1087.0000 47.9188 -11.6634 0.8380 -0.0014 -0.0093 0.7134 0.7007
1088.0000 47.9127 -11.4062 0.8445 -0.0026 -0.0093 0.7128 0.7013
1089.0000 47.9074 -11.1492 0.8516 -0.0034 -0.0091 0.7121 0.7020
1090.0000 47.9061 -10.8938 0.8562 -0.0036 -0.0089 0.7114 0.7027
1091.0000 47.9087 -10.6410 0.8603 -0.0030 -0.0090 0.7106 0.7035
1092.0000 47.9080 -10.3895 0.8642 -0.0028 -0.0095 0.7099 0.7042
1093.0000 47.9072 -10.1387 0.8674 -0.0026 -0.0099 0.7092 0.7049
1094.0000 47.9062 -9.8886 0.8698 -0.0026 -0.0106 0.7085 0.7056
1095.0000 47.9084 -9.6388 0.8726 -0.0019 -0.0105 0.7079 0.7062
1096.0000 47.9127 -9.3876 0.8749 -0.0017 -0.0100 0.7073 0.7068
1097.0000 47.9166 -9.1364 0.8761 -0.0012 -0.0093 0.7065 0.7076
1098.0000 47.9209 -8.8866 0.8785 -0.0008 -0.0092 0.7061 0.7081
1099.0000 47.9227 -8.6374 0.8831 -0.0008 -0.0093 0.7056 0.7086
1100.0000 47.9216 -8.3888 0.8866 -0.0010 -0.0097 0.7050 0.7091
1101.0000 47.9227 -8.1402 0.8902 -0.0013 -0.0101 0.7047 0.7095
1102.0000 47.9240 -7.8909 0.8951 -0.0020 -0.0101 0.7045 0.7096
1103.0000 47.9254 -7.6416 0.8995 -0.0025 -0.0097 0.7044 0.7097
1104.0000 47.9297 -7.3931 0.9035 -0.0026 -0.0092 0.7043 0.7098
1105.0000 47.9337 -7.1451 0.9073 -0.0025 -0.0086 0.7041 0.7101
1106.0000 47.9386 -6.8970 0.9104 -0.0023 -0.0078 0.7039 0.7102
1107.0000 47.9425 -6.6505 0.9116 -0.0020 -0.0080 0.7038 0.7103
1108.0000 47.9436 -6.4054 0.9134 -0.0019 -0.0089 0.7036 0.7105
1109.0000 47.9431 -6.1598 0.9168 -0.0022 -0.0096 0.7035 0.7106
1110.0000 47.9466 -5.9149 0.9222 -0.0018 -0.0095 0.7034 0.7107
1111.0000 47.9510 -5.6709 0.9274 -0.0019 -0.0093 0.7033 0.7108
1112.0000 47.9527 -5.4289 0.9309 -0.0024 -0.0092 0.7032 0.7109
1113.0000 47.9535 -5.1913 0.9330 -0.0027 -0.0094 0.7032 0.7109
1114.0000 47.9557 -4.9575 0.9345 -0.0029 -0.0094 0.7032 0.7110
1115.0000 47.9613 -4.7281 0.9366 -0.0024 -0.0090 0.7031 0.7110
1116.0000 47.9670 -4.5032 0.9398 -0.0015 -0.0087 0.7031 0.7110
1117.0000 47.9709 -4.2804 0.9419 -0.0009 -0.0090 0.7030 0.7111
1118.0000 47.9729 -4.0571 0.9440 -0.0010 -0.0094 0.7030 0.7111
1119.0000 47.9717 -3.8333 0.9477 -0.0019 -0.0101 0.7029 0.7112
1120.0000 47.9682 -3.6095 0.9519 -0.0028 -0.0108 0.7029 0.7112
1121.0000 47.9692 -3.3853 0.9558 -0.0033 -0.0109 0.7029 0.7112
1122.0000 47.9756 -3.1602 0.9601 -0.0031 -0.0100 0.7030 0.7111
1123.0000 47.9820 -2.9356 0.9629 -0.0024 -0.0093 0.7029 0.7112
1124.0000 47.9883 -2.7105 0.9655 -0.0024 -0.0092 0.7028 0.7113
1125.0000 47.9893 -2.4849 0.9678 -0.0026 -0.0095 0.7029 0.7113
1126.0000 47.9885 -2.2592 0.9689 -0.0026 -0.0100 0.7029 0.7112
1127.0000 47.9916 -2.0331 0.9718 -0.0024 -0.0101 0.7029 0.7112
1128.0000 47.9981 -1.8060 0.9770 -0.0020 -0.0094 0.7030 0.7111
1129.0000 48.0006 -1.5778 0.9807 -0.0023 -0.0093 0.7030 0.7111
1130.0000 48.0013 -1.3502 0.9828 -0.0024 -0.0097 0.7030 0.7111
1131.0000 48.0006 -1.1223 0.9857 -0.0028 -0.0102 0.7032 0.7109
1132.0000 48.0020 -0.8949 0.9896 -0.0026 -0.0103 0.7036 0.7106
1133.0000 48.0051 -0.6679 0.9935 -0.0018 -0.0102 0.7041 0.7101
1134.0000 48.0065 -0.4400 0.9962 -0.0013 -0.0100 0.7049 0.7092
1135.0000 48.0071 -0.2116 0.9989 -0.0010 -0.0100 0.7062 0.7079
1136.0000 48.0023 0.0164 1.0022 -0.0010 -0.0104 0.7077 0.7064
1137.0000 47.9935 0.2445 1.0053 -0.0009 -0.0107 0.7097 0.7044
1138.0000 47.9858 0.4721 1.0088 -0.0003 -0.0107 0.7125 0.7016
1139.0000 47.9756 0.6999 1.0128 0.0002 -0.0101 0.7160 0.6980
1140.0000 47.9593 0.9279 1.0157 0.0004 -0.0093 0.7204 0.6935
1141.0000 47.9361 1.1540 1.0178 0.0004 -0.0092 0.7256 0.6880
1142.0000 47.9073 1.3786 1.0207 0.0005 -0.0089 0.7316 0.6817
1143.0000 47.8714 1.6018 1.0233 0.0001 -0.0087 0.7385 0.6742
1144.0000 47.8295 1.8233 1.0264 -0.0000 -0.0077 0.7463 0.6655
1145.0000 47.7808 2.0401 1.0307 0.0000 -0.0068 0.7552 0.6554
1146.0000 47.7219 2.2506 1.0347 0.0001 -0.0066 0.7650 0.6440
1147.0000 47.6508 2.4538 1.0378 -0.0001 -0.0071 0.7755 0.6313
1148.0000 47.5715 2.6506 1.0403 -0.0004 -0.0075 0.7868 0.6171
1149.0000 47.4839 2.8415 1.0426 -0.0007 -0.0080 0.7984 0.6021
1150.0000 47.3891 3.0256 1.0451 -0.0007 -0.0086 0.8098 0.5866
1151.0000 47.2882 3.2026 1.0476 -0.0005 -0.0091 0.8215 0.5702
1152.0000 47.1813 3.3744 1.0501 -0.0005 -0.0089 0.8331 0.5531
1153.0000 47.0667 3.5407 1.0508 -0.0008 -0.0089 0.8441 0.5361
1154.0000 46.9446 3.7014 1.0497 -0.0013 -0.0093 0.8546 0.5192
1155.0000 46.8176 3.8564 1.0486 -0.0017 -0.0095 0.8648 0.5020
1156.0000 46.6866 4.0066 1.0482 -0.0019 -0.0093 0.8746 0.4847
1157.0000 46.5498 4.1507 1.0492 -0.0023 -0.0094 0.8839 0.4675
1158.0000 46.4083 4.2888 1.0494 -0.0026 -0.0094 0.8927 0.4506
1159.0000 46.2614 4.4220 1.0493 -0.0036 -0.0094 0.9011 0.4336
1160.0000 46.1114 4.5499 1.0491 -0.0042 -0.0091 0.9090 0.4166
1161.0000 45.9581 4.6718 1.0492 -0.0046 -0.0088 0.9164 0.4000
1162.0000 45.8042 4.7896 1.0495 -0.0044 -0.0078 0.9234 0.3836
1163.0000 45.6474 4.9024 1.0496 -0.0041 -0.0072 0.9300 0.3676
1164.0000 45.4856 5.0091 1.0498 -0.0045 -0.0070 0.9359 0.3523
1165.0000 45.3194 5.1097 1.0497 -0.0053 -0.0074 0.9413 0.3375
1166.0000 45.1522 5.2072 1.0487 -0.0057 -0.0077 0.9462 0.3233
1167.0000 44.9839 5.2992 1.0471 -0.0055 -0.0085 0.9507 0.3098
1168.0000 44.8139 5.3855 1.0460 -0.0052 -0.0096 0.9549 0.2968
1169.0000 44.6415 5.4687 1.0447 -0.0053 -0.0105 0.9587 0.2841
1170.0000 44.4664 5.5517 1.0422 -0.0058 -0.0107 0.9622 0.2722
1171.0000 44.2892 5.6341 1.0393 -0.0063 -0.0104 0.9653 0.2610
1172.0000 44.1113 5.7151 1.0357 -0.0064 -0.0095 0.9682 0.2498
1173.0000 43.9306 5.7927 1.0319 -0.0066 -0.0088 0.9710 0.2388
1174.0000 43.7458 5.8647 1.0293 -0.0073 -0.0087 0.9736 0.2282
1175.0000 43.5596 5.9341 1.0279 -0.0080 -0.0085 0.9759 0.2178
1176.0000 43.3730 6.0021 1.0275 -0.0085 -0.0078 0.9781 0.2077
1177.0000 43.1851 6.0669 1.0267 -0.0089 -0.0072 0.9801 0.1983
1178.0000 42.9961 6.1283 1.0247 -0.0092 -0.0069 0.9819 0.1893
1179.0000 42.8050 6.1838 1.0228 -0.0098 -0.0074 0.9835 0.1805
1180.0000 42.6122 6.2336 1.0214 -0.0104 -0.0085 0.9850 0.1720
1181.0000 42.4199 6.2814 1.0184 -0.0106 -0.0093 0.9865 0.1634
1182.0000 42.2288 6.3298 1.0147 -0.0101 -0.0091 0.9879 0.1547
1183.0000 42.0354 6.3768 1.0109 -0.0101 -0.0085 0.9892 0.1463
1184.0000 41.8396 6.4204 1.0065 -0.0104 -0.0080 0.9903 0.1382
1185.0000 41.6434 6.4592 1.0020 -0.0102 -0.0082 0.9914 0.1302
1186.0000 41.4460 6.4936 0.9974 -0.0099 -0.0087 0.9924 0.1222
1187.0000 41.2460 6.5262 0.9926 -0.0101 -0.0091 0.9933 0.1144
1188.0000 41.0440 6.5575 0.9877 -0.0104 -0.0093 0.9942 0.1069
1189.0000 40.8409 6.5864 0.9832 -0.0107 -0.0094 0.9949 0.0998
1190.0000 40.6384 6.6140 0.9802 -0.0106 -0.0092 0.9956 0.0926
1191.0000 40.4368 6.6396 0.9775 -0.0099 -0.0090 0.9962 0.0857
1192.0000 40.2340 6.6625 0.9747 -0.0096 -0.0089 0.9968 0.0793
1193.0000 40.0297 6.6824 0.9722 -0.0099 -0.0092 0.9972 0.0732
1194.0000 39.8249 6.7000 0.9699 -0.0103 -0.0096 0.9976 0.0675
1195.0000 39.6209 6.7174 0.9664 -0.0102 -0.0096 0.9980 0.0624
1196.0000 39.4178 6.7355 0.9616 -0.0097 -0.0093 0.9982 0.0577
1197.0000 39.2137 6.7518 0.9581 -0.0095 -0.0092 0.9985 0.0534
1198.0000 39.0080 6.7657 0.9548 -0.0097 -0.0094 0.9987 0.0495
1199.0000 38.8016 6.7769 0.9496 -0.0097 -0.0102 0.9988 0.0460
1200.0000 38.5959 6.7875 0.9438 -0.0092 -0.0110 0.9990 0.0430
1201.0000 38.3898 6.7993 0.9394 -0.0088 -0.0115 0.9991 0.0402
1202.0000 38.1819 6.8137 0.9357 -0.0088 -0.0108 0.9992 0.0377
1203.0000 37.9719 6.8292 0.9318 -0.0096 -0.0097 0.9993 0.0355
1204.0000 37.7612 6.8427 0.9285 -0.0104 -0.0090 0.9993 0.0335
1205.0000 37.5513 6.8540 0.9260 -0.0109 -0.0088 0.9994 0.0314
1206.0000 37.3427 6.8653 0.9233 -0.0109 -0.0084 0.9995 0.0297
1207.0000 37.1354 6.8771 0.9198 -0.0105 -0.0073 0.9995 0.0284
1208.0000 36.9275 6.8896 0.9162 -0.0104 -0.0067 0.9996 0.0272
1209.0000 36.7181 6.8964 0.9124 -0.0107 -0.0069 0.9996 0.0258
1210.0000 36.5099 6.9031 0.9094 -0.0107 -0.0074 0.9996 0.0247
1211.0000 36.3035 6.9094 0.9061 -0.0101 -0.0074 0.9996 0.0238
1212.0000 36.0986 6.9203 0.9033 -0.0093 -0.0068 0.9997 0.0229
1213.0000 35.8923 6.9302 0.9006 -0.0091 -0.0070 0.9997 0.0221
1214.0000 35.6865 6.9369 0.8980 -0.0088 -0.0072 0.9997 0.0214
1215.0000 35.4823 6.9464 0.8948 -0.0082 -0.0069 0.9997 0.0208
1216.0000 35.2787 6.9540 0.8899 -0.0072 -0.0069 0.9997 0.0203
1217.0000 35.0744 6.9617 0.8852 -0.0065 -0.0069 0.9998 0.0198
1218.0000 34.8688 6.9708 0.8814 -0.0063 -0.0069 0.9998 0.0191
1219.0000 34.6615 6.9790 0.8779 -0.0066 -0.0069 0.9998 0.0186
1220.0000 34.4535 6.9863 0.8754 -0.0072 -0.0067 0.9998 0.0182
1221.0000 34.2459 6.9919 0.8719 -0.0075 -0.0074 0.9998 0.0177
1222.0000 34.0384 6.9938 0.8670 -0.0075 -0.0085 0.9998 0.0173
1223.0000 33.8289 6.9978 0.8630 -0.0082 -0.0096 0.9998 0.0168
1224.0000 33.6184 7.0075 0.8604 -0.0092 -0.0092 0.9998 0.0162
1225.0000 33.4078 7.0180 0.8592 -0.0102 -0.0083 0.9998 0.0159
1226.0000 33.1983 7.0303 0.8566 -0.0106 -0.0074 0.9998 0.0156
1227.0000 32.9891 7.0378 0.8539 -0.0110 -0.0071 0.9998 0.0151
1228.0000 32.7791 7.0431 0.8515 -0.0117 -0.0075 0.9998 0.0146
1229.0000 32.5689 7.0409 0.8477 -0.0122 -0.0087 0.9998 0.0146
1230.0000 32.3588 7.0432 0.8438 -0.0128 -0.0095 0.9998 0.0143
1231.0000 32.1491 7.0469 0.8397 -0.0131 -0.0099 0.9998 0.0137
1232.0000 31.9406 7.0509 0.8359 -0.0129 -0.0106 0.9998 0.0135
1233.0000 31.7324 7.0575 0.8319 -0.0126 -0.0117 0.9998 0.0134
1234.0000 31.5236 7.0603 0.8279 -0.0125 -0.0123 0.9998 0.0129
1235.0000 31.3147 7.0690 0.8236 -0.0123 -0.0123 0.9998 0.0126
1236.0000 31.1055 7.0753 0.8178 -0.0120 -0.0119 0.9998 0.0123
1237.0000 30.8952 7.0830 0.8118 -0.0118 -0.0118 0.9998 0.0117
1238.0000 30.6844 7.0867 0.8063 -0.0117 -0.0119 0.9998 0.0110
1239.0000 30.4734 7.0905 0.8023 -0.0116 -0.0118 0.9998 0.0105
1240.0000 30.2628 7.0965 0.7988 -0.0113 -0.0112 0.9998 0.0100
1241.0000 30.0535 7.1019 0.7957 -0.0107 -0.0108 0.9998 0.0095
1242.0000 29.8469 7.1076 0.7932 -0.0094 -0.0100 0.9999 0.0090
1243.0000 29.6390 7.1116 0.7890 -0.0086 -0.0100 0.9999 0.0084
1244.0000 29.4264 7.1116 0.7828 -0.0094 -0.0102 0.9999 0.0081
1245.0000 29.2130 7.1102 0.7776 -0.0103 -0.0115 0.9999 0.0075
1246.0000 29.0010 7.1095 0.7739 -0.0107 -0.0120 0.9998 0.0068
1247.0000 28.7909 7.1136 0.7704 -0.0104 -0.0115 0.9999 0.0060
1248.0000 28.5801 7.1235 0.7667 -0.0102 -0.0106 0.9999 0.0055
1249.0000 28.3682 7.1268 0.7616 -0.0103 -0.0102 0.9999 0.0050
1250.0000 28.1555 7.1247 0.7561 -0.0105 -0.0106 0.9999 0.0045
1251.0000 27.9419 7.1250 0.7507 -0.0108 -0.0108 0.9999 0.0040
1252.0000 27.7275 7.1271 0.7461 -0.0113 -0.0107 0.9999 0.0033
1253.0000 27.5124 7.1287 0.7424 -0.0119 -0.0101 0.9999 0.0028
1254.0000 27.2963 7.1303 0.7407 -0.0131 -0.0098 0.9999 0.0023
1255.0000 27.0804 7.1336 0.7406 -0.0145 -0.0092 0.9999 0.0016
1256.0000 26.8686 7.1339 0.7355 -0.0140 -0.0093 0.9999 0.0009
1257.0000 26.6607 7.1344 0.7274 -0.0121 -0.0084 0.9999 0.0004
1258.0000 26.4526 7.1342 0.7236 -0.0108 -0.0086 0.9999 -0.0000
1259.0000 26.2420 7.1287 0.7212 -0.0106 -0.0095 0.9999 -0.0005
1260.0000 26.0296 7.1250 0.7186 -0.0111 -0.0102 0.9999 -0.0012
1261.0000 25.8177 7.1233 0.7134 -0.0111 -0.0106 0.9999 -0.0018
1262.0000 25.6072 7.1229 0.7079 -0.0106 -0.0103 0.9999 -0.0022
1263.0000 25.3978 7.1260 0.7038 -0.0098 -0.0099 0.9999 -0.0029
1264.0000 25.1876 7.1241 0.6987 -0.0092 -0.0100 0.9999 -0.0035
1265.0000 24.9755 7.1224 0.6927 -0.0091 -0.0097 0.9999 -0.0040
1266.0000 24.7626 7.1213 0.6869 -0.0091 -0.0093 0.9999 -0.0046
1267.0000 24.5496 7.1201 0.6814 -0.0090 -0.0089 0.9999 -0.0051
1268.0000 24.3356 7.1158 0.6769 -0.0091 -0.0094 0.9999 -0.0055
1269.0000 24.1199 7.1119 0.6725 -0.0098 -0.0096 0.9999 -0.0060
1270.0000 23.9042 7.1084 0.6708 -0.0108 -0.0096 0.9999 -0.0064
1271.0000 23.6893 7.1063 0.6701 -0.0116 -0.0096 0.9999 -0.0063
1272.0000 23.4765 7.1033 0.6678 -0.0117 -0.0101 0.9999 -0.0062
1273.0000 23.2650 7.1000 0.6629 -0.0113 -0.0105 0.9999 -0.0065
1274.0000 23.0529 7.0973 0.6569 -0.0111 -0.0110 0.9999 -0.0064
1275.0000 22.8395 7.0949 0.6538 -0.0116 -0.0111 0.9999 -0.0061
1276.0000 22.6258 7.0944 0.6516 -0.0122 -0.0112 0.9998 -0.0061
1277.0000 22.4134 7.0928 0.6469 -0.0122 -0.0111 0.9998 -0.0060
1278.0000 22.2012 7.0931 0.6410 -0.0120 -0.0105 0.9999 -0.0059
1279.0000 21.9882 7.0947 0.6353 -0.0121 -0.0101 0.9999 -0.0057
1280.0000 21.7744 7.0947 0.6304 -0.0122 -0.0097 0.9999 -0.0056
1281.0000 21.5609 7.0923 0.6247 -0.0120 -0.0097 0.9999 -0.0055
1282.0000 21.3473 7.0907 0.6190 -0.0118 -0.0096 0.9999 -0.0053
1283.0000 21.1323 7.0868 0.6146 -0.0120 -0.0098 0.9999 -0.0052
1284.0000 20.9164 7.0858 0.6105 -0.0124 -0.0096 0.9999 -0.0051
1285.0000 20.7004 7.0843 0.6063 -0.0128 -0.0098 0.9999 -0.0051
1286.0000 20.4845 7.0819 0.6013 -0.0131 -0.0101 0.9999 -0.0048
1287.0000 20.2684 7.0800 0.5963 -0.0133 -0.0102 0.9998 -0.0046
1288.0000 20.0528 7.0796 0.5919 -0.0134 -0.0102 0.9998 -0.0043
1289.0000 19.8376 7.0794 0.5873 -0.0134 -0.0101 0.9999 -0.0038
1290.0000 19.6223 7.0816 0.5824 -0.0133 -0.0098 0.9999 -0.0034
1291.0000 19.4076 7.0825 0.5774 -0.0131 -0.0096 0.9999 -0.0031
1292.0000 19.1931 7.0830 0.5724 -0.0127 -0.0094 0.9999 -0.0026
1293.0000 18.9778 7.0838 0.5670 -0.0127 -0.0093 0.9999 -0.0023
1294.0000 18.7620 7.0840 0.5614 -0.0128 -0.0092 0.9999 -0.0019
1295.0000 18.5460 7.0857 0.5560 -0.0129 -0.0089 0.9999 -0.0015
1296.0000 18.3297 7.0871 0.5505 -0.0130 -0.0086 0.9999 -0.0010
1297.0000 18.1132 7.0882 0.5452 -0.0131 -0.0086 0.9999 -0.0005
1298.0000 17.8965 7.0878 0.5394 -0.0131 -0.0087 0.9999 -0.0001
1299.0000 17.6791 7.0892 0.5333 -0.0132 -0.0087 0.9999 0.0002
1300.0000 17.4612 7.0918 0.5279 -0.0135 -0.0084 0.9999 0.0005
1301.0000 17.2435 7.0936 0.5230 -0.0136 -0.0083 0.9999 0.0006
1302.0000 17.0260 7.0937 0.5183 -0.0136 -0.0086 0.9999 0.0006
1303.0000 16.8084 7.0935 0.5133 -0.0136 -0.0090 0.9999 0.0007
1304.0000 16.5914 7.0941 0.5090 -0.0136 -0.0092 0.9999 0.0008
1305.0000 16.3756 7.0952 0.5052 -0.0132 -0.0090 0.9999 0.0010
1306.0000 16.1609 7.0972 0.5014 -0.0127 -0.0089 0.9999 0.0012
1307.0000 15.9470 7.0995 0.4970 -0.0120 -0.0090 0.9999 0.0014
1308.0000 15.7322 7.1015 0.4914 -0.0117 -0.0089 0.9999 0.0014
1309.0000 15.5172 7.1032 0.4861 -0.0115 -0.0089 0.9999 0.0015
1310.0000 15.3031 7.1041 0.4815 -0.0110 -0.0090 0.9999 0.0017
1311.0000 15.0889 7.1053 0.4763 -0.0106 -0.0090 0.9999 0.0017
1312.0000 14.8740 7.1071 0.4700 -0.0104 -0.0091 0.9999 0.0018
1313.0000 14.6591 7.1088 0.4645 -0.0102 -0.0092 0.9999 0.0020
1314.0000 14.4454 7.1106 0.4607 -0.0098 -0.0091 0.9999 0.0022
1315.0000 14.2312 7.1131 0.4569 -0.0096 -0.0089 0.9999 0.0024
1316.0000 14.0163 7.1156 0.4523 -0.0098 -0.0088 0.9999 0.0027
1317.0000 13.8004 7.1164 0.4477 -0.0105 -0.0092 0.9999 0.0028
1318.0000 13.5849 7.1173 0.4439 -0.0110 -0.0096 0.9999 0.0028
1319.0000 13.3712 7.1174 0.4421 -0.0113 -0.0103 0.9999 0.0029
1320.0000 13.1597 7.1188 0.4394 -0.0109 -0.0104 0.9999 0.0031
1321.0000 12.9483 7.1211 0.4351 -0.0107 -0.0104 0.9999 0.0031
1322.0000 12.7360 7.1257 0.4302 -0.0110 -0.0106 0.9999 0.0033
1323.0000 12.5238 7.1275 0.4263 -0.0113 -0.0106 0.9999 0.0035
1324.0000 12.3126 7.1302 0.4219 -0.0113 -0.0106 0.9999 0.0036
1325.0000 12.1010 7.1327 0.4166 -0.0114 -0.0107 0.9999 0.0038
1326.0000 11.8886 7.1348 0.4120 -0.0119 -0.0108 0.9999 0.0041
1327.0000 11.6762 7.1399 0.4086 -0.0125 -0.0105 0.9999 0.0043
1328.0000 11.4645 7.1459 0.4039 -0.0127 -0.0099 0.9999 0.0049
1329.0000 11.2531 7.1512 0.3982 -0.0126 -0.0096 0.9999 0.0057
1330.0000 11.0420 7.1551 0.3922 -0.0123 -0.0097 0.9999 0.0064
1331.0000 10.8297 7.1561 0.3866 -0.0123 -0.0101 0.9998 0.0068
1332.0000 10.6167 7.1596 0.3838 -0.0129 -0.0104 0.9998 0.0076
1333.0000 10.4043 7.1645 0.3812 -0.0132 -0.0106 0.9998 0.0083
1334.0000 10.1919 7.1693 0.3765 -0.0136 -0.0109 0.9998 0.0089
1335.0000 9.9795 7.1752 0.3702 -0.0138 -0.0113 0.9998 0.0096
1336.0000 9.7677 7.1799 0.3651 -0.0139 -0.0116 0.9998 0.0102
1337.0000 9.5575 7.1845 0.3604 -0.0142 -0.0123 0.9998 0.0108
1338.0000 9.3526 7.1904 0.3547 -0.0145 -0.0127 0.9997 0.0115
1339.0000 9.1567 7.1969 0.3488 -0.0146 -0.0129 0.9997 0.0125
1340.0000 8.9692 7.2071 0.3435 -0.0146 -0.0127 0.9997 0.0137
1341.0000 8.7902 7.2167 0.3388 -0.0146 -0.0121 0.9997 0.0148
1342.0000 8.6202 7.2273 0.3347 -0.0146 -0.0118 0.9997 0.0158
1343.0000 8.4588 7.2344 0.3311 -0.0147 -0.0119 0.9997 0.0168
1344.0000 8.3060 7.2400 0.3272 -0.0148 -0.0117 0.9997 0.0177
1345.0000 8.1625 7.2478 0.3235 -0.0150 -0.0115 0.9997 0.0183
1346.0000 8.0272 7.2545 0.3201 -0.0152 -0.0115 0.9996 0.0188
1347.0000 7.8984 7.2601 0.3169 -0.0153 -0.0116 0.9996 0.0192
1348.0000 7.7749 7.2654 0.3140 -0.0155 -0.0116 0.9996 0.0196
1349.0000 7.6569 7.2715 0.3110 -0.0156 -0.0114 0.9996 0.0198
1350.0000 7.5444 7.2767 0.3074 -0.0156 -0.0113 0.9996 0.0200
1351.0000 7.4373 7.2815 0.3040 -0.0156 -0.0113 0.9996 0.0200
1352.0000 7.3353 7.2851 0.3014 -0.0156 -0.0115 0.9996 0.0198
1353.0000 7.2387 7.2880 0.2989 -0.0159 -0.0115 0.9996 0.0197
1354.0000 7.1475 7.2912 0.2965 -0.0161 -0.0115 0.9996 0.0194
1355.0000 7.0616 7.2945 0.2941 -0.0162 -0.0116 0.9996 0.0191
1356.0000 6.9802 7.2970 0.2916 -0.0163 -0.0116 0.9996 0.0188
1357.0000 6.9022 7.2997 0.2890 -0.0163 -0.0118 0.9996 0.0184
1358.0000 6.8256 7.3012 0.2866 -0.0164 -0.0119 0.9996 0.0180
1359.0000 6.7508 7.3032 0.2845 -0.0165 -0.0121 0.9996 0.0176
1360.0000 6.6776 7.3046 0.2825 -0.0166 -0.0123 0.9996 0.0172
1361.0000 6.6060 7.3070 0.2806 -0.0166 -0.0124 0.9996 0.0168
1362.0000 6.5353 7.3082 0.2786 -0.0165 -0.0126 0.9997 0.0164
1363.0000 6.4645 7.3095 0.2767 -0.0164 -0.0127 0.9997 0.0160
1364.0000 6.3939 7.3115 0.2748 -0.0163 -0.0129 0.9997 0.0157
1365.0000 6.3232 7.3118 0.2728 -0.0162 -0.0132 0.9997 0.0153
1366.0000 6.2524 7.3129 0.2709 -0.0160 -0.0137 0.9997 0.0147
1367.0000 6.1808 7.3142 0.2688 -0.0161 -0.0137 0.9997 0.0143
1368.0000 6.1089 7.3171 0.2670 -0.0161 -0.0137 0.9997 0.0141
1369.0000 6.0365 7.3188 0.2650 -0.0162 -0.0136 0.9997 0.0137
1370.0000 5.9647 7.3214 0.2634 -0.0163 -0.0136 0.9997 0.0132
1371.0000 5.8938 7.3227 0.2617 -0.0163 -0.0136 0.9997 0.0128
1372.0000 5.8243 7.3249 0.2600 -0.0163 -0.0132 0.9997 0.0124
1373.0000 5.7562 7.3272 0.2581 -0.0164 -0.0129 0.9997 0.0119
1374.0000 5.6899 7.3280 0.2561 -0.0165 -0.0128 0.9997 0.0114
1375.0000 5.6255 7.3285 0.2540 -0.0166 -0.0128 0.9997 0.0108
1376.0000 5.5627 7.3292 0.2519 -0.0167 -0.0127 0.9997 0.0101
1377.0000 5.5017 7.3289 0.2497 -0.0167 -0.0125 0.9997 0.0096
1378.0000 5.4423 7.3293 0.2479 -0.0166 -0.0124 0.9997 0.0091
1379.0000 5.3819 7.3296 0.2461 -0.0164 -0.0125 0.9998 0.0085
1380.0000 5.3191 7.3295 0.2441 -0.0163 -0.0126 0.9998 0.0081
1381.0000 5.2534 7.3297 0.2417 -0.0162 -0.0128 0.9998 0.0079
1382.0000 5.1841 7.3312 0.2395 -0.0161 -0.0128 0.9998 0.0078
1383.0000 5.1108 7.3334 0.2374 -0.0161 -0.0129 0.9998 0.0082
1384.0000 5.0328 7.3356 0.2348 -0.0159 -0.0131 0.9997 0.0089
1385.0000 4.9482 7.3392 0.2319 -0.0155 -0.0131 0.9997 0.0097
1386.0000 4.8558 7.3440 0.2288 -0.0151 -0.0131 0.9997 0.0110
1387.0000 4.7553 7.3495 0.2261 -0.0149 -0.0130 0.9997 0.0126
1388.0000 4.6480 7.3567 0.2235 -0.0148 -0.0128 0.9997 0.0140
1389.0000 4.5345 7.3643 0.2202 -0.0148 -0.0125 0.9997 0.0156
1390.0000 4.4147 7.3719 0.2163 -0.0148 -0.0124 0.9997 0.0174
1391.0000 4.2899 7.3804 0.2124 -0.0148 -0.0122 0.9996 0.0190
1392.0000 4.1620 7.3883 0.2084 -0.0145 -0.0122 0.9996 0.0204
1393.0000 4.0308 7.3966 0.2043 -0.0143 -0.0122 0.9996 0.0219
1394.0000 3.8960 7.4059 0.2007 -0.0141 -0.0118 0.9996 0.0231
1395.0000 3.7600 7.4167 0.1985 -0.0137 -0.0112 0.9996 0.0241
1396.0000 3.6224 7.4246 0.1970 -0.0129 -0.0116 0.9995 0.0251
1397.0000 3.4763 7.4278 0.1931 -0.0128 -0.0131 0.9995 0.0257
1398.0000 3.3191 7.4311 0.1855 -0.0138 -0.0141 0.9995 0.0256
1399.0000 3.1551 7.4410 0.1787 -0.0147 -0.0140 0.9995 0.0259
1400.0000 2.9865 7.4551 0.1743 -0.0150 -0.0125 0.9995 0.0261
1401.0000 2.8142 7.4744 0.1704 -0.0146 -0.0114 0.9995 0.0255
1402.0000 2.6356 7.4831 0.1652 -0.0144 -0.0114 0.9995 0.0250
1403.0000 2.4555 7.4893 0.1610 -0.0139 -0.0119 0.9995 0.0248
1404.0000 2.2758 7.4984 0.1579 -0.0134 -0.0117 0.9995 0.0244
1405.0000 2.0964 7.5027 0.1546 -0.0128 -0.0116 0.9996 0.0239
1406.0000 1.9188 7.5096 0.1521 -0.0121 -0.0119 0.9996 0.0236
1407.0000 1.7417 7.5183 0.1492 -0.0112 -0.0119 0.9996 0.0228
1408.0000 1.5643 7.5243 0.1451 -0.0100 -0.0125 0.9996 0.0221
1409.0000 1.3837 7.5314 0.1411 -0.0094 -0.0126 0.9996 0.0214
1410.0000 1.1995 7.5381 0.1374 -0.0088 -0.0126 0.9997 0.0203
1411.0000 1.0112 7.5463 0.1367 -0.0088 -0.0124 0.9997 0.0190
1412.0000 0.8184 7.5506 0.1352 -0.0086 -0.0127 0.9997 0.0182
1413.0000 0.6248 7.5541 0.1252 -0.0062 -0.0128 0.9998 0.0169
1414.0000 0.4265 7.5613 0.1163 -0.0043 -0.0120 0.9998 0.0149
1415.0000 0.2197 7.5696 0.1122 -0.0046 -0.0106 0.9998 0.0133
1416.0000 0.0059 7.5735 0.1068 -0.0053 -0.0101 0.9999 0.0117
1417.0000 -0.2139 7.5737 0.1017 -0.0063 -0.0103 0.9999 0.0094
1418.0000 -0.4391 7.5717 0.0986 -0.0075 -0.0106 0.9999 0.0069
1419.0000 -0.6683 7.5691 0.0962 -0.0087 -0.0111 0.9999 0.0048
1420.0000 -0.9015 7.5660 0.0940 -0.0099 -0.0112 0.9999 0.0025
1421.0000 -1.1389 7.5622 0.0914 -0.0113 -0.0115 0.9999 -0.0004
1422.0000 -1.3784 7.5571 0.0868 -0.0119 -0.0115 0.9999 -0.0030
1423.0000 -1.6223 7.5494 0.0823 -0.0126 -0.0119 0.9998 -0.0054
1424.0000 -1.8707 7.5409 0.0785 -0.0137 -0.0121 0.9998 -0.0082
1425.0000 -2.1232 7.5333 0.0734 -0.0147 -0.0120 0.9998 -0.0111
1426.0000 -2.3801 7.5256 0.0676 -0.0155 -0.0110 0.9997 -0.0141
1427.0000 -2.6408 7.5164 0.0599 -0.0157 -0.0103 0.9997 -0.0172
1428.0000 -2.9051 7.5030 0.0497 -0.0153 -0.0099 0.9996 -0.0200
1429.0000 -3.1745 7.4855 0.0398 -0.0152 -0.0102 0.9996 -0.0231
1430.0000 -3.4485 7.4657 0.0313 -0.0155 -0.0106 0.9995 -0.0263
