0.011893
0.053343
0.055494
0.056373
0.052641
0.055837
0.0556
0.062128
0.060949
0.064197
0.070142
0.067035
0.063469
0.066487
0.061741
0.061825
0.056653
0.058229
0.064689
0.062904
0.062715
0.062809
0.062571
0.064313
0.060599
0.060629
0.06388
0.063388
0.063793
0.065347
0.062043
0.066562
0.062049
0.061355
0.061099
0.066961
0.065164
0.063417
0.065757
0.066
0.064771
0.062994
0.067097
0.070614
0.066309
0.06564
0.065109
0.06799
0.063899
0.063447
0.061535
0.062469
0.059241
0.061245
0.064055
0.061182
0.062047
0.059004
0.05885
0.063912
0.058662
0.061163
0.0601
0.060383
0.058915
0.058231
0.06129
0.056895
0.055456
0.056581
0.054738
0.05754
0.056966
0.059834
0.059856
0.059003
0.05824
0.05875
0.058265
0.058882
0.054584
0.059517
0.056372
0.055144
0.054683
0.053889
0.053983
0.054806
0.054907
0.054271
0.053022
0.05225
0.054348
0.053549
0.052655
0.054674
0.055742
0.057672
0.05951
0.057863
0.060378
0.059273
0.057449
0.059634
0.057917
0.0562
0.056899
0.059978
0.058402
0.059491
0.057808
0.060001
0.057005
0.05823
0.057589
0.062235
0.061918
0.060396
0.060206
0.060962
0.057471
0.057712
0.055824
0.057025
0.055189
0.05735
0.054071
0.056485
0.055488
0.055944
0.051867
0.05302
0.05498
0.057831
0.0532
0.053196
0.053598
0.053563
0.052616
0.053286
0.05151
0.054418
0.05416
0.055285
0.052985
0.054905
0.054641
0.054495
0.051738
0.051469
0.053182
0.056689
0.053496
0.056128
0.053441
0.054347
0.052458
0.051757
0.054315
0.055124
0.052326
0.0524
0.052014
0.049654
0.050282
0.055211
0.053667
0.052428
0.050483
0.050474
0.050541
0.052879
0.050414
0.053904
0.05433
0.053083
0.051045
0.052323
0.048205
0.057698
0.052146
0.054171
0.053224
0.054214
0.053164
0.055056
0.053429
0.056774
0.056899
0.056758
0.055078
0.055584
0.053906
0.060011
0.056582
0.058187
0.056917
0.057773
0.056458
0.055717
0.055593
0.054691
0.054508
0.058682
0.054592
0.05626
0.054176
0.053701
0.059586
0.057258
0.055853
0.055081
0.054876
0.055386
0.056819
0.058851
0.058136
0.061271
0.058366
0.059139
0.068634
0.064895
0.063558
0.063139
0.062394
0.064041
0.061282
0.061138
0.061396
0.062856
0.061632
0.062243
0.064334
0.060104
0.060896
0.059515
0.057969
0.056574
0.054451
0.052499
0.05278
0.053654
0.052827
0.052531
0.051707
0.049741
0.050683
0.048115
0.04897
0.048373
0.049591
0.048682
0.050065
0.049809
0.048841
0.048486
0.048903
0.049421
0.049515
0.048594
0.04783
0.04972
0.049976
0.051065
0.050015
0.049339
0.049032
0.050839
0.05153
0.050792
0.051666
0.051129
0.057618
0.056729
0.052036
0.05267
0.055947
0.051239
0.050906
0.052077
0.051327
0.051575
0.05027
0.049516
0.050859
0.054037
0.050729
0.05255
0.058583
0.05546
0.053808
0.053657
0.052587
0.051344
0.052699
0.052274
0.054084
0.055755
0.055872
0.054357
0.055293
0.061666
0.056512
0.057192
0.055742
0.054085
0.054258
0.053474
0.054376
0.056622
0.055367
0.053166
0.052376
0.062141
0.056019
0.056335
0.055044
0.054486
0.053961
0.055349
0.057087
0.057588
0.058768
0.057056
0.057857
0.058707
0.058437
0.058585
0.056772
0.055634
0.054758
0.055261
0.062953
0.059758
0.058808
0.055631
0.054374
0.051658
0.052264
0.049945
0.051005
0.052896
0.052679
0.050898
0.049101
0.056163
0.050968
0.048163
0.048558
0.046529
0.047492
0.047405
0.046716
0.04854
0.049053
0.05015
0.049959
0.050678
0.050209
0.055558
0.057099
0.053239
0.051126
0.0512
0.051538
0.048546
0.04845
0.047931
0.046394
0.047717
0.044044
0.043977
0.042668
0.045755
0.048562
0.052956
0.053002
0.057127
0.053945
0.052094
0.051219
0.050897
0.050215
0.05619
0.054509
0.053856
0.052602
0.051564
0.052828
0.060846
0.056666
0.055789
0.055536
0.056287
0.055387
0.056322
0.059797
0.06088
0.060654
0.057741
0.056029
0.058049
0.061834
0.059376
0.057858
0.057523
0.05547
0.058864
0.059795
0.054699
0.056244
0.057585
0.05469
0.05641
0.055661
0.052817
0.053503
0.054004
0.056521
0.055308
0.055316
0.054169
0.055292
0.052817
0.053107
0.059131
0.057206
0.055564
0.05542
0.054434
0.055385
0.054765
0.054052
0.058077
0.055464
0.055763
0.05578
0.056031
0.057338
0.056184
0.059033
0.057691
0.055403
0.059363
0.056247
0.058923
0.058323
0.054113
0.051133
0.059128
0.057336
0.056632
0.055927
0.056399
0.055714
0.055114
0.059893
0.057066
0.056074
0.055086
0.054074
0.055241
0.054427
0.057783
0.053454
0.051214
0.053425
0.053946
0.056199
0.056458
0.061246
0.055596
0.054589
0.054179
0.052633
0.054385
0.057007
0.058692
0.056969
0.057735
0.059886
0.059859
0.056729
0.057356
0.055746
0.059256
0.058315
0.059472
0.059543
0.058763
0.059177
0.06078
0.064401
0.062308
0.061523
0.061877
0.059209
0.062679
0.061678
0.061004
0.0637
0.065513
0.063532
0.064808
0.064191
0.065483
0.060852
0.064125
0.062692
0.066619
0.063341
0.06226
0.059862
0.06241
0.0602
0.060727
0.058178
0.057101
0.056465
0.053283
0.052519
0.049888
0.047746
0.048236
0.044665
0.044441
0.041724
0.044081
0.045253
0.044715
0.041393
0.041737
0.042297
0.041969
0.043938
0.041965
0.041543
0.040089
0.03966
0.044044
0.039255
0.039522
0.038353
0.042629
0.040122
0.040361
0.047421
0.041722
0.039847
0.042326
0.037154
0.038856
0.037514
0.040083
0.038567
0.039018
0.037834
0.0423
0.049861
0.040878
0.039478
0.046887
0.040518
0.042842
0.04229
0.043292
0.03934
0.043089
0.042233
0.041561
0.045987
0.045261
0.052843
0.0488
0.044275
0.045927
0.043499
0.04391
0.041901
0.04414
0.043715
0.043152
0.04369
0.044641
0.044566
0.049022
0.047031
0.04525
0.047983
0.052755
0.043788
0.044361
0.043014
0.043789
0.0424
0.042065
0.042524
0.046545
0.044337
0.04424
0.045848
0.056186
0.04985
0.051046
0.050622
0.050316
0.050302
0.049743
0.047921
0.047831
0.047633
0.050501
0.048792
0.050885
0.052358
0.053333
0.051944
0.064629
0.053127
0.052075
0.051076
0.053744
0.050048
0.050455
0.049045
0.049675
0.049103
0.048404
0.046261
0.04889
0.062438
0.052206
0.05064
0.050888
0.051802
0.04832
0.04799
0.047569
0.048263
0.053224
0.051576
0.052252
0.062929
0.051988
0.051644
0.050543
0.050758
0.05077
0.04694
0.048022
0.048366
0.047408
0.049892
0.047881
0.049201
0.047183
0.047
0.048474
0.04793
0.047303
0.04763
0.053401
0.048292
0.046341
0.044982
0.04915
0.048098
0.044978
0.046007
0.047482
0.049846
0.048717
0.049587
0.047704
0.048424
0.045463
0.047714
0.047629
0.045809
0.046254
0.04431
0.044034
0.04416
0.050959
0.045476
0.047521
0.046175
0.045525
0.043761
0.050961
0.048481
0.046955
0.045093
0.044555
0.043548
0.049507
0.045245
0.044996
0.040755
0.042154
0.040294
0.04563
0.040338
0.039917
0.039025
0.040764
0.047862
0.040727
0.040352
0.041506
0.044473
0.043178
0.039838
0.042755
0.041548
0.041826
0.040805
0.040491
0.043854
0.04189
0.040391
0.040977
0.042617
0.041861
0.046284
0.043669
0.04199
0.047492
0.043102
0.041419
0.043554
0.045162
0.042062
0.045189
0.045569
0.044003
0.050127
0.046402
0.043302
0.044504
0.042797
0.045003
0.041844
0.044644
0.045065
0.044224
0.043491
0.044299
0.043723
0.051228
0.047967
0.045789
0.043119
0.045414
0.052747
0.046058
0.045652
0.045133
0.043234
0.045
0.048995
0.046198
0.04693
0.045821
0.042959
0.043496
0.043547
0.046342
0.044498
0.042574
0.041708
0.040455
0.040965
0.038063
0.043633
0.041253
0.037902
0.039863
0.039398
0.041444
0.039826
0.050256
0.039115
0.04124
0.039397
0.038531
0.038329
0.037786
0.036512
0.039718
0.038616
0.040922
0.041656
0.051217
0.043955
0.044232
0.042439
0.042653
0.041926
0.044266
0.044852
0.047144
0.045932
0.052371
0.046048
0.048407
0.046027
0.047559
0.044839
0.046475
0.05122
0.046505
0.046887
0.046487
0.045203
0.048059
0.046423
0.049007
0.046427
0.057608
0.047139
0.04727
0.045554
0.04786
0.045424
0.046203
0.04467
0.045367
0.046275
0.046885
0.046985
0.046787
0.045124
0.048946
0.057448
0.049899
0.047733
0.048513
0.043268
0.04626
0.047005
0.049251
0.045114
0.048026
0.045402
0.046988
0.044957
0.046566
0.04555
0.047273
0.045138
0.054129
0.047069
0.047764
0.046597
0.046002
0.044535
0.045137
0.045616
0.050179
0.048942
0.048747
0.048646
0.049072
0.046959
0.046839
0.048436
0.046025
0.044916
0.046719
0.044677
0.042851
0.044443
0.043863
0.046071
0.043963
0.044148
0.04302
0.045592
0.043945
0.054473
0.049069
0.044963
0.047594
0.044638
0.04631
0.044693
0.046749
0.044669
0.0489
0.047133
0.046
0.04837
0.046268
0.049802
0.049434
0.048711
0.051229
0.053735
0.056241
0.052082
0.051391
0.051015
0.053447
0.051727
0.052414
0.052454
0.053426
0.052173
0.056211
0.056232
0.055695
0.056754
0.057758
0.056516
0.058893
0.059856
0.056987
0.055974
0.053882
0.056816
0.055144
0.05372
0.054762
0.051919
0.053715
0.055146
0.055304
0.055248
0.05491
0.051152
0.051025
0.053289
0.048737
0.050077
0.049586
0.046216
0.045221
0.045612
0.046367
0.047035
0.047864
0.047326
0.047763
0.048703
0.04532
0.044088
0.044482
0.045843
0.046286
0.046338
0.049972
0.047087
0.047007
0.050874
0.050101
0.04698
0.048749
0.047551
0.045929
0.046481
0.047401
0.046141
0.046905
0.046088
0.048984
0.046759
0.04766
0.045954
0.046288
0.045289
0.046797
0.045944
0.045615
0.044056
0.04411
0.043583
0.046446
0.046343
0.045735
0.044132
0.044515
0.044986
0.043552
0.042105
0.045913
0.043732
0.043991
0.043655
0.04447
0.043974
0.043126
0.040427
0.042635
0.045263
0.043446
0.04153
0.04202
0.04392
0.045057
0.043814
0.045331
0.04361
0.043064
0.042569
0.044708
0.044374
0.045764
0.0447
0.043806
0.042898
0.049172
0.047491
0.047833
0.048235
0.047775
0.046841
0.049215
0.054984
0.051158
0.050304
0.05335
0.053035
0.053203
0.052617
0.056036
0.056101
0.057799
0.056473
0.056909
0.055742
0.061225
0.059982
0.057856
0.060607
0.059459
0.057228
0.059134
0.060002
0.061099
0.064583
0.065144
0.064197
0.061907
0.062273
0.061786
0.0585
0.059842
0.059388
0.058103
0.055219
0.054057
0.052422
0.053288
0.055186
0.053765
0.051304
0.051686
0.048665
0.046384
0.045591
0.043342
0.042577
0.041077
0.04237
0.041298
0.04131
0.042737
0.041986
0.041486
0.041371
0.045825
0.043917
0.042752
0.043119
0.042998
0.043079
0.043822
0.042822
0.044152
0.040873
0.042917
0.04232
0.042726
0.043111
0.043691
0.044963
0.04442
0.042719
0.043965
0.041799
0.044599
0.045321
0.044832
0.045603
0.048484
0.046644
0.045902
0.045605
0.045973
0.045029
0.044627
0.044778
0.045371
0.044525
0.044745
0.044015
0.04548
0.045066
0.046832
0.044506
0.044897
0.04331
0.0461
0.043953
0.044386
0.042253
0.044223
0.042546
0.04668
0.04828
0.047165
0.043626
0.045878
0.055597
0.050435
0.049847
0.048921
0.046957
0.048739
0.047097
0.049652
0.047228
0.047145
0.048387
0.049438
0.050533
0.050941
0.049884
0.047877
0.046992
0.050238
0.052345
0.050687
0.048168
0.048351
0.04917
0.049546
0.047885
0.050787
0.050514
0.05377
0.050719
0.050342
0.051381
0.051591
0.05056
0.049576
0.050827
0.046982
0.05036
0.051521
0.054362
0.056041
0.054158
0.053789
0.050398
0.052137
0.052688
0.049561
0.049988
0.050263
0.0512
0.051993
0.051753
0.054758
0.051047
0.054506
0.05187
0.052329
0.050742
0.050869
0.049579
0.047803
0.049564
0.051798
0.05059
0.050932
0.050336
0.049276
0.052904
0.051164
0.049554
0.049762
0.055702
0.054441
0.051317
0.051791
0.050866
0.053636
0.054785
0.053243
0.05182
0.051857
0.049002
0.048361
0.049568
0.052626
0.053353
0.051433
0.052694
0.054754
0.054323
0.055481
0.054364
0.055188
0.05371
0.055902
0.055934
0.056045
0.056434
0.054025
0.052999
0.061811
0.05725
0.055691
0.053603
0.051832
0.04903
0.050641
0.05263
0.053075
0.050004
0.04804
0.046844
0.049979
0.049327
0.050903
0.050438
0.051757
0.047488
0.052325
0.050019
0.051435
0.051479
0.048345
0.046249
0.053512
0.0473
0.047537
0.044888
0.04466
0.045263
0.047463
0.047077
0.050882
0.048718
0.047941
0.04684
0.054637
0.045398
0.04776
0.048677
0.047316
0.044825
0.04371
0.05029
0.048726
0.047424
0.0494
0.049725
0.055327
0.052284
0.051424
0.051167
0.050582
0.049716
0.048553
0.047619
0.049047
0.048057
0.048282
0.051041
0.050517
0.050189
0.059152
0.052127
0.053419
0.052521
0.055096
0.053247
0.058367
0.057172
0.058749
0.057025
0.060151
0.058165
0.061168
0.060144
0.063862
0.064988
0.06414
0.062041
0.065891
0.062914
0.065944
0.063675
0.062962
0.063541
0.062803
0.065442
0.0634
0.063452
0.062341
0.061001
0.060346
0.060364
0.05893
0.058748
0.05819
0.057521
0.056815
0.056409
0.059764
0.058438
0.055503
0.055734
0.05349
0.053702
0.054137
0.058832
0.059194
0.061456
0.058272
0.056781
0.057132
0.055594
0.055653
0.054674
0.054497
0.054357
0.053632
0.052907
0.056118
0.05528
0.058689
0.058387
0.058879
0.058521
0.055927
0.058578
0.056301
0.055319
0.05537
0.057289
0.059113
0.056411
0.055905
0.054713
0.056128
0.053634
0.056341
0.056068
0.055867
0.056142
0.056106
0.055578
0.054123
0.05308
0.05655
0.058385
0.05505
0.054132
0.056514
0.056441
0.052564
0.053946
0.051843
0.050927
0.050437
0.049501
0.049815
0.048657
0.053929
0.050818
0.051981
0.050364
0.051303
0.047382
0.04769
0.046857
0.044599
0.045119
0.046583
0.045794
0.04851
0.046905
0.045529
0.040648
0.040803
0.041087
0.039841
0.038496
0.039919
0.042479
0.041129
0.040549
0.040571
0.039313
0.040313
0.045202
0.040782
0.039585
0.040271
0.043472
0.040277
0.038302
0.039355
0.039689
0.042804
0.044874
0.041904
0.04298
0.052082
0.045682
0.04658
0.046286
0.043065
0.045174
0.044736
0.043612
0.043263
0.041304
0.042676
0.042392
0.043868
0.039769
0.040935
0.043322
0.041782
0.039404
0.045054
0.048365
0.041055
0.038733
0.040836
0.039539
0.040672
0.044354
0.044419
0.042713
0.042888
0.040383
0.048581
0.04258
0.044674
0.043442
0.042478
0.042646
0.042028
0.041789
0.046704
0.043855
0.043649
0.043257
0.043648
0.043077
0.04683
0.041376
0.04153
0.040604
0.044138
0.048072
0.044635
0.041205
0.043234
0.04097
0.043105
0.041111
0.040649
0.038881
0.039659
0.038353
0.039874
0.037696
0.040547
0.039945
0.039106
0.039756
0.04443
0.040002
0.040546
0.039399
0.04076
0.047086
0.046394
0.047307
0.045647
0.041394
0.048292
0.046641
0.044495
0.045912
0.045946
0.04397
0.04727
0.046844
0.04361
0.04264
0.044027
0.042256
0.049424
0.042957
0.043454
0.040637
0.042015
0.042578
0.044409
0.042548
0.045879
0.043556
0.041151
0.041281
0.041979
0.046425
0.042129
0.041249
0.040758
0.04062
0.044599
0.043154
0.043019
0.040444
0.040263
0.038606
0.042868
0.041895
0.041546
0.040373
0.040127
0.037472
0.037235
0.039364
0.038222
0.037971
0.036655
0.036895
0.038572
0.042205
0.039926
0.040585
0.03952
0.043351
0.042537
0.042739
0.042844
0.039256
0.041197
0.044617
0.041889
0.044156
0.044177
0.042068
0.042956
0.047412
0.047206
0.045688
0.043774
0.051297
0.050306
0.047485
0.04766
0.046564
0.047552
0.050484
0.050282
0.047547
0.047845
0.049027
0.050362
0.049557
0.05408
0.051066
0.050948
0.051177
0.049494
0.048885
0.050569
0.051471
0.052143
0.049926
0.048467
0.052108
0.048683
0.047367
0.052139
0.047352
0.046171
0.044726
0.044022
0.046172
0.051106
0.047989
0.047767
0.045793
0.045843
0.049754
0.046715
0.045358
0.046883
0.044961
0.046236
0.04515
0.049341
0.048732
0.050073
0.044448
0.045312
0.04351
0.047179
0.041306
0.044264
0.043198
0.045048
0.044108
0.0442
0.042356
0.042599
0.048691
0.045913
0.043139
0.047741
0.042978
0.043575
0.04766
0.047939
0.048288
0.045596
0.043708
0.046349
0.049894
0.04689
0.049745
0.04903
0.046828
0.045786
0.055317
0.05012
0.046783
0.046415
0.046398
0.047008
0.045496
0.049998
0.047477
0.048896
0.045588
0.046963
0.054077
0.048399
0.049368
0.045841
0.044859
0.042751
0.048495
0.045929
0.046281
0.043606
0.043173
0.053471
0.045753
0.046614
0.044302
0.041284
0.042827
0.045298
0.044835
0.044413
0.044388
0.044024
0.04611
0.047118
0.052779
0.045512
0.046377
0.043473
0.046016
0.042599
0.044914
0.042052
0.044828
0.039759
0.038795
0.038437
0.039015
0.039011
0.039089
0.03917
0.040916
0.041567
0.041613
0.039598
0.047469
0.04094
0.038857
0.041131
0.044634
0.041456
0.044636
0.044307
0.04551
0.051544
0.050954
0.048516
0.049584
0.050785
0.04901
0.046491
0.046781
0.049002
0.052398
0.050833
0.049956
0.049583
0.05206
0.047703
0.04942
0.043882
0.044865
0.043873
0.0452
0.047583
0.044854
0.042427
0.042252
0.038774
0.04037
0.038317
0.038581
0.037472
0.038253
0.038033
0.037858
0.036958
0.037942
0.036916
0.036506
0.035942
0.03639
0.036009
0.036364
0.035227
0.036284
0.035221
0.038007
0.037205
0.038891
0.041616
0.040594
0.03847
0.039263
0.039008
0.04053
0.045527
0.045389
0.044255
0.044616
0.043666
0.046745
0.045994
0.051295
0.050769
0.049412
0.050523
0.051577
0.051754
0.051793
0.052078
0.051454
0.049473
0.049414
0.050428
0.052031
0.05184
0.05169
0.050078
0.05128
0.049873
0.052027
0.04865
0.050372
0.051304
0.052849
0.05369
0.054152
0.053644
0.053291
0.052765
0.052332
0.050624
0.047521
0.049404
0.047393
0.047579
0.048189
0.049948
0.050677
0.049684
0.048898
0.045261
0.047684
0.045798
0.045011
0.044691
0.044386
0.040976
0.042613
0.042109
0.042656
0.043635
0.042888
0.042043
0.042383
0.040484
0.040904
0.037849
0.039646
0.036204
0.037811
0.037544
0.039839
0.037867
0.040896
0.03624
0.038903
0.038614
0.038703
0.037236
0.037798
0.0388
0.04104
0.039658
0.040375
0.039254
0.040084
0.039098
0.039058
0.039031
0.038251
0.038044
0.042139
0.040616
0.039477
0.03979
0.039163
0.037531
0.039037
0.04082
0.041265
0.040289
0.039385
0.03747
0.03984
0.03721
0.036354
0.035985
0.037445
0.037858
0.036496
0.036205
0.038656
0.03727
0.038443
0.037172
0.036134
0.0357
0.035648
0.037911
0.036776
0.036495
0.036607
0.036064
0.036306
0.035542
0.034807
0.034277
0.034465
0.035842
0.035528
0.035538
0.035547
0.035007
0.033914
0.034709
0.03397
0.035086
0.036098
0.035866
0.03518
0.03603
0.036456
0.034633
0.034727
0.034212
0.033703
0.036414
0.035362
0.034946
0.034957
0.033953
0.03422
0.033517
0.033867
0.035388
0.035433
0.034329
0.033102
0.035262
0.034091
0.033574
0.033376
0.032826
0.032559
0.033983
0.034207
0.035184
0.035105
0.032022
0.033385
0.037154
0.037206
0.034185
0.034199
0.034734
0.034861
0.035809
0.037694
0.034531
0.037457
0.037027
0.040293
0.039987
0.038558
0.038145
0.038786
0.036531
0.039229
0.039778
0.040729
0.037192
0.040084
0.036619
0.039615
0.038837
0.04142
0.04025
0.041042
0.041321
0.041109
0.039508
0.041537
0.041199
0.040741
0.042932
0.041909
0.041365
0.040622
0.040593
0.037558
0.043153
0.042338
0.042429
0.042941
0.041017
0.041374
0.041418
0.041416
0.044367
0.042385
0.04469
0.040595
0.041019
0.040397
0.046254
0.045076
0.045449
0.043817
0.0432
0.044788
0.043273
0.04999
0.045968
0.045431
0.045841
0.047602
0.049925
0.050979
0.047442
0.049008
0.050557
0.050938
0.050714
0.053511
0.051958
0.053512
0.052782
0.053234
0.051452
0.053461
0.050518
0.053274
0.050043
0.052422
0.049661
0.05105
0.0535
0.053963
0.052399
0.053587
0.050741
0.050713
0.0482
0.047117
0.043138
0.045019
0.044091
0.042734
0.040839
0.039324
0.040413
0.041685
0.041427
0.040966
0.040438
0.042143
0.04024
0.043678
0.042646
0.042489
0.042729
0.042922
0.044453
0.047402
0.042638
0.04352
0.042243
0.041791
0.041981
0.043576
0.045445
0.045352
0.045341
0.043745
0.044224
0.044386
0.043466
0.042562
0.046075
0.045407
0.042514
0.04369
0.044907
0.051013
0.045233
0.046792
0.045531
0.045443
0.044265
0.044275
0.044114
0.046189
0.045385
0.044964
0.042991
0.044802
0.043453
0.048514
0.043431
0.043036
0.042269
0.042491
0.047433
0.046052
0.043864
0.04577
0.04982
0.049536
0.049092
0.049977
0.048196
0.048955
0.050322
0.050113
0.049593
0.051161
0.052906
0.052199
0.052095
0.05952
0.052574
0.053331
0.051657
0.050695
0.048852
0.048422
0.047295
0.048249
0.045104
0.045527
0.044667
0.046225
0.047546
0.047369
0.045155
0.047154
0.047038
0.048639
0.055415
0.049541
0.046002
0.045902
0.044405
0.043165
0.039646
0.04476
0.044048
0.042517
0.043871
0.04585
0.042267
0.053309
0.046932
0.047143
0.046131
0.045251
0.042714
0.044343
0.044219
0.042724
0.044287
0.044473
0.044615
0.046105
0.04635
0.047386
0.047788
0.055663
0.047462
0.049556
0.048533
0.048644
0.046736
0.047207
0.044887
0.04614
0.046197
0.048837
0.046836
0.048558
0.047019
0.046409
0.047593
0.049247
0.054267
0.052161
0.051621
0.048435
0.046964
0.047797
0.045763
0.046719
0.046398
0.045205
0.045566
0.046972
0.047789
0.047268
0.045359
0.045456
0.050765
0.044548
0.044892
0.044967
0.043884
0.042793
0.050285
0.047587
0.044153
0.045475
0.043033
0.044191
0.047853
0.047621
0.04695
0.046443
0.046232
0.054025
0.049516
0.050787
0.048745
0.049856
0.047328
0.04816
0.049961
0.052974
0.051181
0.051308
0.050081
0.050804
0.049849
0.052691
0.048699
0.050778
0.049183
0.046641
0.046267
0.047145
0.042771
0.047986
0.046351
0.04567
0.043005
0.048701
0.046826
0.051671
0.048298
0.04707
0.045991
0.045641
0.051042
0.046823
0.047347
0.044354
0.042449
0.050173
0.044053
0.046992
0.044854
0.045224
0.044171
0.043102
0.048002
0.046746
0.046357
0.044692
0.051087
0.049398
0.048541
0.048524
0.046151
0.046852
0.046763
0.048186
0.049706
0.049944
0.049036
0.046454
0.047337
0.050608
0.049554
0.045974
0.046697
0.046027
0.044841
0.044842
0.047614
0.044893
0.04737
0.057674
0.053709
0.053631
0.054582
0.054014
0.051102
0.05192
0.051413
0.053079
0.050516
0.050322
0.051001
0.050787
0.050723
0.053544
0.047986
0.062261
0.050081
0.049562
0.046658
0.046028
0.046173
0.041781
0.040977
0.042216
0.039465
0.04253
0.041728
0.044673
0.046508
0.057095
0.047248
0.046344
0.04523
0.046742
0.045031
0.04808
0.056089
0.055581
0.053938
0.053374
0.0519
0.052472
0.052808
0.051718
0.049074
0.04789
0.046763
0.049635
0.048278
0.052011
0.051484
0.052863
0.051261
0.063083
0.056441
0.054251
0.051636
0.05746
0.051022
0.052227
0.049428
0.052065
0.050859
0.053126
0.050579
0.054035
0.052773
0.05432
0.062044
0.056613
0.056269
0.05284
0.051508
0.048025
0.047124
0.045577
0.042599
0.044749
0.043277
0.045561
0.046536
0.047737
0.046837
0.049101
0.045441
0.051224
0.045069
0.047231
0.049912
0.049958
0.046382
0.047011
0.044636
0.05373
0.046139
0.04723
0.047739
0.048196
0.045908
0.048593
0.048321
0.047167
0.051579
0.049044
0.044646
0.045515
0.043231
0.04385
0.044023
0.049163
0.044736
0.047494
0.04882
0.04439
0.043714
0.050046
0.049573
0.048342
0.04649
0.045656
0.044556
0.05196
0.04837
0.049503
0.048466
0.047409
0.051249
0.050951
0.050274
0.051481
0.049341
0.047755
0.048737
0.049611
0.047495
0.048257
0.049123
0.049734
0.050301
0.051535
0.049061
0.049245
0.047904
0.049252
0.048613
0.04907
0.04817
0.049402
0.053386
0.050041
0.047425
0.055846
0.05022
0.048898
0.047473
0.047968
0.046588
0.045896
0.04971
0.047998
0.046948
0.046412
0.044888
0.045867
0.042589
0.047572
0.043821
0.043741
0.040675
0.043345
0.043414
0.044
0.053356
0.046184
0.046869
0.051382
0.04768
0.047825
0.047824
0.046634
0.04375
0.047366
0.048552
0.047244
0.045836
0.047908
0.045093
0.052686
0.047985
0.047454
0.046092
0.047
0.051338
0.049718
0.047788
0.048388
0.045255
0.050167
0.047132
0.050136
0.047518
0.050073
0.053733
0.050137
0.047443
0.046997
0.046555
0.046853
0.046974
0.046812
0.050536
0.051799
0.051289
0.049108
0.048129
0.049685
0.047757
0.047233
0.049692
0.048653
0.048669
0.047984
0.048317
0.048566
0.052684
0.051032
0.049503
0.049634
0.047801
0.04846
0.052005
0.049548
0.048405
0.047879
0.04629
0.047948
0.052402
0.047362
0.048088
0.047268
0.045666
0.052292
0.048123
0.04724
0.045523
0.045495
0.043912
0.042448
0.046023
0.045154
0.043337
0.045631
0.045358
0.046512
0.045152
0.046978
0.044874
0.053644
0.044536
0.044297
0.045831
0.047436
0.046123
0.044648
0.045701
0.044464
0.044859
0.045406
0.044244
0.048746
0.046878
0.049097
0.045997
0.052355
0.05029
0.052055
0.048879
0.051401
0.049688
0.04902
0.049809
0.049861
0.049662
0.053939
0.051124
0.054019
0.06254
0.058757
0.057072
0.057314
0.055477
0.06032
0.053835
0.056214
0.056349
0.05723
0.055823
0.056179
0.056486
0.055775
0.056856
0.055579
0.054138
0.054979
0.054212
0.055608
0.062276
0.061873
0.059378
0.062275
0.057427
0.05783
0.059211
0.057393
0.057224
0.056245
0.05342
0.053994
0.052471
0.05283
0.051465
0.055322
0.050344
0.047849
0.048701
0.047468
0.049709
0.052569
0.051971
0.051076
0.049191
0.047875
0.047983
0.047144
0.048534
0.048743
0.049608
0.0503
0.050135
0.049518
0.048969
0.050102
0.047555
0.051829
0.052839
0.052528
0.050847
0.052538
0.049497
0.050507
0.05032
0.053523
0.04997
0.051564
0.050346
0.051136
0.051684
0.052046
0.057183
0.056289
0.052199
0.055332
0.056165
0.054428
0.054551
0.052735
0.054176
0.055118
0.056413
0.056066
0.054213
0.056717
0.054475
0.056008
0.05384
0.056479
0.05912
0.05954
0.058749
0.059868
0.058149
0.059331
0.057672
0.058219
0.057606
0.057915
0.057677
0.060124
0.060631
0.057869
0.060257
0.059137
0.057788
0.056586
0.054079
0.052716
0.052254
0.053461
0.053204
0.052374
0.052577
0.050832
0.052897
0.052311
0.057004
0.054426
0.052725
0.052472
0.049435
0.05017
0.049503
0.049466
0.048581
0.050007
0.046908
0.047924
0.044545
0.046292
0.044384
0.052183
0.0451
0.045289
0.043924
0.050093
0.045429
0.046577
0.044652
0.044611
0.042388
0.04235
0.045291
0.048273
0.045927
0.046583
0.046599
0.04782
0.04431
0.047027
0.049412
0.045991
0.045949
0.043822
0.043006
0.044053
0.047289
0.044337
0.045242
0.043219
0.049159
0.046734
0.043713
0.046214
0.044774
0.049157
0.046577
0.048147
0.047292
0.048319
0.046323
0.046631
0.045978
0.052927
0.048612
0.048878
0.047497
0.050539
0.05413
0.053847
0.052751
0.04871
0.049581
0.048154
0.048366
0.053101
0.050181
0.050352
0.047388
0.046837
0.054877
0.049384
0.048286
0.049867
0.048792
0.050146
0.053451
0.04965
0.047697
0.048216
0.048999
0.046006
0.04864
0.051297
0.047997
0.046753
0.048435
0.043777
0.050072
0.045379
0.046549
0.043255
0.044955
0.044619
0.045528
0.051206
0.046542
0.046741
0.048022
0.051043
0.046778
0.047109
0.045684
0.045331
0.046124
0.044926
0.043075
0.043842
0.045318
0.044949
0.04511
0.043223
0.043071
0.046136
0.054914
0.049151
0.04929
0.049121
0.048384
0.049261
0.045781
0.046956
0.044903
0.046447
0.046664
0.045307
0.047795
0.047411
0.047253
0.046339
0.043903
0.051207
0.047145
0.046833
0.043294
0.049197
0.04464
0.045491
0.044188
0.043805
0.046855
0.046258
0.043345
0.046666
0.049989
0.046362
0.045288
0.044248
0.042118
0.040586
0.041256
0.040216
0.039961
0.047433
0.041457
0.044357
0.042539
0.043159
0.042591
0.049156
0.043764
0.04178
0.04351
0.043769
0.043272
0.039664
0.042729
0.043649
0.040935
0.041648
0.040969
0.04176
0.041391
0.041839
0.039619
0.042788
0.040598
0.041591
0.039614
0.042852
0.040277
0.040328
0.048907
0.042503
0.042524
0.04115
0.042512
0.045261
0.041855
0.040003
0.041071
0.043873
0.041124
0.041729
0.040546
0.040075
0.043863
0.042145
0.039802
0.044448
0.041301
0.039583
0.040113
0.037851
0.045851
0.038823
0.040574
0.039035
0.03737
0.036403
0.041616
0.039428
0.038273
0.036674
0.037068
0.038685
0.037762
0.043507
0.038843
0.03937
0.037931
0.038206
0.041884
0.042977
0.039553
0.038688
0.040143
0.041349
0.042202
0.039499
0.038719
0.037375
0.044548
0.039972
0.039159
0.039862
0.039654
0.041533
0.042287
0.039564
0.039895
0.039596
0.040667
0.0395
0.039212
0.03696
0.039052
0.042792
0.054136
0.044587
0.044699
0.043824
0.043127
0.042283
0.046434
0.048579
0.046394
0.051061
0.050301
0.046544
0.04436
0.043729
0.042204
0.042927
0.041701
0.042839
0.041255
0.045018
0.050379
0.048601
0.045384
0.047294
0.043242
0.043372
0.042906
0.047234
0.046707
0.047971
0.045966
0.047663
0.046962
0.047695
0.051852
0.050732
0.048624
0.049393
0.048803
0.048221
0.046513
0.048647
0.05335
0.046638
0.04706
0.046313
0.04396
0.043991
0.041928
0.04271
0.038197
0.037813
0.040188
0.039849
0.038834
0.040591
0.037921
0.038218
0.040771
0.04053
0.036335
0.035314
0.034709
0.035759
0.036654
0.03651
0.03733
0.035695
0.039251
0.038676
0.039296
0.038893
0.037932
0.039193
0.042201
0.038928
0.039362
0.039614
0.038695
0.038138
0.037133
0.03525
0.034426
0.036295
0.035328
0.036388
0.037234
0.039316
0.039084
0.04572
0.037591
0.038307
0.036149
0.034381
0.035535
0.034681
0.035017
0.034675
0.034141
0.03628
0.037059
0.040005
0.037721
0.037644
0.037501
0.03973
0.045529
0.041679
0.039458
0.041164
0.038753
0.039316
0.037351
0.039714
0.041538
0.041438
0.041132
0.041805
0.047065
0.045127
0.044418
0.044349
0.043559
0.044175
0.041211
0.048949
0.04573
0.054204
0.052168
0.050456
0.05066
0.049056
0.04789
0.048794
0.04837
0.048512
0.049153
0.047254
0.047941
0.049161
0.044215
0.044525
0.04867
0.046895
0.046219
0.045403
0.043654
0.046112
0.043427
0.044982
0.043758
0.046181
0.044702
0.045333
0.046874
0.049308
0.051311
0.047521
0.04298
0.045629
0.042194
0.045077
0.041553
0.044011
0.042198
0.048018
0.044514
0.044472
0.043277
0.044084
0.045491
0.044383
0.05015
0.044982
0.044272
0.0441
0.040837
0.041475
0.04162
0.041137
0.040501
0.041846
0.039066
0.039203
0.038301
0.04106
0.049499
0.04056
0.039912
0.039962
0.039301
0.038147
0.039377
0.036852
0.036197
0.039223
0.036208
0.037539
0.038472
0.039722
0.037566
0.048484
0.040737
0.038741
0.040787
0.03825
0.038323
0.038161
0.037653
0.037645
0.037221
0.03814
0.035675
0.038272
0.038506
0.037454
0.037809
0.036223
0.034977
0.034233
0.036
0.039984
0.037844
0.038547
0.044294
0.041307
0.039786
0.039303
0.038365
0.041721
0.041689
0.044247
0.042184
0.042753
0.040105
0.046602
0.043365
0.040599
0.039474
0.045527
0.047203
0.044567
0.045765
0.042964
0.041634
0.040922
0.043157
0.043851
0.042268
0.041668
0.041276
0.048757
0.042632
0.041318
0.04011
0.041709
0.042647
0.04183
0.040515
0.046502
0.046016
0.044901
0.04367
0.045389
0.042654
0.044891
0.044748
0.046256
0.044992
0.045477
0.041265
0.043968
0.042073
0.046053
0.042624
0.041291
0.041043
0.042294
0.039383
0.040983
0.042378
0.038933
0.040014
0.040283
0.038183
0.038339
0.042041
0.038623
0.037812
0.036722
0.036443
0.038425
0.039209
0.041769
0.043022
0.037887
0.0359
0.037118
0.038633
0.034678
0.033994
0.037184
0.036962
0.037373
0.038614
0.038674
0.041268
0.040568
0.04335
0.048536
0.042262
0.041822
0.039948
0.041644
0.039196
0.043189
0.042134
0.043667
0.042515
0.044873
0.043192
0.053803
0.044881
0.043657
0.042959
0.03985
0.038262
0.040452
0.03735
0.037497
0.041339
0.038719
0.040531
0.040713
0.041854
0.042897
0.048557
0.04256
0.045354
0.042841
0.045132
0.041628
0.040741
0.042852
0.040231
0.041509
0.039446
0.042094
0.04308
0.045294
0.043839
0.045867
0.052599
0.050872
0.048306
0.047367
0.045521
0.04538
0.044729
0.046754
0.045016
0.045921
0.046662
0.044568
0.043436
0.046006
0.043847
0.044843
0.043293
0.044105
0.04478
0.043772
0.044928
0.04675
0.047094
0.050627
0.047704
0.049551
0.046952
0.045423
0.047111
0.047859
0.045247
0.04815
0.047102
0.05178
0.048958
0.049105
0.048121
0.049384
0.048819
0.049324
0.048022
0.046903
0.052252
0.052707
0.050946
0.051546
0.047958
0.04849
0.051381
0.049665
0.048188
0.049346
0.050955
0.054769
0.053936
0.05346
0.053136
0.05487
0.05114
0.052121
0.051317
0.050408
0.051785
0.051851
0.051048
0.051678
0.052051
0.052695
0.051052
0.05233
0.051065
0.05225
0.051064
0.05176
0.050081
0.049567
0.051132
0.049217
0.047842
0.048538
0.045047
0.044633
0.045905
0.043449
0.041471
0.044885
0.043095
0.045747
0.0426
0.042919
0.042213
0.041218
0.045792
0.042991
0.042333
0.041361
0.040581
0.042947
0.043574
0.046983
0.043867
0.04336
0.043807
0.043364
0.042531
0.046045
0.043674
0.043719
0.042739
0.043114
0.044647
0.047301
0.049039
0.046246
0.046651
0.044908
0.052018
0.048794
0.048211
0.054685
0.048535
0.051508
0.052546
0.0521
0.053208
0.056129
0.053698
0.054948
0.055775
0.053896
0.055717
0.055717
0.05491
0.055826
0.05617
0.057343
0.061394
0.055542
0.054934
0.052783
0.053384
0.050128
0.050449
0.047378
0.051172
0.048017
0.04466
0.045831
0.048207
0.043762
0.04386
0.044008
0.04388
0.04005
0.040116
0.039095
0.037805
0.036712
0.037581
0.038171
0.038202
0.037666
0.036313
0.038906
0.038967
0.037978
0.03799
0.042542
0.040306
0.038767
0.038585
0.040524
0.039433
0.037994
0.039664
0.039515
0.037528
0.038826
0.037802
0.038524
0.041467
0.03986
0.042421
0.040854
0.041196
0.041779
0.044282
0.043788
0.041328
0.041247
0.042278
0.041517
0.042115
0.045287
0.045682
0.04414
0.044239
0.044008
0.043627
0.044627
0.042947
0.046752
0.043427
0.043957
0.039639
0.043152
0.041562
0.045538
0.042262
0.042538
0.042939
0.041556
0.04283
0.049048
0.045638
0.04603
0.042491
0.042815
0.039895
0.045205
0.039812
0.041275
0.039373
0.039178
0.03805
0.038989
0.042375
0.040481
0.037542
0.038145
0.036801
0.038151
0.036609
0.037176
0.038787
0.038069
0.038434
0.038825
0.038621
0.048431
0.039898
0.040774
0.040888
0.042685
0.043217
0.047071
0.04516
0.048809
0.04512
0.045132
0.041855
0.041484
0.043462
0.044523
0.045981
0.048101
0.047637
0.053318
0.051893
0.050679
0.04704
0.049123
0.047885
0.046459
0.04518
0.050094
0.047894
0.046151
0.043417
0.045954
0.042961
0.045836
0.048262
0.050774
0.046739
0.047265
0.046518
0.046733
0.045608
0.043847
0.040959
0.04214
0.041824
0.043032
0.04264
0.044127
0.044702
0.047173
0.053975
0.045305
0.041742
0.043258
0.040361
0.039931
0.042705
0.044653
0.04066
0.040493
0.041635
0.041706
0.044363
0.045253
0.045782
0.047683
0.053092
0.045481
0.04093
0.039708
0.03894
0.039579
0.039105
0.038008
0.040312
0.041506
0.040836
0.042536
0.039268
0.041571
0.039596
0.046236
0.038006
0.037757
0.035588
0.037263
0.035123
0.035809
0.035835
0.036702
0.034907
0.035158
0.036189
0.035283
0.034803
0.036347
0.039767
0.037403
0.036842
0.037113
0.036557
0.042734
0.037975
0.038801
0.037892
0.038596
0.039054
0.038649
0.038288
0.042269
0.039967
0.042212
0.041578
0.042954
0.048713
0.050675
0.047838
0.046666
0.045546
0.049367
0.046191
0.045995
0.048957
0.04859
0.046241
0.04819
0.045318
0.047478
0.05457
0.052099
0.051216
0.051338
0.052049
0.04904
0.048079
0.049768
0.048825
0.050316
0.048974
0.051986
0.048632
0.049428
0.053355
0.04989
0.050136
0.049448
0.04628
0.045934
0.045204
0.046787
0.048272
0.044313
0.041982
0.044939
0.043786
0.049347
0.047106
0.041262
0.040294
0.03985
0.036336
0.039584
0.036847
0.037768
0.038008
0.038971
0.038053
0.03964
0.037952
0.040239
0.039473
0.039132
0.038186
0.042884
0.039174
0.041179
0.038325
0.038395
0.043304
0.041775
0.040094
0.041667
0.045595
0.044867
0.043187
0.044435
0.044422
0.047458
0.053027
0.047606
0.048404
0.04786
0.045075
0.047113
0.046951
0.048703
0.049144
0.0496
0.047749
0.058107
0.052163
0.051646
0.051898
0.050994
0.049884
0.051439
0.049675
0.052892
0.053244
0.052472
0.050435
0.052044
0.049894
0.04952
0.050329
0.048737
0.04725
0.047575
0.046814
0.048797
0.047884
0.047406
0.045893
0.045334
0.049059
0.047918
0.046191
0.047036
0.046796
0.053105
0.045682
0.04759
0.050434
0.047111
0.046135
0.053709
0.050554
0.049989
0.048972
0.04935
0.053432
0.052248
0.054101
0.054193
0.051428
0.05246
0.050801
0.051736
0.055384
0.057826
0.0573
0.058653
0.057498
0.061149
0.05702
0.058237
0.054941
0.057856
0.059152
0.060706
0.059657
0.060688
0.05797
0.060634
0.063022
0.064328
0.06176
0.063728
0.059165
0.063758
0.060461
0.061167
0.064007
0.06168
0.064466
0.058927
0.061575
0.060653
0.05979
0.065102
0.061074
0.065321
0.061023
0.056897
0.058589
0.065027
0.058001
0.057194
0.05775
0.052931
0.055203
0.058997
0.053596
0.057951
0.05744
0.051959
0.052731
0.053147
0.057074
0.052897
0.051916
0.051335
0.049393
0.04957
0.04743
0.048529
0.048519
0.046813
0.04718
0.047256
0.04656
0.04632
0.048074
0.051119
0.048484
0.048466
0.045388
0.04517
0.042513
0.048929
0.044625
0.042269
0.04183
0.041212
0.042449
0.04424
0.056419
0.051375
0.050637
0.050516
0.048267
0.04504
0.046659
0.050034
0.048753
0.04882
0.047651
0.049022
0.049871
0.049054
0.048442
0.047994
0.047387
0.049171
0.045843
0.047067
0.04648
0.045008
0.043622
0.041986
0.039399
0.044368
0.040845
0.040785
0.041534
0.040147
0.039087
0.042764
0.037432
0.035494
0.038045
0.039026
0.036592
0.042533
0.037711
0.038694
0.046124
0.045337
0.044259
0.049003
0.047156
0.045974
0.046437
0.052274
0.052332
0.05105
0.049735
0.05031
0.04949
0.049341
0.043897
0.047802
0.045134
0.045093
0.042594
0.044031
0.042777
0.0438
0.044694
0.043889
0.042227
0.040933
0.038502
0.044907
0.041557
0.041542
0.043381
0.043025
0.04115
0.041162
0.043083
0.04277
0.039821
0.038105
0.037779
0.040749
0.038649
0.038706
0.039489
0.041631
0.040586
0.041369
0.040509
0.046555
0.043541
0.043135
0.042192
0.041451
0.040684
0.047749
0.047484
0.051471
0.049372
0.047935
0.047924
0.047427
0.04724
0.047066
0.047026
0.046622
0.046769
0.044671
0.044654
0.04613
0.043614
0.044994
0.048771
0.046298
0.048125
0.044529
0.046537
0.045244
0.04682
0.047025
0.045933
0.05484
0.051061
0.056161
0.053901
0.061109
0.053972
0.056858
0.055224
0.055016
0.055426
0.058253
0.059965
0.054882
0.053637
0.065656
0.057565
0.056943
0.058816
0.050863
0.056473
0.049736
0.046849
0.050911
0.047153
0.048302
0.048033
0.049094
0.047794
0.046297
0.053242
0.048876
0.047176
0.045474
0.047624
0.048736
0.053476
0.047833
0.048218
0.047774
0.044456
0.053499
0.045961
0.048685
0.048253
0.047484
0.045039
0.049305
0.047292
0.048012
0.045186
0.046717
0.061622
0.054102
0.052864
0.051954
0.053795
0.051526
0.050289
0.049863
0.049609
0.048613
0.050085
0.0513
0.064794
0.056504
0.052359
0.051413
0.049398
0.05093
0.045985
0.047517
0.046166
0.044954
0.047285
0.047777
0.047677
0.048349
0.049356
0.045146
0.051933
0.050256
0.045241
0.045351
0.050412
0.048494
0.048155
0.045445
0.044982
0.054067
0.049186
0.048754
0.046387
0.049913
0.0467
0.054104
0.053722
0.050875
0.049653
0.050444
0.047417
0.050544
0.050273
0.052807
0.052326
0.051521
0.052296
0.053994
0.049982
0.049963
0.048409
0.054186
0.050861
0.051841
0.049981
0.053557
0.049247
0.048693
0.054027
0.052673
0.050963
0.049267
0.04723
0.052943
0.047131
0.047094
0.048433
0.048445
0.049759
0.049594
0.047375
0.047949
0.048152
0.046725
0.046056
0.047888
0.046661
0.044723
0.047114
0.047379
0.046462
0.052819
0.047829
0.047734
0.0471
0.046443
0.045568
0.052401
0.046936
0.048295
0.046074
0.046743
0.045864
0.04647
0.045068
0.046997
0.045676
0.047494
0.04593
0.048521
0.044755
0.045494
0.042803
0.047341
0.043898
0.045352
0.04369
0.04187
0.043324
0.044229
0.041673
0.042431
0.043908
0.043844
0.042735
0.04414
0.043564
0.044063
0.043315
0.043035
0.0472
0.048393
0.04538
0.044896
0.044584
0.044032
0.044914
0.045408
0.042146
0.043736
0.043695
0.047344
0.04804
0.048225
0.045251
0.047037
0.050728
0.050515
0.048931
0.049084
0.048344
0.047018
0.046927
0.048802
0.047766
0.050429
0.048787
0.046177
0.048738
0.054118
0.050334
0.049789
0.048747
0.053801
0.050723
0.053075
0.052473
0.051139
0.053573
0.053135
0.051396
0.052608
0.053133
0.055875
0.055263
0.056333
0.054856
0.054524
0.059297
0.055769
0.054928
0.056521
0.054605
0.054135
0.054668
0.053523
0.055653
0.050352
0.051762
0.052322
0.05254
0.05507
0.051468
0.051596
0.05052
0.050931
0.052212
0.049258
0.047521
0.048813
0.046599
0.049225
0.046304
0.047709
0.044672
0.043161
0.044732
0.046328
0.045649
0.045764
0.04737
0.048674
0.045675
0.057898
0.048584
0.049125
0.049106
0.047491
0.046902
0.047468
0.047722
0.048182
0.046128
0.046533
0.043672
0.04753
0.044893
0.048026
0.045443
0.047617
0.042637
0.044924
0.043065
0.049081
0.043833
0.043915
0.043093
0.043288
0.043308
0.043526
0.045674
0.044832
0.041201
0.043698
0.040909
0.042967
0.047881
0.04318
0.043722
0.04319
0.043625
0.054517
0.048165
0.048297
0.049673
0.049445
0.051057
0.054933
0.061155
0.059286
0.060112
0.059482
0.061294
0.058855
0.056377
0.055347
0.051883
0.052709
0.051566
0.048571
0.051092
0.049531
0.050341
0.046944
0.047958
0.046315
0.045089
0.044606
0.044684
0.045588
0.043288
0.042739
0.043562
0.043235
0.042334
0.044349
0.042487
0.045465
0.042197
0.045197
0.044903
0.051389
0.046007
0.046184
0.045046
0.044817
0.042621
0.050965
0.047797
0.047011
0.045659
0.046097
0.044097
0.045379
0.0485
0.047785
0.049447
0.044899
0.044477
0.053265
0.047101
0.046566
0.045379
0.045405
0.043804
0.042392
0.043764
0.042589
0.04147
0.041399
0.042906
0.044051
0.04203
0.042944
0.046869
0.043216
0.042158
0.041504
0.039136
0.041695
0.040696
0.042366
0.039305
0.038144
0.039022
0.039837
0.039592
0.040397
0.037743
0.044142
0.042695
0.042203
0.040621
0.041194
0.040921
0.04146
0.041597
0.041415
0.041961
0.042579
0.042484
0.043167
0.042166
0.041487
0.042663
0.044446
0.044222
0.042183
0.040948
0.042465
0.042001
0.041939
0.043478
0.043429
0.043428
0.044645
0.04565
0.046561
0.044423
0.051948
0.04792
0.048235
0.04502
0.045213
0.050413
0.045022
0.049176
0.050285
0.047739
0.056182
0.049193
0.04892
0.046511
0.04702
0.046432
0.046118
0.048302
0.048588
0.046453
0.056985
0.05074
0.049085
0.047543
0.046793
0.045545
0.045285
0.043844
0.043484
0.044176
0.045707
0.042455
0.04405
0.040949
0.041221
0.042323
0.041483
0.038403
0.041074
0.038028
0.039615
0.038164
0.040395
0.037139
0.03915
0.038078
0.037367
0.040537
0.04081
0.039001
0.038992
0.039304
0.039098
0.04109
0.042858
0.040327
0.040439
0.039197
0.039747
0.037193
0.038301
0.038215
0.039061
0.037162
0.036786
0.038446
0.041049
0.039115
0.03854
0.037375
0.034886
0.035537
0.035873
0.039165
0.038433
0.039721
0.038444
0.038157
0.036506
0.039718
0.035399
0.03523
0.035317
0.036845
0.03629
0.03786
0.0362
0.035646
0.038681
0.038523
0.036748
0.037548
0.036894
0.036262
0.03668
0.035432
0.035006
0.036243
0.035929
0.035664
0.035794
0.036412
0.036426
0.036998
0.036705
0.036599
0.036918
0.036274
0.038572
0.03625
0.03683
0.036337
0.036152
0.035573
0.035694
0.035871
0.03609
0.034967
0.033611
0.035203
0.035556
0.035383
0.034874
0.034334
0.033944
0.033187
0.032822
0.032504
0.032383
0.033561
0.034494
0.033143
0.034204
0.033624
0.035854
0.035398
0.035256
0.035059
0.034234
0.034117
0.034316
0.034659
0.03479
0.036608
0.038669
0.036711
0.038192
0.036496
0.037686
0.039509
0.037046
0.039793
0.039351
0.038538
0.038202
0.038553
0.039287
0.041593
0.03828
0.038171
0.039284
0.040721
0.041504
0.040668
0.040444
0.039568
0.043448
0.041879
0.041827
0.041985
0.044155
0.039835
0.039825
0.039387
0.043211
0.040546
0.042096
0.03981
0.047475
0.043154
0.042109
0.041152
0.042035
0.043577
0.0453
0.043218
0.049708
0.044196
0.047014
0.044967
0.046455
0.048662
0.050577
0.050686
0.051183
0.056306
0.053909
0.053166
0.054885
0.054193
0.053325
0.052397
0.057468
0.051942
0.052222
0.048503
0.04891
0.048724
0.047724
0.043386
0.04821
0.043133
0.043718
0.042001
0.043244
0.04318
0.04284
0.040777
0.042642
0.043466
0.042914
0.043632
0.050766
0.04374
0.043975
0.042767
0.041531
0.040684
0.040013
0.040361
0.039267
0.041725
0.044713
0.043612
0.044118
0.043389
0.044884
0.050498
0.048474
0.046479
0.045757
0.045239
0.045058
0.04469
0.044693
0.043145
0.042304
0.044125
0.045902
0.047593
0.046011
0.046363
0.049991
0.045508
0.04517
0.044329
0.044311
0.043894
0.046872
0.043334
0.045377
0.040827
0.041697
0.039476
0.041932
0.040281
0.044273
0.038749
0.038344
0.036753
0.038075
0.036975
0.035838
0.035928
0.034509
0.033842
0.032998
0.032569
0.031682
0.030925
0.02977
0.028573
0.03159
