0.028611
0.101454
0.113674
0.117138
0.112521
0.109557
0.111353
0.110962
0.113122
0.115432
0.118012
0.115034
0.11061
0.106727
0.115769
0.114436
0.107824
0.117927
0.11628
0.117999
0.113138
0.115626
0.114855
0.11776
0.114761
0.116953
0.111503
0.115219
0.115768
0.114507
0.107732
0.118098
0.11471
0.115166
0.117109
0.11533
0.112783
0.109776
0.110131
0.113304
0.123296
0.128368
0.128123
0.127045
0.125256
0.121632
0.122148
0.125152
0.125899
0.120052
0.129095
0.126015
0.128628
0.128567
0.12349
0.126653
0.128492
0.127677
0.130765
0.136956
0.130402
0.13819
0.138503
0.139465
0.14084
0.155931
0.143805
0.140871
0.143688
0.14753
0.151364
0.156238
0.152738
0.147088
0.151365
0.152693
0.152209
0.151976
0.144394
0.149254
0.147361
0.151499
0.152083
0.151891
0.160455
0.161631
0.158551
0.164524
0.160951
0.154808
0.160649
0.158953
0.16113
0.165259
0.160485
0.157895
0.163432
0.165149
0.162677
0.157364
0.159321
0.162869
0.157549
0.183568
0.18053
0.179697
0.182975
0.184482
0.175303
0.176273
0.181694
0.175133
0.169607
0.178425
0.172121
0.172638
0.174748
0.176953
0.176783
0.175667
0.173155
0.170267
0.175238
0.172617
0.178337
0.177826
0.179151
0.173047
0.168644
0.172309
0.169293
0.161013
0.170026
0.167977
0.165823
0.155071
0.152918
0.158298
0.151593
0.151715
0.148339
0.154192
0.150804
0.1479
0.152896
0.151639
0.154566
0.150034
0.149933
0.149619
0.141397
0.141225
0.133748
0.130933
0.120974
0.123576
0.117808
0.113318
0.106779
0.104972
0.105425
0.108234
0.099451
0.092458
0.08682
0.088243
0.079556
0.083203
0.077043
0.07773
0.074993
0.076859
0.077353
0.076592
0.077677
0.077166
0.075516
0.075501
0.073132
0.077039
0.074524
0.074966
0.073689
0.073708
0.074635
0.072062
0.071743
0.067671
0.069364
0.071009
0.072839
0.068689
0.070852
0.070059
0.070785
0.066805
0.068458
0.070759
0.074006
0.069907
0.069005
0.068957
0.071198
0.066624
0.069152
0.070967
0.069511
0.071054
0.07238
0.06923
0.073028
0.072413
0.071525
0.070883
0.071626
0.070948
0.068607
0.067976
0.074061
0.075469
0.071254
0.072097
0.071629
0.068398
0.076847
0.074555
0.068742
0.06984
0.067821
0.067939
0.075511
0.070033
0.07555
0.07347
0.073931
0.074421
0.076189
0.075605
0.075059
0.070744
0.075193
0.070382
0.070924
0.075993
0.073514
0.067249
0.072375
0.072137
0.071477
0.073671
0.073642
0.073757
0.074589
0.074221
0.071173
0.073729
0.075078
0.071437
0.075674
0.07421
0.07157
0.076234
0.076124
0.074639
0.072577
0.074371
0.069708
0.073263
0.073698
0.070442
0.072117
0.074071
0.068972
0.071103
0.075333
0.073746
0.073735
0.074152
0.072289
0.072779
0.069206
0.069851
0.072704
0.074829
0.070814
0.070799
0.068715
0.072594
0.06918
0.069115
0.06991
0.071274
0.067478
0.069721
0.06982
0.072128
0.070033
0.07246
0.070951
0.071029
0.071273
0.06929
0.071076
0.068622
0.070534
0.070042
0.068638
0.068871
0.070139
0.067033
0.072585
0.072574
0.073144
0.07178
0.06894
0.069796
0.069714
0.067486
0.067663
0.068028
0.065377
0.067564
0.068337
0.068239
0.068667
0.065152
0.069624
0.066318
0.068133
0.068111
0.07014
0.068685
0.068674
0.064456
0.068864
0.065886
0.066462
0.065611
0.065652
0.067063
0.069989
0.06968
0.068559
0.069457
0.069708
0.062321
0.065902
0.066674
0.065232
0.065409
0.067198
0.068642
0.063561
0.067141
0.066732
0.067463
0.069031
0.06595
0.066544
0.063486
0.067998
0.067982
0.069697
0.07119
0.068429
0.065008
0.065063
0.068955
0.069066
0.066828
0.069186
0.064131
0.066201
0.064031
0.067354
0.066965
0.064858
0.065759
0.066089
0.063606
0.061943
0.061539
0.066339
0.062583
0.064965
0.062504
0.065854
0.061898
0.063276
0.064805
0.062982
0.067688
0.06555
0.065438
0.062801
0.067054
0.061037
0.065321
0.066633
0.063203
0.065076
0.066453
0.065385
0.063671
0.0669
0.066184
0.065423
0.062967
0.064182
0.067679
0.065117
0.065725
0.066371
0.064083
0.066816
0.065181
0.063179
0.064561
0.06519
0.064846
0.064817
0.065178
0.064898
0.064805
0.064949
0.066862
0.066702
0.063632
0.066445
0.066651
0.062819
0.064704
0.068082
0.064892
0.06567
0.065605
0.063554
0.066443
0.067804
0.068292
0.063762
0.066093
0.067693
0.066045
0.06102
0.065428
0.069131
0.066047
0.068517
0.065984
0.065975
0.064823
0.061976
0.065787
0.066245
0.064297
0.067054
0.061418
0.064645
0.064471
0.064623
0.067932
0.06636
0.06534
0.06153
0.06492
0.06588
0.06545
0.066735
0.065331
0.065268
0.06219
0.064366
0.063881
0.065931
0.06318
0.06591
0.063252
0.060061
0.065484
0.061887
0.064947
0.062813
0.067344
0.06698
0.06825
0.064
0.068557
0.064269
0.068403
0.063085
0.06672
0.065324
0.066386
0.066148
0.067599
0.067359
0.067575
0.066097
0.067304
0.063584
0.065011
0.064323
0.066563
0.06667
0.067365
0.064702
0.066368
0.065592
0.062217
0.066229
0.066632
0.065669
0.065519
0.065493
0.068077
0.062176
0.066931
0.062907
0.064912
0.061494
0.0631
0.06613
0.063711
0.066094
0.067244
0.067797
0.063811
0.062769
0.065574
0.067187
0.062958
0.066302
0.066789
0.062552
0.067973
0.063214
0.064696
0.065985
0.068437
0.064059
0.064256
0.063666
0.067226
0.06397
0.068272
0.067035
0.068652
0.062594
0.066284
0.062605
0.062833
0.063497
0.062798
0.066568
0.064991
0.067265
0.062985
0.06525
0.06816
0.068381
0.066385
0.063559
0.067058
0.068146
0.066685
0.065558
0.062211
0.06359
0.064456
0.069307
0.066858
0.06535
0.070493
0.065972
0.06349
0.065388
0.065915
0.066065
0.066212
0.064918
0.066681
0.065213
0.067043
0.064179
0.066961
0.064867
0.060139
0.06371
0.060643
0.060424
0.061485
0.061289
0.067003
0.062156
0.065726
0.063247
0.064897
0.067471
0.065349
0.065486
0.061843
0.06106
0.066463
0.062477
0.066617
0.067817
0.064911
0.064424
0.067862
0.067087
0.065933
0.061331
0.067138
0.063886
0.066376
0.065854
0.065483
0.065446
0.061391
0.065819
0.061855
0.066095
0.067429
0.065527
0.06425
0.064419
0.06226
0.068333
0.067487
0.069242
0.071297
0.068495
0.069339
0.068744
0.07053
0.070637
0.067215
0.070663
0.069261
0.06958
0.069651
0.066457
0.066038
0.069569
0.065488
0.069529
0.068257
0.070817
0.069031
0.067787
0.065414
0.064627
0.068525
0.068928
0.07134
0.070163
0.073234
0.069034
0.069857
0.07072
0.070804
0.069712
0.068961
0.07044
0.070218
0.065145
0.065172
0.063533
0.070322
0.063489
0.069627
0.068236
0.07079
0.065143
0.068651
0.069708
0.064321
0.071036
0.069142
0.068598
0.069457
0.068803
0.071137
0.071646
0.070925
0.071207
0.066265
0.068154
0.069025
0.066536
0.065564
0.06702
0.067529
0.065069
0.063409
0.06575
0.069813
0.069804
0.068655
0.068794
0.06677
0.064951
0.067401
0.069428
0.068044
0.067478
0.067199
0.067022
0.066905
0.067363
0.065261
0.062145
0.067667
0.063933
0.066734
0.066145
0.066069
0.066139
0.06628
0.067631
0.062655
0.065774
0.063316
0.067173
0.066223
0.067474
0.067685
0.067092
0.062375
0.0624
0.066213
0.064796
0.065601
0.06617
0.065118
0.062429
0.064563
0.062269
0.063854
0.064205
0.064344
0.062627
0.064136
0.065485
0.064242
0.066135
0.063516
0.065043
0.066388
0.067529
0.06734
0.066937
0.066786
0.066893
0.067571
0.066236
0.068624
0.067796
0.067983
0.067656
0.068704
0.063278
0.067011
0.069023
0.06864
0.067215
0.067666
0.064986
0.067241
0.066739
0.065807
0.068457
0.068456
0.070632
0.064924
0.069014
0.064596
0.067309
0.069061
0.067731
0.067434
0.067785
0.069459
0.068115
0.069642
0.069086
0.067204
0.064482
0.068409
0.070289
0.066352
0.069858
0.071978
0.069375
0.069099
0.068251
0.066204
0.066994
0.067912
0.066535
0.066815
0.065196
0.067094
0.064446
0.069054
0.066817
0.067972
0.066764
0.065913
0.065848
0.06765
0.068219
0.067462
0.067835
0.067691
0.065578
0.069502
0.069342
0.067468
0.068583
0.069341
0.066798
0.067543
0.068078
0.067965
0.069378
0.063504
0.068525
0.070825
0.068711
0.0665
0.069732
0.067304
0.06557
0.067329
0.069313
0.06545
0.068476
0.068586
0.068866
0.06741
0.067852
0.066518
0.062927
0.069544
0.065997
0.064296
0.066302
0.067684
0.065728
0.062011
0.068279
0.066798
0.067181
0.065553
0.063015
0.068443
0.070408
0.067747
0.064236
0.064647
0.064467
0.069038
0.065547
0.067249
0.067101
0.063858
0.065846
0.065918
0.065398
0.067742
0.067916
0.067382
0.067756
0.065507
0.067085
0.067199
0.068497
0.068061
0.067163
0.067289
0.064844
0.066815
0.069756
0.067994
0.068196
0.069307
0.066327
0.067231
0.067357
0.069499
0.0684
0.068709
0.068351
0.065731
0.068026
0.067256
0.067022
0.067979
0.063636
0.06725
0.062059
0.063732
0.0665
0.063768
0.067345
0.065261
0.066576
0.067452
0.066648
0.066758
0.066359
0.069071
0.065281
0.067348
0.064012
0.062425
0.065959
0.064076
0.065783
0.071159
0.067423
0.064334
0.068297
0.067164
0.063892
0.065824
0.066888
0.063271
0.067695
0.06993
0.064144
0.067648
0.066079
0.062466
0.067479
0.064916
0.06604
0.066782
0.066646
0.069308
0.064304
0.065762
0.064239
0.066933
0.068297
0.067548
0.065221
0.063794
0.063982
0.066813
0.067163
0.06876
0.068367
0.068903
0.069476
0.0693
0.065692
0.065179
0.067823
0.067046
0.06909
0.068124
0.069819
0.067209
0.06993
0.065852
0.065688
0.06701
0.067934
0.067715
0.068462
0.069846
0.068664
0.063914
0.067545
0.063754
0.06813
0.066105
0.068528
0.067775
0.066812
0.065671
0.06516
0.069142
0.068959
0.065412
0.068903
0.068835
0.068135
0.064111
0.067276
0.064392
0.064279
0.065268
0.065086
0.062736
0.062899
0.065124
0.066709
0.065364
0.06789
0.064735
0.0651
0.064371
0.064439
0.068912
0.06676
0.067969
0.064904
0.068114
0.065972
0.073956
0.066484
0.066344
0.063465
0.066724
0.066615
0.066295
0.068654
0.063787
0.065195
0.068204
0.063764
0.067069
0.060063
0.063786
0.063475
0.06432
0.06702
0.066952
0.066236
0.06595
0.066582
0.06679
0.067906
0.066114
0.068337
0.06866
0.067426
0.061168
0.065692
0.064829
0.066576
0.065181
0.066663
0.064589
0.06517
0.064956
0.065134
0.066699
0.068773
0.064424
0.066329
0.068512
0.068496
0.068101
0.069032
0.06873
0.064995
0.06567
0.066551
0.06404
0.063767
0.065832
0.063603
0.068644
0.066605
0.062803
0.065795
0.066124
0.067021
0.064856
0.062425
0.06421
0.066708
0.065417
0.067797
0.06703
0.066592
0.066931
0.066497
0.064799
0.06825
0.066479
0.067435
0.063368
0.066319
0.068358
0.063197
0.065229
0.068317
0.066477
0.067123
0.064676
0.065961
0.067052
0.06589
0.064486
0.065372
0.066398
0.063557
0.063775
0.068602
0.064479
0.065073
0.064434
0.066705
0.065981
0.067145
0.061523
0.066694
0.06628
0.066165
0.063995
0.06652
0.066002
0.065864
0.066666
0.065014
0.065309
0.065723
0.062671
0.066411
0.067397
0.066468
0.065725
0.067802
0.066538
0.069176
0.067702
0.06641
0.067743
0.065498
0.06492
0.061966
0.065944
0.063961
0.06501
0.065142
0.062549
0.065127
0.064474
0.061563
0.067412
0.067187
0.0663
0.067502
0.066697
0.067537
0.065265
0.068552
0.068217
0.067945
0.066044
0.067019
0.067545
0.06696
0.066974
0.0653
0.066283
0.065811
0.065546
0.060068
0.063373
0.062717
0.063156
0.062281
0.062847
0.066025
0.062923
0.064078
0.06455
0.068061
0.062723
0.064933
0.064925
0.067361
0.066648
0.064928
0.066881
0.065716
0.065354
0.069599
0.06243
0.066787
0.067308
0.065706
0.069503
0.064279
0.064455
0.069336
0.06671
0.065318
0.067625
0.06833
0.067627
0.069459
0.068908
0.065007
0.066057
0.0695
0.068178
0.064419
0.068353
0.064504
0.064797
0.067009
0.070294
0.067118
0.064171
0.066573
0.064648
0.067494
0.067454
0.06497
0.067281
0.067435
0.066514
0.066259
0.061492
0.066698
0.065764
0.066249
0.064758
0.065709
0.065631
0.064844
0.06221
0.065129
0.065424
0.066104
0.065147
0.065879
0.064365
0.063811
0.061327
0.063734
0.06042
0.060013
0.064496
0.062468
0.06022
0.062926
0.065088
0.059378
0.058445
0.060803
0.062998
0.059094
0.061515
0.060604
0.061061
0.065958
0.069287
0.064658
0.067212
0.066999
0.066233
0.068355
0.06663
0.066113
0.0631
0.062938
0.066963
0.067101
0.065913
0.066636
0.061019
0.066527
0.062473
0.065636
0.063576
0.061113
0.064723
0.0665
0.068178
0.06716
0.065105
0.06831
0.065882
0.066381
0.064395
0.066107
0.063833
0.064638
0.062272
0.061938
0.063664
0.06185
0.061445
0.061634
0.060944
0.061971
0.065042
0.063112
0.061574
0.064119
0.058292
0.064268
0.060215
0.062726
0.062617
0.062487
0.0641
0.062781
0.059104
0.062241
0.061581
0.061001
0.061817
0.060651
0.059053
0.06095
0.062017
0.061925
0.063007
0.063144
0.063981
0.059802
0.062515
0.061896
0.058138
0.06405
0.062555
0.063992
0.058537
0.058714
0.058382
0.068876
0.061674
0.064471
0.065395
0.066058
0.06535
0.064302
0.064006
0.068566
0.061866
0.064634
0.065251
0.066541
0.063203
0.064982
0.067632
0.064092
0.065548
0.06319
0.06302
0.064399
0.059049
0.065511
0.063869
0.062718
0.0662
0.064428
0.061676
0.059194
0.063181
0.066909
0.067481
0.066514
0.063742
0.062942
0.060057
0.059194
0.062541
0.05954
0.062734
0.061921
0.063
0.062973
0.05816
0.062913
0.060485
0.060658
0.05997
0.061827
0.059952
0.06248
0.05945
0.064248
0.062795
0.065215
0.063025
0.06295
0.063797
0.063846
0.062869
0.062495
0.059559
0.060255
0.06437
0.064517
0.064986
0.060874
0.064025
0.058576
0.062727
0.05923
0.063094
0.062067
0.060533
0.06153
0.061134
0.061654
0.063081
0.064955
0.060466
0.064221
0.060919
0.063537
0.061927
0.06198
0.065919
0.063078
0.063573
0.065612
0.062868
0.060289
0.05997
0.065138
0.063925
0.065232
0.06055
0.059924
0.061207
0.060884
0.063793
0.064231
0.063107
0.063362
0.061957
0.059429
0.060829
0.063062
0.063664
0.061099
0.06432
0.059853
0.06061
0.063791
0.060287
0.060174
0.064123
0.064312
0.060732
0.061616
0.058544
0.063479
0.063228
0.062143
0.061456
0.063558
0.063122
0.063422
0.059106
0.059481
0.063557
0.064115
0.061386
0.059717
0.064347
0.063962
0.06445
0.063225
0.062698
0.06319
0.065447
0.061945
0.062863
0.061471
0.064831
0.061507
0.064366
0.064872
0.063013
0.063712
0.062165
0.060627
0.064294
0.063952
0.064517
0.062777
0.064439
0.061352
0.062838
0.063364
0.065144
0.065282
0.062789
0.063085
0.06327
0.060563
0.064666
0.060919
0.063938
0.061158
0.062967
0.064994
0.062617
0.059871
0.058808
0.065112
0.063656
0.064576
0.064022
0.062696
0.064776
0.064374
0.064927
0.067229
0.067012
0.064802
0.066562
0.063144
0.065574
0.061511
0.065697
0.063783
0.062691
0.064008
0.067103
0.062751
0.058584
0.059375
0.063919
0.058193
0.059147
0.063704
0.063227
0.061902
0.059243
0.0625
0.058992
0.064914
0.059649
0.060414
0.059673
0.05932
0.063518
0.0652
0.065047
0.062077
0.059358
0.064205
0.062715
0.057896
0.059889
0.060132
0.063057
0.061913
0.061398
0.065248
0.060256
0.064001
0.063289
0.059117
0.06114
0.063567
0.059202
0.062568
0.065016
0.065236
0.061175
0.064208
0.064371
0.064175
0.060117
0.064981
0.065812
0.067627
0.062419
0.062706
0.060934
0.061582
0.061396
0.061663
0.064922
0.057604
0.061275
0.060382
0.063427
0.059888
0.063043
0.061888
0.064396
0.063617
0.062035
0.065582
0.061258
0.061073
0.059248
0.06301
0.065534
0.062178
0.06372
0.064883
0.063454
0.060406
0.06399
0.062851
0.060507
0.065861
0.064455
0.063204
0.060976
0.065553
0.06319
0.064716
0.063855
0.065086
0.064558
0.063206
0.062643
0.065679
0.060276
0.061393
0.062729
0.062628
0.063646
0.06172
0.062517
0.062134
0.062192
0.062895
0.0634
0.061618
0.061073
0.059951
0.065084
0.066652
0.065038
0.061762
0.064886
0.065263
0.06256
0.065318
0.06072
0.06517
0.060847
0.064296
0.064612
0.062489
0.06308
0.062904
0.06122
0.059286
0.06412
0.065856
0.065364
0.063312
0.062802
0.061999
0.065465
0.065423
0.065852
0.065257
0.060362
0.060448
0.062599
0.063573
0.06566
0.064644
0.064646
0.064634
0.065241
0.063372
0.064256
0.065217
0.066223
0.063831
0.063333
0.059961
0.065776
0.062605
0.061841
0.061823
0.062246
0.068901
0.060191
0.061587
0.063627
0.062883
0.06424
0.058846
0.064046
0.065278
0.064423
0.058004
0.062182
0.064603
0.06012
0.062122
0.061226
0.061325
0.059553
0.061766
0.065021
0.059081
0.065318
0.064708
0.061958
0.059061
0.062208
0.063119
0.064566
0.066196
0.061853
0.063837
0.063656
0.057602
0.062078
0.062672
0.063415
0.066041
0.063788
0.068837
0.062856
0.066824
0.066474
0.067016
0.065355
0.061675
0.068794
0.06691
0.066281
0.064382
0.063878
0.062894
0.065108
0.064691
0.065684
0.063945
0.066386
0.06432
0.065168
0.064441
0.068472
0.068445
0.059053
0.065679
0.061021
0.06536
0.064964
0.06659
0.06188
0.061011
0.063399
0.063684
0.064144
0.06427
0.063316
0.065387
0.063841
0.057441
0.063433
0.061818
0.065148
0.063558
0.061494
0.064222
0.064077
0.064595
0.06379
0.062472
0.062788
0.059093
0.060153
0.06374
0.06111
0.062327
0.064525
0.062074
0.056536
0.060766
0.062418
0.063787
0.066632
0.067489
0.063834
0.06664
0.065926
0.065135
0.064156
0.064916
0.067717
0.062899
0.066181
0.065599
0.067162
0.064127
0.066103
0.064644
0.065026
0.064566
0.065454
0.068057
0.06912
0.067221
0.065356
0.067586
0.066931
0.068174
0.06778
0.067256
0.06637
0.069294
0.071199
0.070097
0.071622
0.071274
0.070528
0.072554
0.071631
0.071656
0.071573
0.072869
0.078094
0.079348
0.075184
0.07666
0.077811
0.077517
0.077475
0.078851
0.082954
0.083807
0.083142
0.084193
0.089114
0.085717
0.086086
0.087275
0.084071
0.08745
0.089826
0.086662
0.086561
0.086336
0.086682
0.086363
0.089586
0.090075
0.096674
0.099544
0.098272
0.0964
0.097611
0.099859
0.097838
0.09868
0.096862
0.098833
0.100178
0.097142
0.100481
0.099336
0.099882
0.096849
0.094648
0.101451
0.100068
0.103523
0.099656
0.110708
0.110062
0.1098
0.10692
0.113059
0.105502
0.10532
0.11284
0.108518
0.110348
0.111493
0.113473
0.113191
0.112151
0.1117
0.111692
0.111134
0.111679
0.113953
0.112279
0.112636
0.10964
0.111007
0.114098
0.104765
0.105092
0.110336
0.104768
0.113887
0.120641
0.118935
0.122603
0.115249
0.118788
0.120687
0.120368
0.117696
0.117656
0.122976
0.122379
0.116406
0.120809
0.116606
0.118442
0.121214
0.121114
0.117107
0.117854
0.122448
0.118939
0.116637
0.121309
0.119208
0.121575
0.115519
0.11882
0.12103
0.115243
0.112819
0.118637
0.117912
0.120862
0.11624
0.109098
0.118198
0.118982
0.122668
0.121712
0.118654
0.117261
0.122773
0.122905
0.123541
0.119975
0.116716
0.123536
0.123587
0.1189
0.118614
0.123242
0.11751
0.116163
0.120629
0.11445
0.120377
0.117289
0.115202
0.11986
0.119428
0.118965
0.118956
0.120262
0.119727
0.118011
0.120068
0.119731
0.120561
0.117843
0.119027
0.113536
0.117642
0.118296
0.119611
0.117739
0.112994
0.110614
0.111769
0.115297
0.119187
0.11911
0.118813
0.121702
0.12339
0.121728
0.119986
0.124198
0.119339
0.121551
0.118866
0.116636
0.121768
0.121644
0.115801
0.121819
0.116865
0.122295
0.115779
0.122882
0.119649
0.114842
0.115073
0.113125
0.116899
0.111634
0.114765
0.124466
0.118668
0.121282
0.121552
0.120123
0.117912
0.124074
0.123061
0.118936
0.118881
0.123772
0.123396
0.122814
0.12036
0.117977
0.119304
0.119094
0.120604
0.116967
0.113985
0.113679
0.118225
0.119099
0.117473
0.122008
0.121177
0.122165
0.121379
0.122322
0.113053
0.119638
0.121048
0.115286
0.118682
0.119585
0.114488
0.119096
0.118999
0.11962
0.112438
0.119954
0.117351
0.121849
0.113408
0.123622
0.118716
0.122268
0.120013
0.119423
0.123984
0.117799
0.120874
0.120936
0.123492
0.120434
0.118753
0.1148
0.120792
0.119034
0.118054
0.11844
0.112891
0.112381
0.117417
0.11559
0.115696
0.113744
0.115418
0.116427
0.11583
0.116366
0.115501
0.121091
0.110374
0.112803
0.113808
0.11288
0.115089
0.115503
0.116677
0.114851
0.1101
0.113742
0.114744
0.118552
0.111944
0.111275
0.108405
0.113754
0.113712
0.112764
0.109411
0.114338
0.118075
0.116549
0.116831
0.116136
0.111448
0.11751
0.118441
0.121674
0.11042
0.11414
0.11187
0.114159
0.106971
0.113434
0.110276
0.108971
0.113702
0.115865
0.112231
0.107822
0.11297
0.11496
0.115566
0.11803
0.110264
0.117424
0.115612
0.11382
0.111366
0.117298
0.111944
0.113253
0.112545
0.114505
0.114269
0.113202
0.108581
0.109791
0.114889
0.117264
0.114894
0.113633
0.113174
0.114585
0.118124
0.119385
0.117921
0.113137
0.115145
0.11818
0.118844
0.115633
0.115089
0.118629
0.112726
0.122225
0.112082
0.116666
0.117389
0.116984
0.1176
0.107519
0.114732
0.115218
0.114908
0.117686
0.117907
0.119686
0.119993
0.11974
0.122084
0.113777
0.118865
0.117831
0.115476
0.121549
0.116164
0.118463
0.112929
0.119328
0.118942
0.117096
0.11524
0.112306
0.111641
0.120516
0.121758
0.111127
0.114968
0.125051
0.119964
0.118906
0.113075
0.114857
0.117754
0.1166
0.11994
0.120898
0.119014
0.116452
0.113335
0.121591
0.11997
0.116543
0.117143
0.118267
0.12647
0.122751
0.112987
0.121228
0.123275
0.125644
0.115601
0.124149
0.119955
0.114114
0.113073
0.112332
0.11601
0.118101
0.114525
0.113179
0.117929
0.117611
0.114607
0.116091
0.112002
0.117242
0.109066
0.111532
0.116283
0.119766
0.120284
0.111109
0.112728
0.117009
0.115627
0.113421
0.110469
0.115484
0.116619
0.116022
0.11353
0.117195
0.115956
0.113119
0.114522
0.115449
0.110193
0.116974
0.11328
0.116102
0.118751
0.121194
0.112509
0.112649
0.113215
0.110253
0.110173
0.113225
0.109607
0.111862
0.110398
0.112764
0.114401
0.108029
0.115202
0.111389
0.115686
0.115436
0.114973
0.117106
0.118402
0.122605
0.124123
0.113198
0.120842
0.111882
0.117556
0.116807
0.113863
0.11354
0.118416
0.12058
0.120212
0.120099
0.1203
0.116804
0.117856
0.117189
0.115132
0.112824
0.111834
0.115204
0.114066
0.11155
0.118932
0.118768
0.116989
0.119185
0.113954
0.112619
0.117056
0.115321
0.118505
0.117716
0.11475
0.11569
0.11587
0.116814
0.110102
0.117457
0.107234
0.117663
0.115602
0.117444
0.114265
0.109391
0.113869
0.112799
0.11189
0.112484
0.11031
0.109903
0.116599
0.114551
0.106951
0.109818
0.114774
0.113945
0.116627
0.116299
0.114754
0.112699
0.109889
0.109445
0.110371
0.105884
0.112585
0.106725
0.111647
0.111586
0.118673
0.120217
0.115327
0.117266
0.115015
0.118758
0.12177
0.114124
0.121783
0.122265
0.120302
0.118825
0.120236
0.120019
0.12032
0.119894
0.118126
0.121006
0.11561
0.117831
0.120982
0.114146
0.117062
0.116185
0.120159
0.12003
0.121408
0.118844
0.118636
0.119522
0.119889
0.114729
0.116129
0.114597
0.118837
0.122748
0.116528
0.113657
0.115822
0.118582
0.117774
0.115199
0.117257
0.118569
0.116689
0.122271
0.116794
0.120439
0.119237
0.119652
0.123627
0.117125
0.115659
0.118572
0.117246
0.113679
0.1209
0.117996
0.116322
0.118396
0.12087
0.119704
0.113058
0.114445
0.117626
0.112605
0.119558
0.118127
0.11757
0.117591
0.112767
0.119428
0.114114
0.112493
0.117102
0.115477
0.12057
0.117642
0.116045
0.116064
0.119842
0.118903
0.111692
0.116766
0.118815
0.121649
0.117535
0.116912
0.121621
0.116211
0.113913
0.114426
0.110623
0.119989
0.115818
0.115826
0.118465
0.117616
0.118866
0.120795
0.118246
0.116436
0.118604
0.108586
0.116371
0.11646
0.117701
0.116833
0.109855
0.110444
0.111867
0.116837
0.110666
0.113016
0.12507
0.118263
0.116728
0.116369
0.113298
0.116324
0.111098
0.113825
0.116278
0.115821
0.11705
0.115446
0.109289
0.10727
0.112344
0.115466
0.108256
0.110262
0.110747
0.103558
0.108986
0.109427
0.113843
0.112654
0.111009
0.110487
0.112198
0.111507
0.113998
0.114574
0.117306
0.116083
0.123866
0.122006
0.124989
0.124509
0.118793
0.133417
0.126134
0.128777
0.121599
0.122915
0.123983
0.129189
0.128376
0.129524
0.118759
0.114378
0.124174
0.117021
0.120322
0.111834
0.117585
0.116986
0.120948
0.121376
0.119419
0.116004
0.11862
0.114621
0.116069
0.112035
0.117821
0.113473
0.117218
0.121485
0.115208
0.111932
0.115185
0.11465
0.110114
0.112983
0.11098
0.113607
0.113752
0.105785
0.113446
0.112971
0.112909
0.111847
0.112701
0.114535
0.117031
0.119921
0.117001
0.121811
0.120714
0.117244
0.117859
0.121849
0.114235
0.118659
0.115296
0.112613
0.114884
0.111613
0.112734
0.114222
0.117094
0.116405
0.11785
0.113211
0.118198
0.122698
0.122492
0.123243
0.126277
0.123866
0.120111
0.121339
0.126876
0.118887
0.12236
0.12188
0.120182
0.129639
0.12847
0.129297
0.127682
0.131541
