0.024895
0.076252
0.085221
0.08333
0.087845
0.085221
0.085105
0.087567
0.087854
0.083841
0.092493
0.093259
0.095941
0.092876
0.091031
0.093533
0.084427
0.090699
0.095218
0.093454
0.087674
0.090534
0.091333
0.094939
0.092575
0.092921
0.089488
0.097025
0.093483
0.090352
0.091459
0.094246
0.092331
0.090321
0.094611
0.093711
0.092517
0.092432
0.100704
0.103323
0.100416
0.100902
0.102485
0.098997
0.098588
0.101855
0.104692
0.107248
0.103876
0.109692
0.1042
0.106193
0.10708
0.105785
0.107841
0.112422
0.110316
0.116422
0.117671
0.116793
0.116847
0.115079
0.111742
0.113531
0.109168
0.115142
0.116833
0.119775
0.11941
0.12962
0.126151
0.125866
0.119607
0.123469
0.123241
0.125682
0.120171
0.122465
0.126228
0.124254
0.121142
0.121847
0.118838
0.119249
0.119336
0.120487
0.12484
0.125174
0.122372
0.120005
0.118917
0.11872
0.12024
0.120092
0.121242
0.119023
0.114772
0.116816
0.117447
0.117124
0.120067
0.117346
0.117142
0.121948
0.124553
0.120751
0.122582
0.122549
0.117952
0.117341
0.121526
0.117323
0.120172
0.124185
0.117453
0.115309
0.115662
0.115308
0.113669
0.114519
0.119883
0.115163
0.119934
0.116506
0.111689
0.116725
0.109987
0.11367
0.109101
0.105087
0.106807
0.100093
0.101376
0.100146
0.1013
0.099573
0.10407
0.111692
0.107374
0.102812
0.106661
0.104471
0.108846
0.100671
0.107429
0.108159
0.112303
0.110924
0.111072
0.11537
0.111689
0.109793
0.105317
0.116678
0.109991
0.106818
0.110024
0.114169
0.109325
0.105759
0.105864
0.106521
0.106124
0.102869
0.102147
0.104129
0.101978
0.10032
0.104145
0.102208
0.100477
0.10088
0.101324
0.098691
0.099106
0.095914
0.093208
0.101665
0.095516
0.095734
0.091948
0.100956
0.098339
0.099469
0.093139
0.095862
0.095352
0.10173
0.101907
0.09917
0.096274
0.097957
0.110819
0.100482
0.098435
0.09921
0.094985
0.106507
0.100757
0.103208
0.098231
0.094606
0.106297
0.096758
0.093581
0.095057
0.091678
0.100523
0.091144
0.090766
0.10037
0.092041
0.103334
0.108279
0.110215
0.109094
0.112326
0.10791
0.109647
0.114621
0.119536
0.119775
0.110342
0.109224
0.114771
0.110812
0.107622
0.110632
0.110967
0.105169
0.112531
0.107623
0.104342
0.101227
0.099887
0.105046
0.10416
0.099962
0.098552
0.101501
0.108276
0.103624
0.100553
0.104821
0.105191
0.103563
0.096935
0.120912
0.109694
0.107545
0.108168
0.107913
0.104125
0.102119
0.106372
0.108566
0.104455
0.106629
0.105991
0.109709
0.10776
0.101326
0.101553
0.095652
0.103908
0.105447
0.105945
0.102132
0.10941
0.106188
0.100444
0.102601
0.099756
0.104127
0.096919
0.100004
0.104894
0.102566
0.103924
0.105527
0.107025
0.124248
0.116595
0.113999
0.115112
0.11588
0.122609
0.118937
0.117855
0.117418
0.113723
0.108933
0.114535
0.12203
0.107923
0.11395
0.111107
0.136731
0.124175
0.124915
0.125896
0.113509
0.118635
0.119377
0.116557
0.114873
0.109969
0.11682
0.118306
0.116733
0.113761
0.114933
0.14047
0.126232
0.125373
0.124751
0.118477
0.123206
0.123651
0.118887
0.117256
0.119062
0.123867
0.123874
0.123598
0.1204
0.117161
0.132342
0.116726
0.114612
0.11887
0.117855
0.11671
0.117074
0.116092
0.12202
0.121118
0.111975
0.110683
0.11363
0.115182
0.112588
0.106436
0.107056
0.109614
0.10942
0.110929
0.105798
0.126586
0.114687
0.111926
0.114323
0.114093
0.11062
0.111285
0.106407
0.108135
0.109745
0.113648
0.107737
0.107603
0.11095
0.113754
0.110678
0.117369
0.112196
0.109773
0.109579
0.106623
0.108211
0.110923
0.105055
0.108363
0.102588
0.103755
0.105287
0.111013
0.104629
0.109062
0.106474
0.104474
0.111381
0.107821
0.103126
0.124147
0.110734
0.1076
0.12017
0.115153
0.102246
0.109889
0.103441
0.111442
0.102708
0.110857
0.107423
0.111876
0.113598
0.110738
0.114414
0.113134
0.107939
0.108037
0.104706
0.117357
0.109389
0.113317
0.10839
0.129905
0.119946
0.118689
0.117772
0.124926
0.120292
0.118196
0.119602
0.129634
0.118635
0.119021
0.117519
0.137086
0.125119
0.120315
0.125404
0.126267
0.122166
0.125086
0.12629
0.122601
0.123699
0.11898
0.120118
0.122782
0.125168
0.131212
0.123093
0.121523
0.112121
0.113259
0.109533
0.125428
0.111742
0.111878
0.106443
0.100755
0.105761
0.108607
0.108913
0.103194
0.102935
0.102082
0.103484
0.105836
0.116489
0.10993
0.104052
0.103446
0.100804
0.102284
0.105524
0.103169
0.104867
0.106659
0.102734
0.104432
0.104175
0.106306
0.107477
0.116396
0.109589
0.104221
0.109518
0.113201
0.119627
0.116726
0.112741
0.107927
0.108817
0.107497
0.114677
0.111927
0.116515
0.111669
0.124437
0.118674
0.113776
0.116898
0.117115
0.105776
0.111607
0.10614
0.108353
0.106209
0.105531
0.103532
0.129095
0.115866
0.108099
0.107431
0.105065
0.099733
0.100233
0.101096
0.098286
0.097657
0.098048
0.100161
0.114888
0.101177
0.096829
0.090555
0.085931
0.084571
0.087624
0.088617
0.085856
0.082147
0.083033
0.08211
0.100351
0.091632
0.089256
0.084901
0.085558
0.090049
0.084686
0.088323
0.090718
0.097784
0.095539
0.090894
0.087528
0.085592
0.083083
0.081281
0.085799
0.08449
0.079361
0.084047
0.083812
0.094055
0.081308
0.087263
0.085058
0.091484
0.093339
0.08744
0.088057
0.083703
0.081314
0.088886
0.083854
0.090049
0.085117
0.083531
0.08312
0.087953
0.089759
0.10937
0.097276
0.093496
0.093055
0.095216
0.093608
0.092103
0.088916
0.092631
0.095602
0.089701
0.08951
0.095274
0.092635
0.11039
0.103673
0.09725
0.092827
0.095418
0.092884
0.102191
0.102123
0.094726
0.09709
0.099435
0.098572
0.101419
0.114449
0.10456
0.100478
0.098597
0.101197
0.09277
0.09465
0.096905
0.099021
0.096182
0.095733
0.107234
0.124969
0.110872
0.105748
0.100979
0.096208
0.103452
0.093803
0.101161
0.095457
0.099048
0.099802
0.093744
0.109999
0.101165
0.100123
0.101053
0.104068
0.100151
0.100646
0.102085
0.10542
0.106295
0.107656
0.124182
0.115602
0.112603
0.114111
0.111014
0.108948
0.108222
0.108741
0.110149
0.12444
0.121364
0.115478
0.112082
0.116354
0.117547
0.116039
0.115013
0.111324
0.110092
0.116885
0.111478
0.12172
0.126508
0.11721
0.111874
0.109507
0.104843
0.114716
0.105983
0.115751
0.116669
0.114542
0.110321
0.109619
0.114654
0.109567
0.107737
0.111758
0.113353
0.122788
0.115791
0.110591
0.110846
0.109113
0.104732
0.102012
0.111212
0.108604
0.122672
0.113435
0.108912
0.113281
0.113348
0.115906
0.114568
0.109986
0.116933
0.115408
0.126907
0.118668
0.121431
0.116992
0.110032
0.111119
0.116384
0.115872
0.116249
0.1182
0.119325
0.134345
0.129655
0.121912
0.118264
0.120082
0.118829
0.119289
0.11764
0.126186
0.127553
0.123766
0.120793
0.146729
0.124152
0.12673
0.131626
0.128937
0.118549
0.124563
0.127119
0.124062
0.123692
0.120108
0.145591
0.139342
0.131663
0.131271
0.125529
0.131253
0.128266
0.12784
0.126586
0.125286
0.130788
0.130886
0.154068
0.14317
0.13662
0.137823
0.135059
0.129664
0.126724
0.129473
0.130018
0.126199
0.125155
0.126153
0.123381
0.138751
0.125839
0.123655
0.11921
0.121079
0.118209
0.120121
0.120971
0.121082
0.127905
0.124304
0.127457
0.146915
0.132509
0.125035
0.13003
0.126314
0.121376
0.116419
0.122034
0.118434
0.124102
0.126772
0.124505
0.127204
0.119573
0.142018
0.133637
0.13299
0.125775
0.127815
0.125415
0.125964
0.128203
0.126487
0.126671
0.131098
0.122883
0.122931
0.156246
0.138391
0.138698
0.132023
0.128143
0.132877
0.13042
0.125843
0.125863
0.121411
0.12121
0.121804
0.124035
0.122125
0.118216
0.119605
0.119554
0.115274
0.129996
0.118906
0.111646
0.111087
0.111376
0.109975
0.107165
0.112751
0.102905
0.105872
0.107409
0.099833
0.101618
0.094253
0.09609
0.10177
0.09273
0.093687
0.091858
0.103418
0.089497
0.090126
0.084837
0.099113
0.086263
0.086785
0.08397
0.080471
0.083511
0.084916
0.0876
0.088641
0.088558
0.087304
0.101148
0.100345
0.102105
0.099274
0.100581
0.097851
0.10049
0.095732
0.097437
0.099953
0.0978
0.091128
0.099742
0.095167
0.10178
0.114399
0.109923
0.104357
0.107045
0.099752
0.097853
0.097714
0.101376
0.101329
0.105131
0.100975
0.10268
0.107207
0.110381
0.108304
0.106402
0.103629
0.115079
0.109323
0.108079
0.105939
0.104829
0.105614
0.109944
0.105481
0.108867
0.108865
0.1075
0.107923
0.130956
0.12231
0.12336
0.121388
0.11741
0.113748
0.115819
0.11363
0.121552
0.12022
0.117795
0.141433
0.130788
0.127164
0.123769
0.123482
0.119321
0.120065
0.117393
0.118373
0.121301
0.118565
0.112481
0.117544
0.127539
0.119087
0.120552
0.116618
0.113701
0.133888
0.121852
0.12272
0.121956
0.119773
0.130455
0.125189
0.123271
0.123799
0.119678
0.13221
0.127209
0.129112
0.128403
0.128422
0.125772
0.142036
0.133898
0.129773
0.129241
0.143606
0.133875
0.136788
0.129726
0.134748
0.13125
0.129349
0.140138
0.142477
0.131845
0.133698
0.132895
0.152881
0.138691
0.136714
0.140842
0.139894
0.138109
0.149202
0.144851
0.139771
0.137074
0.139063
0.133999
0.149073
0.140928
0.141256
0.139178
0.137838
0.137431
0.137096
0.144408
0.13703
0.134914
0.156845
0.138323
0.132432
0.130058
0.132598
0.132418
0.124753
0.128276
0.136099
0.132829
0.131881
0.125925
0.137021
0.137349
0.13276
0.1558
0.133964
0.132547
0.123861
0.124965
0.118232
0.12858
0.116616
0.109703
0.114024
0.107504
0.105714
0.106597
0.109521
0.104195
0.109738
0.09813
0.094052
0.113316
0.097221
0.097531
0.093408
0.091211
0.08937
0.089171
0.08779
0.085099
0.089738
0.083324
0.080739
0.085603
0.082045
0.087218
0.079845
0.078958
0.075248
0.075239
0.076083
0.066583
0.065907
0.067821
0.066291
0.065904
0.058875
0.061915
0.059515
0.072675
0.067451
0.063133
0.062344
0.060771
0.060872
0.057384
0.058281
0.06084
0.060319
0.061011
0.059971
0.067078
0.066442
0.061077
0.05931
0.05992
0.059466
0.060098
0.059756
0.057992
0.055775
0.066375
0.062042
0.059359
0.061633
0.058392
0.064391
0.060201
0.062323
0.059354
0.067393
0.065728
0.0605
0.063779
0.0602
0.065231
0.071376
0.070509
0.06988
0.082202
0.072297
0.072833
0.077059
0.0784
0.076803
0.081295
0.077287
0.074584
0.078815
0.073405
0.081013
0.081087
0.078403
0.078326
0.080026
0.080576
0.079159
0.077422
0.07706
0.081992
0.080343
0.077879
0.074027
0.076168
0.076016
0.073438
0.072358
0.080397
0.080295
0.080114
0.080702
0.081736
0.089248
0.089026
0.089458
0.092908
0.095341
0.101622
0.102314
0.100574
0.100382
0.108898
0.107744
0.111343
0.107719
0.11036
0.117205
0.115884
0.122783
0.119483
0.117548
0.117998
0.116384
0.123463
0.132857
0.139812
0.13908
0.1347
0.133644
0.139614
0.140297
0.149667
0.152054
0.143988
0.140504
0.13712
0.139855
0.14482
0.140673
0.139483
0.137111
0.154321
0.146422
0.13896
0.139763
0.138307
0.130496
0.129816
0.127598
0.129089
0.126154
0.12564
0.155024
0.139341
0.136423
0.132127
0.125996
0.128172
0.122563
0.122944
0.121499
0.125251
0.126218
0.14168
0.129799
0.134278
0.125174
0.117332
0.11814
0.114452
0.115164
0.110057
0.110567
0.111615
0.10522
0.126128
0.116275
0.111741
0.108338
0.113269
0.105755
0.109169
0.106322
0.110495
0.111883
0.107441
0.113596
0.106016
0.105864
0.140998
0.114227
0.110352
0.108876
0.103148
0.105872
0.103756
0.1002
0.105678
0.103569
0.099474
0.112751
0.107032
0.104769
0.106197
0.118256
0.114117
0.11081
0.111058
0.108095
0.105824
0.110361
0.104044
0.10085
0.099171
0.105448
0.098507
0.098852
0.10224
0.127356
0.114474
0.109879
0.103283
0.102764
0.099946
0.105867
0.103905
0.099181
0.102329
0.10215
0.114287
0.110841
0.114725
0.107098
0.106728
0.104602
0.101423
0.101747
0.098218
0.104668
0.107088
0.122552
0.112324
0.111646
0.109451
0.108213
0.108703
0.110373
0.112634
0.110954
0.117182
0.113907
0.111417
0.111435
0.107405
0.110158
0.106595
0.110381
0.108984
0.106234
0.101559
0.10729
0.102492
0.116491
0.103291
0.104884
0.096106
0.094794
0.110562
0.09707
0.09554
0.095028
0.095791
0.09753
0.098905
0.096327
0.101401
0.095126
0.091003
0.091681
0.091624
0.105186
0.09392
0.090648
0.089643
0.089511
0.09764
0.09425
0.090422
0.087293
0.085191
0.084952
0.085105
0.091076
0.085123
0.083552
0.081451
0.094322
0.084218
0.083044
0.079249
0.074965
0.082303
0.078107
0.07486
0.07474
0.075899
0.074142
0.073307
0.080155
0.076498
0.075543
0.086932
0.079825
0.078112
0.076142
0.075652
0.071694
0.076367
0.074103
0.072099
0.07123
0.072361
0.085056
0.076175
0.071541
0.066262
0.0677
0.066907
0.065113
0.070261
0.070454
0.064453
0.066337
0.066408
0.068117
0.06487
0.069676
0.066612
0.064033
0.063118
0.061499
0.060398
0.068879
0.066433
0.066915
0.07271
0.067015
0.065733
0.068818
0.063706
0.070085
0.066504
0.068609
0.0663
0.075062
0.067296
0.067133
0.06943
0.067724
0.069075
0.072273
0.071835
0.069749
0.078232
0.073523
0.070743
0.071987
0.071446
0.074382
0.071905
0.073707
0.068271
0.074257
0.072598
0.077885
0.073778
0.072176
0.075279
0.075096
0.074956
0.072584
0.069991
0.070009
0.070991
0.074328
0.073452
0.077924
0.092907
0.084657
0.08128
0.084378
0.084113
0.078192
0.076906
0.078317
0.075794
0.081927
0.076077
0.080748
0.079792
0.094875
0.085508
0.087089
0.084911
0.086432
0.085574
0.08358
0.085436
0.089374
0.087676
0.08596
0.089817
0.088769
0.089271
0.10813
0.100204
0.094639
0.093867
0.09177
0.093303
0.093389
0.093551
0.097712
0.095021
0.096319
0.095785
0.097369
0.121575
0.103098
0.10346
0.098913
0.098057
0.097342
0.095724
0.09732
0.099497
0.097149
0.098598
0.103283
0.118372
0.107993
0.107803
0.104835
0.104452
0.106773
0.103043
0.107455
0.104833
0.105186
0.103132
0.100458
0.102933
0.115688
0.108044
0.103283
0.105344
0.116868
0.108425
0.103281
0.102538
0.101753
0.097999
0.100473
0.098159
0.101948
0.095922
0.11872
0.109089
0.107336
0.102177
0.097771
0.09903
0.096567
0.099209
0.095192
0.092917
0.089523
0.092967
0.09438
0.097566
0.094772
0.112477
0.099888
0.098992
0.100915
0.099306
0.097085
0.095077
0.100318
0.096696
0.092541
0.095967
0.098405
0.096121
0.116114
0.105007
0.101307
0.100713
0.100845
0.096985
0.106317
0.103924
0.098751
0.095351
0.094351
0.094264
0.097118
0.116583
0.107966
0.100227
0.105386
0.106678
0.101175
0.095966
0.099409
0.101333
0.100779
0.105367
0.101064
0.099736
0.119691
0.108559
0.111205
0.10951
0.102854
0.10197
0.099376
0.101217
0.102069
0.104124
0.114198
0.102164
0.103831
0.099324
0.094852
0.093551
0.099219
0.099498
0.103282
0.099919
0.099221
0.095281
0.10943
0.105516
0.101776
0.096249
0.094632
0.092131
0.091613
0.087621
0.091174
0.089748
0.086788
0.08833
0.088766
0.088502
0.106202
0.089882
0.092596
0.089978
0.091608
0.088996
0.090069
0.085336
0.084327
0.0843
0.078441
0.076795
0.079821
0.080409
0.094349
0.083346
0.083921
0.081459
0.080777
0.080651
0.083587
0.084129
0.082934
0.08241
0.079947
0.084041
0.100276
0.093374
0.091198
0.086496
0.079387
0.077107
0.078807
0.080801
0.079763
0.083891
0.084464
0.100787
0.097785
0.08968
0.098087
0.095527
0.091577
0.100572
0.101879
0.103909
0.098886
0.09922
0.12076
0.104319
0.10669
0.103471
0.105773
0.108266
0.106798
0.107262
0.105065
0.10042
0.102583
0.111093
0.105173
0.116299
0.114785
0.117619
0.109494
0.107277
0.105063
0.107598
0.111462
0.104318
0.110059
0.10264
0.10793
0.128636
0.115088
0.122419
0.116207
0.115548
0.108672
0.117025
0.113935
0.110019
0.107296
0.104535
0.104917
0.104767
0.113631
0.109658
0.106855
0.119123
0.108344
0.099787
0.09621
0.097458
0.095631
0.09186
0.091296
0.09315
0.091343
0.090713
0.096456
0.087495
0.088014
0.085374
0.087756
0.083264
0.084017
0.081171
0.087714
0.087102
0.085496
0.081972
0.087493
0.086279
0.086876
0.084062
0.086122
0.08648
0.084884
0.085367
0.087813
0.090135
0.08875
0.087643
0.090777
0.091558
0.087044
0.08906
0.087336
0.094294
0.097532
0.092816
0.09395
0.105738
0.10477
0.10271
0.10834
0.103696
0.102719
0.103675
0.100583
0.107814
0.107447
0.099868
0.099356
0.097752
0.108088
0.100921
0.094527
0.099321
0.090712
0.091702
0.091394
0.091624
0.087927
0.086492
0.088666
0.089606
0.086195
0.102277
0.091626
0.091575
0.088539
0.08795
0.084173
0.090606
0.090218
0.09048
0.09229
0.092326
0.09301
0.08946
0.097424
0.099561
0.093837
0.096841
0.108809
0.103553
0.102938
0.101347
0.112334
0.109033
0.106161
0.105046
0.109649
0.110557
0.105043
0.113093
0.106184
0.107854
0.104723
0.110958
0.111629
0.107813
0.111262
0.112402
0.111967
0.109807
0.115897
0.109658
0.10599
0.108202
0.106614
0.110021
0.105862
0.105201
0.113894
0.107543
0.104251
0.100744
0.096193
0.101905
0.101893
0.100821
0.098036
0.099183
0.110949
0.100675
0.100652
0.095785
0.094955
0.0995
0.099499
0.098343
0.103157
0.114599
0.11055
0.111059
0.113218
0.115096
0.117565
0.121739
0.120141
0.13286
0.128192
0.130091
0.12947
0.127656
0.131359
0.14132
0.13839
0.134072
0.143331
0.142242
0.138548
0.139696
0.136252
0.145456
0.135528
0.132072
0.129231
0.142272
0.145114
0.141903
0.139402
0.140301
0.142997
0.142977
0.130987
0.136354
0.137647
0.137124
0.132442
0.133809
0.142922
0.128901
0.129653
0.122577
0.119751
0.120354
0.111852
0.102484
0.106558
0.10301
0.108336
0.118466
0.110721
0.113511
0.104959
0.104973
0.101155
0.101576
0.097561
0.09561
0.095603
0.093022
0.09324
0.090104
0.111457
0.088271
0.083518
0.089214
0.086526
0.084024
0.082594
0.082181
0.088209
0.089516
0.091161
0.088986
0.100261
0.1026
0.100443
0.101402
0.098198
0.10638
0.110244
0.112701
0.11427
0.126156
0.121848
0.116224
0.117029
0.117939
0.121186
0.123394
0.128824
0.126633
0.126184
0.118088
0.134032
0.126102
0.129703
0.121354
0.121297
0.116968
0.127298
0.116541
0.113404
0.116866
0.11749
0.140926
0.121176
0.125573
0.121644
0.123049
0.116549
0.120201
0.11775
0.117446
0.118585
0.118898
0.138143
0.126929
0.12722
0.123975
0.117663
0.123136
0.116605
0.119904
0.120575
0.117088
0.119958
0.139549
0.13359
0.121961
0.1206
0.116784
0.120763
0.117391
0.118047
0.121883
0.135961
0.134674
0.133925
0.129871
0.122121
0.120911
0.123263
0.1253
0.123933
0.124257
0.1208
0.140565
0.130818
0.128184
0.121453
0.118635
0.131599
0.124578
0.125485
0.129606
0.147426
0.144698
0.143627
0.144246
0.135966
0.135063
0.130925
0.130577
0.129952
0.131178
0.135063
0.152463
0.137482
0.137973
0.131651
0.141009
0.13553
0.143718
0.135474
0.136018
0.134496
0.136297
0.136787
0.15994
0.152021
0.138348
0.137402
0.135064
0.135276
0.139088
0.139541
0.135197
0.135276
0.128375
0.130256
0.136242
0.125381
0.124826
0.113495
0.119158
0.111235
0.109977
0.10365
0.101945
0.10138
0.094439
0.095758
0.088567
0.086097
0.083716
0.081208
0.082585
0.080825
0.073542
0.071997
0.068648
0.061759
0.061167
0.057474
0.057269
0.06071
0.054849
0.054432
0.054242
0.045968
0.045807
0.04769
0.043074
0.044104
0.041942
0.039334
0.039574
0.040238
0.042213
0.039963
0.038157
0.038376
0.038255
0.037093
0.035744
0.034632
0.035064
0.035067
0.035134
0.035183
0.031978
0.034198
0.03333
0.033882
0.033585
0.033428
0.03351
0.032412
0.037638
0.031886
0.031602
0.031113
0.03221
0.033301
0.031885
0.03142
0.036881
0.032781
0.032208
0.031217
0.033532
0.031337
0.032405
0.035113
0.034865
0.033705
0.034045
0.034972
0.033805
0.033327
0.032826
0.033339
0.034103
0.034035
0.03279
0.038507
0.033645
0.033979
0.032308
0.031107
0.034286
0.034342
0.032504
0.036385
0.033982
0.034239
0.032437
0.034601
0.03315
0.034163
0.032787
0.033724
0.034126
0.034074
0.03313
0.036697
0.034443
0.035386
0.035767
0.035803
0.033655
0.035038
0.032473
0.033038
0.031835
0.030503
0.031225
0.032705
0.036487
0.034243
0.03409
0.032439
0.031044
0.032343
0.033484
0.030986
0.032852
0.033686
0.036349
0.033542
0.031972
0.033319
0.033223
0.034301
0.032851
0.032612
0.032032
0.037266
0.034331
0.034895
0.033277
0.031711
0.032388
0.035074
0.038656
0.036048
0.035614
0.039283
0.036932
0.037713
0.038679
0.045338
0.042677
0.042987
0.041504
0.043053
0.041951
0.044041
0.052303
0.050138
0.04909
0.049309
0.055074
0.051039
0.054882
0.058682
0.058058
0.066314
0.067001
0.069656
0.069128
0.070848
0.071197
0.076428
0.080562
0.080937
0.078434
0.090216
0.092075
0.091325
0.094272
0.093661
0.105063
0.09906
0.104977
0.114372
0.120964
0.120301
0.121353
0.118669
0.117535
0.127038
0.123504
0.127232
0.133557
0.13693
0.139864
0.136259
0.139647
0.143704
0.145878
0.147026
0.144312
0.159679
0.153624
0.152313
0.150869
0.145223
0.157974
0.153905
0.150079
0.154427
0.138804
0.158507
0.143288
0.146219
0.143482
0.139152
0.154285
0.143789
0.141886
0.139694
0.159119
0.145416
0.144106
0.150154
0.147278
0.142667
0.154284
0.145638
0.14327
0.142115
0.1403
0.143139
0.156056
0.141145
0.143681
0.140501
0.157991
0.154251
0.150329
0.143185
0.146672
0.145417
0.142092
0.14615
0.142778
0.13213
0.138905
0.144986
0.150235
0.145188
0.13362
0.160974
0.144422
0.143871
0.145785
0.137119
0.140196
0.145422
0.143027
0.142358
0.140078
0.150144
0.142498
0.160248
0.150778
0.144531
0.140405
0.141488
0.134879
0.143884
0.144447
0.141993
0.13783
0.139727
0.142894
0.170163
0.163649
0.158902
0.161627
0.160338
0.150162
0.148318
0.146777
0.144445
0.151402
0.148081
0.138247
0.139158
0.14317
0.1753
0.156436
0.151195
0.155317
0.148779
0.141318
0.147595
0.148959
0.146459
0.145596
0.142923
0.142872
0.143247
0.143641
0.13972
0.168939
0.148146
0.158816
0.162113
0.147845
0.14715
0.146051
0.151928
0.150582
0.143485
0.146852
0.144976
0.149783
0.183845
0.163327
0.160067
0.15515
0.156738
0.150956
0.145314
0.140372
0.140455
0.144359
0.142187
0.169663
0.158522
0.158615
0.147592
0.148374
0.141512
0.136435
0.144726
0.148304
0.149872
0.141614
0.151081
0.176061
0.165538
0.162996
0.156553
0.148965
0.153258
0.143139
0.142709
0.147874
0.150928
0.143196
0.143088
0.178616
0.151112
0.145496
0.15541
0.140936
0.142958
0.139867
0.144083
0.139332
0.143696
0.137043
0.138282
0.134444
0.143098
0.137486
0.157055
0.154962
0.15178
0.144348
0.147254
0.135879
0.148744
0.151012
0.145665
0.141395
0.148254
0.173801
0.160748
0.149218
0.152954
0.145081
0.153157
0.155695
0.144215
0.153112
0.146896
0.152647
0.175003
0.159001
0.156966
0.152003
0.148626
0.144774
0.153278
0.156119
0.154242
0.146093
0.14837
0.156023
0.153889
0.182466
0.163885
0.163942
0.156111
0.159233
0.156513
0.158898
0.149913
0.152834
0.14346
0.137268
0.137981
0.136695
0.14617
0.140523
0.137165
0.141501
0.138007
0.136282
0.140316
0.135863
0.138321
0.137631
0.14795
0.141787
0.133221
0.133351
0.143545
0.147059
0.144048
0.136043
0.150783
0.152332
0.151039
0.142133
0.151918
0.155162
0.153055
0.149701
0.142003
0.152535
0.149345
0.14856
0.142908
0.136003
0.149161
0.141981
0.136795
0.142033
0.135854
0.143164
0.142668
0.139746
0.145141
0.14692
0.140482
0.143001
0.140857
0.144254
0.145766
0.147924
0.149823
0.151911
0.160579
0.157705
0.155761
0.147907
0.157106
0.150009
0.154225
0.146399
0.160678
0.158785
0.151228
0.148061
0.160996
0.157518
0.156258
0.145324
0.14479
0.147353
0.15193
0.149545
0.147241
0.154726
0.151649
0.144876
0.146313
0.143965
0.151656
0.145275
0.14862
0.149487
0.143103
0.159087
0.151552
0.149074
0.164549
0.153903
0.144033
0.150247
0.149851
0.146836
0.150282
0.147634
0.142482
0.148107
0.16632
0.160127
0.15857
0.152956
0.149545
0.145638
0.1519
0.141479
0.146331
0.1644
0.161692
0.148057
0.154117
0.15026
0.155494
0.153016
0.153675
0.147965
0.14267
0.153696
0.147373
0.145483
0.143366
0.142994
0.131044
0.135999
0.132042
0.140614
0.136516
0.14842
0.146318
0.138909
0.140372
0.135434
0.138561
0.138579
0.135064
0.141733
0.165633
0.157032
0.15266
0.144269
0.137869
0.13573
0.139514
0.134081
0.131235
0.134698
0.139189
0.155205
0.148777
0.146754
0.143649
0.140554
0.137799
0.132852
0.13532
0.131086
0.129387
0.124679
0.123205
0.127207
0.124117
0.126229
0.11506
0.112698
0.108186
0.116027
0.104337
0.104995
0.112897
0.106103
0.112014
0.110109
0.102786
0.104747
0.113041
0.110331
0.105719
0.102307
0.108545
0.106163
0.101546
0.100342
0.096137
0.105322
0.101335
0.099366
0.095789
0.106982
0.102716
0.102173
0.104275
0.097423
0.106683
0.105971
0.103417
0.101195
0.11083
0.108324
0.105329
0.107959
0.102202
0.112265
0.110137
0.106838
0.118564
0.121388
0.113944
0.112079
0.115213
0.11809
0.112988
0.111545
0.114612
0.111917
0.110449
0.118834
0.112334
0.109871
0.113443
0.122744
0.12129
0.121228
0.117686
0.125576
0.120934
0.117905
0.112962
0.122473
0.118248
0.115325
0.111952
0.125483
0.124105
0.121406
0.120893
0.121336
0.125144
0.127216
0.126728
0.127956
0.14499
0.13973
0.141162
0.135529
0.128451
0.142006
0.138808
0.131629
0.131893
0.132891
0.150701
0.137131
0.129535
0.14792
0.142968
0.138294
0.138684
0.129038
0.125989
0.143681
0.138243
0.134963
0.128208
0.132927
0.137842
0.157791
0.149079
0.142975
0.140883
0.140632
0.135272
0.133109
0.136479
0.13114
0.136543
0.133381
0.150131
0.1371
0.136413
0.133473
0.130992
0.12611
0.12228
0.121007
0.114515
0.11316
0.110235
0.108662
0.104147
0.100435
0.09398
0.090773
0.092212
0.085523
0.078773
0.076873
0.078256
0.072759
0.067771
0.072792
0.063937
0.0576
0.053496
0.054923
0.05089
0.049198
0.049173
0.047023
0.044627
0.043075
0.040362
0.042627
0.040204
0.040916
0.038792
0.039107
0.038347
0.036709
0.036604
0.037155
0.037265
0.036527
0.037968
0.034969
0.035471
0.036516
0.036895
0.036283
0.035814
0.034563
0.036921
0.035302
0.036073
0.035736
0.035515
0.036444
0.036458
0.040469
0.038338
0.036799
0.038942
0.036672
0.037476
0.036141
0.037294
0.03633
0.041277
0.036636
0.037171
0.035345
0.035066
0.037283
0.036406
0.037029
0.035144
0.036541
0.040506
0.036817
0.039547
0.037992
0.03809
0.038619
0.036609
0.036672
0.040659
0.038056
0.037454
0.036674
0.037334
0.038229
0.038596
0.038192
0.039629
0.039585
0.038578
0.037115
0.037061
0.036679
0.036517
0.036334
0.041871
0.035227
0.035409
0.037
0.037598
0.038791
0.035233
0.038021
0.037142
0.035837
0.036902
0.034708
0.037263
0.035974
0.036609
0.035
0.03688
0.034172
0.034292
0.033654
0.034719
0.035117
0.034119
0.03381
0.033109
0.034438
0.032521
0.033652
0.033974
0.03719
0.035572
0.034546
0.033072
0.0363
0.035818
0.034254
0.036379
0.03461
0.03838
0.03621
0.03489
0.034574
0.034473
0.035583
0.036604
0.037407
0.035444
0.035358
0.03743
0.036741
0.035565
0.034362
0.036958
0.036295
0.037167
0.033607
0.038618
0.036697
0.036696
0.037396
0.039965
0.038969
0.037148
0.039417
0.039695
0.042844
0.04103
0.038438
0.042489
0.040182
0.041714
0.043245
0.045288
0.044855
0.045169
0.045325
0.046045
0.049055
0.055612
0.059937
0.062387
0.059926
0.059668
0.06345
0.066136
0.064824
0.071263
0.079663
0.081577
0.081174
0.079382
0.077204
0.081107
0.079504
0.084759
0.081484
0.090785
0.083743
0.089511
0.093037
0.094357
0.09609
0.08995
0.09669
0.095051
0.090225
0.096706
0.090961
0.092572
0.094229
0.094157
0.091416
0.098604
0.100533
0.094868
0.096013
0.101497
0.102505
0.102979
0.110854
0.109684
0.106038
0.096867
0.105153
0.104829
0.108832
0.099737
0.101407
0.110225
0.108167
0.11318
0.104722
0.103393
0.114198
0.113285
0.114018
0.11422
0.12852
0.117261
0.119487
0.121967
0.124087
0.126945
0.126111
0.127379
0.123299
0.136652
0.129444
0.12611
0.133388
0.135353
0.133722
0.127264
0.128566
0.132776
0.130563
0.12532
0.130836
0.130766
0.14287
0.130625
0.12674
0.139635
0.13791
0.126764
0.12782
0.124616
0.134191
0.124483
0.119175
0.132573
0.126606
0.126553
0.121057
0.119184
0.114947
0.12212
0.119275
0.113601
0.129685
0.118626
0.120544
0.115639
0.109316
0.115531
0.114626
0.112361
0.112469
0.109933
0.105356
0.109963
0.110958
0.108981
0.123829
0.115511
0.114734
0.117811
0.109289
0.113907
0.115113
0.115514
0.1153
0.123436
0.125144
0.122147
0.116893
0.116435
0.118639
0.119087
0.114045
0.113546
0.116627
0.118643
0.137837
0.132078
0.124926
0.125401
0.124347
0.117234
0.119555
0.118498
0.120814
0.124002
0.143002
0.128212
0.130919
0.129487
0.126019
0.124682
0.124927
0.12637
0.123606
0.137634
0.128292
0.133314
0.130411
0.124613
0.126089
0.128224
0.128869
0.145415
0.147835
0.144311
0.140861
0.133984
0.13484
0.134166
0.134285
0.13113
0.136839
0.154706
0.147991
0.141853
0.136151
0.134168
0.132989
0.13058
0.130615
0.134482
0.136331
0.137145
0.141133
0.129815
0.131454
0.133449
0.131881
0.124545
0.119568
0.125258
0.1219
0.126205
0.122815
0.125393
0.128359
0.122839
0.128702
0.124292
0.117929
0.12422
0.120372
0.117749
0.118672
0.123284
0.120843
0.118045
0.120564
0.130702
0.131175
0.132468
0.129084
0.131971
0.125201
0.129343
0.129899
0.123618
0.149544
0.139566
0.135361
0.131392
0.128196
0.138784
0.137323
0.134606
0.124582
0.138649
0.130377
0.128163
0.130789
0.13892
0.136729
0.129497
0.127409
0.137267
0.132397
0.127929
0.12652
0.137349
0.133703
0.131836
0.12426
0.128323
0.14111
0.129991
0.118397
0.127581
0.117884
0.137646
0.122264
0.118213
0.122061
0.12765
0.121223
0.129922
0.124111
0.135908
0.130698
0.124726
0.133758
0.13198
0.131344
0.131674
0.126071
0.134415
0.124474
0.129627
0.128476
0.136085
0.132042
0.129484
0.135137
0.130562
0.13184
0.133219
0.12304
0.133123
0.127215
0.128132
0.130063
0.119966
0.128064
0.125613
0.117747
0.113022
0.126321
0.116318
0.117206
0.12037
0.115857
0.117302
0.114509
0.110421
0.108151
0.107807
0.104008
0.097241
0.104111
0.104603
0.102901
0.1097
0.120694
0.11168
0.105806
0.105216
0.103711
0.106685
0.104716
0.104039
0.109532
0.104765
0.107634
0.106591
0.122145
0.120725
0.119536
0.115556
0.119958
0.11097
0.112891
0.103819
0.110586
0.109814
0.107759
0.11187
0.124345
0.113338
0.113646
0.111172
0.103871
0.119838
0.118127
0.115948
0.127398
0.11967
0.119699
0.119444
0.117238
0.12312
0.119094
0.121558
0.119987
0.133658
0.125749
0.117022
0.115336
0.112395
0.109838
0.11804
0.108033
0.108711
0.105447
0.106535
0.10577
0.109967
0.106484
0.138774
0.120488
0.113336
0.114355
0.108659
0.114039
0.107659
0.106089
0.109857
0.110417
0.10901
0.132977
0.122241
0.119096
0.118968
0.114665
0.114613
0.107555
0.109359
0.110234
0.115188
0.125408
0.129285
0.124779
0.122271
0.120065
0.116824
0.114186
0.118179
0.111103
0.116866
0.134263
0.125096
0.12339
0.118392
0.112871
0.122329
0.119217
0.107997
0.111492
0.106811
0.131102
0.117083
0.115927
0.108452
0.109241
0.105261
0.107005
0.101794
0.109022
0.109743
0.129231
0.116875
0.114012
0.107981
0.107179
0.108438
0.106123
0.105159
0.10197
0.105466
0.097035
0.11733
0.10914
0.102907
0.101176
0.102397
0.110888
0.109723
0.113347
0.102989
0.11543
0.114427
0.115029
0.113383
0.119014
0.117995
0.114625
0.116756
0.11108
0.125562
0.119977
0.1168
0.114174
0.127091
0.12251
0.118038
0.11149
0.109326
0.118833
0.115325
0.116324
0.113324
0.125515
0.116167
0.125711
0.124136
0.117487
0.127093
0.117536
0.118165
0.114618
0.126276
0.120614
0.11769
0.116609
0.11346
0.114434
0.118984
0.116809
0.116929
0.115245
0.120692
0.115121
0.141813
0.125529
0.124168
0.124514
0.123162
0.121426
0.119374
0.112379
0.119637
0.113417
0.115554
0.115379
0.112059
0.13106
0.117068
0.109523
0.108215
0.104149
0.099383
0.1064
0.105257
0.103492
0.099387
0.095372
0.097991
0.100971
0.113289
0.095679
0.090014
0.087857
0.083753
0.084887
0.089495
0.083259
0.080191
0.081448
0.081831
0.079922
0.081094
0.085142
0.079755
0.098978
0.088397
0.091129
0.091451
0.096892
0.097412
0.099519
0.110993
0.116037
0.112527
0.118814
0.122552
0.124174
0.12556
0.129744
0.128705
0.139436
0.143544
0.130567
0.136283
0.131379
0.135635
0.145287
0.144477
0.142653
0.160143
0.155875
0.1605
0.150977
0.154546
0.162785
0.160868
0.156621
0.155222
0.152371
0.165057
0.158379
0.157551
0.152363
0.166888
0.162282
0.151768
0.157284
0.164639
0.164111
0.160688
0.161218
0.155999
0.163562
0.160041
0.160372
0.159186
0.168837
0.166446
0.154605
0.151657
0.15844
0.160893
0.151594
0.148968
0.145889
0.15714
0.144575
0.141151
0.149699
0.15518
0.148111
0.14413
0.13966
0.151056
0.140603
0.127895
0.121757
0.125828
0.116325
0.112567
0.105408
0.104166
0.099114
0.102407
0.103772
0.100064
0.102216
0.099887
0.113131
0.106633
0.10757
0.108055
0.109474
0.106302
0.109767
0.108174
0.126918
0.12186
0.126511
0.123033
0.126288
0.130593
0.139471
0.136915
0.13654
0.148274
0.143496
0.145603
0.144628
0.143181
0.148642
0.157799
0.153059
0.146111
0.143214
0.164266
0.157595
0.158609
0.153549
0.152422
0.15508
0.159112
0.150505
0.151975
0.149485
0.16219
0.157102
0.141563
0.151777
0.149901
0.140931
0.157138
0.147288
0.149523
0.161156
0.158619
0.163595
0.158006
0.153188
0.142221
0.144734
0.150152
0.151723
0.14589
0.149308
0.148984
0.147571
0.175649
0.157986
0.157789
0.14779
0.154969
0.148983
0.152048
0.148426
0.147063
0.148515
0.166093
0.152569
0.151826
0.152247
0.138028
0.13885
0.147651
0.149861
0.135972
0.139617
0.146789
0.143044
0.158544
0.156252
0.147946
0.146864
0.147075
0.135403
0.148932
0.151034
0.144171
0.142511
0.143406
0.144954
0.165536
0.154339
0.149964
0.148789
0.138547
0.142961
0.142661
0.143167
0.134289
0.138058
0.138405
0.131544
0.146222
0.133785
0.138763
0.132793
0.143205
0.137736
0.133046
0.122683
0.125839
0.131502
0.12846
0.116245
0.132199
0.125206
0.126586
0.125897
0.124478
0.124342
0.127373
0.125936
0.128543
0.12699
0.142341
0.131581
0.132342
0.132109
0.134997
0.127733
0.132341
0.131665
0.131714
0.134258
0.147568
0.138895
0.136548
0.136497
0.130704
0.126849
0.124026
0.125176
0.127786
0.12576
0.124056
0.150389
0.135345
0.135494
0.134573
0.131561
0.126846
0.129121
0.12979
0.126743
0.12777
0.122735
0.144553
0.128517
0.135016
0.13404
0.12766
0.127092
0.12773
0.122445
0.128401
0.134676
0.153475
0.136144
0.136528
0.136369
0.132287
0.129932
0.125706
0.124811
0.137963
0.129152
0.130613
0.148941
0.145133
0.138172
0.138228
0.132608
0.130222
0.128123
0.128965
0.139157
0.131862
0.12368
0.130743
0.158675
0.147716
0.144625
0.135782
0.139308
0.127266
0.133249
0.139215
0.134659
0.131642
0.13285
0.156015
0.137655
0.139237
0.140469
0.139335
0.125438
0.128088
0.13457
0.133189
0.126299
0.130275
0.144758
0.134186
0.134377
0.137869
0.126923
0.132737
0.134295
0.126895
0.129136
0.123679
0.128274
0.139982
0.128132
0.13121
0.129128
0.144522
0.139365
0.133333
0.131984
0.123022
0.144627
0.136674
0.131821
0.133102
0.136243
0.138825
0.13686
0.132469
0.129791
0.132068
0.131526
0.128084
0.128497
0.135022
0.125975
0.133196
0.125557
0.124883
0.135708
0.130823
0.12319
0.124442
0.131412
0.133761
0.12891
0.121991
0.123588
0.135148
0.131531
0.128623
0.126233
0.136531
0.132103
0.130529
0.121505
0.121936
0.129096
0.127167
0.12383
0.120143
0.124584
0.115561
0.120898
0.118329
0.117854
0.125772
0.122637
0.119571
0.123169
0.115885
0.12115
0.126754
0.124709
0.12499
0.132321
0.126703
0.129715
0.130121
0.124866
0.134156
0.12637
0.132627
0.122915
0.142121
0.133127
0.130333
0.136244
0.131727
0.140659
0.133809
0.136072
0.133094
0.14718
0.136783
0.139089
0.131811
0.12722
0.134528
0.12629
0.126865
0.118582
0.118087
0.1293
0.121846
0.11655
0.126317
0.123713
0.122512
0.124637
0.121827
0.122341
0.120165
0.115249
0.120143
0.120979
0.12217
0.12395
0.123807
0.114567
0.139459
0.127348
0.128066
0.122519
0.120517
0.125831
0.126522
0.122762
0.124409
0.13765
0.129724
0.128622
0.118081
0.11611
0.128281
0.121734
0.117159
0.126969
0.124514
0.124722
0.121964
0.114524
0.126024
0.117606
0.111539
0.116037
0.117511
0.118024
0.115435
0.110174
0.130306
0.123812
0.120184
0.117188
0.119923
0.123428
0.125787
0.123091
0.123072
0.118877
0.132254
0.139913
0.133886
0.131681
0.133645
0.142854
0.14074
0.135205
0.136214
0.149268
0.146235
0.14371
0.137247
0.132004
0.151203
0.146178
0.144153
0.137163
0.15262
0.152673
0.1505
0.144886
0.139385
0.142845
0.150443
0.147752
0.144073
0.147233
0.160616
0.153962
0.150938
0.145099
0.140443
0.157537
0.143152
0.143301
0.139041
0.138836
0.151589
0.141512
0.137231
0.134133
0.130486
0.148709
0.139021
0.134914
0.134262
0.132231
0.148655
0.14134
0.137227
0.13288
0.132917
0.147583
0.138921
0.137426
0.131313
0.151903
0.144825
0.136686
0.138413
0.136286
0.128461
0.143045
0.13891
0.134693
0.134132
0.137971
0.13557
0.14982
0.138475
0.137072
0.140607
0.154769
0.145063
0.140646
0.142369
0.139094
0.130017
0.146532
0.147471
0.143238
0.138838
0.138259
0.142596
0.139986
0.155871
0.146929
0.142872
0.147476
0.165001
0.155434
0.152041
0.148238
0.149245
0.145663
0.141805
0.15377
0.143763
0.138647
0.143555
0.133924
0.148181
0.144816
0.171538
0.14889
0.143582
0.140611
0.137649
0.136978
0.134084
0.130725
0.140091
0.139912
0.138107
0.137146
0.131528
0.139591
0.136585
0.163041
0.144197
0.142707
0.138292
0.135792
0.134871
0.133754
0.136651
0.139011
0.132082
0.134859
0.134685
0.135577
0.174873
0.1546
0.141645
0.146824
0.13754
0.139945
0.138422
0.136091
0.14004
0.141974
0.142837
0.135134
0.14397
0.140425
0.176249
0.157184
0.152879
0.148864
0.151135
0.149487
0.145668
0.14455
0.148655
0.14469
0.142788
0.140908
0.138481
0.140322
0.138628
0.158558
0.134454
0.133471
0.135271
0.133053
0.128964
0.133957
0.13824
0.138444
0.137453
0.127874
0.127767
0.125042
0.14254
0.138594
0.134194
0.13053
0.151107
0.133974
0.134455
0.128605
0.122409
0.139703
0.128249
0.129905
0.125277
0.123813
0.132809
0.128732
0.131638
0.12747
0.123046
0.140339
0.131431
0.133408
0.127014
0.123733
0.121397
0.128502
0.120232
0.121169
0.118561
0.116764
0.120044
0.118764
0.1251
0.115655
0.12425
0.113321
0.110154
0.107622
0.106338
0.100591
0.1017
0.103415
0.106343
0.096709
0.0984
0.102558
0.125594
0.115779
0.111562
0.109738
0.108355
0.105696
0.109343
0.110065
0.110499
0.111896
0.112752
0.116405
0.119611
0.137566
0.133649
0.131887
0.130019
0.125725
0.120827
0.120837
0.124236
0.117885
0.118269
0.12566
0.128472
0.144596
0.131073
0.130979
0.131686
0.130661
0.126878
0.125986
0.125103
0.122904
0.123869
0.124529
0.14689
0.135171
0.134037
0.136064
0.129051
0.131618
0.129406
0.124337
0.128744
0.125454
0.131567
0.132946
0.130322
0.165223
0.139379
0.136445
0.13775
0.135997
0.141571
0.134989
0.13413
0.140432
0.137535
0.142665
0.13662
0.144936
0.135191
0.139609
0.144724
0.142825
0.139676
0.135365
0.157791
0.141007
0.136814
0.134199
0.134435
0.13148
0.144838
0.140608
0.141702
0.137287
0.132535
0.136262
0.157172
0.147903
0.147515
0.143862
0.162063
0.151421
0.14911
0.141011
0.142043
0.135169
0.147835
0.143855
0.145675
0.140514
0.138644
0.144929
0.144471
0.136408
0.145161
0.140836
0.140989
0.142168
0.160167
0.146895
0.143506
0.143329
0.141147
0.133268
0.139282
0.149416
0.140484
0.141317
0.140525
0.134841
0.140794
0.155366
0.152922
0.14625
0.145938
0.145098
0.139445
0.141167
0.152228
0.146643
0.145206
0.139905
0.13967
0.147026
0.176181
0.146779
0.148071
0.147192
0.144756
0.136338
0.141331
0.138059
0.142501
0.142484
0.138597
0.135728
0.135199
0.141519
0.141088
0.146816
0.145366
0.134478
0.142532
0.14057
0.137776
0.152959
0.146979
0.143458
0.142411
0.138221
0.135521
0.1391
0.136812
0.142468
0.140841
0.138446
0.137739
0.136746
0.13593
0.149898
0.140992
0.139486
0.135827
0.129779
0.129062
0.131114
0.137167
0.136405
0.135994
0.128172
0.127018
0.130102
0.129169
0.139708
0.130272
0.124271
0.125372
0.122837
0.125995
0.127955
0.138929
0.125123
0.130723
0.125548
0.12341
0.127665
0.138004
0.12768
0.125482
0.120029
0.127004
0.123583
0.121441
0.123437
0.127191
0.124358
0.118324
0.116076
0.115267
0.116068
0.111064
0.119079
0.112853
0.105338
0.106828
0.112216
0.104454
0.10511
0.116181
0.104863
0.096968
0.088889
0.088278
0.095049
0.094486
0.09826
0.104136
0.099099
0.094849
0.099048
0.099714
0.107332
0.09659
0.09688
0.095498
0.0899
0.090757
0.090368
0.093157
0.090759
0.089544
0.087701
0.081133
0.081936
0.084134
0.08437
0.083484
0.082133
0.084193
0.077801
0.080956
0.078805
0.07524
0.087533
0.076702
0.074676
0.07379
0.068012
0.068376
0.068113
0.073851
0.070994
0.070456
0.070802
0.065452
0.068987
0.069398
0.067308
0.067547
0.070528
0.06258
0.060489
0.061812
0.065208
0.057091
0.055517
0.052927
0.055411
0.054642
0.049906
0.051263
0.048829
0.050058
0.050888
0.048023
0.045347
0.043703
0.040687
0.042299
0.041274
0.04116
0.044113
0.039709
0.039105
0.040227
0.040734
0.042283
0.039733
0.040548
0.040592
0.037221
0.038183
0.037558
0.040206
0.040533
0.041831
0.040064
0.039559
0.040957
0.039361
0.040768
0.040602
0.039352
0.050564
0.039674
0.04178
0.041929
0.039987
0.041155
0.043005
0.042289
0.042969
0.038502
0.042088
0.047539
0.043833
0.043058
0.040188
0.04156
0.038639
0.038778
0.039163
0.040587
0.039053
0.040559
0.037535
0.042457
0.039405
0.039835
0.043054
0.040246
0.040736
0.038933
0.042253
0.03684
0.037715
0.037983
0.036599
0.040516
0.038868
0.036926
0.037806
0.03742
0.037528
0.035876
0.0381
0.037765
0.037521
0.035665
0.036058
0.037724
0.034598
0.040494
0.038323
0.0353
0.035682
0.034731
0.033084
0.035909
0.03674
0.035839
0.037153
0.034342
0.036843
0.034468
0.039706
0.035406
0.035528
0.034964
0.034507
0.035148
0.034326
0.038058
0.037761
0.043541
0.03992
0.036745
0.037885
0.038812
0.038106
0.040687
0.036319
0.03925
0.037821
0.033463
0.0357
0.035969
0.039508
0.035822
0.036627
0.034867
0.037518
0.036874
0.04416
0.037985
0.038647
0.040481
0.036332
0.036874
0.035974
0.035539
0.037209
0.039762
0.038353
0.035219
0.037987
0.036793
0.036422
0.042209
0.036286
0.037068
0.03639
0.036237
0.036868
0.035276
0.037204
0.037638
0.040148
0.037704
0.036244
0.045045
0.036538
0.037498
0.037056
0.037273
0.036354
0.035618
0.038538
0.038821
0.03759
0.037257
0.036636
0.042111
0.037513
0.038046
0.038164
0.036629
0.0383
0.038131
0.043275
0.040358
0.038806
0.039709
0.037528
0.043526
0.037105
0.043858
0.042372
0.041173
0.04096
0.041304
0.045848
0.042591
0.042004
0.043406
0.04442
0.043215
0.045577
0.044123
0.043601
0.046037
0.039365
0.038167
0.042086
0.045449
0.045364
0.050729
0.047868
0.046146
0.046235
0.04648
0.046787
0.04753
0.047257
0.047641
0.047896
0.049948
0.047605
0.047658
0.045968
0.055709
0.054852
0.052713
0.049085
0.050965
0.047558
0.050529
0.054753
0.054209
0.05376
0.051744
0.052961
0.05386
0.054259
0.055934
0.053091
0.055159
0.054214
0.057815
0.057716
0.055919
0.055009
0.05557
0.0551
0.058598
0.063722
0.06086
0.064626
0.061451
0.055414
0.059029
0.064392
0.058556
0.0576
0.061149
0.062007
0.068721
0.061599
0.062557
0.061482
0.060051
0.059875
0.065497
0.064637
0.063054
0.062536
0.060827
0.06302
0.071183
0.067458
0.063481
0.06581
0.073577
0.071559
0.068707
0.07229
0.07854
0.07591
0.078686
0.077187
0.078265
0.077662
0.083333
0.087362
0.085831
0.083232
0.085314
0.083134
0.083746
0.095388
0.089626
0.087677
0.085419
0.087781
0.087873
0.091795
0.098094
0.09655
0.093507
0.097222
0.09397
0.098473
0.09534
0.092842
0.097245
0.101082
0.099788
0.101944
0.104492
0.101894
0.101396
0.102917
0.107481
0.107331
0.103699
0.106358
0.107981
0.112825
0.102701
0.106367
0.108332
0.10691
0.106019
0.106774
0.10655
0.112649
0.112901
0.117226
0.116632
0.109979
0.109479
0.111328
0.112626
0.1168
0.117846
0.116876
0.111129
0.123359
0.126474
0.122706
0.122115
0.123446
0.121084
0.121123
0.12159
0.120669
0.119658
0.119933
0.116741
0.112139
0.117051
0.125552
0.116516
0.118959
0.114998
0.113662
0.11559
0.112506
0.111291
0.115563
0.118614
0.118906
0.119417
0.124193
0.121615
0.119744
0.155667
0.137701
0.136121
0.135541
0.135217
0.13565
0.135236
0.134594
0.133633
0.128271
0.132273
0.133358
0.132369
0.124875
0.128991
0.134508
0.135006
0.128854
0.125703
0.130839
0.126053
0.130671
0.120356
0.120509
0.120409
0.11891
0.132795
0.123909
0.124471
0.121805
0.122349
0.121108
0.126119
0.123
0.125231
0.126064
0.127132
0.126525
0.129262
0.126842
0.122906
0.1426
0.131497
0.138363
0.135676
0.134907
0.133746
0.13191
0.133617
0.131751
0.131616
0.130791
0.134444
0.133264
0.133864
0.134049
0.130771
0.132276
0.130123
0.127774
0.122484
0.126875
0.134214
0.134059
0.128913
0.13274
0.133576
0.130922
0.131272
0.137497
0.131379
0.135915
0.137705
0.135571
0.133034
0.1287
0.14746
0.141234
0.138111
0.135244
0.132502
0.132347
0.135361
0.132341
0.12148
0.133391
0.133863
0.131599
0.136034
0.132819
0.129385
0.126512
0.127519
0.136668
0.132336
0.133668
0.131574
0.133047
0.131718
0.13713
0.126786
0.128015
0.135149
0.136516
0.130761
0.137888
0.137156
0.139086
0.136376
0.134015
0.132621
0.131753
0.139363
0.136983
0.140502
0.137615
0.13891
0.134875
0.132598
0.133348
0.136473
0.139734
0.135861
0.141165
0.140658
0.137728
0.135456
0.13506
0.133154
0.133353
0.134875
0.133336
0.136262
0.136026
0.128202
0.126799
0.122965
0.134331
0.129669
0.123069
0.123468
0.128533
0.128153
0.12616
0.123885
0.12848
0.122896
0.119252
0.117288
0.116135
0.11575
0.132349
0.119634
0.11648
0.109154
0.105309
0.106903
0.107637
0.113501
0.105565
0.102606
0.101363
0.096288
0.102544
0.099732
0.103702
0.110417
0.104993
0.099468
0.098328
0.104442
0.100277
0.114759
0.107094
0.109042
0.108414
0.1066
0.106475
0.119459
0.105171
0.112324
0.108623
0.107302
0.105696
0.108485
0.11492
0.105397
0.103501
0.105149
0.104095
0.102707
0.097122
0.101936
0.103632
0.100767
0.09886
0.102117
0.09812
0.101923
0.104551
0.097709
0.103338
0.106162
0.108292
0.108837
0.110654
0.105763
0.10854
0.117375
0.106912
0.103414
0.106836
0.10869
0.106733
0.108378
0.107773
0.107791
0.104039
0.105723
0.103126
0.112093
0.10876
0.120772
0.108863
0.111996
0.11591
0.110853
0.10902
0.109959
0.121378
0.11558
0.108519
0.109877
0.11135
0.106847
0.127789
0.119036
0.118101
0.118297
0.111815
0.115061
0.112443
0.122224
0.118303
0.112714
0.113277
0.111457
0.11208
0.125524
0.114911
0.110657
0.108232
0.102033
0.115206
0.109448
0.101914
0.100385
0.109533
0.106829
0.10135
0.102552
0.096916
0.106848
0.110136
0.100687
0.100749
0.112701
0.106668
0.09874
0.099715
0.0984
0.09486
0.104356
0.095763
0.099174
0.096283
0.095093
0.094758
0.102272
0.097329
0.09636
0.090817
0.090667
0.104168
0.099657
0.093487
0.097202
0.09414
0.094952
0.094446
0.104065
0.096688
0.098344
0.093045
0.09438
0.094726
0.107793
0.098669
0.100259
0.097083
0.098016
0.0963
0.100129
0.105902
0.105637
0.104181
0.10416
0.101544
0.118179
0.109613
0.112592
0.111314
0.109125
0.108614
0.113132
0.123995
0.114278
0.116124
0.112033
0.114313
0.127793
0.11881
0.122371
0.121154
0.117225
0.121305
0.137438
0.131014
0.125665
0.131589
0.126312
0.128144
0.143083
0.129829
0.129296
0.129626
0.12667
0.144312
0.128079
0.126821
0.127817
0.122967
0.125171
0.138927
0.129017
0.127246
0.129115
0.12618
0.117544
0.127419
0.135564
0.132929
0.133807
0.128001
0.131225
0.132456
0.143082
0.140768
0.138384
0.137984
0.134565
0.128837
0.148961
0.140344
0.137114
0.129575
0.128853
0.1404
0.123399
0.129941
0.128305
0.127171
0.123842
0.119407
0.119233
0.135789
0.12409
0.123168
0.117318
0.143812
0.139876
0.130744
0.137198
0.132914
0.134646
0.126979
0.132389
0.135515
0.137433
0.133562
0.131404
0.128833
0.153307
0.143725
0.138906
0.139552
0.136854
0.132463
0.148043
0.135787
0.130733
0.124784
0.148691
0.133826
0.134548
0.126387
0.1235
0.13226
0.135938
0.131537
0.125128
0.129962
0.130407
0.127293
0.145618
0.132121
0.131051
0.129845
0.127908
0.146348
0.139496
0.135609
0.133651
0.127204
0.129066
0.150758
0.135407
0.133746
0.130308
0.149699
0.134834
0.139973
0.13748
0.134717
0.133417
0.147825
0.143603
0.143842
0.142715
0.141585
0.142907
0.146693
0.152998
0.151433
0.150584
0.142582
0.146139
0.146135
0.160814
0.152376
0.151034
0.148042
0.138473
0.139813
0.144246
0.143919
0.148886
0.146059
0.141101
0.138707
0.137989
0.137259
0.135892
0.144335
0.153226
0.142516
0.132229
0.135994
0.160517
0.149524
0.146529
0.147679
0.140691
0.139736
0.140772
0.155029
0.147679
0.143876
0.147473
0.140584
0.137468
0.149316
0.141729
0.138697
0.132342
0.134808
0.149605
0.135159
0.140784
0.140678
0.131756
0.139071
0.132584
0.146187
0.13842
0.140634
0.132724
0.134533
0.139909
0.143856
0.145253
0.141445
0.138469
0.136931
0.140279
0.1383
0.150395
0.150656
0.137606
0.143565
0.142061
0.16537
0.158385
0.143952
0.156753
0.14389
0.141982
0.151998
0.147537
0.151359
0.143049
0.160805
0.154532
0.148657
0.144643
0.141253
0.141827
0.15836
0.145548
0.150505
0.150171
0.148626
0.168014
0.159884
0.151655
0.160277
0.153637
0.154132
0.147192
0.16869
0.157036
0.153385
0.155186
0.155378
0.150114
0.170842
0.161192
0.159838
0.158662
0.15345
0.152479
0.169742
0.157397
0.148968
0.15274
0.15206
0.171414
0.153415
0.153114
0.154034
0.151023
0.147815
0.154383
0.151042
0.148193
0.146263
0.144461
0.166079
0.153669
0.156222
0.158069
0.151656
0.146034
0.161013
0.150516
0.149349
0.145052
0.156084
0.167589
0.157701
0.149486
0.153865
0.144382
0.162007
0.153131
0.150022
0.150575
0.138127
0.139639
0.13538
0.154818
0.144625
0.142623
0.13508
0.138768
0.138488
0.154623
0.144998
0.144448
0.143979
0.139647
0.134441
0.155241
0.147097
0.142443
0.140498
0.134171
0.135709
0.15019
0.136854
0.14392
0.139354
0.136783
0.155156
0.147249
0.13956
0.141378
0.141096
0.133451
0.149051
0.132934
0.139811
0.133435
0.147785
0.134005
0.132603
0.130952
0.128847
0.124161
0.132671
0.122593
0.118763
0.119762
0.126071
0.129026
0.149539
0.129736
0.124379
0.121016
0.113535
0.116683
0.111133
0.112568
0.111398
0.119711
0.117955
0.114451
0.117535
0.143829
0.122076
0.119319
0.11932
0.117869
0.114427
0.1166
0.115124
0.113145
0.116539
0.116754
0.116883
0.12039
0.115805
0.113371
0.139924
0.122772
0.124526
0.122244
0.123538
0.121355
0.122106
0.124779
0.123365
0.122338
0.125818
0.12283
0.12378
0.151007
0.138132
0.131748
0.131049
0.127083
0.124738
0.113424
0.108877
0.117331
0.113272
0.116019
0.114794
0.109707
0.1117
0.109472
0.112514
0.122469
0.114809
0.115645
0.113142
0.111243
0.123558
0.118944
0.115719
0.111309
0.104905
0.110477
0.115593
0.11084
0.106716
0.125357
0.115466
0.117629
0.113955
0.109981
0.108266
0.117904
0.120908
0.109256
0.109239
0.107028
0.108362
0.125835
0.119224
0.11575
0.114208
0.111674
0.104218
0.098525
0.101418
0.100409
0.097982
0.097501
0.094614
0.096799
0.115499
0.103323
0.100081
0.095798
0.092304
0.094747
0.09769
0.092519
0.089965
0.091879
0.092235
0.112438
0.100406
0.09444
0.095979
0.089002
0.091074
0.089661
0.091072
0.087629
0.085512
0.083607
0.084941
0.103949
0.087504
0.086247
0.085095
0.079722
0.080211
0.079865
0.078393
0.079656
0.080209
0.076915
0.078983
0.074993
0.075559
0.092822
0.080105
0.078193
0.07135
0.07132
0.070465
0.070108
0.07402
0.072937
0.071711
0.071438
0.067269
0.070605
0.075299
0.072911
0.070136
0.073962
0.074614
0.076047
0.072614
0.074434
0.073586
0.07508
0.073321
0.072733
0.071033
0.073876
0.072118
0.070125
0.075254
0.071234
0.071899
0.072297
0.071368
0.078252
0.080378
0.077276
0.075844
0.074875
0.073927
0.084452
0.088103
0.086852
0.087557
0.088062
0.087923
0.092893
0.093039
0.094459
0.090769
0.100319
0.102127
0.101772
0.098335
0.097769
0.096572
0.093355
0.098027
0.091786
0.09436
0.089285
0.096199
0.089858
0.092216
0.096147
0.1021
0.112344
0.108775
0.114079
0.109925
0.110611
0.110037
0.126056
0.132816
0.132563
0.134915
0.132094
0.131138
0.125964
0.123936
0.13032
0.130296
0.133743
0.127789
0.148414
0.136199
0.138604
0.135083
0.129936
0.128671
0.129744
0.133059
0.138976
0.138076
0.133715
0.13426
0.132651
0.153967
0.137241
0.1375
0.139873
0.140902
0.139044
0.135973
0.133992
0.141223
0.144465
0.136792
0.137485
0.137038
0.133953
0.155549
0.141523
0.138053
0.13443
0.132734
0.133016
0.136172
0.14754
0.138487
0.136251
0.138389
0.128371
0.139781
0.137373
0.145997
0.140154
0.139133
0.140313
0.135078
0.138749
0.130439
0.1446
0.13468
0.140307
0.138942
0.136069
0.138251
0.138219
0.147911
0.143867
0.144407
0.139846
0.135506
0.136917
0.133237
0.13922
0.139993
0.139438
0.138887
0.138669
0.143718
0.139122
0.140259
0.142255
0.151047
0.146537
0.146764
0.146804
0.156339
0.153384
0.145751
0.148377
0.146301
0.147576
0.146177
0.159295
0.158909
0.155767
0.154166
0.144146
0.146862
0.148718
0.154005
0.155835
0.148151
0.157294
0.161288
0.147549
0.146321
0.146476
0.146373
0.14633
0.144457
0.153341
0.152738
0.154901
0.152121
0.148403
0.148136
0.158199
0.155536
0.155119
0.147862
0.14804
0.154483
0.144034
0.148131
0.145848
0.150424
0.154547
0.149921
0.155122
0.148006
0.145486
0.147485
0.161615
0.161508
0.159395
0.159185
0.160762
0.160333
0.154281
0.153886
0.152844
0.15625
0.159269
0.159403
0.160126
0.158623
0.157801
0.15517
0.155783
0.166339
0.166341
0.168208
0.163059
0.165188
0.163635
0.158074
0.160451
0.155217
0.14747
0.156323
0.161974
0.162431
0.164007
0.159814
0.153648
0.155468
0.147342
0.145034
0.157997
0.165379
0.161466
0.163798
0.159288
0.153264
0.156802
0.159205
0.156205
0.154952
0.156646
0.156261
0.1608
0.161673
0.154999
0.15481
0.151048
0.149116
0.150684
0.154767
0.153846
0.151206
0.151651
0.148566
0.147409
0.14742
0.144982
0.144682
0.146553
0.141824
0.139493
0.1513
0.154969
0.152361
0.14926
0.145972
0.143707
0.151148
0.143434
0.141638
0.13741
0.142248
0.145341
0.148405
0.152617
0.148328
0.142078
0.144439
0.140457
0.141693
0.14005
0.141955
0.137401
0.140216
0.136007
0.139546
0.138628
0.13861
0.136926
0.142776
0.148091
0.151233
0.144406
0.152625
0.142148
0.148611
0.146714
0.146744
0.151568
0.146466
0.147843
0.152969
0.147099
0.146539
0.152222
0.147236
0.151718
0.14537
0.148436
0.143012
0.141006
0.142498
0.144509
0.141615
0.143152
0.140266
0.141363
0.140925
0.140759
0.140085
0.139103
0.13776
0.136453
0.139035
0.139421
0.140169
0.143026
0.14136
0.142059
0.140122
0.140992
0.141306
0.148239
0.145366
0.142035
0.14047
0.143783
0.139617
0.141392
0.141032
0.139453
0.133785
0.132518
0.13594
0.138875
0.138897
0.142714
0.145836
0.139226
0.138336
0.133928
0.13526
0.13822
0.140116
0.14439
0.14415
0.147168
0.149582
0.143914
0.149366
0.15288
0.151023
0.151036
0.146678
0.153643
0.151511
0.155754
0.157695
0.151704
0.150834
0.159879
0.156665
0.156018
0.154824
0.156973
0.161072
0.158721
0.15781
0.148037
0.157392
0.156542
0.152508
0.151331
0.150387
0.151468
0.152288
0.152816
0.153763
0.155718
0.15024
0.155768
0.15392
0.154667
0.157286
0.150639
0.158504
0.1525
0.153326
0.156709
0.158571
0.155813
0.157631
0.155482
0.156331
0.155354
0.160044
0.156769
0.158994
0.154815
0.157153
0.158423
0.154955
0.157718
0.158727
0.160646
0.159832
0.156234
0.161094
0.159987
0.159192
0.158713
0.15664
0.158442
0.166778
0.155754
0.154327
0.15729
0.16242
0.151642
0.148534
0.150954
0.15516
0.158773
0.153966
0.152109
0.15573
0.159898
0.157373
0.153037
0.151551
0.152843
0.149554
0.1643
0.163516
0.157493
0.154843
0.158679
0.153655
0.16103
0.151763
0.154463
0.156401
0.157081
0.156654
0.155176
0.154976
0.164174
0.158126
0.155606
0.161947
0.156188
0.157564
0.159377
0.160237
0.162746
0.165776
0.164099
0.160502
0.164179
0.155716
0.152401
0.154885
0.155615
0.161054
0.15162
0.150141
0.151574
0.150444
0.151434
0.149921
0.152528
0.15412
0.150166
0.156345
0.152033
0.152511
0.152621
0.148069
0.149959
0.147818
0.149158
0.153006
0.151824
0.149778
0.152352
0.153452
0.14989
0.153771
0.151257
0.149722
0.149289
0.150529
0.149204
0.146491
0.156049
0.151701
0.152384
0.151296
0.149402
0.148869
0.150834
0.154294
0.155475
0.163893
0.155071
0.159851
0.159197
0.154682
0.159473
0.164236
0.15984
0.156605
0.158572
0.158952
0.158816
0.160064
0.15588
0.154487
0.160504
0.158573
0.157858
0.157726
0.15318
0.155182
0.157229
0.154397
0.150838
0.153028
0.157926
0.149179
0.15288
0.15491
0.155274
0.155092
0.152678
0.154517
0.152487
0.152927
0.150144
0.151419
0.14796
0.15104
0.1498
0.15079
0.153305
0.152841
0.148171
0.150815
0.150195
0.148259
0.143686
0.139756
0.143091
0.137859
0.138805
0.137558
0.137094
0.142167
0.133765
0.13923
0.136978
0.136284
0.142196
0.138242
0.142723
0.145069
0.137171
0.138064
0.13687
0.135162
0.136154
0.13315
0.134316
0.134414
0.132471
0.134624
0.128709
0.132916
0.125232
0.130087
0.123907
0.125935
0.12135
0.124634
0.127973
0.116407
0.123886
0.125698
0.125387
0.119835
0.125414
0.125609
0.1241
0.122461
0.123093
0.133979
0.134866
0.132772
0.136219
0.137122
0.139932
0.135649
0.145235
0.148581
0.150556
0.144753
0.152611
0.157041
0.149925
0.149299
0.157045
0.158332
0.159851
0.153317
0.153508
0.160015
0.155336
0.151845
0.161771
0.148648
0.152746
0.149453
0.154342
0.152902
0.156833
0.158014
0.152348
0.155635
0.153266
0.15864
0.154166
0.155406
0.150148
0.150018
0.15793
0.163824
0.151324
0.152957
0.153419
0.156077
0.158196
0.156572
0.155107
0.158132
0.157528
0.157219
0.155442
0.156937
0.155957
0.161624
0.163769
0.163118
0.160461
0.159117
0.157027
0.15522
0.157509
0.167399
0.15577
0.160081
0.160698
0.157709
0.159481
0.155425
0.155124
0.163411
0.163306
0.165162
0.159711
0.16332
0.157271
0.16311
0.155731
0.155616
0.16751
0.160554
0.160116
0.155086
0.158891
0.158855
0.165066
0.167869
0.162205
0.168266
0.160494
0.16204
0.162963
0.165771
0.158371
0.163566
0.16495
0.164997
0.16033
0.160285
0.157251
0.170877
0.166749
0.168657
0.156922
0.166792
0.159097
0.161242
0.156278
0.155607
0.153253
0.153125
0.154647
0.153542
0.15104
0.1499
0.150072
0.151367
0.152213
0.154113
0.15534
0.150183
0.153372
0.156258
0.155105
0.155111
0.14976
0.153545
0.150513
0.148891
0.149755
0.146517
0.139139
0.147302
0.144232
0.142635
0.140411
0.143447
0.139775
0.137263
0.134427
0.139169
0.136599
0.135624
0.133379
0.133354
0.131227
0.129569
0.125701
0.125425
0.119759
0.11411
0.11818
0.124857
0.121722
0.114432
0.113306
0.111557
0.109518
0.108178
0.110636
0.11138
0.104391
0.105692
0.100786
0.101286
0.095894
0.100064
0.101412
0.111017
0.104776
0.101146
0.097395
0.102329
0.095561
0.100736
0.09802
0.102649
0.102134
0.10458
0.103794
0.104747
0.103569
0.10509
0.102788
0.105071
0.109649
0.111488
0.109213
0.11248
0.110735
0.122719
0.11949
0.119781
0.124244
0.137928
0.136416
0.136928
0.139201
0.136967
0.14012
0.144313
0.153068
0.146481
0.1457
0.145019
0.145464
0.147421
0.162018
0.15726
0.15685
0.15451
0.158175
0.153534
0.175608
0.160561
0.15386
0.156778
0.151125
0.146455
0.16981
0.15867
0.152259
0.152088
0.153219
0.181125
0.161395
0.158999
0.161145
0.157821
0.153974
0.150812
0.153974
0.153962
0.151222
0.15053
0.151979
0.153486
0.162255
0.152178
0.151052
0.171333
0.158924
0.153939
0.154357
0.149789
0.149586
0.155303
0.160086
0.150964
0.154357
0.149106
0.153436
0.158876
0.191494
0.156791
0.156638
0.152042
0.157799
0.155609
0.14755
0.146992
0.161415
0.159789
0.158685
0.158624
0.147726
0.156136
0.190205
0.169843
0.165518
0.161985
0.161141
0.162642
0.158346
0.156751
0.156875
0.150067
0.153796
0.148339
0.151687
0.147414
0.144085
0.141449
0.168389
0.155473
0.146055
0.147507
0.141014
0.141478
0.141423
0.137968
0.145853
0.13793
0.140356
0.137917
0.139045
0.146786
0.139903
0.141662
0.130643
0.135671
0.132379
0.129437
0.134734
0.141053
0.13643
0.136196
0.134147
0.13365
0.137265
0.136687
0.138539
0.144778
0.142323
0.144063
0.144901
0.144981
0.142456
0.145377
0.143991
0.143757
0.140869
0.143891
0.140247
0.144037
0.144222
0.171271
0.162496
0.161293
0.158508
0.159622
0.159532
0.158937
0.157636
0.160472
0.163788
0.159011
0.157183
0.152982
0.152794
0.151524
0.156197
0.144361
0.147717
0.152931
0.158455
0.155366
0.149742
0.152547
0.15868
0.155888
0.157074
0.165423
0.152607
0.151356
0.155253
0.155865
0.151757
0.150125
0.151415
0.146948
0.153579
0.154834
0.157114
0.16586
0.157885
0.152351
0.15086
0.158885
0.15705
0.155667
0.153118
0.154274
0.154754
0.150652
0.151887
0.146713
0.145289
0.137408
0.144864
0.13562
0.138625
0.134958
0.128282
0.131559
0.131478
0.131714
0.120675
0.121919
0.11387
0.117656
0.117159
0.118816
0.114873
0.114592
0.106705
0.108778
0.109899
0.10497
0.097446
0.10321
0.104249
0.102332
0.095334
0.095977
0.094056
0.096202
0.110973
0.100338
0.089445
0.09145
0.094519
0.099502
0.095984
0.096148
0.10158
0.101464
0.096026
0.090015
0.096897
0.099774
0.100161
0.100574
0.105303
0.102931
0.105473
0.101931
0.104893
0.112283
0.110602
0.103813
0.100494
0.100419
0.111072
0.110102
0.107866
0.104949
0.104151
0.106685
0.105431
0.116294
0.113721
0.108832
0.112174
0.10797
0.111962
0.125284
0.117926
0.114196
0.112501
0.110825
0.114024
0.115519
0.119761
0.119847
0.121377
0.117839
0.116315
0.121072
0.118282
0.128538
0.124187
0.124933
0.118872
0.117077
0.122616
0.118564
0.124702
0.120616
0.128841
0.128162
0.128384
0.12346
0.129895
0.128872
0.129477
0.125541
0.132511
0.126932
0.129243
0.13387
0.134376
0.131522
0.131414
0.128285
0.132166
0.128694
0.128397
0.132736
0.129402
0.129627
0.129012
0.127577
0.122774
0.124199
0.122181
0.134911
0.133698
0.131642
0.131035
0.13502
0.131028
0.127269
0.129894
0.132168
0.13003
0.128392
0.130162
0.132521
0.125039
0.130007
0.1343
0.129871
0.128725
0.129833
0.135621
0.132544
0.129373
0.133298
0.131297
0.135312
0.139836
0.137704
0.132892
0.13711
0.143048
0.135266
0.139334
0.139267
0.136202
0.141859
0.15242
0.154454
0.154584
0.157476
0.155694
0.151228
0.159484
0.158552
0.158956
0.158449
0.15926
0.157113
0.165103
0.156635
0.155581
0.155726
0.153647
0.151403
0.155928
0.151904
0.145227
0.154404
0.147921
0.154425
0.149913
0.147686
0.146789
0.145559
0.143179
0.145219
0.142219
0.143358
0.152277
0.162459
0.159078
0.159937
0.156532
0.152141
0.154719
0.149681
0.147459
0.149119
0.149206
0.149962
0.147734
0.152895
0.147954
0.147163
0.146689
0.143575
0.145727
0.139461
0.145687
0.144146
0.146001
0.142771
0.143536
0.145293
0.133317
0.132942
0.130408
0.14261
0.14617
0.145851
0.151633
0.141941
0.140777
0.140217
0.13978
0.133121
0.130616
0.136647
0.13688
0.131223
0.134535
0.128258
0.129723
0.130521
0.1312
0.127785
0.134223
0.127233
0.122876
0.121393
0.120721
0.134543
0.134537
0.135518
0.135884
0.139806
0.134303
0.139146
0.135765
0.138495
0.134628
0.135085
0.137678
0.1388
0.136027
0.134214
0.133983
0.1372
0.136247
0.136206
0.134582
0.135906
0.136223
0.135829
0.133797
0.133976
0.136282
0.130952
0.135823
0.131938
0.134955
0.133384
0.133501
0.139389
0.132907
0.14182
0.143668
0.138367
0.141296
0.143093
0.139545
0.141251
0.138359
0.135021
0.137884
0.139746
0.135131
0.144819
0.14663
0.14608
0.149428
0.147243
0.141504
0.136118
0.141489
0.140108
0.141638
0.140938
0.131345
0.133091
0.131842
0.134191
0.12776
0.133876
0.132535
0.126402
0.129947
0.123307
0.124022
0.130113
0.129852
0.131841
0.131989
0.133925
0.129159
0.126649
0.12873
0.122431
0.123848
0.127078
0.12742
0.126104
0.124274
0.12524
0.123269
0.132062
0.133395
0.131524
0.136092
0.136899
0.137287
0.137745
0.136786
0.138079
0.13787
0.131477
0.128681
0.126089
0.1346
0.130033
0.130336
0.128781
0.131481
0.132134
0.131376
0.138896
0.127269
0.127984
0.134023
0.133585
0.132077
0.132345
0.133637
0.133664
0.129544
0.133176
0.130184
0.130685
0.13081
0.12784
0.133532
0.140258
0.144624
0.137122
0.139983
0.138943
0.132406
0.139238
0.141212
0.139533
0.134854
0.134133
0.138157
0.139318
0.137268
0.134055
0.129781
0.129961
0.134714
0.135973
0.135619
0.135994
0.133639
0.133607
0.132672
0.134538
0.137662
0.13892
0.149178
0.144031
0.143267
0.14268
0.142082
0.138439
0.140746
0.139367
0.144428
0.139331
0.14136
0.136305
0.140112
0.136561
0.14059
0.14025
0.141029
0.138209
0.140118
0.142777
0.134992
0.140879
0.144366
0.140452
0.141154
0.134486
0.137753
0.138545
0.136647
0.133665
0.13552
0.136208
0.134739
0.138263
0.137754
0.138899
0.149025
0.145889
0.145333
0.145648
0.148735
0.143194
0.145993
0.144297
0.14355
0.146779
0.14098
0.144769
0.14444
0.144798
0.139903
0.142545
0.133064
0.142469
0.141041
0.143986
0.144743
0.137944
0.142071
0.141928
0.141858
0.139628
0.140071
0.141681
0.142666
0.143598
0.14434
0.143425
0.142126
0.141361
0.142342
0.143973
0.140544
0.143099
0.135811
0.137875
0.143766
0.140149
0.139074
0.139383
0.14377
0.134892
0.136034
0.133285
0.137121
0.137458
0.137316
0.135853
0.137095
0.134589
0.138714
0.139633
0.134778
0.136886
0.134617
0.134447
0.135327
0.134779
0.133089
0.134484
0.140793
0.138161
0.138522
0.139953
0.147455
0.145787
0.147012
0.13942
0.147165
0.146782
0.14364
0.140525
0.137739
0.139252
0.142287
0.147742
0.150426
0.146151
0.141923
0.143803
0.138147
0.142343
0.140865
0.144175
0.146668
0.139635
0.147812
0.147764
0.149245
0.143966
0.142609
0.141691
0.151829
0.148271
0.14911
0.146306
0.150255
0.146131
0.151309
0.151806
0.149203
0.154686
0.151507
0.154238
0.152661
0.154396
0.153662
0.156451
0.154157
0.150101
0.152036
0.156212
0.151216
0.148363
0.155466
0.148946
0.158921
0.148613
0.153474
0.153254
0.153798
0.158319
0.149009
0.157554
0.154999
0.153225
0.155655
0.148023
0.157386
0.15538
0.154124
0.151572
0.149564
0.150064
0.150235
0.150459
0.144867
0.142358
0.147182
0.149644
0.148625
0.146513
0.147591
0.149341
0.153216
0.147337
0.157272
0.150287
0.150142
0.150164
0.152515
0.148639
0.149578
0.156192
0.152057
0.155739
0.148467
0.14632
0.151587
0.14894
0.147478
0.146663
0.151753
0.154269
0.151076
0.151074
0.153255
0.155207
0.147857
0.147788
0.151076
0.151734
0.150245
0.15128
0.147348
0.149701
0.149296
0.148831
0.154343
0.150461
0.15247
0.145433
0.1494
0.146868
0.151847
0.144916
0.154521
0.153843
0.153659
0.151379
0.15339
0.151508
0.147847
0.145807
0.142405
