0.0000 -0.0000 0.0000 0.0000 0.0000 -0.0000 -0.0000 1.0000
0.1039 -0.1079 -0.0127 0.0031 0.0001 0.0072 -0.0002 1.0000
0.2077 -0.1448 -0.0188 -0.0315 0.0002 0.0141 -0.0007 0.9999
0.3119 -0.2011 -0.0309 -0.0185 -0.0003 0.0254 -0.0010 0.9997
0.4159 -0.1419 -0.0267 0.1426 -0.0013 0.0420 -0.0009 0.9991
0.5200 -0.0051 -0.0254 0.4596 -0.0024 0.0618 0.0003 0.9981
0.6241 0.0908 -0.0259 0.7111 -0.0027 0.0830 0.0015 0.9965
0.7282 0.1836 -0.0211 0.9780 -0.0032 0.1053 0.0015 0.9944
0.8325 0.2655 -0.0108 1.1211 -0.0048 0.1289 0.0013 0.9916
0.9366 0.4198 0.0066 1.3984 -0.0081 0.1536 0.0026 0.9881
1.0408 0.5140 -0.0217 1.5687 -0.0115 0.1781 0.0067 0.9839
1.1449 0.6952 -0.0227 1.8239 -0.0135 0.2052 0.0089 0.9786
1.2490 0.8733 -0.0218 2.0324 -0.0154 0.2324 0.0093 0.9725
1.3531 1.0415 0.0122 2.2703 -0.0175 0.2609 0.0092 0.9652
1.4571 1.2837 0.0084 2.5182 -0.0194 0.2898 0.0109 0.9568
1.5611 1.4843 0.0069 2.7225 -0.0205 0.3187 0.0131 0.9475
1.6651 1.7400 0.0159 2.9064 -0.0213 0.3463 0.0148 0.9378
1.7690 2.0761 0.0269 3.1727 -0.0212 0.3740 0.0161 0.9271
1.8729 2.3528 0.0372 3.3449 -0.0216 0.4003 0.0166 0.9160
1.9768 2.7246 0.0695 3.6041 -0.0230 0.4261 0.0156 0.9043
2.0805 3.0420 0.0920 3.8261 -0.0239 0.4498 0.0152 0.8927
2.1841 3.4225 0.1109 4.0386 -0.0245 0.4717 0.0150 0.8813
2.2879 3.8386 0.1192 4.2371 -0.0254 0.4913 0.0158 0.8705
2.3915 4.2365 0.1435 4.4141 -0.0259 0.5098 0.0151 0.8597
2.4951 4.6929 0.1720 4.6007 -0.0253 0.5271 0.0147 0.8493
2.5988 5.2067 0.1889 4.8137 -0.0235 0.5428 0.0149 0.8394
2.7023 5.7039 0.2121 5.0041 -0.0213 0.5565 0.0150 0.8304
2.8059 6.2632 0.2409 5.1784 -0.0197 0.5677 0.0149 0.8228
2.9094 6.8337 0.2618 5.3566 -0.0186 0.5765 0.0153 0.8167
3.0129 7.4151 0.2947 5.5492 -0.0183 0.5829 0.0158 0.8122
3.1165 8.0577 0.3106 5.7383 -0.0184 0.5878 0.0166 0.8086
3.2201 8.6529 0.3439 5.9482 -0.0195 0.5924 0.0169 0.8052
3.3237 9.3454 0.3801 6.1479 -0.0207 0.5971 0.0170 0.8017
3.4274 10.0354 0.4063 6.3284 -0.0216 0.6011 0.0174 0.7987
3.5310 10.7299 0.4408 6.5194 -0.0227 0.6052 0.0178 0.7955
3.6348 11.4458 0.4660 6.7107 -0.0234 0.6095 0.0183 0.7922
3.7384 12.2352 0.5033 6.9067 -0.0239 0.6141 0.0185 0.7887
3.8421 12.9708 0.5360 7.0837 -0.0255 0.6182 0.0191 0.7854
3.9458 13.7612 0.5884 7.2854 -0.0274 0.6228 0.0197 0.7817
4.0495 14.5580 0.6203 7.4433 -0.0288 0.6275 0.0210 0.7778
4.1532 15.3379 0.6656 7.6198 -0.0298 0.6323 0.0216 0.7739
4.2570 16.1501 0.7009 7.7661 -0.0302 0.6378 0.0217 0.7693
4.3608 16.9401 0.7472 7.9228 -0.0302 0.6437 0.0211 0.7644
4.4645 17.7410 0.7896 8.0173 -0.0300 0.6501 0.0204 0.7590
4.5684 18.5516 0.8257 8.1162 -0.0301 0.6581 0.0193 0.7521
4.6723 19.3542 0.8705 8.2009 -0.0308 0.6676 0.0176 0.7437
4.7761 20.1920 0.9131 8.2964 -0.0316 0.6787 0.0163 0.7336
4.8801 21.0343 0.9537 8.3147 -0.0321 0.6906 0.0155 0.7223
4.9841 21.8801 0.9865 8.3288 -0.0319 0.7030 0.0149 0.7103
5.0881 22.7344 1.0173 8.2552 -0.0315 0.7150 0.0143 0.6982
5.1920 23.5773 1.0506 8.2255 -0.0311 0.7266 0.0130 0.6863
5.2959 24.3948 1.0942 8.1387 -0.0303 0.7376 0.0113 0.6744
5.3998 25.2690 1.1230 8.0305 -0.0274 0.7482 0.0109 0.6628
5.5036 26.0721 1.1372 7.8885 -0.0238 0.7590 0.0108 0.6506
5.6074 26.9304 1.1617 7.7312 -0.0196 0.7689 0.0110 0.6390
5.7113 27.7458 1.1724 7.5253 -0.0158 0.7786 0.0110 0.6272
5.8150 28.5665 1.2018 7.3244 -0.0107 0.7874 0.0122 0.6162
5.9188 29.3763 1.1972 7.0987 -0.0054 0.7960 0.0108 0.6052
6.0224 30.1585 1.1947 6.8090 0.0006 0.8036 0.0066 0.5952
6.1261 30.9395 1.1675 6.5391 0.0059 0.8114 -0.0003 0.5845
6.2298 31.7212 1.1401 6.2514 0.0099 0.8190 -0.0072 0.5737
6.3335 32.4828 1.1071 5.9477 0.0143 0.8265 -0.0106 0.5626
6.4371 33.2685 1.0566 5.6338 0.0169 0.8337 -0.0110 0.5518
6.5409 33.9848 1.0093 5.2607 0.0171 0.8405 -0.0098 0.5415
6.6445 34.7619 0.9834 4.9128 0.0173 0.8467 -0.0067 0.5318
6.7483 35.4797 0.9491 4.4876 0.0188 0.8520 -0.0027 0.5232
6.8519 36.1946 0.9020 4.1140 0.0199 0.8561 -0.0015 0.5164
6.9555 36.9146 0.8444 3.7254 0.0216 0.8594 -0.0017 0.5109
7.0590 37.6184 0.8093 3.3327 0.0227 0.8623 -0.0024 0.5060
7.1628 38.2994 0.7516 2.9508 0.0207 0.8653 -0.0050 0.5008
7.2664 39.0029 0.7404 2.5480 0.0198 0.8686 -0.0053 0.4950
7.3701 39.6800 0.6973 2.1317 0.0208 0.8711 -0.0049 0.4906
7.4738 40.3614 0.6485 1.6697 0.0226 0.8731 -0.0047 0.4870
7.5774 41.0704 0.6168 1.2408 0.0238 0.8742 -0.0059 0.4849
7.6810 41.7909 0.5732 0.7903 0.0239 0.8740 -0.0070 0.4853
7.7847 42.5102 0.5374 0.3507 0.0249 0.8732 -0.0062 0.4867
7.8883 43.2775 0.4930 -0.0850 0.0243 0.8715 -0.0063 0.4897
7.9919 44.0347 0.4466 -0.5309 0.0232 0.8695 -0.0068 0.4933
8.0956 44.8168 0.3995 -0.9956 0.0225 0.8674 -0.0074 0.4970
8.1994 45.6262 0.3592 -1.4473 0.0214 0.8656 -0.0080 0.5003
8.3031 46.4326 0.3174 -1.8984 0.0197 0.8642 -0.0089 0.5026
8.4070 47.2884 0.2818 -2.3588 0.0175 0.8638 -0.0098 0.5034
8.5108 48.1276 0.2264 -2.8233 0.0160 0.8640 -0.0101 0.5031
8.6146 48.9842 0.1901 -3.3061 0.0152 0.8643 -0.0101 0.5027
8.7184 49.8583 0.1407 -3.7929 0.0150 0.8645 -0.0097 0.5024
8.8221 50.7478 0.0904 -4.2983 0.0146 0.8643 -0.0096 0.5026
8.9259 51.6147 0.0518 -4.8036 0.0147 0.8644 -0.0092 0.5024
9.0296 52.5190 -0.0046 -5.3059 0.0144 0.8646 -0.0091 0.5022
9.1335 53.4269 -0.0496 -5.8013 0.0135 0.8646 -0.0092 0.5022
9.2373 54.3338 -0.1050 -6.3014 0.0131 0.8646 -0.0091 0.5022
9.3410 55.2344 -0.1525 -6.8205 0.0125 0.8645 -0.0093 0.5024
9.4448 56.1475 -0.2041 -7.3162 0.0121 0.8641 -0.0088 0.5030
9.5485 57.0419 -0.2518 -7.8140 0.0116 0.8636 -0.0075 0.5040
9.6522 57.9060 -0.3045 -8.2976 0.0113 0.8628 -0.0065 0.5054
9.7559 58.8260 -0.3624 -8.8251 0.0109 0.8620 -0.0065 0.5068
9.8596 59.7132 -0.3986 -9.3178 0.0112 0.8614 -0.0062 0.5077
9.9635 60.6145 -0.4537 -9.7976 0.0114 0.8611 -0.0065 0.5082
10.0673 61.5192 -0.4901 -10.2874 0.0116 0.8614 -0.0074 0.5077
10.1711 62.3875 -0.5380 -10.7692 0.0117 0.8621 -0.0088 0.5066
10.2750 63.2727 -0.5896 -11.2459 0.0115 0.8634 -0.0098 0.5043
10.3789 64.1751 -0.6211 -11.7434 0.0112 0.8651 -0.0091 0.5015
10.4828 65.0427 -0.6880 -12.2472 0.0114 0.8666 -0.0067 0.4989
10.5865 65.9123 -0.7323 -12.7520 0.0100 0.8681 -0.0070 0.4962
10.6904 66.7525 -0.7805 -13.2693 0.0108 0.8696 -0.0076 0.4936
10.7941 67.5803 -0.8152 -13.7866 0.0116 0.8710 -0.0085 0.4911
10.8980 68.4365 -0.8625 -14.2844 0.0114 0.8724 -0.0094 0.4885
11.0017 69.2673 -0.9067 -14.7723 0.0113 0.8736 -0.0101 0.4863
11.1054 70.0850 -0.9698 -15.3029 0.0108 0.8745 -0.0098 0.4848
11.2091 70.9400 -1.0136 -15.8328 0.0095 0.8752 -0.0057 0.4836
11.3129 71.7450 -1.0334 -16.3450 0.0078 0.8758 -0.0013 0.4827
11.4166 72.5755 -1.0599 -16.8617 0.0074 0.8763 0.0005 0.4816
11.5204 73.4116 -1.1111 -17.3575 0.0080 0.8766 -0.0022 0.4812
11.6240 74.1834 -1.1568 -17.8714 0.0095 0.8770 -0.0046 0.4803
11.7278 75.0032 -1.1870 -18.3988 0.0129 0.8772 -0.0041 0.4799
11.8315 75.7851 -1.2240 -18.9166 0.0142 0.8771 -0.0027 0.4801
11.9353 76.5749 -1.2552 -19.4257 0.0132 0.8771 -0.0013 0.4802
12.0389 77.4111 -1.2894 -19.9349 0.0113 0.8768 0.0001 0.4807
12.1426 78.1842 -1.3034 -20.4380 0.0095 0.8766 0.0024 0.4811
12.2464 79.0287 -1.3352 -20.9582 0.0050 0.8764 0.0011 0.4815
12.3501 79.7992 -1.3693 -21.4210 0.0007 0.8761 -0.0006 0.4822
12.4539 80.5981 -1.3805 -21.9232 0.0020 0.8756 0.0009 0.4830
12.5576 81.4152 -1.4050 -22.4353 0.0044 0.8746 0.0020 0.4849
12.6614 82.2341 -1.4374 -22.8996 0.0055 0.8731 0.0007 0.4875
12.7651 83.0126 -1.4525 -23.3873 0.0072 0.8709 0.0023 0.4915
12.8688 83.8419 -1.4865 -23.9012 0.0101 0.8684 0.0047 0.4957
12.9724 84.5874 -1.4980 -24.3241 0.0100 0.8657 0.0044 0.5004
13.0762 85.4172 -1.5189 -24.7915 0.0080 0.8624 0.0037 0.5061
13.1799 86.2645 -1.5447 -25.2226 0.0078 0.8592 0.0059 0.5115
13.2837 87.0635 -1.5572 -25.6349 0.0072 0.8558 0.0064 0.5172
13.3874 87.9236 -1.5819 -26.0541 0.0068 0.8522 0.0065 0.5231
13.4911 88.7633 -1.5960 -26.4586 0.0085 0.8486 0.0073 0.5289
13.5949 89.5703 -1.6169 -26.8423 0.0090 0.8451 0.0056 0.5346
13.6988 90.4294 -1.6366 -27.2264 0.0126 0.8417 0.0021 0.5398
13.8025 91.2737 -1.6644 -27.5758 0.0144 0.8379 0.0001 0.5457
13.9063 92.1046 -1.6882 -27.9456 0.0131 0.8344 0.0004 0.5511
14.0100 92.9756 -1.7367 -28.2783 0.0115 0.8307 0.0024 0.5566
14.1138 93.8327 -1.7694 -28.6113 0.0104 0.8276 0.0007 0.5612
14.2176 94.6981 -1.7859 -28.9427 0.0110 0.8255 -0.0030 0.5643
14.3215 95.5347 -1.8029 -29.2454 0.0111 0.8239 -0.0079 0.5665
14.4254 96.3783 -1.8518 -29.5464 0.0112 0.8229 -0.0101 0.5680
14.5293 97.2106 -1.9022 -29.8630 0.0108 0.8218 -0.0105 0.5695
14.6331 98.0489 -1.9574 -30.1670 0.0100 0.8203 -0.0109 0.5717
14.7369 98.9133 -1.9884 -30.4661 0.0080 0.8187 -0.0102 0.5741
14.8408 99.7796 -2.0273 -30.7722 0.0072 0.8171 -0.0083 0.5764
14.9445 100.6227 -2.0707 -31.0503 0.0059 0.8154 -0.0076 0.5789
15.0483 101.4879 -2.1075 -31.3169 0.0041 0.8135 -0.0092 0.5815
15.1520 102.3500 -2.1402 -31.5978 -0.0003 0.8115 -0.0143 0.5842
15.2558 103.2028 -2.1905 -31.8558 0.0026 0.8095 -0.0141 0.5870
15.3595 104.0390 -2.2290 -32.1229 0.0038 0.8072 -0.0148 0.5901
15.4633 104.8559 -2.2756 -32.3847 0.0024 0.8052 -0.0149 0.5928
15.5671 105.7598 -2.2933 -32.6274 0.0024 0.8031 -0.0124 0.5956
15.6709 106.6206 -2.3188 -32.8805 0.0020 0.8008 -0.0108 0.5988
15.7746 107.4932 -2.3681 -33.1222 0.0020 0.7987 -0.0128 0.6015
15.8784 108.3482 -2.4081 -33.3440 0.0023 0.7969 -0.0145 0.6040
15.9822 109.2030 -2.4239 -33.5758 0.0030 0.7946 -0.0145 0.6069
16.0861 110.0760 -2.4758 -33.8021 0.0024 0.7923 -0.0143 0.6100
16.1898 110.9464 -2.5216 -34.0045 0.0026 0.7899 -0.0135 0.6131
16.2935 111.8280 -2.5643 -34.2288 0.0043 0.7873 -0.0125 0.6164
16.3973 112.6593 -2.5917 -34.4231 0.0051 0.7855 -0.0118 0.6187
16.5010 113.5298 -2.6335 -34.6207 0.0028 0.7833 -0.0138 0.6215
16.6048 114.4208 -2.6631 -34.8087 0.0014 0.7813 -0.0144 0.6240
16.7086 115.2759 -2.6969 -34.9916 0.0030 0.7799 -0.0130 0.6257
16.8124 116.1478 -2.7417 -35.1775 0.0027 0.7784 -0.0128 0.6277
16.9162 117.0204 -2.7884 -35.3466 0.0031 0.7769 -0.0134 0.6295
17.0200 117.8847 -2.8274 -35.5337 0.0040 0.7751 -0.0113 0.6317
17.1238 118.7810 -2.8591 -35.7189 0.0063 0.7734 -0.0078 0.6339
17.2275 119.6648 -2.9074 -35.8885 0.0070 0.7717 -0.0061 0.6359
17.3314 120.5240 -2.9348 -36.0396 0.0072 0.7705 -0.0069 0.6374
17.4351 121.3816 -2.9677 -36.1952 0.0066 0.7691 -0.0088 0.6390
17.5390 122.2385 -2.9931 -36.3334 0.0072 0.7687 -0.0083 0.6396
17.6429 123.1101 -3.0394 -36.4825 0.0072 0.7684 -0.0078 0.6399
17.7466 124.0193 -3.0497 -36.6515 0.0064 0.7679 -0.0056 0.6405
17.8505 124.9066 -3.0914 -36.8051 0.0043 0.7676 -0.0040 0.6410
17.9543 125.7652 -3.1243 -36.9526 0.0048 0.7672 -0.0022 0.6414
18.0581 126.6155 -3.1528 -37.1047 0.0051 0.7668 -0.0046 0.6419
18.1619 127.4770 -3.2015 -37.2578 0.0061 0.7670 -0.0063 0.6416
18.2658 128.3568 -3.2050 -37.3981 0.0058 0.7669 -0.0063 0.6417
18.3696 129.1673 -3.2550 -37.5534 0.0044 0.7668 -0.0074 0.6418
18.4734 130.0420 -3.2789 -37.6915 0.0061 0.7665 -0.0050 0.6421
18.5772 130.9189 -3.3320 -37.8394 0.0051 0.7663 -0.0078 0.6425
18.6810 131.7550 -3.3451 -37.9780 0.0034 0.7662 -0.0115 0.6425
18.7849 132.6140 -3.4042 -38.1034 0.0019 0.7660 -0.0142 0.6427
18.8885 133.4134 -3.4277 -38.2313 0.0037 0.7659 -0.0148 0.6427
18.9924 134.2764 -3.4837 -38.3828 0.0045 0.7658 -0.0144 0.6429
19.0960 135.0992 -3.5262 -38.5153 0.0049 0.7652 -0.0151 0.6436
19.1999 135.9429 -3.5421 -38.6662 0.0069 0.7645 -0.0121 0.6445
19.3035 136.7483 -3.6058 -38.8230 0.0074 0.7635 -0.0091 0.6457
19.4074 137.5785 -3.6342 -38.9751 0.0069 0.7629 -0.0056 0.6464
19.5112 138.3938 -3.6726 -39.1036 0.0070 0.7618 -0.0047 0.6478
19.6148 139.1714 -3.7076 -39.2167 0.0083 0.7601 -0.0069 0.6497
19.7184 139.9434 -3.7636 -39.3366 0.0088 0.7581 -0.0085 0.6521
19.8221 140.7537 -3.7846 -39.4398 0.0083 0.7553 -0.0096 0.6552
19.9257 141.5213 -3.8006 -39.5646 0.0096 0.7522 -0.0053 0.6588
20.0294 142.3249 -3.8252 -39.6424 0.0124 0.7484 -0.0013 0.6632
20.1329 143.1351 -3.8676 -39.7071 0.0127 0.7436 -0.0026 0.6685
20.2366 143.9338 -3.9177 -39.7806 0.0123 0.7387 -0.0036 0.6739
20.3404 144.7476 -3.9410 -39.8545 0.0131 0.7341 -0.0028 0.6789
20.4440 145.5568 -3.9785 -39.8721 0.0145 0.7294 -0.0023 0.6839
20.5478 146.3302 -4.0145 -39.9190 0.0158 0.7243 -0.0052 0.6892
20.6515 147.0905 -4.0496 -39.9353 0.0179 0.7202 -0.0099 0.6935
20.7553 147.8594 -4.0901 -39.9111 0.0186 0.7153 -0.0155 0.6984
20.8591 148.5553 -4.1497 -39.9135 0.0181 0.7107 -0.0167 0.7031
20.9629 149.3676 -4.2009 -39.8975 0.0163 0.7065 -0.0156 0.7073
21.0668 150.1203 -4.2370 -39.8934 0.0158 0.7026 -0.0141 0.7112
21.1706 150.8992 -4.2939 -39.8419 0.0169 0.6993 -0.0176 0.7144
21.2745 151.6498 -4.3338 -39.8124 0.0178 0.6966 -0.0228 0.7169
21.3785 152.3646 -4.3967 -39.7844 0.0174 0.6955 -0.0254 0.7179
21.4825 153.1098 -4.4388 -39.7509 0.0157 0.6956 -0.0243 0.7178
21.5864 153.9028 -4.5301 -39.7192 0.0141 0.6962 -0.0219 0.7174
21.6904 154.6495 -4.5586 -39.7088 0.0135 0.6972 -0.0210 0.7164
21.7943 155.4324 -4.6256 -39.6651 0.0138 0.6983 -0.0206 0.7154
21.8983 156.1785 -4.6634 -39.6609 0.0140 0.6997 -0.0205 0.7140
22.0022 156.8757 -4.7168 -39.6418 0.0132 0.7016 -0.0203 0.7121
22.1061 157.6256 -4.7715 -39.6283 0.0125 0.7033 -0.0210 0.7104
22.2101 158.3769 -4.8081 -39.6211 0.0122 0.7053 -0.0204 0.7086
22.3139 159.1578 -4.8862 -39.6380 0.0120 0.7073 -0.0181 0.7065
22.4178 159.8861 -4.9179 -39.6360 0.0110 0.7093 -0.0193 0.7046
22.5215 160.5923 -4.9639 -39.6416 0.0118 0.7114 -0.0192 0.7024
22.6254 161.3338 -5.0084 -39.6561 0.0111 0.7128 -0.0218 0.7009
22.7292 162.0505 -5.0550 -39.6447 0.0120 0.7136 -0.0222 0.7001
22.8329 162.7733 -5.0916 -39.6772 0.0145 0.7142 -0.0209 0.6995
22.9365 163.4579 -5.1488 -39.6937 0.0137 0.7141 -0.0211 0.6996
23.0401 164.1605 -5.1844 -39.7063 0.0142 0.7128 -0.0178 0.7010
23.1438 164.8873 -5.2455 -39.7001 0.0141 0.7103 -0.0175 0.7036
23.2474 165.5788 -5.2956 -39.6942 0.0144 0.7064 -0.0178 0.7074
23.3510 166.2439 -5.3376 -39.6686 0.0152 0.7014 -0.0174 0.7124
23.4547 166.9405 -5.3736 -39.6475 0.0153 0.6960 -0.0153 0.7177
23.5583 167.6237 -5.4240 -39.5943 0.0123 0.6901 -0.0153 0.7235
23.6620 168.3251 -5.4493 -39.5302 0.0093 0.6841 -0.0138 0.7292
23.7657 169.0218 -5.4789 -39.4684 0.0067 0.6779 -0.0115 0.7350
23.8694 169.6919 -5.5058 -39.3664 0.0035 0.6716 -0.0095 0.7408
23.9730 170.3208 -5.5440 -39.2838 0.0013 0.6654 -0.0070 0.7465
24.0768 171.0071 -5.5665 -39.1963 0.0006 0.6583 -0.0059 0.7527
24.1805 171.6413 -5.5979 -39.0774 -0.0001 0.6516 -0.0062 0.7585
24.2842 172.2804 -5.6112 -38.9572 -0.0004 0.6450 -0.0059 0.7642
24.3879 172.9142 -5.6195 -38.8297 -0.0036 0.6385 -0.0085 0.7695
24.4916 173.5442 -5.6362 -38.6711 -0.0053 0.6329 -0.0072 0.7742
24.5954 174.1759 -5.6526 -38.5327 -0.0054 0.6280 -0.0043 0.7782
24.6993 174.7945 -5.6678 -38.3915 -0.0051 0.6236 -0.0032 0.7817
24.8031 175.3961 -5.6844 -38.2197 -0.0054 0.6198 -0.0054 0.7848
24.9068 175.9830 -5.7235 -38.0577 -0.0047 0.6160 -0.0095 0.7877
25.0105 176.5705 -5.7329 -37.8909 0.0001 0.6123 -0.0118 0.7906
25.1143 177.1776 -5.7230 -37.7364 0.0043 0.6088 -0.0128 0.7932
25.2180 177.7646 -5.7613 -37.5738 0.0035 0.6059 -0.0128 0.7954
25.3218 178.3798 -5.7733 -37.3575 0.0002 0.6037 -0.0105 0.7971
25.4255 178.9770 -5.8000 -37.1804 -0.0062 0.6019 -0.0087 0.7985
25.5294 179.5858 -5.8209 -37.0152 -0.0100 0.6010 -0.0060 0.7992
25.6332 180.1782 -5.8338 -36.8319 -0.0090 0.6008 -0.0047 0.7994
25.7370 180.7916 -5.8316 -36.6666 -0.0068 0.6001 -0.0043 0.7998
25.8408 181.4380 -5.8396 -36.4789 -0.0057 0.5996 -0.0037 0.8003
25.9445 182.0268 -5.8281 -36.2955 -0.0068 0.5987 -0.0032 0.8009
26.0481 182.6173 -5.8434 -36.0905 -0.0088 0.5978 -0.0022 0.8016
26.1519 183.2531 -5.8561 -35.9017 -0.0108 0.5963 -0.0005 0.8027
26.2555 183.8871 -5.8598 -35.7073 -0.0117 0.5945 0.0008 0.8040
26.3591 184.4900 -5.8464 -35.5282 -0.0116 0.5920 0.0019 0.8058
26.4628 185.1223 -5.8520 -35.3101 -0.0128 0.5884 0.0031 0.8085
26.5666 185.7510 -5.8547 -35.0985 -0.0129 0.5844 0.0042 0.8114
26.6703 186.3463 -5.8569 -34.8810 -0.0125 0.5796 0.0035 0.8148
26.7739 186.9567 -5.8557 -34.6598 -0.0118 0.5746 0.0020 0.8184
26.8777 187.5761 -5.8524 -34.4184 -0.0106 0.5697 0.0006 0.8218
26.9813 188.1767 -5.8363 -34.1541 -0.0101 0.5645 0.0007 0.8254
27.0850 188.8004 -5.8431 -33.8849 -0.0111 0.5595 0.0016 0.8287
27.1888 189.4192 -5.8512 -33.6194 -0.0120 0.5546 0.0023 0.8320
27.2925 190.0510 -5.8354 -33.3195 -0.0134 0.5496 0.0016 0.8353
27.3963 190.6585 -5.8115 -33.0457 -0.0152 0.5453 0.0010 0.8381
27.5000 191.3229 -5.8113 -32.7388 -0.0168 0.5419 -0.0007 0.8403
27.6039 191.9337 -5.8036 -32.4365 -0.0176 0.5398 0.0003 0.8416
27.7078 192.5969 -5.8121 -32.1390 -0.0184 0.5390 0.0023 0.8421
27.8117 193.2383 -5.7892 -31.8411 -0.0163 0.5388 0.0030 0.8423
27.9155 193.8983 -5.7900 -31.5331 -0.0156 0.5392 0.0037 0.8420
28.0194 194.5580 -5.7819 -31.2297 -0.0134 0.5396 0.0043 0.8418
28.1233 195.2218 -5.7536 -30.9247 -0.0131 0.5395 0.0053 0.8419
28.2272 195.9089 -5.7385 -30.6041 -0.0139 0.5399 0.0079 0.8416
28.3309 196.5832 -5.7311 -30.2905 -0.0150 0.5403 0.0093 0.8413
28.4348 197.2742 -5.7183 -29.9861 -0.0158 0.5410 0.0102 0.8408
28.5387 197.9552 -5.7062 -29.6672 -0.0162 0.5418 0.0101 0.8403
28.6424 198.6433 -5.6950 -29.3421 -0.0168 0.5426 0.0099 0.8398
28.7462 199.3399 -5.6823 -29.0289 -0.0167 0.5435 0.0094 0.8392
28.8499 200.0170 -5.6758 -28.7289 -0.0148 0.5439 0.0088 0.8390
28.9538 200.7023 -5.6813 -28.4355 -0.0129 0.5441 0.0065 0.8389
29.0575 201.3587 -5.6616 -28.1211 -0.0121 0.5446 0.0053 0.8386
29.1613 202.0586 -5.6523 -27.7992 -0.0135 0.5454 0.0059 0.8381
29.2649 202.7448 -5.6419 -27.5017 -0.0160 0.5458 0.0063 0.8377
29.3686 203.4502 -5.6356 -27.1810 -0.0170 0.5472 0.0048 0.8368
29.4725 204.1085 -5.6291 -26.8847 -0.0181 0.5492 0.0038 0.8355
29.5763 204.8002 -5.6187 -26.5911 -0.0188 0.5524 0.0040 0.8334
29.6802 205.5022 -5.5976 -26.3174 -0.0185 0.5561 0.0044 0.8309
29.7839 206.1892 -5.5929 -26.0434 -0.0171 0.5603 0.0050 0.8281
29.8878 206.8628 -5.5981 -25.7745 -0.0162 0.5652 0.0034 0.8248
29.9917 207.5563 -5.5728 -25.5173 -0.0165 0.5703 0.0032 0.8212
30.0955 208.2642 -5.5451 -25.2691 -0.0178 0.5753 0.0063 0.8177
30.1993 208.9830 -5.5461 -25.0354 -0.0199 0.5786 0.0096 0.8153
30.3030 209.6733 -5.5237 -24.8082 -0.0222 0.5816 0.0115 0.8131
30.4068 210.3985 -5.5029 -24.5705 -0.0247 0.5837 0.0105 0.8115
30.5104 211.1074 -5.4827 -24.3208 -0.0254 0.5847 0.0109 0.8108
30.6140 211.8004 -5.4441 -24.0797 -0.0251 0.5852 0.0119 0.8104
30.7178 212.5051 -5.4418 -23.8542 -0.0252 0.5859 0.0112 0.8099
30.8214 213.1914 -5.4066 -23.6289 -0.0252 0.5861 0.0101 0.8098
30.9252 213.9397 -5.3850 -23.3796 -0.0255 0.5858 0.0099 0.8100
31.0288 214.6580 -5.3575 -23.1202 -0.0261 0.5853 0.0102 0.8104
31.1325 215.3796 -5.3177 -22.8666 -0.0265 0.5846 0.0108 0.8108
31.2363 216.1289 -5.3035 -22.6372 -0.0257 0.5837 0.0125 0.8115
31.3401 216.8461 -5.2759 -22.3935 -0.0258 0.5825 0.0134 0.8123
31.4437 217.5785 -5.2566 -22.1170 -0.0273 0.5808 0.0128 0.8135
31.5474 218.3050 -5.2028 -21.8699 -0.0293 0.5787 0.0139 0.8149
31.6510 219.0340 -5.1630 -21.5843 -0.0314 0.5763 0.0147 0.8165
31.7548 219.7688 -5.1485 -21.3199 -0.0325 0.5744 0.0139 0.8178
31.8585 220.5090 -5.1149 -21.0235 -0.0322 0.5727 0.0125 0.8190
31.9623 221.2320 -5.0919 -20.7401 -0.0324 0.5708 0.0084 0.8204
32.0660 221.9572 -5.0555 -20.4558 -0.0327 0.5687 0.0062 0.8219
32.1696 222.6968 -5.0078 -20.1706 -0.0329 0.5668 0.0065 0.8232
32.2734 223.4229 -4.9855 -19.8788 -0.0328 0.5651 0.0058 0.8244
32.3772 224.1679 -4.9483 -19.5832 -0.0323 0.5634 0.0039 0.8255
32.4809 224.8925 -4.9311 -19.2675 -0.0322 0.5613 0.0036 0.8270
32.5845 225.6482 -4.8863 -18.9740 -0.0324 0.5594 0.0048 0.8283
32.6883 226.4105 -4.8544 -18.6526 -0.0311 0.5575 0.0063 0.8295
32.7919 227.1359 -4.8298 -18.3462 -0.0301 0.5553 0.0068 0.8311
32.8957 227.8405 -4.8195 -18.0332 -0.0304 0.5535 0.0049 0.8323
32.9994 228.5884 -4.7734 -17.7108 -0.0316 0.5516 0.0046 0.8335
33.1032 229.3257 -4.7372 -17.3996 -0.0329 0.5495 0.0039 0.8348
33.2068 230.0362 -4.7202 -17.0648 -0.0312 0.5476 0.0040 0.8362
33.3105 230.7519 -4.7089 -16.7356 -0.0285 0.5458 0.0017 0.8374
33.4143 231.4745 -4.6814 -16.4047 -0.0275 0.5444 -0.0015 0.8384
33.5182 232.1898 -4.6308 -16.0654 -0.0308 0.5429 -0.0033 0.8392
33.6218 232.9231 -4.6155 -15.7359 -0.0349 0.5419 0.0000 0.8397
33.7255 233.6690 -4.5850 -15.4094 -0.0389 0.5411 0.0051 0.8401
33.8293 234.3679 -4.5471 -15.0787 -0.0435 0.5404 0.0065 0.8403
33.9331 235.0999 -4.4945 -14.7508 -0.0441 0.5396 0.0086 0.8407
34.0367 235.8095 -4.4537 -14.4017 -0.0433 0.5381 0.0052 0.8418
34.1404 236.5185 -4.4294 -14.0670 -0.0401 0.5364 0.0042 0.8430
34.2440 237.2533 -4.3879 -13.6976 -0.0383 0.5342 0.0022 0.8445
34.3478 237.9695 -4.3463 -13.3534 -0.0369 0.5322 0.0023 0.8458
34.4515 238.6990 -4.3114 -12.9941 -0.0358 0.5304 0.0016 0.8470
34.5552 239.4155 -4.2849 -12.6482 -0.0360 0.5286 0.0025 0.8481
34.6589 240.1229 -4.2331 -12.2959 -0.0367 0.5271 0.0057 0.8490
34.7625 240.8428 -4.1951 -11.9361 -0.0387 0.5257 0.0081 0.8498
34.8663 241.5768 -4.1527 -11.5574 -0.0405 0.5244 0.0108 0.8504
34.9700 242.2960 -4.1006 -11.2015 -0.0423 0.5237 0.0122 0.8508
35.0739 243.0321 -4.0259 -10.8261 -0.0438 0.5229 0.0160 0.8511
35.1776 243.7721 -3.9820 -10.4310 -0.0444 0.5223 0.0162 0.8515
35.2813 244.4656 -3.9295 -10.0492 -0.0430 0.5213 0.0111 0.8522
35.3850 245.1930 -3.8939 -9.6771 -0.0385 0.5208 0.0052 0.8528
35.4887 245.8819 -3.8486 -9.3202 -0.0347 0.5206 0.0029 0.8531
35.5924 246.6202 -3.8190 -8.9369 -0.0357 0.5206 0.0026 0.8530
35.6962 247.3423 -3.7689 -8.5465 -0.0385 0.5207 0.0051 0.8528
35.7998 248.0811 -3.7447 -8.1801 -0.0389 0.5199 0.0055 0.8533
35.9035 248.7841 -3.6898 -7.7987 -0.0376 0.5193 0.0063 0.8537
36.0072 249.5152 -3.6626 -7.4160 -0.0370 0.5188 0.0077 0.8541
36.1109 250.2481 -3.6119 -7.0256 -0.0388 0.5178 0.0090 0.8546
36.2145 250.9658 -3.5631 -6.6508 -0.0402 0.5175 0.0100 0.8547
36.3183 251.6718 -3.5139 -6.2780 -0.0403 0.5171 0.0091 0.8549
36.4220 252.3576 -3.4861 -5.8989 -0.0383 0.5166 0.0087 0.8554
36.5258 253.1049 -3.4381 -5.4974 -0.0377 0.5160 0.0075 0.8557
36.6295 253.8514 -3.3893 -5.1124 -0.0377 0.5149 0.0097 0.8564
36.7333 254.5313 -3.3396 -4.7294 -0.0388 0.5132 0.0102 0.8573
36.8370 255.2400 -3.2961 -4.3487 -0.0396 0.5116 0.0110 0.8583
36.9408 255.9785 -3.2597 -3.9453 -0.0392 0.5098 0.0115 0.8593
37.0445 256.7128 -3.2137 -3.5235 -0.0389 0.5078 0.0108 0.8605
37.1483 257.4076 -3.1650 -3.1147 -0.0386 0.5055 0.0083 0.8619
37.2520 258.1187 -3.1209 -2.6970 -0.0366 0.5032 0.0078 0.8634
37.3557 258.8273 -3.0923 -2.2729 -0.0347 0.4995 0.0087 0.8656
37.4594 259.5456 -3.0448 -1.8403 -0.0337 0.4951 0.0096 0.8681
37.5630 260.2322 -3.0098 -1.4332 -0.0323 0.4901 0.0119 0.8710
37.6667 260.9561 -2.9775 -0.9896 -0.0317 0.4834 0.0128 0.8747
37.7703 261.6226 -2.9293 -0.5350 -0.0324 0.4769 0.0130 0.8783
37.8740 262.2987 -2.8891 -0.0640 -0.0341 0.4700 0.0151 0.8819
37.9778 262.9896 -2.8416 0.4237 -0.0356 0.4632 0.0164 0.8854
38.0815 263.6355 -2.7920 0.9402 -0.0368 0.4575 0.0151 0.8883
38.1853 264.2955 -2.7496 1.4355 -0.0368 0.4526 0.0119 0.8909
38.2892 264.9529 -2.6965 1.9324 -0.0372 0.4493 0.0091 0.8926
38.3932 265.6143 -2.6556 2.4230 -0.0384 0.4483 0.0060 0.8930
38.4972 266.2727 -2.6166 2.9138 -0.0389 0.4498 0.0026 0.8923
38.6012 266.9036 -2.5818 3.4158 -0.0389 0.4536 -0.0015 0.8903
38.7052 267.5779 -2.5331 3.8940 -0.0382 0.4589 -0.0049 0.8877
38.8093 268.2337 -2.5043 4.3545 -0.0359 0.4645 -0.0035 0.8848
38.9133 268.9358 -2.4819 4.8264 -0.0362 0.4700 -0.0013 0.8819
39.0172 269.6192 -2.4343 5.2797 -0.0373 0.4752 -0.0025 0.8791
39.1212 270.3131 -2.4125 5.7086 -0.0374 0.4798 -0.0014 0.8766
39.2250 271.0161 -2.3877 6.1344 -0.0359 0.4843 -0.0007 0.8741
39.3289 271.7025 -2.3514 6.5605 -0.0344 0.4889 -0.0000 0.8716
39.4327 272.4320 -2.3194 7.0001 -0.0344 0.4926 -0.0017 0.8696
39.5364 273.1291 -2.2837 7.4249 -0.0354 0.4958 -0.0021 0.8677
39.6402 273.8420 -2.2416 7.8467 -0.0378 0.4983 -0.0021 0.8662
39.7438 274.5656 -2.1978 8.2673 -0.0414 0.5005 -0.0015 0.8647
39.8476 275.2962 -2.1595 8.6718 -0.0431 0.5026 -0.0010 0.8634
39.9513 276.0104 -2.1219 9.1082 -0.0430 0.5043 -0.0020 0.8624
40.0550 276.7272 -2.0668 9.4977 -0.0403 0.5054 -0.0053 0.8620
40.1587 277.4130 -2.0738 9.9159 -0.0366 0.5065 -0.0099 0.8614
40.2624 278.1516 -2.0378 10.3364 -0.0335 0.5070 -0.0123 0.8612
40.3662 278.8975 -2.0068 10.7400 -0.0339 0.5075 -0.0129 0.8609
40.4699 279.6371 -1.9676 11.1634 -0.0352 0.5079 -0.0122 0.8606
40.5735 280.3802 -1.9483 11.5803 -0.0361 0.5084 -0.0108 0.8603
40.6773 281.1079 -1.9249 11.9870 -0.0363 0.5080 -0.0093 0.8605
40.7810 281.8605 -1.8874 12.3850 -0.0371 0.5071 -0.0080 0.8611
40.8848 282.6175 -1.8637 12.8142 -0.0375 0.5054 -0.0080 0.8620
40.9884 283.3481 -1.8259 13.2487 -0.0371 0.5037 -0.0071 0.8630
41.0922 284.0843 -1.7970 13.6776 -0.0375 0.5019 -0.0077 0.8641
41.1958 284.8375 -1.7577 14.1238 -0.0381 0.5002 -0.0083 0.8650
41.2994 285.5960 -1.7240 14.5805 -0.0374 0.4981 -0.0088 0.8663
41.4032 286.3420 -1.7026 15.0432 -0.0350 0.4957 -0.0084 0.8678
41.5068 287.0848 -1.6832 15.4934 -0.0330 0.4933 -0.0089 0.8692
41.6105 287.8346 -1.6585 15.9450 -0.0321 0.4900 -0.0089 0.8711
41.7142 288.5854 -1.6236 16.4377 -0.0326 0.4859 -0.0085 0.8734
41.8179 289.3535 -1.5867 16.9143 -0.0355 0.4825 -0.0084 0.8751
41.9215 290.0999 -1.5473 17.4279 -0.0389 0.4791 -0.0076 0.8769
42.0253 290.8308 -1.4990 17.9113 -0.0422 0.4756 -0.0069 0.8786
42.1289 291.5754 -1.4554 18.3862 -0.0443 0.4719 -0.0065 0.8805
42.2327 292.3163 -1.4269 18.9237 -0.0434 0.4678 -0.0074 0.8827
42.3363 293.0529 -1.3859 19.4353 -0.0400 0.4638 -0.0093 0.8850
42.4400 293.7926 -1.3429 19.9825 -0.0361 0.4597 -0.0113 0.8873
42.5438 294.5274 -1.3121 20.5174 -0.0322 0.4560 -0.0103 0.8893
42.6474 295.2656 -1.2881 21.0541 -0.0290 0.4523 -0.0092 0.8913
42.7512 296.0223 -1.2753 21.5903 -0.0280 0.4486 -0.0061 0.8933
42.8548 296.7517 -1.2471 22.1419 -0.0295 0.4445 -0.0031 0.8953
42.9585 297.4767 -1.2091 22.7147 -0.0315 0.4407 0.0011 0.8971
43.0623 298.2093 -1.1787 23.2877 -0.0333 0.4365 0.0029 0.8991
43.1661 298.9231 -1.1378 23.8907 -0.0340 0.4330 0.0036 0.9007
43.2698 299.6327 -1.1019 24.5056 -0.0353 0.4293 0.0018 0.9025
43.3736 300.3664 -1.0391 25.0840 -0.0371 0.4257 0.0003 0.9041
43.4773 301.0638 -0.9963 25.7228 -0.0375 0.4231 0.0024 0.9053
43.5810 301.7757 -0.9428 26.3327 -0.0372 0.4205 0.0025 0.9065
43.6849 302.5057 -0.9266 26.9401 -0.0352 0.4181 0.0020 0.9077
43.7887 303.2110 -0.8622 27.5604 -0.0330 0.4151 0.0011 0.9092
43.8924 303.9193 -0.8431 28.1745 -0.0331 0.4125 0.0016 0.9104
43.9961 304.6190 -0.7680 28.8360 -0.0356 0.4101 0.0014 0.9114
44.1000 305.3088 -0.7189 29.4906 -0.0379 0.4080 0.0026 0.9122
44.2036 306.0496 -0.6760 30.1356 -0.0377 0.4050 0.0023 0.9136
44.3073 306.7307 -0.6337 30.7763 -0.0367 0.4027 -0.0003 0.9146
44.4110 307.4123 -0.6110 31.4291 -0.0343 0.3999 -0.0018 0.9159
44.5148 308.1053 -0.5531 32.0719 -0.0323 0.3974 0.0008 0.9171
44.6185 308.8069 -0.5324 32.7383 -0.0323 0.3950 0.0026 0.9181
44.7223 309.4843 -0.4899 33.3849 -0.0316 0.3923 0.0048 0.9193
44.8262 310.1702 -0.4518 34.0840 -0.0303 0.3890 0.0072 0.9207
44.9298 310.8419 -0.4110 34.7512 -0.0296 0.3862 0.0098 0.9219
45.0335 311.5359 -0.3644 35.4123 -0.0306 0.3839 0.0099 0.9228
45.1373 312.2037 -0.3203 36.1040 -0.0312 0.3817 0.0094 0.9237
45.2410 312.8633 -0.2993 36.7751 -0.0303 0.3794 0.0092 0.9247
45.3448 313.5110 -0.2261 37.4518 -0.0305 0.3769 0.0082 0.9257
45.4485 314.1781 -0.2291 38.1590 -0.0300 0.3745 0.0101 0.9267
45.5523 314.8237 -0.1614 38.8267 -0.0309 0.3711 0.0102 0.9280
45.6562 315.4784 -0.1377 39.5137 -0.0296 0.3690 0.0102 0.9289
45.7599 316.1121 -0.0763 40.2142 -0.0290 0.3662 0.0121 0.9300
45.8637 316.7594 -0.0529 40.9080 -0.0309 0.3638 0.0117 0.9309
45.9674 317.3726 0.0137 41.6179 -0.0323 0.3623 0.0112 0.9315
46.0713 317.9885 0.0461 42.3221 -0.0343 0.3605 0.0082 0.9321
46.1750 318.6249 0.1219 43.0433 -0.0359 0.3593 0.0113 0.9325
46.2788 319.2302 0.1446 43.7186 -0.0361 0.3581 0.0113 0.9329
46.3827 319.8401 0.1921 44.4170 -0.0334 0.3570 0.0115 0.9334
46.4865 320.4530 0.2293 45.1245 -0.0302 0.3564 0.0088 0.9338
46.5904 321.0873 0.2737 45.8241 -0.0300 0.3566 0.0094 0.9337
46.6942 321.7158 0.3142 46.5344 -0.0315 0.3574 0.0095 0.9334
46.7981 322.3285 0.3562 47.2637 -0.0327 0.3581 0.0117 0.9330
46.9019 322.9962 0.4064 47.9817 -0.0339 0.3595 0.0115 0.9325
47.0058 323.6217 0.4600 48.6704 -0.0336 0.3619 0.0112 0.9316
47.1097 324.2698 0.4999 49.3807 -0.0329 0.3648 0.0083 0.9305
47.2136 324.9405 0.5427 50.0894 -0.0309 0.3679 0.0079 0.9293
47.3174 325.5864 0.5806 50.7942 -0.0303 0.3716 0.0068 0.9279
47.4212 326.2622 0.6384 51.4719 -0.0305 0.3754 0.0063 0.9264
47.5251 326.9502 0.6658 52.1743 -0.0306 0.3792 0.0067 0.9248
47.6288 327.6181 0.7236 52.8522 -0.0327 0.3829 0.0056 0.9232
47.7327 328.3084 0.7661 53.5475 -0.0359 0.3871 0.0064 0.9213
47.8364 329.0034 0.8346 54.2162 -0.0387 0.3912 0.0065 0.9195
47.9402 329.6933 0.8715 54.9081 -0.0387 0.3953 0.0046 0.9177
48.0439 330.3929 0.9037 55.5439 -0.0360 0.3986 0.0027 0.9164
48.1477 331.1050 0.9463 56.2001 -0.0333 0.4022 0.0020 0.9149
48.2514 331.8252 0.9891 56.8817 -0.0332 0.4058 0.0028 0.9133
48.3550 332.5606 1.0371 57.5243 -0.0337 0.4087 0.0033 0.9121
48.4588 333.2909 1.0990 58.1854 -0.0344 0.4118 0.0034 0.9106
48.5626 334.0553 1.1369 58.8158 -0.0352 0.4140 0.0039 0.9096
48.6662 334.7900 1.1900 59.4872 -0.0363 0.4167 0.0035 0.9083
48.7699 335.5365 1.2455 60.1532 -0.0372 0.4192 0.0029 0.9071
48.8736 336.2979 1.2954 60.8134 -0.0380 0.4214 0.0015 0.9061
48.9773 337.0313 1.3441 61.4378 -0.0384 0.4236 0.0003 0.9050
49.0809 337.8268 1.3868 62.0931 -0.0386 0.4255 -0.0003 0.9041
49.1847 338.5924 1.4362 62.7384 -0.0387 0.4276 -0.0008 0.9031
49.2883 339.3995 1.4872 63.3882 -0.0388 0.4295 -0.0009 0.9022
49.3920 340.1798 1.5402 64.0391 -0.0391 0.4313 -0.0016 0.9014
49.4958 340.9527 1.5882 64.6631 -0.0394 0.4331 -0.0014 0.9005
49.5994 341.7643 1.6375 65.3229 -0.0405 0.4347 -0.0023 0.8996
49.7032 342.5635 1.6849 65.9623 -0.0411 0.4366 -0.0019 0.8987
49.8068 343.3411 1.7313 66.5618 -0.0411 0.4380 -0.0024 0.8980
49.9106 344.1203 1.7742 67.1795 -0.0404 0.4398 -0.0029 0.8972
50.0142 344.9470 1.8263 67.8101 -0.0400 0.4408 -0.0027 0.8967
50.1180 345.7190 1.8807 68.4302 -0.0409 0.4416 -0.0002 0.8963
50.2216 346.5416 1.9504 69.0441 -0.0437 0.4417 0.0035 0.8961
50.3253 347.3188 2.0180 69.6478 -0.0452 0.4422 0.0054 0.8957
50.4290 348.1408 2.0695 70.2691 -0.0446 0.4423 0.0061 0.8957
50.5327 348.9360 2.1147 70.8854 -0.0413 0.4429 0.0054 0.8956
50.6365 349.7230 2.1676 71.4964 -0.0383 0.4435 0.0038 0.8955
50.7402 350.5227 2.2216 72.1136 -0.0365 0.4440 0.0044 0.8953
50.8440 351.3413 2.2789 72.7323 -0.0369 0.4444 0.0052 0.8951
50.9476 352.1256 2.3212 73.3372 -0.0377 0.4449 0.0076 0.8947
51.0512 352.9536 2.3908 73.9394 -0.0388 0.4453 0.0096 0.8945
51.1549 353.7721 2.4463 74.5703 -0.0400 0.4454 0.0107 0.8944
51.2586 354.5788 2.5090 75.1732 -0.0403 0.4456 0.0110 0.8943
51.3623 355.3893 2.5543 75.7920 -0.0391 0.4458 0.0110 0.8942
51.4659 356.1874 2.6085 76.4079 -0.0378 0.4458 0.0113 0.8943
51.5697 356.9907 2.6606 77.0114 -0.0374 0.4456 0.0124 0.8944
51.6733 357.7930 2.7484 77.6222 -0.0382 0.4457 0.0140 0.8943
51.7769 358.5923 2.7974 78.2300 -0.0385 0.4460 0.0145 0.8941
51.8807 359.4018 2.8544 78.8420 -0.0374 0.4463 0.0151 0.8940
51.9843 360.2420 2.8998 79.4557 -0.0371 0.4463 0.0140 0.8940
52.0881 361.0219 2.9696 80.0678 -0.0371 0.4467 0.0147 0.8938
52.1917 361.8377 3.0441 80.6768 -0.0371 0.4465 0.0162 0.8939
52.2954 362.6378 3.0914 81.2690 -0.0372 0.4463 0.0175 0.8939
52.3992 363.4502 3.1467 81.8896 -0.0365 0.4462 0.0202 0.8940
52.5029 364.2539 3.2116 82.4925 -0.0362 0.4460 0.0227 0.8940
52.6067 365.0437 3.2860 83.0941 -0.0355 0.4458 0.0254 0.8941
52.7104 365.8441 3.3281 83.6975 -0.0351 0.4454 0.0278 0.8942
52.8142 366.6521 3.4037 84.2918 -0.0352 0.4447 0.0292 0.8945
52.9179 367.4474 3.4696 84.8989 -0.0354 0.4441 0.0308 0.8947
53.0217 368.2227 3.5352 85.4779 -0.0353 0.4433 0.0329 0.8951
53.1254 368.9939 3.5909 86.0876 -0.0357 0.4428 0.0328 0.8953
53.2292 369.7633 3.6714 86.6928 -0.0360 0.4419 0.0328 0.8957
53.3329 370.5055 3.7323 87.2500 -0.0358 0.4413 0.0339 0.8960
53.4365 371.2557 3.8080 87.8309 -0.0366 0.4407 0.0348 0.8962
53.5403 371.9796 3.8613 88.4045 -0.0386 0.4399 0.0359 0.8965
53.6441 372.6796 3.9261 88.9518 -0.0415 0.4399 0.0374 0.8963
53.7478 373.3698 4.0051 89.5110 -0.0451 0.4399 0.0370 0.8961
53.8516 374.0634 4.0732 90.0630 -0.0482 0.4401 0.0340 0.8960
53.9553 374.7160 4.1540 90.5893 -0.0500 0.4403 0.0315 0.8959
54.0590 375.3359 4.2190 91.0877 -0.0510 0.4406 0.0302 0.8957
54.1628 376.0204 4.3074 91.6232 -0.0525 0.4409 0.0271 0.8956
54.2666 376.6322 4.3618 92.1119 -0.0526 0.4414 0.0250 0.8954
54.3702 377.2738 4.4396 92.6214 -0.0526 0.4417 0.0237 0.8953
54.4739 377.8919 4.5004 93.0961 -0.0515 0.4419 0.0252 0.8952
54.5776 378.5038 4.5696 93.5519 -0.0513 0.4422 0.0252 0.8951
54.6813 379.1035 4.6512 94.0159 -0.0522 0.4429 0.0234 0.8947
54.7851 379.7065 4.7039 94.4770 -0.0526 0.4449 0.0231 0.8938
54.8888 380.2516 4.7800 94.9210 -0.0537 0.4473 0.0224 0.8925
54.9927 380.8374 4.8364 95.3473 -0.0543 0.4503 0.0226 0.8909
55.0964 381.4068 4.9014 95.7825 -0.0538 0.4536 0.0221 0.8893
55.2002 382.0008 4.9543 96.1927 -0.0529 0.4570 0.0194 0.8877
55.3040 382.5650 5.0065 96.5957 -0.0523 0.4605 0.0151 0.8860
55.4078 383.1558 5.0695 97.0215 -0.0515 0.4653 0.0133 0.8836
55.5117 383.7483 5.1373 97.4052 -0.0536 0.4706 0.0119 0.8807
55.6154 384.3414 5.2123 97.7923 -0.0554 0.4755 0.0134 0.8779
55.7192 384.9631 5.2769 98.2044 -0.0581 0.4807 0.0143 0.8749
55.8229 385.5835 5.3559 98.5573 -0.0602 0.4853 0.0154 0.8721
55.9267 386.2117 5.4139 98.9109 -0.0605 0.4901 0.0159 0.8694
56.0304 386.8270 5.4793 99.2734 -0.0599 0.4948 0.0162 0.8668
56.1341 387.4933 5.5459 99.6680 -0.0573 0.4989 0.0166 0.8646
56.2378 388.1036 5.6048 100.0057 -0.0541 0.5018 0.0179 0.8631
56.3416 388.7487 5.6699 100.3588 -0.0523 0.5050 0.0199 0.8613
56.4453 389.4227 5.7303 100.7394 -0.0535 0.5073 0.0227 0.8598
56.5491 390.1399 5.8359 101.1199 -0.0579 0.5093 0.0281 0.8582
56.6529 390.8339 5.9385 101.5003 -0.0653 0.5110 0.0315 0.8565
56.7567 391.5451 6.0822 101.8410 -0.0701 0.5132 0.0348 0.8547
56.8604 392.2001 6.1455 102.2035 -0.0723 0.5153 0.0361 0.8532
56.9643 392.8958 6.2357 102.5747 -0.0731 0.5182 0.0351 0.8514
57.0681 393.5611 6.3314 102.9501 -0.0731 0.5204 0.0344 0.8501
57.1719 394.2716 6.4576 103.2907 -0.0735 0.5230 0.0369 0.8484
57.2756 394.9879 6.5734 103.6347 -0.0732 0.5259 0.0415 0.8464
57.3793 395.7196 6.7113 103.9778 -0.0744 0.5287 0.0435 0.8444
57.4831 396.4555 6.8151 104.3298 -0.0741 0.5312 0.0458 0.8427
57.5868 397.1429 6.9272 104.6634 -0.0745 0.5335 0.0448 0.8413
57.6906 397.8508 7.0478 104.9874 -0.0739 0.5363 0.0452 0.8396
57.7943 398.5580 7.1505 105.3086 -0.0731 0.5392 0.0461 0.8378
57.8982 399.2398 7.2672 105.6165 -0.0736 0.5431 0.0456 0.8352
58.0019 399.9846 7.3892 105.9279 -0.0738 0.5471 0.0453 0.8326
58.1058 400.6190 7.4828 106.1903 -0.0733 0.5513 0.0459 0.8298
58.2097 401.3541 7.6115 106.4791 -0.0744 0.5560 0.0452 0.8266
58.3134 402.0107 7.7219 106.7581 -0.0731 0.5601 0.0473 0.8238
58.4173 402.7134 7.8095 106.9846 -0.0727 0.5647 0.0471 0.8207
58.5211 403.4049 7.9022 107.2486 -0.0695 0.5696 0.0471 0.8176
58.6249 404.0902 7.9849 107.4973 -0.0686 0.5749 0.0413 0.8143
58.7287 404.7545 8.0850 107.7111 -0.0668 0.5816 0.0371 0.8099
58.8327 405.4197 8.1793 107.9512 -0.0655 0.5882 0.0339 0.8053
58.9366 406.0573 8.2706 108.1373 -0.0637 0.5954 0.0329 0.8002
59.0404 406.7646 8.3650 108.3214 -0.0609 0.6039 0.0324 0.7940
59.1443 407.4490 8.4444 108.4692 -0.0570 0.6127 0.0321 0.7876
59.2482 408.1358 8.5079 108.5967 -0.0530 0.6210 0.0313 0.7814
59.3521 408.8708 8.5705 108.7292 -0.0495 0.6289 0.0319 0.7752
59.4558 409.5698 8.6374 108.8193 -0.0486 0.6366 0.0321 0.7690
59.5596 410.3172 8.7233 108.9489 -0.0492 0.6435 0.0342 0.7631
59.6633 411.0731 8.8133 109.0733 -0.0527 0.6493 0.0363 0.7579
59.7669 411.8514 8.8966 109.1635 -0.0545 0.6545 0.0403 0.7530
59.8707 412.5991 8.9843 109.2656 -0.0566 0.6581 0.0425 0.7496
59.9743 413.3474 9.0689 109.3661 -0.0578 0.6616 0.0431 0.7464
60.0781 414.0623 9.1559 109.4449 -0.0596 0.6640 0.0435 0.7441
60.1818 414.7988 9.2440 109.5455 -0.0613 0.6667 0.0448 0.7414
60.2856 415.5741 9.3543 109.6168 -0.0627 0.6697 0.0434 0.7387
60.3893 416.3369 9.4403 109.7008 -0.0631 0.6720 0.0362 0.7370
60.4931 417.0877 9.4975 109.7822 -0.0590 0.6741 0.0275 0.7358
60.5968 417.8142 9.5328 109.8520 -0.0555 0.6761 0.0217 0.7344
60.7006 418.6081 9.6248 109.9035 -0.0559 0.6773 0.0206 0.7333
60.8042 419.4150 9.7354 109.9920 -0.0615 0.6770 0.0209 0.7331
60.9080 420.1566 9.8512 110.0521 -0.0622 0.6772 0.0209 0.7329
61.0116 420.9602 9.8859 110.1346 -0.0600 0.6761 0.0148 0.7342
61.1153 421.6474 9.9017 110.2024 -0.0524 0.6751 0.0062 0.7358
61.2189 422.4002 9.9266 110.2885 -0.0479 0.6730 -0.0011 0.7381
61.3227 423.2007 9.9805 110.3791 -0.0485 0.6711 -0.0021 0.7398
61.4264 423.9303 10.0716 110.4422 -0.0531 0.6707 0.0003 0.7399
61.5302 424.6772 10.1127 110.5132 -0.0555 0.6697 0.0026 0.7405
61.6338 425.3789 10.1432 110.5954 -0.0537 0.6685 0.0032 0.7417
61.7376 426.1168 10.1625 110.6716 -0.0494 0.6678 0.0006 0.7427
61.8413 426.8301 10.1891 110.7524 -0.0465 0.6667 -0.0006 0.7438
61.9451 427.4693 10.2364 110.8242 -0.0444 0.6659 0.0000 0.7448
62.0488 428.1631 10.2705 110.9283 -0.0412 0.6659 0.0007 0.7449
62.1526 428.8597 10.2991 111.0168 -0.0390 0.6660 -0.0014 0.7449
62.2564 429.5797 10.3151 111.0818 -0.0379 0.6665 -0.0035 0.7446
62.3601 430.1810 10.3336 111.1849 -0.0386 0.6671 -0.0065 0.7439
62.4640 430.8199 10.3604 111.2385 -0.0389 0.6697 -0.0089 0.7415
62.5679 431.4639 10.3666 111.2978 -0.0394 0.6744 -0.0106 0.7373
62.6718 432.0838 10.3719 111.3325 -0.0398 0.6803 -0.0120 0.7317
62.7758 432.7578 10.3789 111.3653 -0.0386 0.6871 -0.0121 0.7254
62.8798 433.3902 10.4023 111.3751 -0.0374 0.6940 -0.0110 0.7189
62.9837 433.9839 10.4031 111.3691 -0.0359 0.7003 -0.0104 0.7129
63.0876 434.6106 10.4128 111.3709 -0.0348 0.7066 -0.0106 0.7067
63.1914 435.1460 10.4050 111.3555 -0.0343 0.7128 -0.0101 0.7004
63.2954 435.6886 10.4152 111.3232 -0.0349 0.7191 -0.0106 0.6940
63.3993 436.2340 10.4315 111.3032 -0.0357 0.7257 -0.0106 0.6870
63.5032 436.7051 10.4277 111.2399 -0.0356 0.7319 -0.0110 0.6804
63.6071 437.1855 10.4270 111.1840 -0.0326 0.7379 -0.0116 0.6740
63.7108 437.6119 10.4103 111.1274 -0.0279 0.7433 -0.0131 0.6682
63.8147 438.0043 10.3944 111.0566 -0.0221 0.7483 -0.0146 0.6628
63.9184 438.3902 10.3811 111.0048 -0.0190 0.7524 -0.0177 0.6582
64.0222 438.7536 10.3868 110.9626 -0.0172 0.7560 -0.0205 0.6541
64.1260 439.0994 10.3693 110.8917 -0.0155 0.7591 -0.0221 0.6505
64.2297 439.4347 10.3645 110.8378 -0.0136 0.7619 -0.0215 0.6472
64.3333 439.7673 10.3587 110.7713 -0.0103 0.7642 -0.0185 0.6446
64.4371 440.0417 10.3169 110.6954 -0.0086 0.7660 -0.0162 0.6426
64.5407 440.3218 10.3236 110.6420 -0.0094 0.7677 -0.0155 0.6406
64.6444 440.5921 10.3053 110.5855 -0.0121 0.7692 -0.0167 0.6387
64.7481 440.8057 10.3193 110.5585 -0.0150 0.7703 -0.0178 0.6372
64.8517 441.0530 10.3130 110.5379 -0.0162 0.7713 -0.0182 0.6360
64.9553 441.2322 10.2986 110.4701 -0.0153 0.7721 -0.0180 0.6351
65.0591 441.4151 10.2835 110.4342 -0.0132 0.7727 -0.0172 0.6344
65.1627 441.5752 10.2763 110.4096 -0.0112 0.7731 -0.0164 0.6340
65.2663 441.7245 10.2602 110.3726 -0.0097 0.7729 -0.0173 0.6342
65.3701 441.8725 10.2563 110.3458 -0.0095 0.7722 -0.0180 0.6350
65.4737 442.0238 10.2727 110.3085 -0.0086 0.7714 -0.0166 0.6361
65.5774 442.1772 10.2525 110.2840 -0.0071 0.7701 -0.0132 0.6377
65.6811 442.3186 10.2574 110.2275 -0.0058 0.7685 -0.0106 0.6398
65.7848 442.4744 10.2458 110.2181 -0.0045 0.7672 -0.0101 0.6413
65.8886 442.6176 10.2380 110.2081 -0.0049 0.7659 -0.0116 0.6428
65.9922 442.7695 10.2345 110.1916 -0.0056 0.7643 -0.0128 0.6447
66.0959 442.9088 10.2299 110.1887 -0.0058 0.7626 -0.0143 0.6467
66.1997 443.0657 10.2209 110.1619 -0.0059 0.7607 -0.0144 0.6489
66.3033 443.2476 10.2111 110.1430 -0.0060 0.7586 -0.0146 0.6513
66.4071 443.4439 10.2028 110.1349 -0.0089 0.7563 -0.0163 0.6540
66.5107 443.6569 10.2212 110.1244 -0.0126 0.7533 -0.0177 0.6573
66.6143 443.8721 10.2342 110.1207 -0.0152 0.7503 -0.0185 0.6607
66.7181 444.1049 10.2163 110.0900 -0.0148 0.7472 -0.0172 0.6642
66.8217 444.3639 10.2028 110.0709 -0.0129 0.7436 -0.0139 0.6684
66.9254 444.6008 10.1692 110.0526 -0.0124 0.7397 -0.0124 0.6727
67.0291 444.8747 10.1985 110.0415 -0.0107 0.7346 -0.0105 0.6783
67.1328 445.1322 10.1648 110.0251 -0.0099 0.7290 -0.0101 0.6844
67.2364 445.4130 10.1792 110.0240 -0.0098 0.7230 -0.0088 0.6907
67.3401 445.6997 10.1710 110.0331 -0.0101 0.7158 -0.0087 0.6982
67.4437 445.9923 10.1689 110.0703 -0.0098 0.7081 -0.0084 0.7060
67.5473 446.2788 10.1542 110.1046 -0.0099 0.7004 -0.0097 0.7136
67.6511 446.6189 10.1667 110.1269 -0.0107 0.6920 -0.0126 0.7217
67.7547 446.9482 10.1570 110.1770 -0.0114 0.6834 -0.0156 0.7298
67.8583 447.2673 10.1795 110.2481 -0.0120 0.6743 -0.0160 0.7382
67.9621 447.6302 10.1402 110.3031 -0.0117 0.6647 -0.0142 0.7469
68.0657 447.9694 10.1399 110.3830 -0.0112 0.6552 -0.0127 0.7552
68.1693 448.3576 10.1386 110.4468 -0.0116 0.6452 -0.0127 0.7638
68.2731 448.7445 10.1332 110.5524 -0.0120 0.6351 -0.0125 0.7723
68.3767 449.1148 10.1420 110.6840 -0.0123 0.6251 -0.0128 0.7804
68.4803 449.5374 10.1313 110.7838 -0.0122 0.6148 -0.0127 0.7885
68.5841 449.9637 10.1340 110.9372 -0.0120 0.6052 -0.0122 0.7959
68.6878 450.3971 10.1251 111.0887 -0.0120 0.5963 -0.0120 0.8026
68.7916 450.8650 10.1222 111.2405 -0.0121 0.5878 -0.0114 0.8089
68.8953 451.3229 10.1226 111.4224 -0.0120 0.5800 -0.0110 0.8145
68.9991 451.8249 10.1263 111.6229 -0.0118 0.5721 -0.0109 0.8200
69.1028 452.3195 10.1191 111.8388 -0.0112 0.5646 -0.0101 0.8252
69.2066 452.8348 10.1189 112.0561 -0.0103 0.5572 -0.0086 0.8303
69.3103 453.3722 10.1128 112.2861 -0.0089 0.5490 -0.0066 0.8357
69.4139 453.9215 10.1032 112.5476 -0.0081 0.5412 -0.0054 0.8409
69.5177 454.4414 10.1063 112.8260 -0.0077 0.5337 -0.0052 0.8456
69.6214 454.9969 10.1051 113.1174 -0.0075 0.5269 -0.0059 0.8499
69.7253 455.5512 10.0970 113.4317 -0.0078 0.5206 -0.0067 0.8537
69.8291 456.1509 10.1023 113.7510 -0.0083 0.5150 -0.0060 0.8571
69.9328 456.7284 10.0960 114.0912 -0.0093 0.5101 -0.0058 0.8600
70.0367 457.3093 10.1112 114.4527 -0.0106 0.5064 -0.0052 0.8622
70.1406 457.9362 10.1072 114.7833 -0.0114 0.5032 -0.0048 0.8641
70.2443 458.5541 10.1014 115.1644 -0.0118 0.5008 -0.0050 0.8655
70.3482 459.1890 10.0997 115.5361 -0.0124 0.4991 -0.0054 0.8665
70.4519 459.8391 10.1117 115.9397 -0.0126 0.4973 -0.0056 0.8675
70.5558 460.4931 10.1129 116.3078 -0.0128 0.4963 -0.0064 0.8681
70.6596 461.1681 10.1113 116.7137 -0.0122 0.4949 -0.0057 0.8689
70.7633 461.8493 10.1123 117.1385 -0.0116 0.4934 -0.0057 0.8697
70.8672 462.5337 10.1117 117.5571 -0.0109 0.4923 -0.0059 0.8703
70.9708 463.2303 10.1151 117.9716 -0.0102 0.4910 -0.0061 0.8711
71.0747 463.9660 10.1082 118.4193 -0.0094 0.4900 -0.0061 0.8717
71.1784 464.6788 10.1112 118.8793 -0.0084 0.4889 -0.0055 0.8723
71.2822 465.4160 10.1022 119.3114 -0.0074 0.4880 -0.0042 0.8728
71.3859 466.1423 10.1007 119.7743 -0.0066 0.4871 -0.0035 0.8733
71.4896 466.8741 10.0979 120.2496 -0.0058 0.4861 -0.0043 0.8739
71.5933 467.6342 10.0792 120.7019 -0.0045 0.4857 -0.0052 0.8741
71.6972 468.4112 10.0662 121.1979 -0.0033 0.4855 -0.0057 0.8742
71.8010 469.1769 10.0635 121.6925 -0.0043 0.4853 -0.0065 0.8743
71.9047 469.9781 10.0512 122.1941 -0.0054 0.4852 -0.0055 0.8743
72.0085 470.7534 10.0611 122.6999 -0.0061 0.4851 -0.0044 0.8744
72.1122 471.5644 10.0390 123.2041 -0.0056 0.4848 -0.0041 0.8746
72.2160 472.3816 10.0354 123.7248 -0.0047 0.4846 -0.0035 0.8747
72.3197 473.1977 10.0211 124.2365 -0.0039 0.4842 -0.0026 0.8750
72.4235 474.0348 10.0140 124.7615 -0.0037 0.4838 -0.0021 0.8752
72.5272 474.8884 10.0054 125.3116 -0.0034 0.4834 -0.0016 0.8754
72.6309 475.7382 9.9953 125.8501 -0.0034 0.4831 -0.0014 0.8756
72.7347 476.6039 9.9839 126.3989 -0.0032 0.4828 -0.0015 0.8757
72.8385 477.4665 9.9704 126.9571 -0.0030 0.4825 -0.0022 0.8759
72.9422 478.3299 9.9637 127.5149 -0.0034 0.4821 -0.0024 0.8761
73.0460 479.2507 9.9401 128.0822 -0.0037 0.4823 -0.0020 0.8760
73.1497 480.1046 9.9456 128.6602 -0.0050 0.4828 -0.0036 0.8757
73.2535 480.9984 9.9416 129.2370 -0.0051 0.4839 -0.0054 0.8751
73.3572 481.9117 9.9199 129.8274 -0.0046 0.4858 -0.0071 0.8740
73.4611 482.8164 9.9013 130.3973 -0.0049 0.4889 -0.0092 0.8723
73.5649 483.7671 9.8858 130.9755 -0.0056 0.4934 -0.0127 0.8697
73.6688 484.6844 9.8634 131.5281 -0.0058 0.4990 -0.0150 0.8665
73.7727 485.6361 9.8408 132.0793 -0.0067 0.5056 -0.0166 0.8626
73.8767 486.6108 9.8091 132.6003 -0.0079 0.5129 -0.0171 0.8582
73.9806 487.5932 9.7978 133.1125 -0.0102 0.5204 -0.0174 0.8537
74.0845 488.5607 9.7768 133.6216 -0.0110 0.5280 -0.0181 0.8490
74.1885 489.5834 9.7428 134.1138 -0.0101 0.5360 -0.0189 0.8440
74.2923 490.5570 9.7193 134.5635 -0.0091 0.5440 -0.0208 0.8388
74.3962 491.5696 9.6822 135.0391 -0.0088 0.5527 -0.0212 0.8330
74.5001 492.6063 9.6758 135.4470 -0.0094 0.5619 -0.0216 0.8269
74.6038 493.6415 9.6522 135.8253 -0.0095 0.5717 -0.0208 0.8201
74.7078 494.6932 9.5972 136.1751 -0.0085 0.5820 -0.0220 0.8128
74.8117 495.7201 9.5820 136.5382 -0.0075 0.5924 -0.0254 0.8052
74.9155 496.8150 9.5043 136.8570 -0.0055 0.6036 -0.0267 0.7968
75.0193 497.8596 9.5062 137.1406 -0.0057 0.6149 -0.0315 0.7879
75.1233 498.9298 9.4066 137.3799 -0.0035 0.6272 -0.0312 0.7782
75.2271 500.0668 9.3834 137.6046 -0.0039 0.6389 -0.0342 0.7685
75.3310 501.1414 9.3092 137.7830 -0.0016 0.6501 -0.0346 0.7591
75.4348 502.2559 9.2222 137.9291 0.0010 0.6608 -0.0356 0.7497
75.5386 503.3477 9.1538 138.0601 0.0038 0.6704 -0.0359 0.7411
75.6422 504.4552 9.0641 138.1506 0.0052 0.6794 -0.0353 0.7329
75.7459 505.6173 8.9785 138.1999 0.0060 0.6879 -0.0352 0.7249
75.8496 506.6793 8.9092 138.2567 0.0064 0.6958 -0.0363 0.7173
75.9533 507.7930 8.8268 138.2710 0.0074 0.7036 -0.0376 0.7095
76.0570 508.9411 8.7271 138.2817 0.0079 0.7112 -0.0377 0.7019
76.1606 510.0701 8.6388 138.2288 0.0087 0.7175 -0.0354 0.6956
76.2642 511.2171 8.5469 138.1799 0.0104 0.7221 -0.0330 0.6909
76.3677 512.3501 8.4511 138.1193 0.0132 0.7254 -0.0316 0.6874
76.4713 513.4769 8.3537 138.0501 0.0149 0.7274 -0.0321 0.6853
76.5750 514.6015 8.2637 137.9863 0.0149 0.7291 -0.0326 0.6835
76.6786 515.7251 8.1756 137.9309 0.0152 0.7301 -0.0326 0.6824
76.7822 516.8575 8.0835 137.8611 0.0152 0.7314 -0.0335 0.6810
76.8859 518.0365 7.9776 137.7858 0.0171 0.7326 -0.0342 0.6796
76.9896 519.1794 7.8773 137.6945 0.0180 0.7336 -0.0349 0.6784
77.0932 520.3670 7.7596 137.6022 0.0181 0.7346 -0.0344 0.6774
77.1970 521.5640 7.6641 137.5030 0.0177 0.7358 -0.0330 0.6762
77.3006 522.7333 7.5834 137.4266 0.0162 0.7365 -0.0319 0.6755
77.4042 523.9215 7.4849 137.3326 0.0159 0.7370 -0.0329 0.6749
77.5078 525.1628 7.3720 137.2367 0.0168 0.7371 -0.0349 0.6747
77.6116 526.3500 7.2645 137.1359 0.0177 0.7368 -0.0361 0.6749
77.7152 527.5851 7.1504 137.0427 0.0187 0.7370 -0.0351 0.6747
77.8190 528.7982 7.0441 136.9456 0.0182 0.7368 -0.0355 0.6749
77.9227 530.0548 6.9346 136.8464 0.0177 0.7368 -0.0363 0.6749
78.0263 531.3062 6.8258 136.7475 0.0172 0.7372 -0.0376 0.6744
78.1301 532.5587 6.7125 136.6391 0.0167 0.7379 -0.0369 0.6737
78.2338 533.8022 6.5962 136.5465 0.0168 0.7386 -0.0368 0.6729
78.3375 535.0917 6.4837 136.4259 0.0170 0.7395 -0.0369 0.6719
78.4412 536.3680 6.3570 136.3069 0.0172 0.7403 -0.0372 0.6710
78.5448 537.6420 6.2571 136.1929 0.0169 0.7415 -0.0371 0.6697
78.6486 538.9317 6.1321 136.0679 0.0169 0.7426 -0.0370 0.6685
78.7523 540.2346 6.0252 135.9434 0.0159 0.7437 -0.0373 0.6673
78.8560 541.5523 5.8996 135.8150 0.0156 0.7451 -0.0370 0.6658
78.9597 542.8767 5.7843 135.6755 0.0152 0.7461 -0.0371 0.6647
79.0633 544.1796 5.6685 135.5154 0.0148 0.7471 -0.0379 0.6634
79.1671 545.5417 5.5467 135.3641 0.0150 0.7481 -0.0379 0.6624
79.2708 546.8459 5.4352 135.1970 0.0153 0.7488 -0.0378 0.6616
79.3745 548.2007 5.2993 135.0524 0.0152 0.7497 -0.0383 0.6605
79.4782 549.5556 5.1767 134.8797 0.0156 0.7508 -0.0385 0.6592
79.5820 550.9120 5.0616 134.7185 0.0153 0.7519 -0.0387 0.6579
79.6857 552.2755 4.9359 134.5327 0.0150 0.7530 -0.0388 0.6567
79.7895 553.6604 4.7980 134.3579 0.0151 0.7544 -0.0387 0.6551
79.8932 555.0560 4.6783 134.1786 0.0153 0.7558 -0.0384 0.6535
79.9970 556.4511 4.5513 133.9762 0.0156 0.7569 -0.0383 0.6523
80.1006 557.8423 4.4211 133.7599 0.0157 0.7576 -0.0387 0.6514
80.2043 559.2781 4.2833 133.5460 0.0164 0.7584 -0.0385 0.6504
80.3080 560.6956 4.1543 133.3368 0.0166 0.7591 -0.0386 0.6497
80.4117 562.1010 4.0128 133.1198 0.0164 0.7595 -0.0385 0.6491
80.5153 563.5362 3.8846 132.9138 0.0168 0.7599 -0.0383 0.6488
80.6191 564.9606 3.7481 132.6938 0.0174 0.7604 -0.0382 0.6481
80.7227 566.3956 3.6110 132.4776 0.0175 0.7608 -0.0382 0.6476
80.8264 567.8597 3.4840 132.2335 0.0180 0.7610 -0.0372 0.6474
80.9301 569.3004 3.3439 132.0125 0.0174 0.7613 -0.0378 0.6471
81.0338 570.7415 3.2064 131.7866 0.0174 0.7617 -0.0377 0.6466
81.1375 572.2305 3.0696 131.5622 0.0169 0.7622 -0.0371 0.6461
81.2412 573.7078 2.9345 131.3289 0.0167 0.7625 -0.0361 0.6457
81.3449 575.1804 2.8022 131.0944 0.0172 0.7629 -0.0357 0.6453
81.4486 576.6483 2.6676 130.8460 0.0170 0.7629 -0.0367 0.6453
81.5523 578.1270 2.5257 130.6066 0.0178 0.7628 -0.0361 0.6453
81.6561 579.6343 2.3847 130.3662 0.0171 0.7629 -0.0369 0.6452
81.7597 581.0983 2.2475 130.1234 0.0177 0.7629 -0.0361 0.6453
81.8635 582.6110 2.1133 129.8947 0.0176 0.7628 -0.0369 0.6453
81.9671 584.0705 1.9655 129.6600 0.0183 0.7627 -0.0370 0.6454
82.0708 585.5424 1.8174 129.4198 0.0194 0.7624 -0.0368 0.6458
82.1745 587.0291 1.6637 129.1714 0.0200 0.7619 -0.0362 0.6463
82.2782 588.5394 1.5157 128.9271 0.0208 0.7613 -0.0343 0.6472
82.3820 590.0271 1.3762 128.6950 0.0209 0.7607 -0.0337 0.6479
82.4857 591.5166 1.2284 128.4668 0.0201 0.7604 -0.0342 0.6483
82.5894 592.9957 1.0900 128.2506 0.0212 0.7601 -0.0329 0.6486
82.6931 594.4820 0.9491 128.0375 0.0211 0.7598 -0.0334 0.6489
82.7969 595.9428 0.8079 127.7841 0.0207 0.7596 -0.0338 0.6491
82.9006 597.4315 0.6603 127.5622 0.0209 0.7594 -0.0332 0.6495
83.0042 598.9215 0.5122 127.3524 0.0204 0.7591 -0.0337 0.6497
83.1078 600.4104 0.3769 127.1386 0.0198 0.7590 -0.0339 0.6499
83.2116 601.9042 0.2307 126.9135 0.0195 0.7589 -0.0335 0.6501
83.3152 603.3796 0.0938 126.6736 0.0192 0.7588 -0.0328 0.6502
83.4190 604.8699 -0.0490 126.4482 0.0222 0.7586 -0.0297 0.6505
83.5226 606.3436 -0.1856 126.2374 0.0234 0.7582 -0.0297 0.6509
83.6262 607.8216 -0.3315 126.0172 0.0239 0.7580 -0.0312 0.6510
83.7300 609.3048 -0.4756 125.8029 0.0234 0.7579 -0.0320 0.6512
83.8336 610.7708 -0.6103 125.5909 0.0223 0.7576 -0.0319 0.6516
83.9373 612.2524 -0.7474 125.3794 0.0218 0.7572 -0.0323 0.6520
84.0410 613.7448 -0.8904 125.1788 0.0209 0.7569 -0.0331 0.6523
84.1447 615.2370 -1.0312 124.9669 0.0199 0.7568 -0.0341 0.6525
84.2484 616.6947 -1.1755 124.7518 0.0196 0.7565 -0.0340 0.6528
84.3521 618.1960 -1.3071 124.5460 0.0189 0.7566 -0.0339 0.6528
84.4557 619.6643 -1.4544 124.3362 0.0196 0.7565 -0.0336 0.6528
84.5594 621.1506 -1.5915 124.1298 0.0202 0.7566 -0.0335 0.6527
84.6630 622.6200 -1.7331 123.8981 0.0206 0.7565 -0.0329 0.6528
84.7667 624.0784 -1.8627 123.6972 0.0209 0.7562 -0.0314 0.6532
84.8703 625.5479 -2.0089 123.5060 0.0217 0.7557 -0.0316 0.6538
84.9740 627.0222 -2.1596 123.2925 0.0218 0.7552 -0.0342 0.6542
85.0777 628.4735 -2.3061 123.0953 0.0206 0.7549 -0.0347 0.6546
85.1813 629.9272 -2.4490 122.9066 0.0191 0.7545 -0.0351 0.6551
85.2851 631.3686 -2.5879 122.7075 0.0174 0.7543 -0.0350 0.6554
85.3887 632.7926 -2.7292 122.5138 0.0177 0.7541 -0.0333 0.6556
85.4925 634.2168 -2.8619 122.3184 0.0179 0.7541 -0.0323 0.6558
85.5961 635.6198 -2.9944 122.1487 0.0184 0.7542 -0.0319 0.6556
85.6997 637.0080 -3.1299 121.9643 0.0181 0.7543 -0.0326 0.6554
85.8034 638.4138 -3.2543 121.7680 0.0181 0.7547 -0.0324 0.6550
85.9071 639.7838 -3.3892 121.5794 0.0175 0.7549 -0.0326 0.6548
86.0108 641.1532 -3.5224 121.4047 0.0169 0.7550 -0.0329 0.6547
86.1145 642.5038 -3.6531 121.2173 0.0168 0.7553 -0.0327 0.6543
86.2182 643.8395 -3.7710 121.0377 0.0156 0.7557 -0.0318 0.6540
86.3218 645.1352 -3.8927 120.8567 0.0144 0.7560 -0.0306 0.6537
86.4256 646.4021 -4.0071 120.6969 0.0148 0.7562 -0.0308 0.6535
86.5292 647.6492 -4.1440 120.5209 0.0165 0.7563 -0.0324 0.6532
86.6330 648.8516 -4.2543 120.3560 0.0165 0.7563 -0.0329 0.6532
86.7367 650.0601 -4.3742 120.1857 0.0166 0.7562 -0.0316 0.6534
86.8403 651.1944 -4.4772 120.0281 0.0161 0.7557 -0.0304 0.6540
86.9441 652.3078 -4.5922 119.8684 0.0159 0.7553 -0.0303 0.6545
87.0477 653.4146 -4.6948 119.7273 0.0148 0.7548 -0.0305 0.6551
87.1514 654.4547 -4.7982 119.5772 0.0141 0.7540 -0.0294 0.6561
87.2550 655.4550 -4.8792 119.4541 0.0132 0.7534 -0.0276 0.6569
87.3587 656.4238 -4.9546 119.3399 0.0122 0.7530 -0.0276 0.6573
87.4625 657.3865 -5.0641 119.2118 0.0126 0.7528 -0.0275 0.6576
87.5662 658.2972 -5.1445 119.0972 0.0129 0.7526 -0.0285 0.6577
87.6699 659.1171 -5.2219 118.9981 0.0135 0.7525 -0.0284 0.6579
87.7736 659.9196 -5.2957 118.8916 0.0126 0.7525 -0.0292 0.6578
87.8773 660.6959 -5.3557 118.8030 0.0117 0.7533 -0.0303 0.6568
87.9812 661.4064 -5.4241 118.7021 0.0105 0.7562 -0.0316 0.6535
88.0852 662.0877 -5.4869 118.6006 0.0094 0.7616 -0.0329 0.6472
88.1892 662.7513 -5.5492 118.4748 0.0081 0.7690 -0.0347 0.6382
88.2933 663.3685 -5.6099 118.3443 0.0081 0.7781 -0.0360 0.6270
88.3975 663.9660 -5.6671 118.1867 0.0093 0.7886 -0.0370 0.6137
88.5016 664.5306 -5.7433 118.0152 0.0111 0.8003 -0.0369 0.5983
88.6058 665.1129 -5.7930 117.7969 0.0121 0.8134 -0.0367 0.5804
88.7101 665.6506 -5.8464 117.5441 0.0120 0.8278 -0.0368 0.5597
88.8143 666.1476 -5.9062 117.2776 0.0116 0.8423 -0.0362 0.5377
88.9186 666.6582 -5.9452 116.9918 0.0118 0.8567 -0.0358 0.5145
89.0228 667.1200 -6.0032 116.6858 0.0124 0.8719 -0.0359 0.4882
89.1271 667.5478 -6.0885 116.3046 0.0136 0.8865 -0.0365 0.4610
89.2313 667.9203 -6.1223 115.9729 0.0143 0.9012 -0.0383 0.4315
89.3356 668.3004 -6.1821 115.5540 0.0154 0.9147 -0.0403 0.4018
89.4396 668.6446 -6.2260 115.1863 0.0193 0.9272 -0.0409 0.3719
89.5437 668.9159 -6.3214 114.7700 0.0233 0.9388 -0.0399 0.3415
89.6478 669.2018 -6.3681 114.2794 0.0242 0.9492 -0.0396 0.3112
89.7518 669.4468 -6.3962 113.8963 0.0241 0.9589 -0.0398 0.2799
89.8558 669.6524 -6.4341 113.3673 0.0247 0.9674 -0.0392 0.2490
89.9597 669.8349 -6.5107 112.9172 0.0278 0.9750 -0.0386 0.2172
90.0637 669.9814 -6.5597 112.4369 0.0312 0.9813 -0.0394 0.1858
90.1676 670.1090 -6.6135 111.8939 0.0325 0.9867 -0.0427 0.1535
90.2715 670.1999 -6.6662 111.4180 0.0329 0.9911 -0.0462 0.1207
90.3755 670.2544 -6.7128 110.8423 0.0336 0.9944 -0.0477 0.0877
90.4793 670.2632 -6.7599 110.3592 0.0338 0.9968 -0.0471 0.0552
90.5831 670.2696 -6.8139 109.7822 0.0347 0.9981 -0.0464 0.0221
90.6870 670.2117 -6.8832 109.1734 0.0350 0.9982 -0.0473 -0.0114
90.7908 670.1350 -6.9288 108.6537 0.0356 0.9971 -0.0495 -0.0451
90.8946 670.0359 -6.9905 108.0542 0.0357 0.9949 -0.0517 -0.0788
90.9985 669.8530 -7.0340 107.5132 0.0359 0.9915 -0.0538 -0.1126
91.1021 669.6459 -7.0854 106.9446 0.0364 0.9872 -0.0554 -0.1448
91.2058 669.3896 -7.1636 106.3546 0.0381 0.9822 -0.0555 -0.1754
91.3095 669.1244 -7.2221 105.7995 0.0387 0.9764 -0.0562 -0.2049
91.4130 668.8163 -7.2843 105.2190 0.0396 0.9704 -0.0569 -0.2312
91.5166 668.4549 -7.3481 104.6604 0.0405 0.9644 -0.0576 -0.2549
91.6202 668.0815 -7.4052 104.1001 0.0411 0.9583 -0.0597 -0.2764
91.7237 667.6895 -7.4636 103.5573 0.0419 0.9529 -0.0607 -0.2941
91.8272 667.2475 -7.5489 102.9834 0.0429 0.9483 -0.0598 -0.3087
91.9306 666.7856 -7.6058 102.4486 0.0428 0.9444 -0.0571 -0.3211
92.0341 666.3319 -7.6738 101.8412 0.0415 0.9407 -0.0546 -0.3323
92.1377 665.8414 -7.7389 101.2592 0.0399 0.9374 -0.0526 -0.3419
92.2412 665.3358 -7.8054 100.7144 0.0388 0.9342 -0.0504 -0.3511
92.3449 664.8246 -7.8655 100.1322 0.0372 0.9308 -0.0478 -0.3605
92.4486 664.2834 -7.9267 99.5733 0.0339 0.9271 -0.0448 -0.3705
92.5522 663.7336 -7.9850 99.0062 0.0309 0.9234 -0.0412 -0.3804
92.6560 663.1719 -8.0358 98.4497 0.0297 0.9191 -0.0373 -0.3910
92.7597 662.5702 -8.0794 97.8916 0.0271 0.9146 -0.0324 -0.4021
92.8635 661.9603 -8.1186 97.3610 0.0244 0.9098 -0.0276 -0.4134
92.9672 661.3560 -8.1466 96.8430 0.0219 0.9044 -0.0249 -0.4254
93.0710 660.7051 -8.1967 96.3283 0.0205 0.8988 -0.0228 -0.4373
93.1747 660.0344 -8.2161 95.8615 0.0214 0.8928 -0.0216 -0.4494
93.2785 659.3530 -8.2348 95.3593 0.0225 0.8867 -0.0189 -0.4614
93.3821 658.6503 -8.2503 94.9103 0.0245 0.8807 -0.0172 -0.4727
93.4858 657.9305 -8.2791 94.4799 0.0267 0.8756 -0.0157 -0.4820
93.5895 657.1853 -8.2958 94.0509 0.0278 0.8712 -0.0141 -0.4899
93.6931 656.4611 -8.3045 93.5931 0.0279 0.8684 -0.0118 -0.4949
93.7967 655.7334 -8.3071 93.1606 0.0291 0.8666 -0.0096 -0.4981
93.9004 654.9712 -8.3042 92.7363 0.0290 0.8658 -0.0064 -0.4994
94.0040 654.2403 -8.2858 92.2598 0.0270 0.8655 -0.0034 -0.5002
94.1076 653.4478 -8.2757 91.7918 0.0249 0.8657 -0.0025 -0.5000
94.2113 652.6550 -8.3020 91.3065 0.0215 0.8663 -0.0040 -0.4990
94.3150 651.9027 -8.3319 90.8434 0.0179 0.8675 -0.0062 -0.4971
94.4186 651.1308 -8.3328 90.3533 0.0158 0.8690 -0.0084 -0.4945
94.5222 650.3437 -8.3508 89.8877 0.0158 0.8703 -0.0093 -0.4921
94.6260 649.5383 -8.3319 89.3822 0.0182 0.8717 -0.0100 -0.4896
94.7297 648.7404 -8.3511 88.8648 0.0162 0.8727 -0.0095 -0.4879
94.8335 647.9311 -8.3866 88.3788 0.0143 0.8733 -0.0111 -0.4869
94.9372 647.1033 -8.4251 87.8329 0.0113 0.8733 -0.0122 -0.4869
95.0410 646.2559 -8.4356 87.2836 0.0094 0.8734 -0.0119 -0.4868
95.1447 645.4282 -8.4539 86.7743 0.0107 0.8737 -0.0123 -0.4862
95.2484 644.5771 -8.4661 86.2279 0.0097 0.8741 -0.0106 -0.4855
95.3521 643.7062 -8.5102 85.7056 0.0101 0.8746 -0.0089 -0.4846
95.4559 642.8667 -8.5032 85.1730 0.0138 0.8751 -0.0093 -0.4837
95.5595 642.0032 -8.5435 84.5997 0.0134 0.8760 -0.0084 -0.4821
95.6631 641.1505 -8.5676 84.0772 0.0132 0.8769 -0.0085 -0.4805
95.7669 640.3075 -8.5904 83.4928 0.0122 0.8778 -0.0077 -0.4787
95.8705 639.4474 -8.5948 82.9622 0.0154 0.8789 -0.0089 -0.4767
95.9742 638.6207 -8.6252 82.4073 0.0146 0.8800 -0.0083 -0.4746
96.0779 637.7693 -8.6581 81.8202 0.0143 0.8811 -0.0094 -0.4727
96.1816 636.9671 -8.6837 81.2711 0.0140 0.8819 -0.0095 -0.4711
96.2853 636.1115 -8.6916 80.6835 0.0158 0.8823 -0.0096 -0.4703
96.3891 635.2863 -8.7037 80.0971 0.0170 0.8826 -0.0094 -0.4698
96.4929 634.4670 -8.7404 79.5524 0.0146 0.8831 -0.0088 -0.4689
96.5966 633.6626 -8.7892 79.0000 0.0138 0.8834 -0.0095 -0.4684
96.7004 632.8727 -8.7904 78.4610 0.0145 0.8833 -0.0092 -0.4686
96.8040 632.0696 -8.7992 77.9094 0.0154 0.8832 -0.0080 -0.4686
96.9077 631.2671 -8.8364 77.3432 0.0150 0.8834 -0.0072 -0.4683
97.0115 630.4967 -8.8606 76.8373 0.0139 0.8835 -0.0075 -0.4682
97.1151 629.7112 -8.8799 76.2965 0.0142 0.8836 -0.0083 -0.4680
97.2189 628.9831 -8.9066 75.8025 0.0151 0.8840 -0.0085 -0.4672
97.3225 628.2127 -8.9231 75.2507 0.0148 0.8845 -0.0084 -0.4663
97.4262 627.4472 -8.9503 74.7191 0.0145 0.8851 -0.0092 -0.4650
97.5300 626.7246 -8.9566 74.1966 0.0142 0.8858 -0.0086 -0.4638
97.6337 626.0133 -8.9807 73.6876 0.0152 0.8863 -0.0075 -0.4628
97.7375 625.2817 -9.0100 73.1847 0.0157 0.8873 -0.0072 -0.4610
97.8412 624.5928 -9.0380 72.6727 0.0131 0.8876 -0.0075 -0.4603
97.9451 623.9085 -9.0580 72.1524 0.0126 0.8882 -0.0079 -0.4591
98.0487 623.2502 -9.0785 71.6833 0.0122 0.8887 -0.0076 -0.4583
98.1525 622.6035 -9.1058 71.2072 0.0127 0.8889 -0.0073 -0.4578
98.2562 621.9689 -9.1223 70.7572 0.0111 0.8891 -0.0068 -0.4575
98.3600 621.3438 -9.1388 70.2897 0.0103 0.8894 -0.0068 -0.4570
98.4637 620.7617 -9.1611 69.8700 0.0116 0.8897 -0.0062 -0.4563
98.5675 620.1844 -9.1815 69.4615 0.0127 0.8902 -0.0052 -0.4554
98.6712 619.6344 -9.2004 69.0582 0.0132 0.8907 -0.0037 -0.4544
98.7749 619.1248 -9.2100 68.6532 0.0131 0.8912 -0.0030 -0.4534
98.8786 618.6366 -9.2292 68.2850 0.0130 0.8917 -0.0029 -0.4524
98.9823 618.1510 -9.2371 67.9221 0.0130 0.8921 -0.0028 -0.4516
99.0861 617.7064 -9.2489 67.5991 0.0130 0.8924 -0.0036 -0.4511
99.1897 617.2808 -9.2638 67.2946 0.0128 0.8927 -0.0042 -0.4504
99.2935 616.8841 -9.2837 66.9925 0.0135 0.8930 -0.0047 -0.4499
99.3972 616.5281 -9.2876 66.7057 0.0135 0.8931 -0.0055 -0.4496
99.5008 616.1854 -9.2987 66.4445 0.0121 0.8932 -0.0055 -0.4495
99.6046 615.8635 -9.3021 66.1937 0.0117 0.8932 -0.0049 -0.4495
99.7083 615.5497 -9.3270 65.9559 0.0127 0.8935 -0.0048 -0.4489
99.8120 615.2923 -9.3267 65.7749 0.0140 0.8937 -0.0056 -0.4485
99.9157 615.0256 -9.3328 65.5862 0.0146 0.8937 -0.0063 -0.4485
100.0193 614.7820 -9.3418 65.3973 0.0134 0.8938 -0.0065 -0.4481
100.1231 614.5669 -9.3533 65.2086 0.0134 0.8942 -0.0064 -0.4474
100.2267 614.3829 -9.3596 65.0768 0.0139 0.8942 -0.0059 -0.4475
100.3305 614.1955 -9.3608 64.9422 0.0144 0.8942 -0.0062 -0.4475
100.4341 614.0160 -9.3747 64.8062 0.0136 0.8941 -0.0074 -0.4476
100.5379 613.8557 -9.3692 64.6861 0.0136 0.8944 -0.0092 -0.4470
100.6415 613.6866 -9.3897 64.5547 0.0139 0.8942 -0.0097 -0.4473
100.7452 613.5228 -9.3942 64.4278 0.0146 0.8942 -0.0102 -0.4472
100.8489 613.3553 -9.4031 64.3024 0.0148 0.8943 -0.0101 -0.4470
100.9526 613.2045 -9.4044 64.1652 0.0150 0.8944 -0.0102 -0.4468
101.0562 613.0457 -9.4064 64.0429 0.0144 0.8944 -0.0101 -0.4470
101.1600 612.8740 -9.4027 63.9275 0.0131 0.8944 -0.0102 -0.4471
101.2636 612.7015 -9.4114 63.7923 0.0130 0.8944 -0.0099 -0.4469
101.3674 612.5502 -9.4236 63.6800 0.0138 0.8944 -0.0103 -0.4469
101.4710 612.3837 -9.4321 63.5444 0.0140 0.8944 -0.0103 -0.4470
101.5747 612.2277 -9.4360 63.4343 0.0140 0.8945 -0.0100 -0.4468
101.6784 612.0500 -9.4453 63.3041 0.0147 0.8943 -0.0102 -0.4471
101.7821 611.8835 -9.4503 63.1736 0.0147 0.8943 -0.0101 -0.4472
101.8859 611.7617 -9.4429 63.0886 0.0143 0.8944 -0.0102 -0.4470
101.9896 611.6277 -9.4562 62.9783 0.0148 0.8944 -0.0104 -0.4469
102.0932 611.4614 -9.4660 62.8625 0.0157 0.8943 -0.0104 -0.4470
102.1970 611.3500 -9.4704 62.7789 0.0161 0.8942 -0.0103 -0.4472
102.3007 611.2221 -9.4776 62.6720 0.0158 0.8943 -0.0104 -0.4471
102.4045 611.1097 -9.4781 62.5776 0.0148 0.8944 -0.0102 -0.4469
102.5083 610.9902 -9.4741 62.4857 0.0143 0.8944 -0.0105 -0.4470
102.6119 610.8663 -9.4816 62.3902 0.0151 0.8944 -0.0109 -0.4468
102.7156 610.7608 -9.4828 62.3264 0.0157 0.8942 -0.0112 -0.4472
102.8194 610.6486 -9.4935 62.2412 0.0159 0.8942 -0.0112 -0.4472
102.9230 610.5284 -9.4928 62.1439 0.0156 0.8943 -0.0103 -0.4471
103.0267 610.4296 -9.4889 62.0637 0.0142 0.8943 -0.0081 -0.4471
103.1305 610.3280 -9.5008 61.9991 0.0132 0.8943 -0.0077 -0.4473
103.2341 610.2082 -9.5143 61.8982 0.0136 0.8942 -0.0095 -0.4473
103.3379 610.1186 -9.5120 61.8157 0.0133 0.8944 -0.0097 -0.4470
103.4415 610.0419 -9.5151 61.7599 0.0135 0.8943 -0.0100 -0.4471
103.5452 609.9194 -9.5173 61.6795 0.0137 0.8944 -0.0101 -0.4470
103.6490 609.7794 -9.5134 61.5838 0.0132 0.8945 -0.0103 -0.4468
103.7526 609.6650 -9.5243 61.4983 0.0128 0.8946 -0.0107 -0.4466
103.8564 609.5592 -9.5370 61.4066 0.0128 0.8947 -0.0127 -0.4463
103.9601 609.4034 -9.5266 61.2882 0.0117 0.8949 -0.0141 -0.4458
104.0637 609.2525 -9.5409 61.1688 0.0114 0.8953 -0.0156 -0.4451
104.1674 609.0611 -9.5439 61.0075 0.0109 0.8959 -0.0162 -0.4438
104.2710 608.8592 -9.5545 60.8550 0.0102 0.8969 -0.0169 -0.4417
104.3746 608.6320 -9.5604 60.6766 0.0104 0.8981 -0.0177 -0.4393
104.4782 608.3811 -9.5703 60.4585 0.0113 0.8993 -0.0189 -0.4368
104.5820 608.1354 -9.5742 60.2531 0.0104 0.9008 -0.0201 -0.4336
104.6857 607.8495 -9.5872 59.9980 0.0104 0.9028 -0.0201 -0.4296
104.7894 607.5427 -9.6117 59.7576 0.0107 0.9048 -0.0207 -0.4253
104.8930 607.2408 -9.6178 59.4828 0.0120 0.9069 -0.0213 -0.4207
104.9967 606.9108 -9.6414 59.2113 0.0129 0.9091 -0.0210 -0.4160
105.1005 606.5647 -9.6576 58.8860 0.0144 0.9110 -0.0200 -0.4116
105.2041 606.2381 -9.6777 58.5521 0.0133 0.9133 -0.0207 -0.4066
105.3077 605.8561 -9.6867 58.2060 0.0121 0.9154 -0.0210 -0.4019
105.4115 605.4679 -9.7088 57.8459 0.0149 0.9173 -0.0199 -0.3975
105.5153 605.0694 -9.7401 57.4687 0.0169 0.9191 -0.0185 -0.3932
105.6189 604.6776 -9.7524 57.0698 0.0174 0.9209 -0.0175 -0.3889
105.7226 604.2853 -9.7576 56.6335 0.0167 0.9224 -0.0155 -0.3856
105.8265 603.8374 -9.7716 56.1817 0.0170 0.9235 -0.0135 -0.3830
105.9302 603.4086 -9.7986 55.7269 0.0138 0.9245 -0.0122 -0.3807
106.0341 602.9563 -9.8115 55.2480 0.0131 0.9249 -0.0110 -0.3798
106.1379 602.4972 -9.8085 54.7617 0.0109 0.9252 -0.0091 -0.3792
106.2417 602.0327 -9.8292 54.2834 0.0121 0.9257 -0.0094 -0.3780
106.3455 601.5509 -9.8338 53.7913 0.0117 0.9261 -0.0094 -0.3770
106.4492 601.0422 -9.8710 53.2467 0.0119 0.9262 -0.0096 -0.3767
106.5530 600.5596 -9.8881 52.7230 0.0084 0.9268 -0.0115 -0.3752
106.6568 600.0362 -9.8903 52.1548 0.0054 0.9270 -0.0136 -0.3747
106.7605 599.5079 -9.9280 51.5937 0.0032 0.9273 -0.0156 -0.3739
106.8642 598.9578 -9.9540 51.0271 0.0054 0.9277 -0.0163 -0.3730
106.9680 598.3945 -9.9864 50.4275 0.0070 0.9278 -0.0152 -0.3728
107.0718 597.8326 -10.0137 49.8159 0.0054 0.9280 -0.0135 -0.3723
107.1755 597.2682 -10.0377 49.2157 0.0064 0.9285 -0.0128 -0.3712
107.2791 596.6714 -10.0616 48.5833 0.0052 0.9289 -0.0122 -0.3700
107.3829 596.0857 -10.0855 47.9491 0.0069 0.9295 -0.0118 -0.3686
107.4865 595.4629 -10.1064 47.2614 0.0085 0.9302 -0.0118 -0.3668
107.5902 594.8568 -10.1379 46.5877 0.0084 0.9311 -0.0117 -0.3644
107.6939 594.2509 -10.1619 45.9153 0.0090 0.9322 -0.0111 -0.3618
107.7976 593.6482 -10.1869 45.2405 0.0106 0.9332 -0.0104 -0.3590
107.9012 593.0248 -10.2140 44.5380 0.0115 0.9342 -0.0110 -0.3565
108.0050 592.4493 -10.2339 43.8651 0.0115 0.9348 -0.0118 -0.3547
108.1087 591.8248 -10.2913 43.1619 0.0114 0.9353 -0.0133 -0.3535
108.2125 591.2166 -10.3063 42.4556 0.0090 0.9354 -0.0139 -0.3531
108.3162 590.6111 -10.3525 41.7560 0.0082 0.9352 -0.0146 -0.3537
108.4200 590.0207 -10.3928 41.0620 0.0074 0.9351 -0.0145 -0.3540
108.5237 589.3975 -10.4310 40.3615 0.0057 0.9349 -0.0141 -0.3546
108.6275 588.7943 -10.4612 39.6627 0.0060 0.9346 -0.0138 -0.3554
108.7312 588.1833 -10.4917 38.9790 0.0063 0.9343 -0.0137 -0.3561
108.8351 587.5747 -10.5322 38.2893 0.0073 0.9338 -0.0138 -0.3573
108.9389 586.9577 -10.5683 37.5932 0.0067 0.9333 -0.0144 -0.3588
109.0426 586.3186 -10.6051 36.8903 0.0068 0.9329 -0.0153 -0.3599
109.1464 585.6816 -10.6422 36.1934 0.0066 0.9324 -0.0153 -0.3610
109.2501 585.0734 -10.6808 35.5153 0.0068 0.9319 -0.0155 -0.3623
109.3539 584.4396 -10.7158 34.8092 0.0068 0.9314 -0.0157 -0.3635
109.4576 583.8066 -10.7631 34.1108 0.0071 0.9309 -0.0161 -0.3650
109.5612 583.1676 -10.7984 33.4346 0.0071 0.9305 -0.0165 -0.3658
109.6650 582.5233 -10.8472 32.7608 0.0064 0.9301 -0.0175 -0.3669
109.7687 581.8705 -10.8870 32.0486 0.0063 0.9299 -0.0174 -0.3674
109.8724 581.2078 -10.9379 31.3328 0.0065 0.9297 -0.0174 -0.3678
109.9761 580.5746 -10.9678 30.6284 0.0066 0.9298 -0.0168 -0.3677
110.0797 579.8926 -11.0151 29.9161 0.0064 0.9297 -0.0170 -0.3679
110.1835 579.2407 -11.0613 29.2057 0.0060 0.9298 -0.0174 -0.3675
110.2872 578.5944 -11.1056 28.5159 0.0057 0.9299 -0.0176 -0.3673
110.3909 577.9388 -11.1518 27.7967 0.0058 0.9303 -0.0175 -0.3665
110.4946 577.2756 -11.1980 27.0862 0.0057 0.9305 -0.0175 -0.3659
110.5982 576.6210 -11.2313 26.3637 0.0048 0.9307 -0.0183 -0.3652
110.7020 575.9554 -11.2962 25.6297 0.0040 0.9310 -0.0197 -0.3645
110.8056 575.3084 -11.3435 24.9154 0.0029 0.9313 -0.0198 -0.3637
110.9092 574.6602 -11.3929 24.1608 0.0040 0.9317 -0.0193 -0.3627
111.0129 574.0050 -11.4323 23.4446 0.0044 0.9322 -0.0174 -0.3614
111.1166 573.3837 -11.4778 22.7153 0.0051 0.9326 -0.0164 -0.3604
111.2202 572.7287 -11.5356 21.9956 0.0066 0.9330 -0.0173 -0.3594
111.3240 572.0925 -11.5704 21.2919 0.0051 0.9333 -0.0171 -0.3586
111.4276 571.4710 -11.6264 20.5947 0.0062 0.9338 -0.0177 -0.3574
111.5314 570.8174 -11.6693 19.8572 0.0063 0.9341 -0.0183 -0.3565
111.6350 570.1928 -11.7145 19.1606 0.0048 0.9345 -0.0190 -0.3554
111.7387 569.5678 -11.7783 18.4425 0.0048 0.9348 -0.0202 -0.3545
111.8424 568.9574 -11.8328 17.7262 0.0041 0.9353 -0.0195 -0.3533
111.9461 568.3515 -11.8687 17.0159 0.0048 0.9356 -0.0177 -0.3527
112.0497 567.7376 -11.9062 16.3015 0.0049 0.9357 -0.0158 -0.3523
112.1535 567.1430 -11.9594 15.5957 0.0038 0.9358 -0.0153 -0.3522
112.2571 566.5414 -12.0146 14.9232 0.0011 0.9356 -0.0161 -0.3527
112.3609 565.9248 -12.0541 14.2138 0.0008 0.9353 -0.0171 -0.3534
112.4646 565.3368 -12.1062 13.5477 0.0026 0.9348 -0.0185 -0.3546
112.5682 564.7129 -12.1467 12.8456 0.0046 0.9345 -0.0191 -0.3554
112.6720 564.1120 -12.1986 12.1874 0.0057 0.9340 -0.0199 -0.3567
112.7756 563.5330 -12.2422 11.5621 0.0066 0.9336 -0.0202 -0.3576
112.8794 562.9345 -12.2767 10.8829 0.0074 0.9332 -0.0207 -0.3587
112.9830 562.3486 -12.3438 10.2089 0.0072 0.9328 -0.0212 -0.3596
113.0867 561.7980 -12.3850 9.6007 0.0058 0.9323 -0.0229 -0.3610
113.1905 561.2681 -12.4668 8.9924 0.0029 0.9319 -0.0257 -0.3619
113.2941 560.7361 -12.5213 8.3845 -0.0007 0.9314 -0.0283 -0.3629
113.3978 560.1966 -12.5766 7.7875 -0.0011 0.9311 -0.0289 -0.3637
113.5015 559.6876 -12.6347 7.2122 0.0000 0.9309 -0.0282 -0.3642
113.6052 559.1634 -12.6753 6.6865 0.0024 0.9307 -0.0273 -0.3647
113.7090 558.6916 -12.7531 6.1569 0.0029 0.9305 -0.0273 -0.3652
113.8126 558.2319 -12.7790 5.6562 0.0047 0.9305 -0.0292 -0.3651
113.9164 557.7724 -12.8587 5.1711 0.0053 0.9304 -0.0316 -0.3653
114.0201 557.3428 -12.9114 4.6811 0.0042 0.9303 -0.0332 -0.3653
114.1239 556.9174 -12.9531 4.2206 0.0046 0.9304 -0.0332 -0.3651
114.2276 556.5143 -12.9925 3.7803 0.0046 0.9304 -0.0328 -0.3651
114.3314 556.1511 -13.0492 3.3786 0.0046 0.9306 -0.0320 -0.3647
114.4350 555.7958 -13.0808 3.0024 0.0042 0.9304 -0.0329 -0.3650
114.5387 555.4429 -13.1410 2.6188 0.0019 0.9304 -0.0341 -0.3650
114.6425 555.1066 -13.1797 2.2148 -0.0005 0.9304 -0.0341 -0.3649
114.7463 554.7699 -13.2265 1.8490 -0.0004 0.9303 -0.0340 -0.3651
114.8500 554.4392 -13.2634 1.4666 -0.0010 0.9303 -0.0331 -0.3653
114.9538 554.1122 -13.3046 1.1365 -0.0001 0.9303 -0.0321 -0.3655
115.0574 553.7884 -13.3554 0.7650 -0.0012 0.9303 -0.0314 -0.3655
115.1611 553.4858 -13.3817 0.4335 -0.0024 0.9301 -0.0309 -0.3661
115.2649 553.1938 -13.4200 0.1011 -0.0026 0.9300 -0.0308 -0.3662
115.3686 552.8908 -13.4566 -0.2039 -0.0006 0.9299 -0.0315 -0.3665
115.4724 552.6095 -13.4833 -0.5145 -0.0002 0.9299 -0.0318 -0.3664
115.5761 552.3105 -13.5240 -0.8046 0.0003 0.9298 -0.0324 -0.3666
115.6797 552.0383 -13.5521 -1.1124 0.0005 0.9298 -0.0324 -0.3667
115.7835 551.7855 -13.5849 -1.3828 0.0009 0.9298 -0.0327 -0.3667
115.8871 551.5294 -13.6235 -1.6575 0.0027 0.9298 -0.0338 -0.3664
115.9909 551.2729 -13.6435 -1.9265 0.0026 0.9299 -0.0345 -0.3662
116.0946 551.0263 -13.6780 -2.1843 0.0021 0.9300 -0.0353 -0.3658
116.1983 550.7951 -13.7107 -2.4457 0.0018 0.9300 -0.0366 -0.3657
116.3020 550.5752 -13.7476 -2.6829 0.0018 0.9302 -0.0385 -0.3650
116.4056 550.3565 -13.7775 -2.9077 0.0037 0.9305 -0.0401 -0.3641
116.5094 550.1410 -13.8046 -3.1255 0.0039 0.9310 -0.0406 -0.3627
116.6133 549.9443 -13.8199 -3.3644 0.0036 0.9316 -0.0411 -0.3612
116.7167 549.7525 -13.8490 -3.5837 0.0029 0.9321 -0.0417 -0.3598
116.8205 549.6038 -13.8752 -3.7793 0.0008 0.9325 -0.0409 -0.3587
116.9242 549.4527 -13.9027 -3.9665 0.0003 0.9331 -0.0408 -0.3574
117.0280 549.2942 -13.9177 -4.1349 0.0001 0.9335 -0.0410 -0.3562
117.1316 549.1442 -13.9495 -4.3106 0.0002 0.9340 -0.0409 -0.3550
117.2354 549.0141 -13.9699 -4.4436 0.0004 0.9344 -0.0410 -0.3538
117.3391 548.8780 -13.9867 -4.6033 0.0006 0.9346 -0.0416 -0.3533
117.4429 548.7487 -14.0074 -4.7579 -0.0001 0.9346 -0.0423 -0.3533
117.5467 548.6458 -14.0262 -4.8893 -0.0005 0.9345 -0.0430 -0.3533
117.6504 548.5431 -14.0401 -4.9930 -0.0012 0.9344 -0.0438 -0.3536
117.7540 548.4409 -14.0537 -5.1070 -0.0010 0.9342 -0.0443 -0.3540
117.8577 548.3451 -14.0691 -5.2112 -0.0012 0.9341 -0.0449 -0.3541
117.9615 548.2544 -14.0917 -5.3305 -0.0012 0.9341 -0.0453 -0.3541
118.0651 548.1813 -14.0974 -5.4150 -0.0014 0.9343 -0.0456 -0.3536
118.1689 548.1067 -14.1156 -5.4843 -0.0014 0.9344 -0.0456 -0.3532
118.2725 548.0418 -14.1242 -5.5644 -0.0016 0.9345 -0.0457 -0.3530
118.3763 547.9760 -14.1377 -5.6591 -0.0020 0.9345 -0.0461 -0.3530
118.4799 547.8987 -14.1481 -5.7470 -0.0028 0.9345 -0.0465 -0.3528
118.5836 547.8390 -14.1565 -5.8131 -0.0027 0.9347 -0.0463 -0.3525
118.6872 547.7975 -14.1610 -5.8600 -0.0029 0.9347 -0.0466 -0.3523
118.7910 547.7417 -14.1696 -5.9049 -0.0027 0.9349 -0.0466 -0.3519
118.8948 547.6931 -14.1814 -5.9705 -0.0027 0.9349 -0.0467 -0.3518
118.9985 547.6381 -14.1915 -6.0452 -0.0032 0.9349 -0.0473 -0.3517
119.1021 547.6025 -14.1958 -6.0808 -0.0033 0.9349 -0.0473 -0.3516
119.2059 547.5595 -14.2076 -6.1315 -0.0032 0.9350 -0.0473 -0.3514
119.3096 547.5175 -14.2087 -6.1734 -0.0032 0.9350 -0.0476 -0.3513
119.4132 547.4844 -14.2134 -6.2071 -0.0033 0.9351 -0.0478 -0.3512
119.5170 547.4646 -14.2206 -6.2363 -0.0033 0.9351 -0.0479 -0.3510
119.6207 547.4321 -14.2221 -6.2584 -0.0035 0.9352 -0.0481 -0.3508
119.7244 547.4089 -14.2286 -6.3017 -0.0037 0.9352 -0.0483 -0.3508
119.8281 547.3751 -14.2320 -6.3424 -0.0038 0.9352 -0.0485 -0.3508
119.9319 547.3521 -14.2359 -6.3808 -0.0037 0.9352 -0.0487 -0.3508
120.0355 547.3405 -14.2412 -6.3807 -0.0036 0.9353 -0.0486 -0.3506
120.1392 547.3181 -14.2420 -6.4039 -0.0038 0.9353 -0.0487 -0.3506
120.2429 547.3062 -14.2479 -6.4332 -0.0040 0.9352 -0.0488 -0.3506
120.3466 547.3024 -14.2494 -6.4318 -0.0040 0.9353 -0.0489 -0.3505
120.4502 547.2883 -14.2452 -6.4363 -0.0042 0.9353 -0.0489 -0.3505
120.5540 547.2828 -14.2484 -6.4360 -0.0043 0.9353 -0.0493 -0.3504
120.6576 547.2750 -14.2477 -6.4556 -0.0045 0.9353 -0.0494 -0.3504
120.7614 547.2640 -14.2433 -6.4617 -0.0047 0.9353 -0.0497 -0.3503
120.8650 547.2540 -14.2534 -6.4894 -0.0047 0.9353 -0.0499 -0.3504
120.9686 547.2397 -14.2553 -6.5029 -0.0048 0.9352 -0.0501 -0.3504
121.0724 547.2295 -14.2604 -6.5089 -0.0047 0.9353 -0.0499 -0.3503
121.1760 547.2032 -14.2593 -6.5367 -0.0045 0.9353 -0.0497 -0.3502
121.2797 547.1920 -14.2624 -6.5647 -0.0047 0.9353 -0.0498 -0.3503
121.3834 547.1713 -14.2664 -6.5913 -0.0047 0.9353 -0.0499 -0.3503
121.4871 547.1589 -14.2732 -6.6124 -0.0046 0.9354 -0.0497 -0.3501
121.5909 547.1288 -14.2776 -6.6398 -0.0046 0.9354 -0.0497 -0.3502
121.6945 547.0744 -14.2861 -6.6883 -0.0045 0.9353 -0.0495 -0.3504
121.7982 547.0470 -14.2915 -6.7322 -0.0045 0.9353 -0.0494 -0.3503
121.9020 547.0105 -14.3004 -6.7795 -0.0047 0.9353 -0.0494 -0.3503
122.0056 546.9743 -14.3078 -6.8237 -0.0047 0.9353 -0.0493 -0.3503
122.1094 546.9404 -14.3194 -6.8566 -0.0046 0.9354 -0.0493 -0.3502
122.2131 546.8976 -14.3237 -6.9090 -0.0048 0.9354 -0.0495 -0.3500
122.3168 546.8418 -14.3237 -6.9551 -0.0048 0.9354 -0.0495 -0.3499
122.4205 546.7923 -14.3362 -7.0149 -0.0047 0.9354 -0.0496 -0.3500
122.5243 546.7321 -14.3435 -7.0843 -0.0047 0.9355 -0.0497 -0.3498
122.6280 546.6587 -14.3499 -7.1695 -0.0048 0.9354 -0.0498 -0.3501
122.7316 546.5939 -14.3674 -7.2332 -0.0047 0.9354 -0.0497 -0.3500
122.8352 546.5327 -14.3767 -7.2972 -0.0046 0.9355 -0.0498 -0.3499
122.9390 546.4778 -14.3905 -7.3978 -0.0046 0.9355 -0.0493 -0.3499
123.0426 546.4110 -14.4126 -7.4690 -0.0044 0.9356 -0.0492 -0.3497
123.1462 546.3403 -14.4134 -7.5442 -0.0047 0.9356 -0.0494 -0.3497
123.2500 546.2688 -14.4248 -7.6445 -0.0046 0.9355 -0.0497 -0.3499
123.3536 546.1962 -14.4435 -7.7262 -0.0045 0.9354 -0.0497 -0.3500
123.4574 546.1259 -14.4437 -7.7995 -0.0042 0.9354 -0.0497 -0.3499
123.5610 546.0435 -14.4644 -7.8925 -0.0022 0.9355 -0.0504 -0.3498
123.6648 545.9623 -14.4808 -7.9873 -0.0013 0.9354 -0.0502 -0.3500
123.7685 545.8985 -14.4979 -8.0573 -0.0010 0.9354 -0.0501 -0.3499
123.8721 545.8275 -14.5109 -8.1476 -0.0010 0.9355 -0.0500 -0.3497
123.9759 545.7673 -14.5170 -8.2053 -0.0012 0.9356 -0.0500 -0.3495
124.0796 545.6895 -14.5301 -8.2918 -0.0011 0.9355 -0.0500 -0.3498
124.1832 545.6222 -14.5416 -8.3648 -0.0010 0.9356 -0.0498 -0.3495
124.2870 545.5715 -14.5526 -8.4264 -0.0008 0.9357 -0.0492 -0.3493
124.3906 545.5290 -14.5537 -8.4883 -0.0007 0.9358 -0.0490 -0.3492
124.4944 545.4863 -14.5665 -8.5649 -0.0004 0.9358 -0.0487 -0.3491
