0.018062
0.051161
0.059146
0.061454
0.057834
0.061907
0.060215
0.059781
0.059322
0.06146
0.058029
0.059939
0.060731
0.060132
0.05962
0.059064
0.05728
0.061761
0.063347
0.062026
0.060219
0.059219
0.058882
0.06307
0.059471
0.060905
0.06653
0.064551
0.065694
0.063575
0.061113
0.060619
0.061469
0.06244
0.059438
0.063319
0.063205
0.062987
0.059271
0.064325
0.059255
0.059814
0.06466
0.065702
0.063427
0.061043
0.061223
0.057093
0.060073
0.058834
0.060002
0.059332
0.059742
0.059557
0.055588
0.052931
0.053631
0.053203
0.051445
0.053989
0.054884
0.052691
0.051182
0.057436
0.056767
0.055851
0.052135
0.053329
0.052467
0.055199
0.054279
0.054942
0.053787
0.057694
0.055818
0.058419
0.057667
0.056614
0.06088
0.05796
0.05805
0.058204
0.059779
0.054072
0.057143
0.058964
0.059299
0.056735
0.057773
0.056399
0.056429
0.055116
0.057615
0.054831
0.05674
0.057162
0.056878
0.058379
0.056839
0.055141
0.056869
0.055263
0.056718
0.057279
0.057156
0.058456
0.056841
0.053569
0.053805
0.054215
0.05306
0.054
0.054083
0.054041
0.053367
0.050472
0.053036
0.05061
0.052968
0.052038
0.051196
0.053375
0.05481
0.050408
0.048014
0.05199
0.048894
0.05156
0.051021
0.05113
0.049078
0.050216
0.048005
0.0485
0.049169
0.047777
0.050028
0.04839
0.050673
0.047463
0.04921
0.052418
0.047982
0.049328
0.049519
0.05015
0.052016
0.051859
0.050927
0.051335
0.050805
0.04976
0.050981
0.052284
0.051302
0.052309
0.049806
0.049848
0.049763
0.048864
0.05028
0.047662
0.046215
0.047069
0.049317
0.046444
0.043169
0.045848
0.045845
0.048059
0.044937
0.044152
0.043305
0.046013
0.047508
0.045142
0.046715
0.045011
0.042908
0.044159
0.045362
0.044532
0.042702
0.041716
0.043244
0.045207
0.044786
0.045879
0.044588
0.043662
0.041664
0.042621
0.045518
0.045336
0.045378
0.044952
0.041712
0.041959
0.046538
0.046809
0.04746
0.047584
0.046483
0.046116
0.046689
0.044213
0.041995
0.045154
0.042524
0.042922
0.041575
0.041456
0.041738
0.041095
0.042258
0.041997
0.041081
0.04083
0.04134
0.040743
0.040662
0.041462
0.040724
0.040792
0.048116
0.041804
0.040383
0.04414
0.044711
0.045238
0.046341
0.045989
0.045469
0.046191
0.050714
0.049026
0.050813
0.048976
0.050221
0.05185
0.052434
0.048392
0.046623
0.050202
0.049333
0.049088
0.0492
0.050435
0.04905
0.048821
0.050347
0.052269
0.051383
0.053462
0.054512
0.054945
0.05482
0.053271
0.05381
0.054577
0.054195
0.053674
0.053552
0.055033
0.055012
0.053075
0.057551
0.054243
0.05483
0.055599
0.053891
0.056266
0.056263
0.055474
0.056327
0.05626
0.055262
0.055803
0.056611
0.059718
0.057398
0.058542
0.058564
0.058895
0.059118
0.05735
0.056182
0.057713
0.057644
0.059377
0.058213
0.058952
0.05686
0.058691
0.054503
0.057019
0.062513
0.06074
0.063115
0.061371
0.060862
0.061592
0.058343
0.061823
0.062938
0.060826
0.059323
0.060241
0.056975
0.059985
0.059153
0.06214
0.057093
0.059744
0.059067
0.059337
0.059613
0.059927
0.059824
0.062507
0.062985
0.061667
0.063464
0.063161
0.063796
0.062229
0.061763
0.060441
0.061985
0.061152
0.059135
0.062133
0.059645
0.059035
0.058437
0.059592
0.058195
0.059196
0.05923
0.058819
0.058872
0.057371
0.05997
0.058221
0.061442
0.063304
0.063178
0.062066
0.063226
0.061594
0.061754
0.061841
0.060747
0.060125
0.057242
0.059193
0.058694
0.058962
0.06204
0.060106
0.058073
0.061468
0.060435
0.061167
0.060367
0.060786
0.060596
0.059868
0.059802
0.060537
0.063083
0.063932
0.065368
0.062174
0.063239
0.066364
0.063665
0.065972
0.065105
0.066525
0.064348
0.063118
0.064643
0.065954
0.064557
0.065196
0.064932
0.066335
0.066632
0.06403
0.06358
0.064121
0.065817
0.06601
0.064598
0.067369
0.064939
0.065946
0.066066
0.064949
0.066657
0.06096
0.06559
0.061265
0.065044
0.067069
0.062558
0.066084
0.063941
0.063134
0.063442
0.061425
0.065395
0.064323
0.063347
0.063881
0.064219
0.063003
0.062719
0.061809
0.060367
0.061486
0.060217
0.063034
0.059471
0.061034
0.059799
0.057287
0.057772
0.059146
0.058149
0.055969
0.056426
0.059015
0.05701
0.056254
0.054987
0.059198
0.059094
0.059207
0.058759
0.056624
0.057433
0.055509
0.057852
0.056354
0.053971
0.05499
0.057672
0.054468
0.055137
0.055361
0.055399
0.052652
0.055752
0.056232
0.053153
0.051875
0.054852
0.05696
0.051365
0.055506
0.052692
0.054412
0.055451
0.054588
0.049224
0.053425
0.051563
0.053329
0.052177
0.053356
0.053942
0.052024
0.050801
0.051765
0.051209
0.051133
0.046374
0.051029
0.048309
0.044732
0.048852
0.04975
0.050308
0.046026
0.046786
0.04844
0.046817
0.048013
0.048027
0.045322
0.048127
0.044624
0.044979
0.043419
0.04174
0.041633
0.040551
0.040207
0.038879
0.039576
0.038645
0.038731
0.038792
0.037283
0.03754
0.03638
0.037592
0.039226
0.039169
0.040767
0.042536
0.051385
0.043923
0.044572
0.047562
0.043505
0.045421
0.044745
0.044312
0.045516
0.046627
0.048205
0.049097
0.047264
0.048631
0.047043
0.046676
0.043365
0.043861
0.039954
0.041257
0.038667
0.041817
0.040786
0.04165
0.043098
0.042719
0.041739
0.041105
0.045458
0.044265
0.043279
0.043876
0.046186
0.042171
0.043411
0.041477
0.045038
0.042208
0.044343
0.041891
0.043322
0.04184
0.042912
0.041305
0.044363
0.042737
0.043958
0.045417
0.042532
0.043634
0.044352
0.043815
0.044907
0.044638
0.045617
0.04418
0.045247
0.043681
0.042419
0.042347
0.043643
0.038856
0.040997
0.043764
0.038814
0.041663
0.048054
0.039699
0.040212
0.042446
0.041148
0.040098
0.041306
0.040889
0.040702
0.041176
0.04064
0.039688
0.038664
0.039091
0.039558
0.036318
0.040431
0.038642
0.039144
0.039911
0.039567
0.039678
0.040032
0.041635
0.040901
0.040257
0.041355
0.038658
0.040703
0.041064
0.048882
0.044188
0.042174
0.042196
0.040094
0.041578
0.039402
0.040745
0.039976
0.039565
0.038177
0.040408
0.039268
0.040974
0.041155
0.041229
0.040718
0.041194
0.040175
0.040972
0.039845
0.04078
0.041097
0.040967
0.036833
0.038187
0.040329
0.039119
0.03868
0.040092
0.040366
0.041511
0.041977
0.041275
0.039295
0.041468
0.040754
0.039336
0.041645
0.04201
0.038112
0.041429
0.041661
0.041008
0.04107
0.040709
0.040742
0.039367
0.041189
0.04345
0.044133
0.042681
0.042389
0.037336
0.0421
0.039459
0.043361
0.040198
0.040014
0.04134
0.041922
0.039393
0.040295
0.042513
0.042355
0.042685
0.041002
0.038626
0.04423
0.038359
0.042396
0.040222
0.040722
0.040406
0.043288
0.041596
0.042894
0.03968
0.040495
0.042273
0.04235
0.041867
0.041108
0.039203
0.038341
0.039438
0.040031
0.040037
0.039132
0.040464
0.03963
0.037497
0.04098
0.039512
0.042085
0.04039
0.039951
0.041391
0.038635
0.041811
0.040174
0.039392
0.04555
0.043268
0.040445
0.041902
0.039899
0.040802
0.040777
0.04134
0.041084
0.044204
0.043955
0.043049
0.043915
0.050022
0.041835
0.044588
0.042431
0.042893
0.042434
0.043442
0.042982
0.043055
0.042039
0.040777
0.042005
0.042145
0.038115
0.039635
0.041056
0.039198
0.039821
0.040458
0.04066
0.040718
0.041585
0.036825
0.039264
0.040101
0.039325
0.039713
0.038639
0.04033
0.041095
0.040633
0.04167
0.038635
0.040465
0.039049
0.042817
0.039657
0.040317
0.039466
0.040075
0.038665
0.041239
0.040542
0.04005
0.04123
0.040613
0.037917
0.039381
0.040611
0.042274
0.040166
0.039365
0.038501
0.042389
0.039139
0.037043
0.039321
0.037787
0.040293
0.038902
0.040259
0.037999
0.039591
0.037552
0.038317
0.037375
0.037454
0.035919
0.036029
0.035669
0.037841
0.038504
0.039136
0.038728
0.042827
0.038418
0.035595
0.037849
0.038432
0.036148
0.040112
0.038313
0.037889
0.040353
0.038764
0.040525
0.04027
0.040023
0.039216
0.040236
0.038645
0.041271
0.041001
0.041014
0.041302
0.040594
0.040503
0.041565
0.04079
0.043588
0.041246
0.040491
0.043315
0.037995
0.04151
0.037798
0.03522
0.042416
0.03748
0.036785
0.035618
0.035116
0.032572
0.034783
0.034071
0.035731
0.033973
0.033523
0.035256
0.034728
0.03671
0.033102
0.032072
0.03033
0.031967
0.036968
0.032762
0.031065
0.034286
0.032736
0.031921
0.030729
0.031309
0.034538
0.033686
0.033354
0.033074
0.036473
0.038278
0.03627
0.037728
0.035377
0.038645
0.034167
0.037712
0.037289
0.038988
0.037861
0.035097
0.03512
0.039433
0.037853
0.037959
0.038654
0.040592
0.038253
0.041679
0.042082
0.043466
0.053394
0.045429
0.04856
0.04935
0.048898
0.048356
0.048557
0.04972
0.047368
0.050127
0.045992
0.051734
0.050113
0.05004
0.051614
0.04546
0.050205
0.049596
0.050119
0.049365
0.049239
0.049773
0.050367
0.049716
0.050793
0.051476
0.051544
0.052569
0.051971
0.054386
0.05505
0.054701
0.052814
0.053243
0.051879
0.050392
0.048954
0.051011
0.052061
0.050732
0.054102
0.050565
0.050636
0.050415
0.049249
0.050802
0.049153
0.051941
0.050144
0.049612
0.049509
0.047775
0.049607
0.049504
0.049974
0.050138
0.049459
0.050993
0.051276
0.052435
0.052391
0.050344
0.050695
0.048882
0.050433
0.05245
0.048748
0.049346
0.050702
0.048227
0.049891
0.049438
0.049743
0.054089
0.052734
0.051366
0.052342
0.054117
0.04987
0.049562
0.054276
0.056001
0.051043
0.053851
0.051678
0.052767
0.055263
0.05515
0.051989
0.051925
0.056551
0.054651
0.052503
0.055702
0.054211
0.053454
0.052603
0.053485
0.055663
0.056799
0.057906
0.059726
0.056278
0.051995
0.057051
0.054214
0.055289
0.055542
0.055605
0.05606
0.058424
0.057263
0.052747
0.055458
0.054406
0.054703
0.054508
0.056573
0.058285
0.057444
0.056076
0.055557
0.055959
0.060886
0.058154
0.060705
0.058153
0.056798
0.06017
0.061575
0.060055
0.057693
0.059964
0.061844
0.05576
0.058086
0.054871
0.05821
0.056786
0.060168
0.058596
0.059306
0.06135
0.059892
0.059136
0.061105
0.057911
0.059672
0.055744
0.059041
0.059674
0.059177
0.06078
0.06077
0.060542
0.062766
0.062258
0.062465
0.062355
0.063852
0.060096
0.062664
0.063502
0.059709
0.058082
0.061364
0.059998
0.059392
0.059
0.056943
0.056422
0.054519
0.054292
0.056095
0.054609
0.05847
0.058636
0.059676
0.061216
0.064216
0.060729
0.062929
0.058613
0.060485
0.060743
0.061481
0.057093
0.057656
0.056632
0.056743
0.055025
0.056777
0.058602
0.060354
0.059673
0.057605
0.058926
0.058325
0.0586
0.058969
0.059051
0.059633
0.056249
0.056004
0.057979
0.057909
0.057694
0.053548
0.05582
0.059534
0.056291
0.058291
0.057084
0.059827
0.055466
0.057314
0.057172
0.055494
0.057875
0.056308
0.060038
0.061536
0.061097
0.063691
0.063735
0.063133
0.061338
0.061336
0.059239
0.063375
0.061061
0.059329
0.061379
0.062072
0.059235
0.061208
0.058131
0.058851
0.057735
0.059297
0.059969
0.057629
0.059299
0.058997
0.057568
0.058388
0.053573
0.055524
0.056051
0.057388
0.056749
0.057262
0.056777
0.056034
0.055264
0.057657
0.056742
0.055766
0.054727
0.052924
0.052459
0.055211
0.056232
0.056218
0.055627
0.056488
0.056646
0.054724
0.055026
0.05597
0.054357
0.051719
0.054218
0.052383
0.054047
0.053223
0.054265
0.051159
0.053915
0.052557
0.052966
0.050002
0.053117
0.052629
0.053596
0.050065
0.051967
0.050008
0.049761
0.049239
0.050683
0.049613
0.0488
0.047622
0.051376
0.048492
0.048702
0.047883
0.049447
0.04717
0.048265
0.048916
0.050231
0.049528
0.049584
0.050159
0.047957
0.048072
0.050436
0.049623
0.051007
0.048831
0.048994
0.04899
0.048886
0.047369
0.047946
0.050015
0.048872
0.046899
0.048302
0.048889
0.049413
0.050838
0.050251
0.049313
0.050378
0.050026
0.049038
0.049636
0.051945
0.052969
0.052408
0.052896
0.053221
0.049917
0.050535
0.050969
0.051413
0.051024
0.052998
0.052729
0.053195
0.050976
0.051545
0.051438
0.049902
0.051638
0.0484
0.048545
0.048275
0.047808
0.045633
0.049737
0.047679
0.047056
0.049806
0.048607
0.048313
0.050653
0.04823
0.050297
0.047554
0.04743
0.04506
0.045455
0.044647
0.046885
0.044864
0.046386
0.047212
0.048056
0.04764
0.048289
0.04772
0.046709
0.046166
0.04711
0.047274
0.044775
0.047701
0.04567
0.044955
0.045443
0.046386
0.043969
0.046672
0.045681
0.045552
0.046725
0.045364
0.044422
0.045278
0.043899
0.044345
0.04563
0.04516
0.045241
0.047265
0.045815
0.047814
0.047377
0.050029
0.048184
0.050305
0.049307
0.049619
0.047803
0.048578
0.04701
0.045756
0.046855
0.04641
0.045146
0.046911
0.044526
0.044448
0.045805
0.044414
0.045253
0.044902
0.045102
0.043561
0.044035
0.042513
0.045537
0.046221
0.046675
0.045755
0.045427
0.044351
0.043675
0.044954
0.044948
0.043804
0.042672
0.044435
0.042165
0.043517
0.042979
0.043996
0.044129
0.045551
0.045598
0.046807
0.046681
0.047421
0.045471
0.04645
0.045542
0.045622
0.047121
0.044641
0.044692
0.045992
0.043765
0.046738
0.0443
0.044653
0.044533
0.0461
0.046704
0.043034
0.045487
0.04555
0.046762
0.042781
0.047254
0.046179
0.046065
0.045166
0.045164
0.042484
0.045262
0.044984
0.041835
0.046002
0.044398
0.046083
0.043178
0.042105
0.043535
0.042396
0.042925
0.041137
0.044724
0.043791
0.044383
0.044568
0.047811
0.046293
0.045416
0.043927
0.045664
0.041777
0.044158
0.042692
0.044781
0.045357
0.044124
0.044197
0.044941
0.042676
0.044292
0.045083
0.045839
0.044114
0.043089
0.04416
0.046233
0.043596
0.043299
0.042504
0.042049
0.041065
0.043628
0.042168
0.04177
0.043349
0.042157
0.041057
0.041079
0.04133
0.041893
0.04159
0.043928
0.04387
0.046974
0.047623
0.049798
0.04952
0.04943
0.052387
0.049203
0.052403
0.052871
0.063378
0.05805
0.059363
0.059419
0.058974
0.062682
0.055375
0.058571
0.057208
0.061727
0.062032
0.064169
