0.020123
0.05744
0.059761
0.065605
0.062557
0.067356
0.065667
0.067454
0.066151
0.061778
0.06365
0.068492
0.064246
0.062596
0.063172
0.064933
0.062224
0.063321
0.063968
0.069067
0.065492
0.068467
0.064949
0.067114
0.061851
0.061192
0.059827
0.067613
0.063772
0.063499
0.06041
0.061313
0.062032
0.058469
0.055959
0.059498
0.058881
0.060188
0.054937
0.05372
0.057534
0.057137
0.056204
0.052569
0.053726
0.054051
0.054665
0.055814
0.056163
0.055992
0.057228
0.054075
0.05625
0.054445
0.055506
0.057473
0.05792
0.059783
0.061181
0.056509
0.057967
0.061407
0.060952
0.055554
0.057435
0.054762
0.056748
0.058101
0.056296
0.056964
0.052213
0.070929
0.074466
0.074899
0.073207
0.073411
0.072107
0.071502
0.07217
0.069627
0.069676
0.06936
0.070852
0.069645
0.069111
0.069708
0.06861
0.067249
0.066794
0.069965
0.072061
0.074252
0.071936
0.07275
0.068747
0.072484
0.073602
0.072438
0.069095
0.069735
0.071075
0.070352
0.06626
0.06978
0.066487
0.068741
0.068685
0.064433
0.068255
0.068476
0.06637
0.065309
0.065763
0.067009
0.066553
0.066132
0.065939
0.064192
0.066076
0.071628
0.069254
0.069555
0.068163
0.07053
0.070912
0.066989
0.068125
0.069551
0.066463
0.066458
0.066023
0.066523
0.065397
0.062292
0.063087
0.065499
0.060854
0.061326
0.061849
0.064036
0.058862
0.060374
0.058506
0.059031
0.059442
0.056379
0.05834
0.057196
0.055113
0.054451
0.054656
0.055503
0.05844
0.06104
0.059225
0.060134
0.055147
0.057758
0.055434
0.056026
0.054657
0.056823
0.055802
0.055034
0.054885
0.055291
0.055435
0.055482
0.056696
0.054913
0.056566
0.056765
0.060031
0.063918
0.062677
0.065895
0.062799
0.064658
0.064877
0.065275
0.063068
0.063593
0.063508
0.062771
0.061234
0.062921
0.064737
0.066308
0.065641
0.06651
0.068248
0.069704
0.065459
0.067457
0.067958
0.067782
0.065993
0.069458
0.064711
0.069234
0.067759
0.065609
0.064704
0.06931
0.068926
0.066274
0.069621
0.068466
0.068244
0.068518
0.06825
0.068749
0.068303
0.069082
0.067895
0.065988
0.07469
0.076331
0.076224
0.074216
0.074556
0.07446
0.072795
0.073259
0.073248
0.075127
0.074474
0.074203
0.073444
0.073355
0.072446
0.073241
0.073011
0.073422
0.071326
0.073286
0.072321
0.070681
0.074535
0.072923
0.073417
0.074225
0.081512
0.077422
0.078659
0.078855
0.078587
0.078181
0.076459
0.07823
0.076868
0.077211
0.077173
0.078609
0.074778
0.07606
0.076718
0.076123
0.075852
0.075152
0.076925
0.074932
0.075843
0.074712
0.074987
0.074934
0.076015
0.074021
0.074323
0.070958
0.071573
0.071769
0.071112
0.07752
0.079727
0.076557
0.080458
0.083049
0.078926
0.080285
0.078283
0.079504
0.076995
0.07606
0.077833
0.077866
0.076138
0.073691
0.072317
0.077547
0.072079
0.076082
0.073856
0.072128
0.073226
0.070549
0.072054
0.070712
0.071046
0.067795
0.071259
0.068534
0.070911
0.077128
0.077909
0.07733
0.075262
0.076281
0.07561
0.075898
0.077018
0.07446
0.075733
0.075237
0.072022
0.073905
0.072153
0.073431
0.073345
0.071734
0.072562
0.069874
0.078427
0.07866
0.079428
0.077805
0.075822
0.077517
0.076922
0.076002
0.0776
0.073061
0.078241
0.076678
0.076266
0.069963
0.072285
0.068285
0.072748
0.071166
0.069687
0.068975
0.066371
0.071496
0.066789
0.066139
0.065717
0.061281
0.067814
0.066267
0.067559
0.06425
0.065056
0.068171
0.067171
0.067773
0.066971
0.069337
0.070566
0.071674
0.070099
0.067244
0.067429
0.069982
0.069485
0.07047
0.068525
0.067466
0.065953
0.064014
0.069066
0.066223
0.068163
0.064187
0.065226
0.064302
0.065324
0.063404
0.062511
0.061984
0.060307
0.057355
0.059983
0.055757
0.059959
0.056327
0.055921
0.060321
0.060605
0.061152
0.062033
0.062868
0.061536
0.060917
0.06155
0.060144
0.059961
0.05885
0.056795
0.057329
0.056996
0.05098
0.050494
0.051168
0.048526
0.049001
0.04504
0.045762
0.052249
0.051597
0.051031
0.046982
0.048404
0.050333
0.047586
0.052236
0.049412
0.055193
0.056635
0.05437
0.056236
0.056601
0.057836
0.057313
0.056013
0.05434
0.059301
0.058259
0.059445
0.057843
0.057895
0.056129
0.056319
0.052859
0.053824
0.053914
0.058218
0.055121
0.057645
0.052677
0.052312
0.054356
0.053118
0.055132
0.054021
0.055152
0.056468
0.053495
0.054172
0.057317
0.054357
0.05408
0.053496
0.056787
0.052746
0.053832
0.053051
0.05259
0.054798
0.059421
0.061063
0.059878
0.058556
0.056029
0.05547
0.056392
0.056493
0.05657
0.056226
0.056509
0.056074
0.056451
0.056099
0.056793
0.057196
0.054927
0.056118
0.055724
0.055797
0.056795
0.057359
0.057663
0.058895
0.056966
0.05632
0.055138
0.055632
0.053767
0.057663
0.058479
0.055797
0.057167
0.054778
0.057841
0.057521
0.056873
0.057365
0.055372
0.056535
0.054735
0.054657
0.054375
0.057328
0.056042
0.05362
0.057038
0.055953
0.055394
0.055217
0.056755
0.054342
0.056108
0.053674
0.055391
0.052841
0.053929
0.054385
0.05461
0.052036
0.053734
0.055606
0.05354
0.055655
0.054554
0.050132
0.054501
0.051501
0.051792
0.055026
0.052434
0.052794
0.055594
0.051541
0.054946
0.052797
0.056391
0.052944
0.050211
0.052534
0.052665
0.053477
0.053369
0.055181
0.051935
0.051928
0.050898
0.054601
0.050296
0.051768
0.048984
0.050645
0.048078
0.049744
0.049463
0.046572
0.04851
0.048265
0.050747
0.050287
0.046364
0.050265
0.049865
0.04897
0.04822
0.048467
0.047331
0.04788
0.046852
0.047058
0.047538
0.046428
0.045577
0.047582
0.046158
0.048508
0.050863
0.051805
0.051037
0.051264
0.052248
0.04829
0.050703
0.04977
0.052303
0.050164
0.05134
0.051254
0.050966
0.052129
0.049619
0.050694
0.050749
0.052255
0.051089
0.05128
0.053028
0.049312
0.052776
0.050894
0.051007
0.05211
0.052368
0.054645
0.052782
0.053426
0.051068
0.055065
0.053786
0.052782
0.051967
0.052679
0.049862
0.051256
0.04989
0.051567
0.049201
0.05165
0.05141
0.050254
0.051177
0.049754
0.047056
0.048972
0.047428
0.048723
0.050156
0.049098
0.046049
0.047386
0.048927
0.048041
0.049142
0.048282
0.045764
0.048052
0.044209
0.047405
0.046392
0.045397
0.044575
0.04534
0.045967
0.051707
0.051153
0.050448
0.052168
0.049204
0.051028
0.051544
0.049565
0.051826
0.052487
0.052421
0.051239
0.05452
0.049706
0.051425
0.047044
0.04895
0.049496
0.051927
0.050128
0.04888
0.049102
0.049022
0.050528
0.048632
0.04796
0.048129
0.048349
0.049558
0.05391
0.052173
0.049667
0.051925
0.051414
0.052404
0.050283
0.047794
0.048737
0.047818
0.048684
0.046891
0.044766
0.04922
0.047852
0.051298
0.047894
0.047814
0.046358
0.051229
0.049836
0.051248
0.049423
0.052787
0.050361
0.05237
0.050739
0.050779
0.047972
0.0504
0.050116
0.050617
0.04807
0.048812
0.048965
0.04448
0.047179
0.043773
0.047665
0.050333
0.045776
0.049948
0.047377
0.05008
0.050404
0.048233
0.045546
0.045868
0.044856
0.049529
0.047516
0.04486
0.042968
0.04668
0.047485
0.045273
0.044796
0.048732
0.049657
0.048726
0.048546
0.048566
0.046694
0.04536
0.047658
0.048549
0.046911
0.047946
0.047424
0.045859
0.046978
0.050279
0.048166
0.046951
0.045938
0.050243
0.04888
0.053387
0.04909
0.054253
0.048406
0.052217
0.048476
0.048305
0.052201
0.051158
0.049763
0.048568
0.048952
0.048948
0.04752
0.046581
0.047092
0.044823
0.047178
0.045645
0.045613
0.045259
0.045965
0.047222
0.047589
0.045345
0.043989
0.0421
0.043241
0.044436
0.04524
0.046915
0.044516
0.043246
0.044083
0.043894
0.046042
0.046679
0.042935
0.046429
0.046741
0.047887
0.046929
0.045852
0.052195
0.053191
0.051515
0.053603
0.051004
0.051229
0.052592
0.056104
0.057124
0.055046
0.055033
0.054449
0.053318
0.054298
0.055244
0.054596
0.055973
0.056474
0.055924
0.056656
0.059507
0.061904
0.064269
0.061596
0.061818
0.058744
0.062907
0.061582
0.064659
0.062524
0.066194
0.063966
0.066132
0.064403
0.063826
0.064207
0.063804
0.061309
0.062189
0.063367
0.061608
0.060979
0.060123
0.062234
0.060968
0.067098
0.066911
0.064619
0.065649
0.062915
0.06491
0.061758
0.064963
0.061942
0.06234
0.061772
0.060882
0.060614
0.061422
0.063889
0.061207
0.058884
0.061106
0.05708
0.059327
0.06129
0.064874
0.063043
0.064219
0.066978
0.062503
0.062263
0.062003
0.062797
0.060224
0.059362
0.063374
0.06264
0.059985
0.062941
0.062854
0.064311
0.066434
0.062004
0.062575
0.063068
0.062149
0.063653
0.063068
0.065103
0.066942
0.063604
0.062039
0.066458
0.066443
0.065506
0.065459
0.064681
0.065047
0.0636
0.063778
0.06922
0.070048
0.069719
0.069601
0.06793
0.067784
0.065603
0.067269
0.067904
0.067922
0.067647
0.064361
0.068118
0.067073
0.068669
0.06641
0.06689
0.065982
0.06855
0.071521
0.074172
0.072979
0.073694
0.072309
0.074362
0.072743
0.07336
0.073275
0.07243
0.072428
0.070748
0.071909
0.073743
0.071339
0.071839
0.068974
0.071574
0.070179
0.069645
0.069626
0.068748
0.070338
0.06546
0.068901
0.066085
0.066361
0.063706
0.066782
0.064115
0.063048
0.065595
0.065156
0.06496
0.065874
0.063193
0.064563
0.067098
0.064527
0.068385
0.064472
0.068082
0.067369
0.06607
0.066918
0.067832
0.066112
0.067358
0.064702
0.064686
0.0695
0.064459
0.065516
0.066487
0.065128
0.0651
0.065246
0.06357
0.065039
0.066961
0.065826
0.065811
0.064629
0.065764
0.0644
0.067836
0.066685
0.064506
0.065203
0.062186
0.063751
0.065054
0.063437
0.063261
0.065644
0.064687
0.063646
0.064002
0.064954
0.064124
0.064534
0.063698
0.062238
0.065618
0.065438
0.065494
0.063481
0.065407
0.067791
0.064989
0.066783
0.065189
0.068108
0.06584
0.063693
0.067126
0.06503
0.065814
0.067246
0.06356
0.065663
0.067931
0.065905
0.067493
0.066011
0.065117
0.064285
0.067293
0.068589
0.066412
0.065967
0.066364
0.066583
0.067595
0.066576
0.06635
0.065475
0.066304
0.067113
0.068066
0.066897
0.067635
0.068072
0.068561
0.067978
0.06908
0.068032
0.068917
0.067805
0.06764
0.070715
0.0697
0.069082
0.069777
0.071698
0.071675
0.073634
0.068832
0.072587
0.071426
0.068796
0.070289
0.070086
0.070768
0.07189
0.072156
0.075631
0.07291
0.075863
0.074439
0.072947
0.072758
0.072546
0.073504
0.073364
0.072524
0.073541
0.078674
0.076079
0.076134
0.07318
0.075557
0.076219
0.077643
0.076851
0.076498
0.073663
0.074733
0.071167
0.074736
0.07296
0.075304
0.07454
0.075673
0.074356
0.073683
0.075493
0.07432
0.074773
0.073518
0.075154
0.075234
0.077177
0.074779
0.076535
0.074291
0.073866
0.07561
0.07371
0.073437
0.074919
0.072681
0.073084
0.075351
0.07475
0.075515
0.075974
0.074383
0.073465
0.076612
0.073755
0.075879
0.076814
0.075443
0.074715
0.075309
0.075597
0.076621
0.073719
0.074719
0.073949
0.077921
0.075332
0.074046
0.075615
0.076692
0.073065
0.074195
0.076599
0.075122
0.073964
0.079935
0.077311
0.076498
0.075702
0.077584
0.075627
0.075184
0.076657
0.07368
0.075905
0.075849
0.073501
0.073702
0.072788
0.077117
0.070572
0.073012
0.074437
0.071427
0.074912
0.073081
0.072196
0.0704
0.074526
0.073123
0.070531
0.073375
0.073165
0.069222
0.070723
0.069476
0.06918
0.069927
0.072856
0.075062
0.075955
0.074399
0.075394
0.074052
0.075415
0.072385
0.073798
0.073421
0.075739
0.073478
0.07105
0.072798
0.072652
0.071965
0.070556
0.069846
0.069698
0.072953
0.0749
0.073704
0.07095
0.075143
0.073173
0.070886
0.072571
0.074298
0.071295
0.072268
0.072416
0.073498
0.076645
0.076105
0.074914
0.076593
0.075859
0.075336
0.077108
0.074047
0.073684
0.072683
0.072641
0.070874
0.076059
0.071892
0.07429
0.071205
0.071674
0.070016
0.067903
0.071408
0.071883
0.074615
0.073986
0.073995
0.074331
0.074536
0.073556
0.071827
0.069815
0.070461
0.071708
0.069707
0.072809
0.075887
0.077862
0.076622
0.078087
0.072488
0.070475
0.072045
0.069478
0.071547
0.07308
0.071726
0.070931
0.071715
0.07259
0.07034
0.076441
0.077102
0.074707
0.081092
0.0717
0.075774
0.078029
0.074608
0.073041
0.076163
0.074448
0.074464
0.072707
0.073345
0.070612
0.070499
0.068728
0.069824
0.070097
0.068316
0.066787
0.065973
0.068339
0.067804
0.068928
0.071197
0.068047
0.069915
0.068947
0.067618
0.065189
0.067904
0.068699
0.06929
0.067666
0.067185
0.067304
0.066853
0.066438
0.067414
0.067579
0.065808
0.065178
0.068025
0.065983
0.064695
0.064615
0.062955
0.063187
0.061828
0.062489
0.060463
0.060746
0.059919
0.060673
0.057002
0.060021
0.059421
0.060952
0.059016
0.0559
0.060292
0.057919
0.056963
0.057507
0.06031
0.059126
0.061521
0.06118
0.061953
0.064253
0.0601
0.058958
0.061059
0.057263
0.060948
0.06179
0.059636
0.061063
0.060973
0.056685
0.060914
0.06469
0.063427
0.064262
0.066972
0.064708
0.061171
0.064892
0.065701
0.066906
0.063823
0.063327
0.061344
0.063256
0.064363
0.0601
0.063136
0.060407
0.061898
0.059441
0.061379
0.056307
0.058147
0.06054
0.059828
0.06042
0.061751
0.062052
0.061781
0.060649
0.058615
0.059884
0.055511
0.056036
0.05794
0.056933
0.056916
0.05869
0.060741
0.061837
0.06025
0.058426
0.058674
0.059013
0.060551
0.059616
0.059644
0.060145
0.059414
0.058665
0.057529
0.057427
0.056957
0.057586
0.056392
0.058259
0.059534
0.055131
0.057069
0.055666
0.05513
0.057627
0.060374
0.055494
0.055555
0.057291
0.055793
0.053333
0.053967
0.056163
0.052588
0.058518
0.05879
0.058309
0.058312
0.05947
0.0599
0.057662
0.055147
0.058916
0.057868
0.055161
0.05836
0.055923
0.0586
0.059584
0.058148
0.059629
0.056379
0.058049
0.055776
0.055438
0.054792
0.057138
0.057499
0.056827
0.057108
0.053897
0.055803
0.051611
0.054128
0.052748
0.054575
0.053814
0.054859
0.060077
0.057536
0.058256
0.059973
0.059702
0.059476
0.059007
0.062128
0.060629
0.059353
0.059076
0.057348
0.059262
0.059727
0.056773
0.059857
0.059198
0.055776
0.056654
0.057105
0.057251
0.059136
0.056073
0.05913
0.055583
0.059317
0.058799
0.059384
0.057426
0.05705
0.058897
0.059178
0.05991
0.059084
0.056733
0.057657
0.059173
0.058593
0.061461
0.059068
0.061015
0.058872
0.059557
0.058602
0.055797
0.058643
0.058309
0.058361
0.058148
0.055592
0.057112
0.057796
0.059456
0.058276
0.059676
0.056133
0.058736
0.057696
0.058375
0.056363
0.060133
0.056345
0.058633
0.060232
0.05842
0.061408
0.059564
0.058726
0.061441
0.060117
0.059318
0.061254
0.058088
0.058165
0.060252
0.06129
0.062565
0.060126
0.06145
0.058651
0.063394
0.061552
0.064858
0.06204
0.063588
0.061037
0.061456
0.062305
0.060675
0.062306
0.060535
0.064625
0.062317
0.062439
0.062935
0.063073
0.060104
0.062348
0.059944
0.060597
0.059187
0.059093
0.059928
0.058783
0.060386
0.05758
0.059222
0.059265
0.061451
0.060105
0.060004
0.061098
0.060124
0.059859
0.058559
0.062203
0.060254
0.059995
0.060821
0.060693
0.058665
0.060275
0.061041
0.058575
0.061761
0.059808
0.058099
0.063959
0.061497
0.057167
0.061035
0.062104
0.059237
0.06279
0.06292
0.061043
0.05949
0.061813
0.059944
0.05951
0.059695
0.062845
0.061153
0.061814
0.059729
0.058986
0.060951
0.061781
0.060274
0.058279
0.06175
0.062685
0.061623
0.06048
0.061597
0.061291
0.061617
0.061553
0.062502
0.058561
0.06418
0.058673
0.062218
0.061345
0.063647
0.062407
0.062371
0.065663
0.062065
0.061823
0.065526
0.059904
0.063339
0.062275
0.05797
0.062003
0.061868
0.063533
0.063794
0.065453
0.064697
0.063409
0.061233
0.061548
0.065262
0.061361
0.063517
0.064026
0.063264
0.062818
0.060962
0.061117
0.06167
0.059677
0.059515
0.059983
0.058317
0.061611
0.061022
0.058537
0.057366
0.05982
0.059258
0.058753
0.058193
0.059639
0.05983
0.058908
0.05838
0.057407
0.056874
0.059996
0.059607
0.058205
0.057449
0.056989
0.058639
0.06027
0.058617
0.058068
0.057289
0.059596
0.058734
0.057996
0.057401
0.059826
0.055952
0.059058
0.060788
0.058296
0.058655
0.059274
0.058744
0.060902
0.057474
0.058667
0.060553
0.059015
0.059829
0.059191
0.058851
0.0589
0.060063
0.059419
0.058589
0.059545
0.059357
0.057546
0.058233
0.058179
0.058016
0.060259
0.05885
0.056563
0.056466
0.058549
0.061913
0.058809
0.060741
0.060399
0.059699
0.059973
0.059084
0.057406
0.058522
0.058797
0.059786
0.059551
0.059837
0.058139
0.058173
0.057439
0.05628
0.059192
0.056439
0.05695
0.059044
0.059246
0.058416
0.059621
0.058622
0.056864
0.056867
0.057471
0.056573
0.057059
0.059851
0.058238
0.057936
0.060819
0.053474
0.056185
0.056017
0.056227
0.05651
0.056013
0.053568
0.051783
0.05215
0.05422
0.052769
0.053671
0.050011
0.05563
0.058095
0.058039
0.057685
0.059702
0.060875
0.057667
0.06213
0.061132
0.05944
0.060673
0.061392
0.064215
0.073721
0.072366
0.072021
0.073528
0.074174
0.072126
0.07424
0.076702
0.07243
0.071704
0.075497
0.07412
0.072768
0.073628
0.074814
0.074116
0.074863
0.072869
0.076775
0.079307
0.082008
0.080566
0.082001
0.081623
0.080591
0.088011
0.094821
0.094575
0.09617
0.100338
0.103056
0.101016
0.096382
0.104343
0.099781
0.100702
