0.028813
0.103038
0.122993
0.110162
0.114099
0.118288
0.114534
0.116811
0.114887
0.125941
0.124763
0.121357
0.12703
0.116996
0.116248
0.118354
0.113725
0.115945
0.126539
0.119685
0.118018
0.119636
0.118776
0.117588
0.113305
0.119838
0.113983
0.118169
0.115082
0.118181
0.116849
0.116321
0.117776
0.117703
0.11674
0.117141
0.116131
0.124477
0.121823
0.120916
0.115296
0.12238
0.114322
0.132984
0.132761
0.132873
0.141788
0.134062
0.129815
0.134051
0.129512
0.130326
0.126992
0.122394
0.12426
0.126802
0.132513
0.127621
0.132823
0.135493
0.133794
0.129942
0.134124
0.126725
0.131536
0.129911
0.132526
0.131703
0.169221
0.178962
0.171781
0.171091
0.165424
0.171075
0.169949
0.167293
0.174089
0.174323
0.180215
0.17892
0.175499
0.176418
0.175172
0.177436
0.18577
0.186546
0.183596
0.185095
0.188947
0.187077
0.183219
0.189668
0.178648
0.177202
0.179657
0.175564
0.174976
0.171851
0.174172
0.171659
0.184196
0.186466
0.18218
0.180374
0.180771
0.182602
0.179193
0.178736
0.164254
0.172958
0.174791
0.168731
0.179976
0.187739
0.180548
0.171833
0.173132
0.175604
0.179059
0.167427
0.162218
0.167928
0.162002
0.168372
0.158491
0.163291
0.163781
0.157518
0.154944
0.155615
0.154025
0.150816
0.153617
0.158487
0.160111
0.161624
0.161372
0.159035
0.155004
0.152368
0.154861
0.147336
0.148432
0.155168
0.154805
0.16209
0.161064
0.157388
0.155726
0.154722
0.151568
0.151053
0.155967
0.148706
0.148813
0.161826
0.164585
0.159959
0.163357
0.160621
0.158596
0.159963
0.157904
0.154097
0.15777
0.159226
0.154357
0.160472
0.167001
0.16895
0.167644
0.165704
0.170397
0.169972
0.170505
0.168827
0.166738
0.164053
0.166381
0.171422
0.172295
0.169719
0.164756
0.167178
0.16893
0.165062
0.169153
0.16141
0.15638
0.154342
0.155644
0.169203
0.171041
0.166033
0.168319
0.171448
0.16722
0.16813
0.165937
0.169991
0.170911
0.165502
0.170158
0.170622
0.173317
0.182303
0.179855
0.191433
0.176198
0.181427
0.181109
0.180377
0.176784
0.174808
0.17355
0.169859
0.165312
0.169212
0.169893
0.16359
0.162803
0.167441
0.17969
0.187096
0.181811
0.177936
0.17896
0.180758
0.171011
0.174662
0.17269
0.165728
0.166419
0.170609
0.170707
0.171759
0.168263
0.178984
0.172477
0.177385
0.172898
0.174484
0.175492
0.170034
0.167381
0.168613
0.163209
0.160731
0.156386
0.16652
0.171562
0.170505
0.165113
0.16383
0.166897
0.162989
0.162679
0.15794
0.159668
0.165294
0.166976
0.16333
0.158882
0.160064
0.160066
0.160862
0.16811
0.167043
0.176273
0.172565
0.178633
0.17481
0.171988
0.166215
0.171646
0.173259
0.172273
0.1651
0.172419
0.167
0.167577
0.165507
0.179319
0.182805
0.180588
0.178921
0.176552
0.174958
0.179744
0.172395
0.173767
0.175692
0.163802
0.163872
0.172998
0.178342
0.174394
0.186626
0.183629
0.18177
0.180498
0.180799
0.176305
0.171659
0.180652
0.189129
0.189031
0.1896
0.185442
0.185409
0.183192
0.179452
0.178136
0.18259
0.181657
0.191665
0.186691
0.190866
0.19036
0.186577
0.187506
0.188263
0.184162
0.181931
0.183224
0.180131
0.176581
0.180989
0.19369
0.197829
0.193456
0.194372
0.189489
0.18999
0.188493
0.191408
0.185339
0.1912
0.186607
0.184009
0.178556
0.183752
0.177793
0.178998
0.178309
0.180301
0.177529
0.178958
0.175249
0.178189
0.177606
0.174149
0.17256
0.173844
0.174967
0.166708
0.170327
0.17421
0.173877
0.170047
0.186774
0.190544
0.192011
0.189196
0.189141
0.189869
0.189478
0.190735
0.187956
0.189625
0.185469
0.188279
0.182646
0.186537
0.185993
0.186682
0.183373
0.181833
0.176523
0.183091
0.185405
0.176511
0.180378
0.177101
0.177796
0.173758
0.174489
0.173208
0.175931
0.175172
0.176488
0.173453
0.174838
0.174378
0.173587
0.172234
0.17639
0.17187
0.174599
0.171854
0.172052
0.173409
0.175666
0.175349
0.173005
0.177519
0.174121
0.169106
0.173873
0.17379
0.176156
0.171823
0.175215
0.178163
0.170968
0.173217
0.17203
0.175724
0.175074
0.168873
0.174849
0.171505
0.170804
0.171319
0.174158
0.175492
0.166771
0.172908
0.175953
0.170931
0.173231
0.168006
0.164483
0.164409
0.168801
0.165698
0.168105
0.173618
0.169947
0.169266
0.167382
0.17144
0.17014
0.16787
0.166878
0.166977
0.166187
0.166738
0.162574
0.167201
0.16684
0.162214
0.168731
0.165824
0.165203
0.165992
0.164088
0.171452
0.16687
0.172518
0.170068
0.176828
0.172463
0.17075
0.16706
0.171067
0.174621
0.176476
0.171753
0.169872
0.174725
0.17467
0.175606
0.169578
0.174341
0.175514
0.17546
0.177734
0.173258
0.175284
0.172828
0.166154
0.176038
0.17711
0.173769
0.174852
0.17057
0.171241
0.172381
0.170177
0.174114
0.175454
0.176816
0.179324
0.177367
0.178786
0.176675
0.176264
0.173641
0.176428
0.176221
0.174652
0.173642
0.172117
0.172853
0.172711
0.174819
0.175225
0.172006
0.167092
0.173325
0.169539
0.173878
0.172156
0.173442
0.172828
0.175404
0.168944
0.171084
0.171832
0.173643
0.172667
0.170038
0.171477
0.172147
0.168214
0.171519
0.169971
0.174001
0.165647
0.170461
0.168659
0.166727
0.167926
0.16509
0.167723
0.167062
0.167252
0.170303
0.170181
0.170373
0.168177
0.160613
0.169551
0.164679
0.164921
0.165338
0.166981
0.163556
0.16721
0.1683
0.169318
0.173105
0.172905
0.170008
0.174865
0.163223
0.16403
0.161572
0.169068
0.175286
0.174414
0.175937
0.17338
0.172888
0.175451
0.17599
0.176585
0.173118
0.170837
0.175658
0.175825
0.176871
0.177333
0.176641
0.174156
0.175767
0.173679
0.174819
0.16969
0.17499
0.174438
0.170305
0.172203
0.172959
0.174795
0.174596
0.171216
0.174056
0.176712
0.1755
0.173522
0.174793
0.170678
0.173295
0.177186
0.176231
0.176519
0.173868
0.175367
0.175719
0.176628
0.176012
0.174561
0.175157
0.179058
0.177342
0.176609
0.176005
0.17647
0.176794
0.170332
0.172945
0.171518
0.17331
0.176243
0.175339
0.172449
0.172524
0.170156
0.172827
0.173429
0.172859
0.172504
0.170653
0.175107
0.174358
0.180755
0.17263
0.172439
0.17723
0.177051
0.176011
0.178907
0.170711
0.177581
0.174708
0.173475
0.173856
0.173459
0.171377
0.176581
0.170846
0.170686
0.172074
0.174443
0.1717
0.174022
0.172811
0.176047
0.173985
0.175359
0.166655
0.17669
0.174338
0.178263
0.171157
0.173158
0.177373
0.174445
0.17064
0.172546
0.179348
0.174084
0.174598
0.174993
0.1769
0.176909
0.173856
0.176868
0.178404
0.174877
0.173203
0.17139
0.171589
0.175909
0.174553
0.174509
0.178535
0.172906
0.171449
0.179482
0.175279
0.176886
0.175153
0.171077
0.175143
0.173736
0.175312
0.175638
0.172862
0.169342
0.168929
0.172637
0.162884
0.171309
0.169664
0.1738
0.172225
0.170278
0.170627
0.170766
0.171864
0.170296
0.167979
0.17144
0.171047
0.172008
0.169613
0.172466
0.169137
0.170728
0.163916
0.173587
0.174194
0.173352
0.172858
0.173228
0.174491
0.176179
0.17564
0.173334
0.17317
0.174981
0.173385
0.171989
0.176469
0.170401
0.164696
0.172038
0.173735
0.170883
0.173283
0.170516
0.165218
0.16875
0.172178
0.163247
0.16985
0.16401
0.163979
0.172265
0.17235
0.172393
0.172141
0.172162
0.16875
0.171826
0.16906
0.170941
0.171571
0.171603
0.170604
0.169791
0.164385
0.164954
0.163918
0.159422
0.163302
0.163171
0.166526
0.158995
0.165087
0.159483
0.163663
0.163371
0.156042
0.1602
0.156727
0.160129
0.160975
0.161919
0.180175
0.182643
0.17973
0.175412
0.178887
0.177108
0.176163
0.177408
0.169582
0.16206
0.164879
0.164806
0.173715
0.162223
0.17353
0.166702
0.174048
0.172049
0.167543
0.16504
0.164698
0.163452
0.164635
0.157328
0.161972
0.157947
0.161571
0.161443
0.159395
0.162295
0.164433
0.172738
0.178067
0.171862
0.176594
0.169381
0.169845
0.166764
0.169233
0.169233
0.172124
0.166535
0.160451
0.162599
0.163991
0.162873
0.1632
0.164271
0.157594
0.153009
0.153912
0.158569
0.157441
0.153389
0.159558
0.154156
0.157995
0.157368
0.156369
0.162236
0.17179
0.166527
0.161093
0.164211
0.161004
0.162145
0.159923
0.152001
0.151751
0.156379
0.14943
0.150915
0.149353
0.159866
0.16416
0.169851
0.172695
0.167727
0.164096
0.159506
0.163437
0.163852
0.163408
0.15991
0.160118
0.160722
0.15794
0.155767
0.157637
0.166079
0.167526
0.168382
0.162885
0.163622
0.16493
0.161345
0.158553
0.156571
0.15539
0.152853
0.153152
0.145074
0.16568
0.165005
0.159296
0.156999
0.154825
0.150791
0.148905
0.145058
0.141513
0.136612
0.142763
0.148776
0.154041
0.152315
0.152689
0.15047
0.150399
0.144882
0.146385
0.149302
0.15136
0.155256
0.161472
0.160485
0.16104
0.161735
0.162835
0.156562
0.162121
0.160373
0.157032
0.151283
0.156801
0.156282
0.152737
0.153321
0.146411
0.143231
0.146957
0.145858
0.152421
0.157442
0.152528
0.149771
0.151563
0.149005
0.142313
0.142948
0.13685
0.135078
0.137299
0.137759
0.143901
0.151513
0.154432
0.151113
0.151979
0.148719
0.144716
0.144925
0.145942
0.145266
0.144413
0.138756
0.141698
0.146394
0.147385
0.150154
0.146609
0.14572
0.146217
0.142277
0.140508
0.139248
0.139446
0.137426
0.132673
0.123043
0.123844
0.124439
0.120547
0.119292
0.122925
0.120055
0.127649
0.124215
0.125208
0.122677
0.11714
0.121601
0.121673
0.121475
0.125143
0.123233
0.122907
0.119444
0.123142
0.119497
0.12154
0.129159
0.129268
0.130696
0.126408
0.122691
0.122069
0.122957
0.122947
0.122015
0.119182
0.120752
0.129739
0.127568
0.140879
0.136837
0.134311
0.137511
0.138608
0.140543
0.138037
0.149392
0.153624
0.151466
0.152913
0.150523
0.169228
0.16904
0.166065
0.161635
0.161906
0.16703
0.159087
0.16806
0.167762
0.168435
0.161192
0.163447
0.166
0.162135
0.163286
0.164027
0.162989
0.16325
0.155016
0.157873
0.156858
0.155536
0.156271
0.159429
0.162168
0.15808
0.16241
0.153301
0.160992
0.16014
0.156949
0.158378
0.162577
0.157091
0.158863
0.154428
0.157234
0.151233
0.165209
0.161347
0.162114
0.16095
0.158532
0.158051
0.163757
0.165566
0.172134
0.171706
0.16737
0.167682
0.168393
0.168889
0.164244
0.178374
0.179817
0.176116
0.174888
0.178455
0.178156
0.177104
0.177863
0.175593
0.175673
0.172511
0.171014
0.172396
0.171084
0.166039
0.172362
0.177154
0.179078
0.176242
0.169852
0.16899
0.171194
0.166357
0.17134
0.172274
0.177568
0.177438
0.181099
0.178098
0.178052
0.17603
0.171551
0.174838
0.169507
0.173406
0.181398
0.181977
0.179004
0.179412
0.176269
0.171111
0.169772
0.162977
0.168985
0.165342
0.165192
0.161541
0.159998
0.171709
0.174765
0.171895
0.165906
0.16376
0.168042
0.163881
0.15804
0.155204
0.151839
0.153316
0.149103
0.148063
0.15146
0.15689
0.158313
0.152559
0.149077
0.144287
0.142098
0.135303
0.134162
0.131395
0.132802
0.128214
0.121146
0.118966
0.125907
0.122577
0.121864
0.125359
0.127239
0.128813
0.12615
0.123727
0.122677
0.119644
0.118281
0.119093
0.116348
0.117355
0.122302
0.126356
0.127722
0.120696
0.121504
0.123222
0.120774
0.128323
0.128661
0.127752
0.127309
0.128266
0.127751
0.128452
0.125572
0.126231
0.130701
0.134316
0.136257
0.134461
0.137985
0.135212
0.132627
0.131788
0.133939
0.135442
0.136707
0.13431
0.126782
0.1327
0.128118
0.128351
0.128297
0.126103
0.128835
0.134352
0.13684
0.133074
0.146486
0.15048
0.147205
0.146054
0.141269
0.143359
0.147406
0.142236
0.153584
0.150206
0.160668
0.161903
0.158177
0.177984
0.174823
0.173137
0.17578
0.172382
0.170715
0.173016
0.175265
0.172291
0.172133
0.171695
0.174137
0.178081
0.190169
0.188038
0.191643
0.185528
0.186217
0.184131
0.185169
0.175057
0.175715
0.173635
0.171643
0.168606
0.167524
0.16633
0.165811
0.163373
0.173051
0.184968
0.17839
0.18094
0.187459
0.180533
0.183193
0.181022
0.180832
0.176297
0.172387
0.169392
0.173611
0.164963
0.165465
0.16139
0.161985
0.158964
0.165634
0.165398
0.173474
0.179002
0.177531
0.17485
0.170502
0.179513
0.173904
0.173233
0.16773
0.164184
0.159955
0.164155
0.162161
0.164555
0.158416
0.15623
0.152568
0.154971
0.157444
0.15307
0.159054
0.159641
0.147247
0.147279
0.158733
0.157596
0.157688
0.151194
0.154877
0.150111
0.159865
0.154804
0.153001
0.160403
0.153607
0.154417
0.150999
0.155532
0.158803
0.160596
0.151796
0.153769
0.158983
0.158998
0.160622
0.161833
0.148824
0.163195
0.174168
0.173705
0.174693
0.169026
0.177504
0.171028
0.17791
0.176759
0.173956
0.174216
0.176356
0.176736
0.173336
0.176583
0.181051
0.170568
0.170243
0.168582
0.172658
0.174071
0.170917
0.177263
0.178086
0.174026
0.172891
0.172199
0.174479
0.177185
0.168403
0.175157
0.176528
0.174049
0.179615
0.173257
0.176167
0.174971
0.181944
0.171394
0.179183
0.178239
0.174845
0.180819
0.172143
0.17694
0.170646
0.175136
0.17645
0.175395
0.176191
0.175624
0.170619
0.174035
0.179121
0.177799
0.17324
0.171552
0.173118
0.176114
0.176433
0.170837
0.17633
0.174398
0.170867
0.169175
0.172636
0.175444
0.178104
0.175989
0.1736
0.179172
0.17386
0.179724
0.176929
0.168795
0.17002
0.172865
0.173206
0.176564
0.176362
0.175929
0.167923
0.17992
0.178547
0.178391
0.174133
0.167414
0.171733
0.168685
0.171492
0.174424
0.178624
0.175917
0.175583
0.180359
0.176281
0.173402
0.17693
0.172928
0.177509
0.172432
0.175824
0.177044
0.169273
0.172811
0.177456
0.175133
0.175981
0.168712
0.177342
0.178724
0.173492
0.173013
0.177704
0.173132
0.17173
0.176566
0.176168
0.17528
0.171682
0.171996
0.174378
0.169871
0.175727
0.173946
0.177938
0.172652
0.175742
0.175346
0.180003
0.172433
0.167862
0.170547
0.170375
0.16993
0.166775
0.173937
0.173736
0.165394
0.165002
0.173711
0.170042
0.173386
0.177322
0.170767
0.175458
0.168452
0.170138
0.171355
0.17228
0.173938
0.171576
0.173471
0.17787
0.17685
0.171264
0.171743
0.171469
0.176085
0.17535
0.173998
0.176559
0.170842
0.175494
0.171682
0.179261
0.171525
0.168873
0.171953
0.171605
0.17509
0.170648
0.171678
0.169632
0.169857
0.169981
0.173517
0.164514
0.167122
0.162711
0.168206
0.168834
0.166457
0.154335
0.152575
0.163194
0.152953
0.155376
0.156337
0.155352
0.151967
0.150232
0.14629
0.147857
0.151846
0.148112
0.145539
0.143422
0.137636
0.140856
0.140745
0.141962
0.139505
0.137764
0.139244
0.140154
0.140391
0.148471
0.145409
0.15081
0.151343
0.144967
0.145014
0.140333
0.147344
0.141698
0.143493
0.140588
0.137213
0.144417
0.144474
0.15667
0.15456
0.156575
0.153664
0.1509
0.151513
0.147724
0.147592
0.152405
0.153165
0.156766
0.154386
0.162891
0.157589
0.166854
0.165582
0.176011
0.157197
0.163263
0.157583
0.16853
0.17415
0.175673
0.17039
0.169829
0.182106
0.179741
0.179812
0.180913
0.178871
0.180135
0.177625
0.169287
0.17315
0.171941
0.166272
0.169949
0.170639
0.177786
0.180695
0.181876
0.181471
0.180175
0.176333
0.170086
0.160419
0.166591
0.162463
0.163544
0.161771
0.170483
0.169746
0.166501
0.162607
0.161467
0.164141
0.158758
0.153662
0.152649
0.154673
0.158927
0.160139
0.157044
0.159111
0.159397
0.157384
0.152821
0.153479
0.146355
0.145882
0.153996
0.148893
0.150036
0.147556
0.144932
0.15896
0.151885
0.152048
0.147815
0.142161
0.139064
0.139379
0.143493
0.144567
0.139448
0.143254
0.14166
0.143585
0.145234
0.138866
0.138572
0.138253
0.148
0.143277
0.140907
0.141815
0.137267
0.13816
0.134082
0.131584
0.138754
0.136117
0.134386
0.13587
0.135153
0.137248
0.149453
0.142591
0.142938
0.135248
0.14126
0.139767
0.138515
0.129889
0.137929
0.137211
0.13987
0.138656
0.136698
0.129534
0.128395
0.137952
0.139987
0.139679
0.133431
0.137573
0.139208
0.14115
0.14115
0.135487
0.139546
0.151018
0.144682
0.147091
0.145866
0.144141
0.143114
0.132672
0.139543
0.131239
0.132017
0.141205
0.143509
0.141832
0.142077
0.140625
0.14432
0.136669
0.139108
0.136819
0.135846
0.134936
0.138517
0.142758
0.138252
0.136129
0.137027
0.132432
0.133783
0.127536
0.131753
0.135831
0.129002
0.136106
0.136486
0.133253
0.13268
0.134501
0.131969
0.138654
0.135622
0.138231
0.13881
0.143147
0.1388
0.134985
0.136151
0.133421
0.13814
0.139524
0.141043
0.142548
0.14036
0.137438
0.133442
0.140024
0.141964
0.143187
0.139168
0.139696
0.144376
0.138772
0.141607
0.142633
0.140127
0.139672
0.141646
0.150109
0.154003
0.147035
0.146839
0.143474
0.139059
0.138424
0.134563
0.134463
0.13608
0.125714
0.13159
0.136127
0.132518
0.144662
0.138688
0.143763
0.139885
0.152117
0.156011
0.148594
0.146906
0.149387
0.147666
0.146195
0.147759
0.155091
0.151456
0.156365
0.153753
0.158645
0.186093
0.182416
0.178907
0.178705
0.174261
0.173291
0.174459
0.168032
0.167208
0.167692
0.165162
0.166436
0.165677
0.169216
0.176726
0.176867
0.1773
0.171213
0.169882
0.168751
0.166667
0.181132
0.18649
0.18519
0.178635
0.180032
0.185038
0.18362
0.184488
0.181381
0.179551
0.176942
0.176002
0.17499
0.17565
0.172823
0.17606
0.172211
0.170629
0.170374
0.167914
0.169629
0.16812
0.16572
0.168253
0.165857
0.167314
0.167041
0.171596
0.169544
0.170357
0.16499
0.169548
0.163885
0.16787
0.165178
0.162201
0.162261
0.167452
0.164343
0.171797
0.162646
0.162606
0.166449
0.163694
0.16315
0.164135
0.167547
0.162962
0.1577
0.157527
0.164129
0.155718
0.154588
0.163204
0.159185
0.161463
0.18406
0.18168
0.192527
0.187909
0.190144
0.193558
0.193034
0.195574
0.183207
0.1834
0.195614
0.196319
0.196544
0.193032
0.193899
0.195175
0.194763
0.192047
0.192834
0.190455
0.191486
0.192528
0.190326
0.19293
0.188696
0.190554
0.192866
0.191647
0.190633
0.190035
0.190012
0.194694
0.193228
0.191751
0.192879
0.19299
0.188439
0.194782
0.190278
0.185575
0.191582
0.192251
0.194872
0.190223
0.184016
0.19434
0.189472
0.191804
0.19288
0.192685
0.188569
0.192835
0.191848
0.188586
0.191702
0.18785
0.188797
0.19254
0.189818
0.188429
0.191764
0.190277
0.195888
0.194519
0.192232
0.184968
0.184937
0.187155
0.185502
0.181015
0.184759
0.185629
0.184163
0.187809
0.184509
0.186361
0.186601
0.183738
0.183235
0.182077
0.184418
0.183604
0.184454
0.186725
0.189513
0.190824
0.194462
0.190913
0.19086
0.190977
0.195735
0.187062
0.195557
0.1888
0.19144
0.190935
0.189195
0.184568
0.184791
0.192058
0.179402
0.180929
0.177411
0.187697
0.180686
0.188436
0.187136
0.18487
0.182194
0.193012
0.189461
0.188332
0.192748
0.184317
0.194126
0.184415
0.186595
0.189562
0.188393
0.190542
0.189025
0.192112
0.193073
0.187284
0.18169
0.187503
0.182122
0.185526
0.183978
0.184577
0.183932
0.190273
0.187868
0.184083
0.178214
0.185019
0.189346
0.190802
0.19531
0.190056
0.191994
0.189801
0.193737
0.189452
0.193265
0.191541
0.190521
0.191306
0.193957
0.193292
0.191865
0.194013
0.191907
0.197856
0.189145
0.188857
0.187415
0.189605
0.193624
0.190271
0.192038
0.183167
0.184452
0.18162
0.17942
0.188757
0.187635
0.190231
0.187582
0.185085
0.186166
0.189714
0.182776
0.186339
0.186222
0.187867
0.187435
0.193257
0.18971
0.193217
0.187463
0.192311
0.192685
0.191224
0.186596
0.187798
0.185368
0.190689
0.191923
0.188827
0.186207
0.181569
0.18996
0.192814
0.192349
0.189047
0.189196
0.187042
0.189332
0.191487
0.188442
0.191603
0.190579
0.18865
0.187737
0.191418
0.188653
0.194505
0.192668
0.191455
0.187091
0.190278
0.190185
0.190502
0.189459
0.187844
0.189846
0.192324
0.190321
0.188363
0.186719
0.186406
0.191278
0.192783
0.189496
0.192578
0.187609
0.191
0.189923
0.186925
0.192406
0.193372
0.192369
0.192002
0.192341
0.186438
0.186703
0.1851
0.185386
0.183379
0.187609
0.184358
0.182695
0.184166
0.186851
0.183211
0.177605
0.178805
0.190421
0.184272
0.188124
0.187164
0.182417
0.18733
0.184329
0.182704
0.183522
0.182269
0.187433
0.188139
0.184543
0.184628
0.183858
0.180212
0.176631
0.180642
0.18076
0.178918
0.184114
0.189171
0.192594
0.188102
0.17979
0.179198
0.177961
0.19079
0.191115
0.184194
0.184955
0.187363
0.185274
0.188508
0.182876
0.183382
0.183255
0.183192
0.17953
0.181126
0.181443
0.183409
0.184268
0.185302
0.181049
0.179069
0.179186
0.179355
0.174081
0.175628
0.180902
0.173991
0.180296
0.176102
0.168673
0.171087
0.178694
0.175655
0.17325
0.167923
0.169744
0.170627
0.170053
0.16754
0.166269
0.160519
0.167508
0.163416
0.161669
0.162592
0.161777
0.157741
0.157242
0.160758
0.154313
0.154418
0.153175
0.156262
0.149769
0.152109
0.153382
0.163079
0.161446
0.164175
0.156053
0.15494
0.157628
0.150966
0.15379
0.153256
0.151223
0.151098
0.149899
0.148743
0.149345
0.14874
0.153252
0.15823
0.158962
0.158426
0.157185
0.157227
0.15847
0.152786
0.147222
0.15082
0.148048
0.15911
0.154946
0.155764
0.15889
0.147687
0.14328
0.150885
0.156009
0.158047
0.157501
0.152307
0.153657
0.155824
0.147941
0.150061
0.146039
0.146346
0.144376
0.141693
0.150139
0.150565
0.151364
0.145936
0.144998
0.139271
0.139583
0.14143
0.136473
0.13991
0.147256
0.145924
0.147123
0.144376
0.142762
0.139415
0.139307
0.139027
0.131058
0.136789
0.139611
0.141264
0.142313
0.137165
0.138325
0.129996
0.130719
0.133402
0.139266
0.140944
0.138085
0.14058
0.143386
0.140828
0.139635
0.141592
0.143612
0.149256
0.145614
0.14798
0.151538
0.142723
0.145972
0.143908
0.142962
0.134974
0.139565
0.137545
0.142683
0.142145
0.139655
0.14435
0.141429
0.142039
0.136788
0.140537
0.146976
0.142278
0.143718
0.143923
0.151089
0.149392
0.149928
0.14776
0.145576
0.147746
0.143851
0.137551
0.134945
0.138157
0.143713
0.14619
0.144926
0.144791
0.140271
0.137292
0.133466
0.131106
0.133033
0.131308
0.135635
0.13279
0.134485
0.132729
0.129153
0.143136
0.139187
0.13184
0.130587
0.129409
0.125432
0.133051
0.140512
0.140512
0.140393
0.14209
0.140818
0.147458
0.144177
0.143238
0.143628
0.144732
0.15029
0.151389
0.148866
0.151784
0.144727
0.14716
0.149371
0.152234
0.156966
0.15581
0.154567
0.151052
0.144248
0.143339
0.156292
0.151
0.155187
0.15007
0.148579
0.141091
0.163563
0.145726
0.145547
0.14343
0.13553
0.14327
0.150067
0.153396
0.159067
0.156014
0.153569
0.149476
0.150395
0.153548
0.152542
0.152775
0.151398
0.160199
0.15839
0.153673
0.164039
0.161533
0.152466
0.181239
0.166261
0.160619
0.160565
0.151905
0.14663
0.147765
0.143832
0.150361
0.147587
0.146526
0.145624
0.143649
0.149612
0.153496
0.156663
0.145104
0.150692
0.140088
0.158382
0.1422
0.142325
0.138567
0.134064
0.136393
0.133847
0.138085
0.134126
0.136263
0.133457
0.133352
0.125981
0.134584
0.132254
0.129381
0.123492
0.120918
0.125638
0.121297
0.120032
0.123776
0.119501
0.117655
0.121702
0.11782
0.118558
0.126988
0.124992
0.117161
0.116456
0.118461
0.117251
0.109736
0.110594
0.108943
0.11918
0.109293
0.120701
0.117869
0.111794
0.112057
0.108149
0.105901
0.107148
0.101019
0.111696
0.124065
0.119184
0.111795
0.111012
0.106587
0.115885
0.116375
0.1168
0.113007
0.105298
0.10034
0.098023
0.095632
0.096701
0.095707
0.094018
0.102876
0.091477
0.095565
0.09525
0.093665
0.088897
0.086753
0.087138
0.093054
0.093714
0.094268
0.106068
0.101507
0.102925
0.102398
0.095273
0.095962
0.092082
0.090784
0.096915
0.094483
0.095534
0.110041
0.106933
0.106157
0.100125
0.106637
0.105652
0.11515
0.116861
0.113022
0.108845
0.108593
0.109713
0.114872
0.111858
0.12304
0.120595
0.117659
0.112416
0.111106
0.109712
0.119399
0.117789
0.113978
0.115037
0.131119
0.12192
0.118071
0.114515
0.11892
0.111796
0.11035
0.106718
0.10288
0.102616
0.101339
0.103202
0.099666
0.106479
0.125513
0.111883
0.107298
0.111454
0.110668
0.109405
0.108989
0.107579
0.113658
0.106784
0.10345
0.105601
0.104814
0.101398
0.110473
0.104145
0.103353
0.102921
0.100629
0.107544
0.104488
0.103193
0.094971
0.097993
0.094192
0.0954
0.099871
0.093207
0.092645
0.093996
0.091841
0.093189
0.10512
0.097775
0.092025
0.095335
0.101837
0.101916
0.101487
0.097541
0.099965
0.096343
0.100955
0.103618
0.103992
0.097338
0.094762
0.099555
0.100109
0.099527
0.098429
0.102923
0.10359
0.109548
0.11364
0.107602
0.106236
0.100811
0.111213
0.10763
0.105823
0.100624
0.106926
0.11018
0.106478
0.106579
0.111301
0.113712
0.110301
0.109719
0.108934
0.112594
0.112408
0.110219
0.103969
0.104837
0.108315
0.107047
0.106919
0.103418
0.108148
0.107467
0.105068
0.102557
0.10612
0.108592
0.106772
0.09943
0.107469
0.109194
0.104303
0.104019
0.101146
0.106853
0.108307
0.104116
0.110879
0.107474
0.109777
0.106799
0.101488
0.108903
0.107176
0.102099
0.112424
0.111472
0.108797
0.107038
0.104533
0.101297
0.101611
0.105779
0.103219
0.110379
0.107856
0.108838
0.106194
0.10256
0.099681
0.099096
0.100549
0.10111
0.10339
0.104453
0.099429
0.117161
0.11418
0.11421
0.107839
0.11205
0.11077
0.110363
0.106908
0.110017
0.116787
0.110177
0.121483
0.118085
0.11839
0.115366
0.110685
0.111205
0.108185
0.111076
0.109925
0.106828
0.102584
0.106957
0.106366
0.112671
0.109322
0.105451
0.108646
0.116809
0.109298
0.109187
0.106842
0.103967
0.098641
0.103241
0.104087
0.1014
0.100342
0.101153
0.099134
0.106552
0.112596
0.121583
0.11545
0.116136
0.11544
0.111627
0.109674
0.107331
0.110315
0.11361
0.107633
0.133062
0.132562
0.130901
0.129865
0.126536
0.127327
0.136787
0.13429
0.14023
0.15036
0.155521
0.155463
0.153734
0.150703
0.147084
0.155742
0.154391
0.152547
0.154206
0.169358
0.163465
0.152164
0.152543
0.155318
0.161903
0.155892
0.154683
0.160051
0.153554
0.153724
0.150359
0.161855
0.160423
0.15186
0.151032
0.156624
0.154013
0.14959
0.146955
0.146838
0.142995
0.146803
0.144173
0.138251
0.151268
0.145028
0.139191
0.148602
0.147615
0.14267
0.14339
0.146154
0.144134
0.143208
0.14059
0.144615
0.141398
0.142998
0.147565
0.156739
0.151815
0.147037
0.148509
0.149339
0.146267
0.151858
0.145988
0.144153
0.164493
0.154415
0.153315
0.159013
0.162804
0.157257
0.158224
0.156631
0.16248
0.163276
0.161986
0.172248
0.172765
0.171072
0.162454
0.165733
0.150976
0.152654
0.15823
0.154456
0.157541
0.158594
0.157072
0.17573
0.172239
0.166291
0.158941
0.152743
0.153797
0.149885
0.14699
0.155814
0.156614
0.156606
0.177522
0.172588
0.171797
0.16268
0.154485
0.155876
0.155531
0.150062
0.153395
0.155955
0.153129
0.159588
0.185003
0.167439
0.159813
0.161409
0.158476
0.148485
0.147064
0.147182
0.151466
0.143893
0.151752
0.171697
0.163482
0.158509
0.156639
0.154261
0.15957
0.15924
0.161381
0.165539
0.18547
0.176998
0.174449
0.171715
0.172928
0.165937
0.157878
0.152344
0.16122
0.165816
0.153326
0.16067
0.162878
0.168712
0.166119
0.199566
0.174658
0.166609
0.168096
0.167913
0.157431
0.157258
0.154819
0.158643
0.158709
0.147788
0.151401
0.148082
0.157794
0.151323
0.176037
0.153121
0.147053
0.138207
0.13571
0.134512
0.13133
0.130633
0.138424
0.130533
0.127727
0.130436
0.126063
0.129061
0.13187
0.130663
0.125513
0.118117
0.125025
0.130767
0.123721
0.139345
0.148966
0.145861
0.139508
0.142627
0.138228
0.133857
0.140855
0.141492
0.146251
0.138858
0.133877
0.133853
0.141711
0.135189
0.135593
0.133114
0.130888
0.131403
0.139646
0.135304
0.141838
0.138432
0.135226
0.151987
0.143027
0.135382
0.131686
0.131686
0.127029
0.14234
0.128601
0.126954
0.127421
0.135016
0.152256
0.146399
0.143271
0.139695
0.141451
0.133547
0.133256
0.129238
0.126669
0.132238
0.130874
0.125189
0.131463
0.155596
0.150759
0.142524
0.146384
0.140882
0.130476
0.13696
0.142424
0.133036
0.139103
0.134229
0.137611
0.125674
0.127079
0.131897
0.128265
0.116562
0.105877
0.114264
0.124281
0.126983
0.127341
0.142341
0.135896
0.130417
0.127845
0.119082
0.106341
0.099647
0.084809
0.086211
0.090639
0.091135
0.087679
0.086514
0.08822
0.096138
0.101321
0.121303
0.120144
0.116852
0.123136
0.13247
0.130533
0.140549
0.144536
0.138015
0.135388
0.138382
0.138738
0.132817
0.130555
0.130006
0.126639
0.130641
0.131431
0.131781
0.122638
0.125292
0.12271
0.124825
0.123509
0.132716
0.12995
0.124171
0.12071
0.124743
0.126473
0.134448
0.130437
0.121907
0.12185
0.124202
0.119269
0.119013
0.121191
0.123443
0.126282
0.125471
0.125593
0.155257
0.148591
0.148094
0.142594
0.143986
0.135185
0.134574
0.133408
0.137714
0.131529
0.133104
0.133693
0.135884
0.138285
0.165156
0.147317
0.14926
0.145567
0.148579
0.148369
0.142432
0.148273
0.14958
0.147202
0.160668
0.155384
0.15889
0.143201
0.149538
0.142643
0.141634
0.146828
0.135698
0.132475
0.140982
0.143245
0.145258
0.173108
0.160575
0.158041
0.155944
0.154825
0.153922
0.14772
0.149594
0.150714
0.147299
0.148596
0.148927
0.146586
0.144927
0.147534
0.144864
0.138309
0.136612
0.131339
0.141862
0.142018
0.148298
0.156609
0.156682
0.15409
0.15299
0.154584
0.156785
0.157347
0.151126
0.157059
0.14829
0.150516
0.149304
0.147181
0.14743
0.150932
0.144974
0.149734
0.162137
0.165383
0.165463
0.168886
0.168535
0.166625
0.168549
0.17081
0.17134
0.167579
0.168062
0.166987
0.159558
0.153359
0.160455
0.164331
0.162442
0.164104
0.162975
0.163784
0.159269
0.164088
0.161207
0.162999
0.175952
0.178543
0.173868
0.171855
0.176435
0.176176
0.168589
0.167865
0.164098
0.172341
0.172291
0.161697
0.167206
0.160656
0.166019
0.159239
0.152727
0.152937
0.152256
0.147823
0.161431
0.161369
0.167675
0.163786
0.15643
0.159899
0.156945
0.155887
0.147643
0.144421
0.139485
0.14655
0.14683
0.153907
0.155468
0.152527
0.148092
0.152105
0.147191
0.139598
0.137137
0.141328
0.140014
0.140155
0.141526
0.141011
0.153065
0.142391
0.143244
0.145163
0.144967
0.134575
0.137997
0.135584
0.142649
0.144283
0.141588
0.145121
0.142702
0.145153
0.14039
0.139101
0.135384
0.136047
0.137816
0.130379
0.131559
0.124578
0.132794
0.128812
0.130722
0.128557
0.133146
0.133874
0.138136
0.133577
0.137192
0.133409
0.130537
0.132579
0.125111
0.127207
0.125015
0.124648
0.125098
0.122065
0.119878
0.117725
0.120765
0.127149
0.125422
0.126164
0.126699
0.122892
0.126732
0.119309
0.131181
0.130087
0.132302
0.135299
0.126773
0.128326
0.12896
0.139904
0.130185
0.124764
0.127092
0.122614
0.13382
0.128015
0.126519
0.133863
0.131637
0.134949
0.134956
0.133582
0.131786
0.145618
0.14542
0.139245
0.142888
0.141609
0.140603
0.139905
0.142598
0.142013
0.139502
0.139675
0.136705
0.134094
0.135611
0.132017
0.136982
0.14334
0.140899
0.143959
0.141338
0.137894
0.137878
0.13666
0.134961
0.141716
0.143625
0.144224
0.135572
0.132519
0.13247
0.129208
0.130954
0.139396
0.146693
0.145736
0.148477
0.14647
0.14934
0.144622
0.14336
0.135854
0.131098
0.136273
0.139438
0.146753
0.146086
0.148548
0.143084
0.137908
0.136164
0.138466
0.133493
0.135553
0.131855
0.129647
0.121326
0.127265
0.125207
0.12308
0.128535
0.123597
0.125916
0.130541
0.129559
0.125527
0.123947
0.128209
0.123535
0.121702
0.130399
0.129932
0.132209
0.129294
0.13269
0.132454
0.128752
0.128227
0.133346
0.137048
0.135507
0.135574
0.133515
0.131592
0.134091
0.130969
0.128417
0.13166
0.127619
0.130958
0.128018
0.120157
0.126974
0.122074
0.122807
0.120593
0.119461
0.121518
0.11829
0.121001
0.117937
0.123198
0.12178
0.122358
0.116549
0.122626
0.117492
0.120533
0.121853
0.119993
0.113429
0.112896
0.117911
0.113022
0.115852
0.114101
0.115367
0.120835
0.123433
0.11812
0.119448
0.120912
0.122215
0.121616
0.117393
0.12013
0.119075
0.121008
0.123271
0.118322
0.119546
0.128651
0.126764
0.128162
0.132657
0.13016
0.127977
0.123948
0.122428
0.120614
0.124012
0.121869
0.120057
0.121878
0.118402
0.120841
0.119058
0.131656
0.131755
0.129002
0.129526
0.125314
0.127549
0.128542
0.126978
0.124312
0.125987
0.126907
0.124904
0.127655
0.131198
0.127311
0.132745
0.131587
0.129459
0.124723
0.127878
0.129048
0.130616
0.127599
0.126516
0.123551
0.122384
0.125728
0.12163
0.126782
0.123151
0.1214
0.119512
0.121221
0.119982
0.120561
0.119888
0.124742
0.120185
0.118954
0.122399
0.121614
0.122598
0.11853
0.124274
0.124381
0.121771
0.121883
0.125797
0.12325
0.123865
0.121513
0.122085
0.126678
0.12318
0.119359
0.121657
0.122818
0.126634
0.125379
0.123884
0.121278
0.12766
