0.007845
0.026933
0.028569
0.02703
0.028267
0.027827
0.027854
0.028001
0.02729
0.028783
0.026232
0.027633
0.026516
0.027466
0.027496
0.02773
0.027373
0.026506
0.027667
0.028037
0.02919
0.029372
0.027173
0.02883
0.02895
0.028734
0.027748
0.029535
0.027835
0.02895
0.027124
0.026951
0.028677
0.029274
0.028951
0.030061
0.02866
0.027384
0.028785
0.028863
0.026952
0.02934
0.027048
0.027737
0.027828
0.028651
0.027128
0.02891
0.027947
0.028567
0.029501
0.027569
0.028486
0.028254
0.027487
0.028677
0.02858
0.02854
0.029077
0.029668
0.029014
0.027922
0.028527
0.028513
0.028176
0.02894
0.029623
0.028659
0.027642
0.027382
0.028472
0.02931
0.028587
0.029017
0.029717
0.028254
0.028515
0.029046
0.027567
0.028164
0.028785
0.028767
0.028812
0.027778
0.02896
0.028247
0.027532
0.028316
0.027753
0.02914
0.028481
0.027836
0.02861
0.029805
0.02858
0.029291
0.027459
0.027633
0.027873
0.027203
0.02876
0.02762
0.027703
0.029666
0.028837
0.029149
0.028201
0.030071
0.029999
0.029337
0.030209
0.028663
0.029484
0.030249
0.029818
0.02945
0.030225
0.028013
0.02934
0.02962
0.02865
0.029022
0.03106
0.02995
0.028752
0.031473
0.031039
0.029631
0.030071
0.029555
0.029831
0.03011
0.028961
0.02964
0.03016
0.029096
0.029409
0.030052
0.030036
0.029391
0.037141
0.031984
0.03007
0.030738
0.031687
0.030712
0.030583
0.030657
0.029912
0.034943
0.030778
0.02971
0.03044
0.029501
0.03051
0.03078
0.030219
0.029727
0.029787
0.031331
0.03183
0.031381
0.030682
0.031819
0.030266
0.029403
0.030146
0.029658
0.028878
0.028874
0.034577
0.032814
0.031761
0.033101
0.03159
0.031045
0.031536
0.031098
0.030689
0.03272
0.031117
0.029559
0.031406
0.031336
0.032262
0.031499
0.030996
0.030823
0.031452
0.030223
0.029606
0.031769
0.029644
0.030777
0.031302
0.03318
0.03198
0.032457
0.032199
0.032368
0.032379
0.031123
0.030595
0.031983
0.030879
0.031506
0.03249
0.032973
0.034111
0.032934
0.032677
0.032779
0.031551
0.032363
0.033907
0.034094
0.034127
0.034987
0.035195
0.035335
0.03462
0.034077
0.036443
0.035441
0.034866
0.034143
0.035261
0.034883
0.035363
0.035417
0.038459
0.036696
0.035342
0.034073
0.036429
0.035089
0.034233
0.034054
0.033379
0.034203
0.034352
0.033513
0.033721
0.033392
0.033022
0.032012
0.034265
0.03153
0.031495
0.031711
0.030569
0.0323
0.031952
0.031477
0.032086
0.032121
0.030882
0.029759
0.036336
0.031671
0.031948
0.031335
0.030993
0.029791
0.029722
0.02887
0.029345
0.030135
0.028216
0.030174
0.028785
0.029668
0.028655
0.029109
0.028136
0.032515
0.029252
0.028587
0.028978
0.027733
0.027894
0.028814
0.032627
0.028181
0.029543
0.027363
0.027709
0.032325
0.027567
0.027064
0.027051
0.03043
0.028205
0.028781
0.028429
0.028827
0.028236
0.02759
0.029855
0.030209
0.029017
0.028713
0.028878
0.028661
0.028505
0.029436
0.030008
0.028347
0.029155
0.028617
0.027401
0.028584
0.026252
0.030144
0.026788
0.025929
0.026014
0.026597
0.02884
0.029426
0.027416
0.026655
0.025824
0.027532
0.027651
0.02679
0.0266
0.028978
0.026161
0.027045
0.026622
0.02657
0.025938
0.026613
0.029151
0.027811
0.025342
0.025307
0.025965
0.026316
0.030796
0.029618
0.027226
0.027053
0.027643
0.026507
0.027342
0.028213
0.030753
0.028284
0.032149
0.026664
0.026902
0.028504
0.027421
0.02579
0.029815
0.026283
0.026235
0.026327
0.026344
0.025622
0.026747
0.024993
0.028212
0.025169
0.025605
0.027455
0.02829
0.035354
0.029201
0.031528
0.029737
0.030214
0.029219
0.029212
0.028234
0.028721
0.02778
0.027574
0.031279
0.029525
0.030811
0.030666
0.029957
0.028291
0.033492
0.029986
0.034161
0.032074
0.030227
0.030159
0.031438
0.029223
0.029008
0.033671
0.030507
0.030365
0.029536
0.031685
0.031212
0.030653
0.031823
0.031667
0.032724
0.035348
0.031052
0.035765
0.036137
0.031518
0.036456
0.032262
0.033376
0.032508
0.032028
0.031645
0.035851
0.031926
0.030524
0.030635
0.032517
0.032379
0.032908
0.031882
0.033155
0.04108
0.034131
0.032649
0.033246
0.032618
0.033139
0.032289
0.034215
0.034354
0.0326
0.032951
0.033153
0.035782
0.03737
0.03478
0.040698
0.036647
0.03595
0.036454
0.035282
0.035373
0.03538
0.035071
0.035287
0.037339
0.034985
0.034611
0.03463
0.04121
0.035659
0.035923
0.035343
0.0349
0.033917
0.03403
0.033416
0.03456
0.033792
0.035435
0.035001
0.036139
0.035715
0.034854
0.034524
0.038715
0.034344
0.035182
0.034953
0.0347
0.033685
0.033943
0.034424
0.033837
0.032935
0.033555
0.034768
0.034667
0.034509
0.033331
0.031917
0.037397
0.034459
0.033862
0.033127
0.033074
0.031923
0.033571
0.032919
0.035268
0.032605
0.032499
0.032095
0.033233
0.034527
0.037938
0.034862
0.03428
0.033624
0.03323
0.032917
0.034461
0.037126
0.034336
0.033538
0.033728
0.033025
0.034403
0.03301
0.036678
0.033371
0.032028
0.032494
0.03182
0.032952
0.036164
0.0341
0.032764
0.032669
0.032377
0.031814
0.03599
0.032959
0.03229
0.032344
0.032652
0.032066
0.038802
0.034245
0.033934
0.033117
0.032749
0.037789
0.036137
0.034571
0.033064
0.032961
0.032617
0.032038
0.034785
0.036162
0.033929
0.032598
0.032285
0.033674
0.032294
0.033418
0.036146
0.032024
0.031715
0.032392
0.03825
0.03404
0.033724
0.033522
0.031434
0.037094
0.03328
0.033414
0.031052
0.03164
0.030465
0.035093
0.033908
0.034154
0.034431
0.0344
0.035564
0.03497
0.034738
0.039446
0.035079
0.034003
0.03246
0.032792
0.032881
0.032942
0.035846
0.034336
0.032172
0.032333
0.032663
0.039632
0.037106
0.035477
0.035207
0.034776
0.03353
0.036488
0.035121
0.033934
0.033842
0.033763
0.032077
0.033443
0.036417
0.032468
0.039016
0.031202
0.033226
0.035932
0.03858
0.034944
0.034954
0.032893
0.037858
0.037175
0.034503
0.034354
0.037272
0.033501
0.038854
0.037173
0.036945
0.037417
0.03479
0.035309
0.041409
0.041007
0.037836
0.036422
0.036967
0.035842
0.043127
0.039791
0.039476
0.040072
0.038751
0.039596
0.038064
0.037529
0.038656
0.03985
0.039685
0.040348
0.039204
0.043899
0.041373
0.043072
0.041448
0.044171
0.040753
0.042312
0.042496
0.041266
0.040662
0.041831
0.040296
0.042966
0.041463
0.043487
0.042692
0.042202
0.040922
0.041905
0.039483
0.039507
0.040316
0.042207
0.041921
0.041382
0.041007
0.040074
0.038133
0.03903
0.037279
0.035929
0.036838
0.038701
0.038638
0.037778
0.039222
0.037753
0.037448
0.038459
0.036125
0.039335
0.03714
0.037794
0.037535
0.038087
0.036469
0.03573
0.035652
0.03944
0.03856
0.037304
0.038483
0.039217
0.037684
0.037435
0.03824
0.039002
0.038604
0.040385
0.037628
0.039954
0.03824
0.039121
0.036134
0.041354
0.039391
0.039345
0.038001
0.037518
0.03794
0.038245
0.037278
0.037996
0.037131
0.03662
0.036998
0.038219
0.036356
0.039031
0.036251
0.036125
0.036596
0.035188
0.037886
0.037463
0.036406
0.035624
0.037693
0.038146
0.036035
0.037237
0.03924
0.038562
0.036913
0.036838
0.035975
0.037181
0.035176
0.038327
0.036557
0.037142
0.035234
0.036416
0.037024
0.036821
0.03749
0.040334
0.037459
0.037084
0.036766
0.038987
0.039005
0.038355
0.04218
0.041185
0.039502
0.040145
0.039502
0.042103
0.045182
0.043775
0.041769
0.04151
0.040929
0.040114
0.044346
0.043095
0.040716
0.041509
0.039316
0.04116
0.041999
0.045452
0.042531
0.042678
0.040628
0.043219
0.041651
0.044866
0.041277
0.042801
0.04105
0.041173
0.039618
0.047311
0.043731
0.039763
0.040646
0.040302
0.039507
0.049797
0.040376
0.04073
0.04137
0.038134
0.04733
0.044178
0.039296
0.042986
0.047006
0.042881
0.045973
0.040393
0.039851
0.043208
0.042625
0.041975
0.044202
0.040654
0.039954
0.043999
0.041066
0.041314
0.041291
0.042303
0.037574
0.047248
0.042369
0.041168
0.040556
0.040659
0.0471
0.042954
0.04167
0.042511
0.039163
0.046429
0.041542
0.041136
0.038717
0.039616
0.038668
0.039778
0.043435
0.041443
0.041805
0.039567
0.046482
0.043902
0.040787
0.040531
0.039292
0.041372
0.044086
0.044045
0.041093
0.043319
0.038701
0.038767
0.042329
0.038356
0.037245
0.044548
0.040853
0.039506
0.039703
0.039469
0.04118
0.043095
0.041589
0.039905
0.040043
0.041298
0.044975
0.043351
0.040085
0.040243
0.039964
0.040519
0.045993
0.04258
0.039844
0.040418
0.037495
0.045797
0.041676
0.040844
0.038878
0.038702
0.038132
0.043939
0.038525
0.038948
0.03848
0.038256
0.038132
0.046599
0.04107
0.041783
0.039379
0.039362
0.038755
0.046959
0.041316
0.040175
0.038566
0.03681
0.037216
0.045317
0.037896
0.037396
0.035806
0.037007
0.035596
0.041846
0.038428
0.038337
0.043534
0.041982
0.040314
0.039243
0.039613
0.039492
0.03811
0.043664
0.039149
0.03753
0.039537
0.037629
0.035307
0.04484
0.039518
0.041235
0.039367
0.047345
0.041316
0.040376
0.040607
0.040697
0.03886
0.044743
0.040363
0.040681
0.038427
0.038703
0.03912
0.044416
0.041517
0.041105
0.041568
0.041825
0.039551
0.046077
0.044531
0.042891
0.044098
0.041963
0.041171
0.043575
0.048755
0.044282
0.043592
0.04337
0.041073
0.04141
0.046066
0.046209
0.042957
0.046082
0.042316
0.042061
0.051003
0.043204
0.042378
0.042065
0.04134
0.040668
0.038656
0.043373
0.038388
0.037274
0.038466
0.038014
0.037057
0.044434
0.03834
0.040637
0.040015
0.040183
0.038593
0.035922
0.038294
0.043722
0.03788
0.038321
0.038129
0.042563
0.042069
0.040744
0.039372
0.039724
0.037559
0.04168
0.040027
0.040418
0.039855
0.037588
0.038767
0.043031
0.03992
0.039497
0.037359
0.046009
0.042218
0.042916
0.041505
0.040619
0.038699
0.043248
0.040681
0.040992
0.038746
0.046172
0.042312
0.042827
0.041493
0.041972
0.045197
0.043926
0.041276
0.040917
0.047595
0.044748
0.043121
0.043269
0.04101
0.040729
0.045165
0.043772
0.040595
0.041422
0.038626
0.042067
0.040252
0.04501
0.041175
0.040189
0.048047
0.044376
0.044184
0.0432
0.039978
0.0402
0.039747
0.041044
0.041087
0.040548
0.03913
0.040379
0.037954
0.041798
0.039733
0.051072
0.044004
0.043669
0.041046
0.042008
0.038833
0.038717
0.041274
0.041332
0.039318
0.037584
0.038671
0.038012
0.048264
0.042167
0.043645
0.040766
0.040234
0.040014
0.039884
0.041538
0.040547
0.039946
0.039241
0.041408
0.049817
0.044735
0.042773
0.042625
0.041248
0.040238
0.040241
0.039261
0.039499
0.040383
0.03886
0.038916
0.038169
0.040732
0.038691
0.037524
0.041349
0.037079
0.038472
0.042328
0.038351
0.038546
0.036779
0.036145
0.041706
0.039494
0.037286
0.036486
0.035457
0.035449
0.036121
0.036484
0.04005
0.035588
0.041771
0.036658
0.036441
0.036629
0.034066
0.03335
0.033865
0.03313
0.033211
0.03245
0.032774
0.034452
0.035395
0.036563
0.036645
0.038667
0.039884
0.038548
0.036261
0.035296
0.033745
0.035849
0.035428
0.035001
0.034356
0.034907
0.041584
0.039194
0.037704
0.036126
0.035606
0.03625
0.035056
0.037018
0.037604
0.03767
0.036341
0.037413
0.037386
0.037591
0.047319
0.041069
0.038705
0.040846
0.039515
0.039343
0.038524
0.037487
0.040782
0.039402
0.038329
0.038147
0.046589
0.041445
0.039923
0.040271
0.04058
0.040041
0.040075
0.039758
0.037238
0.039606
0.039224
0.039288
0.040672
0.040538
0.040494
0.038369
0.04174
0.039617
0.038981
0.040673
0.038119
0.039257
0.038529
0.037327
0.038626
0.040567
0.038054
0.040638
0.039196
0.040295
0.039212
0.038026
0.036533
0.040765
0.038423
0.037172
0.036302
0.0384
0.038753
0.037958
0.036785
0.037238
0.036126
0.035814
0.035451
0.036189
0.033942
0.035686
0.037596
0.037819
0.038044
0.039081
0.036368
0.037001
0.035849
0.040365
0.039
0.038204
0.03741
0.039353
0.037023
0.039334
0.037402
0.038367
0.036999
0.040119
0.038459
0.040632
0.037785
0.039212
0.0382
0.038646
0.037169
0.038212
0.036348
0.039213
0.036851
0.038431
0.036558
0.035951
0.035026
0.040181
0.040101
0.0365
0.035326
0.034855
0.034941
0.035722
0.039982
0.036909
0.035316
0.03533
0.03497
0.039161
0.037144
0.04119
0.039327
0.039849
0.038183
0.039113
0.037941
0.043571
0.040341
0.040381
0.038135
0.039349
0.03692
0.037719
0.038039
0.042085
0.038077
0.038143
0.037013
0.037065
0.036725
0.035437
0.038833
0.03697
0.036347
0.035992
0.035331
0.035822
0.039907
0.037569
0.036252
0.03547
0.034697
0.033856
0.034103
0.04021
0.034559
0.033526
0.03262
0.03402
0.033896
0.033333
0.037709
0.032165
0.030835
0.031113
0.035684
0.031357
0.030461
0.029846
0.030765
0.030816
0.031148
0.033266
0.032284
0.031612
0.031112
0.036947
0.033729
0.03293
0.031888
0.031895
0.031102
0.030897
0.033885
0.032835
0.031928
0.03155
0.030836
0.031424
0.036005
0.032636
0.034339
0.031859
0.031493
0.031311
0.03508
0.031874
0.032289
0.030805
0.031397
0.030888
0.032136
0.030819
0.029923
0.032328
0.031311
0.030083
0.030523
0.030897
0.030361
0.029524
0.033565
0.031791
0.031376
0.031322
0.031312
0.031851
0.035881
0.032357
0.031944
0.031889
0.031406
0.031253
0.031784
0.035073
0.032089
0.03315
0.032541
0.031476
0.032397
0.033069
0.031898
0.034396
0.032406
0.031217
0.030715
0.031644
0.032097
0.0317
0.035668
0.034691
0.034418
0.034316
0.034012
0.035863
0.034056
0.037562
0.035882
0.036681
0.03492
0.035832
0.0367
0.036963
0.036671
0.036988
0.038645
0.038654
0.037311
0.037167
0.037774
0.036943
0.035957
0.035124
0.036143
0.035437
0.036132
0.036904
0.03727
0.036052
0.035648
0.035937
0.036193
0.035066
0.033923
0.036038
0.035487
0.034668
0.034488
0.03354
0.033609
0.032727
0.032038
0.033383
0.031464
0.030233
0.02907
0.029783
0.029367
0.033494
0.027995
0.029016
0.027791
0.025463
0.02715
0.027796
0.026885
0.035857
0.028732
0.027978
0.039787
0.031137
0.031241
0.031326
0.031552
0.030909
0.030913
0.02869
0.031071
0.029607
0.029407
0.034435
0.027164
0.027295
0.025644
0.027671
0.025192
0.030473
0.030059
0.027012
0.027473
0.030069
0.031145
0.029621
0.030267
0.030536
0.030314
0.03179
0.033469
0.032286
0.031463
0.03162
0.031549
0.03456
0.031525
0.032665
0.031487
0.031839
0.035341
0.03379
0.034191
0.033864
0.033962
0.032955
0.032293
0.033443
0.033262
0.035679
0.033809
0.033402
0.034262
0.034144
0.039252
0.035313
0.03531
0.034092
0.033328
0.033634
0.033011
0.03723
0.034747
0.03425
0.033664
0.032419
0.033209
0.036286
0.033732
0.032431
0.032026
0.031866
0.031253
0.032053
0.034504
0.031587
0.0313
0.036289
0.029248
0.030287
0.02909
0.028698
0.031448
0.029734
0.02846
0.035403
0.030691
0.029863
0.030459
0.028593
0.027602
0.032238
0.03035
0.031274
0.030824
0.031122
0.030127
0.032104
0.034287
0.033302
0.031764
0.031614
0.031303
0.032216
0.035195
0.033257
0.032361
0.033095
0.031729
0.030526
0.036536
0.033188
0.034317
0.032433
0.031696
0.031962
0.038071
0.034365
0.032854
0.032831
0.031917
0.030636
0.037032
0.030575
0.031057
0.031626
0.029465
0.031467
0.029617
0.029532
0.033173
0.029808
0.02898
0.027933
0.028479
0.029886
0.029811
0.02768
0.026822
0.030442
0.027657
0.025511
0.028343
0.02576
0.02524
0.025883
0.026331
0.031102
0.026077
0.024389
0.028218
0.027957
0.028278
0.027088
0.033228
0.032761
0.032861
0.031866
0.033443
0.032779
0.031936
0.031939
0.031876
0.031555
0.03354
0.031855
0.034106
0.032231
0.032929
0.040372
0.036525
0.035611
0.035219
0.035364
0.034037
0.035002
0.0354
0.034788
0.034444
0.034335
0.035089
0.034938
0.036518
0.034474
0.035544
0.035395
0.035424
0.043613
0.039352
0.036654
0.038023
0.037003
0.036221
0.035012
0.036018
0.035666
0.036759
0.034641
0.034038
0.034616
0.034151
0.033261
0.034392
0.036443
0.033115
0.032749
0.031997
0.033091
0.036807
0.032191
0.031395
0.030877
0.033422
0.031657
0.031034
0.031099
0.029647
0.032505
0.030321
0.030383
0.0299
0.034789
0.031384
0.036563
0.029628
0.031944
0.031344
0.030158
0.031062
0.0312
0.035257
0.033092
0.032492
0.034721
0.032161
0.031593
0.036317
0.040632
0.032238
0.035612
0.037335
0.034528
0.033633
0.032741
0.032456
0.036744
0.034815
0.034571
0.032815
0.032928
0.033225
0.031312
0.035924
0.033568
0.033697
0.03397
0.033803
0.033862
0.033078
0.035799
0.034679
0.034325
0.032475
0.032505
0.033327
0.036941
0.035103
0.03268
0.033569
0.032219
0.032982
0.033585
0.037253
0.03355
0.032943
0.032732
0.032889
0.039507
0.034696
0.034245
0.033618
0.033215
0.033175
0.033427
0.034294
0.033159
0.035615
0.032767
0.040669
0.036523
0.036224
0.034455
0.032565
0.03439
0.03556
0.035518
0.035413
0.03607
0.036143
0.035266
0.042955
0.038102
0.035757
0.036377
0.035179
0.034316
0.034165
0.032676
0.03271
0.03386
0.032445
0.033249
0.033227
0.033249
0.039943
0.036324
0.033412
0.037114
0.032778
0.032088
0.031185
0.031266
0.029485
0.033542
0.03129
0.032881
0.032682
0.030419
0.031516
0.030538
0.036631
0.031622
0.030611
0.029659
0.030259
0.033752
0.03069
0.030794
0.030753
0.031981
0.030961
0.030485
0.029018
0.037766
0.032602
0.031312
0.030391
0.030293
0.030587
0.033534
0.031858
0.033069
0.037528
0.036062
0.035903
0.034537
0.034404
0.034394
0.033939
0.035097
0.036437
0.035024
0.033852
0.034595
0.041615
0.035943
0.03595
0.035545
0.035189
0.034234
0.034243
0.036875
0.035261
0.034949
0.034188
0.033431
0.03337
0.033927
0.03723
0.035118
0.034109
0.034516
0.040053
0.036545
0.035419
0.034319
0.033615
0.03539
0.03785
0.036426
0.035777
0.034096
0.034018
0.03464
0.035658
0.037743
0.035457
0.034512
0.033199
0.033532
0.038002
0.03436
0.033705
0.033972
0.031928
0.036581
0.03441
0.034499
0.033063
0.032905
0.032495
0.037325
0.034512
0.033309
0.035753
0.032517
0.037042
0.036526
0.033257
0.03673
0.033603
0.036426
0.032884
0.03306
0.034856
0.032466
0.032217
0.03087
0.03172
0.031034
0.032521
0.03128
0.034165
0.033844
0.032706
0.03061
0.038372
0.032789
0.030881
0.031243
0.02931
0.028585
0.028266
0.031462
0.029631
0.028583
0.032397
0.027876
0.030844
0.036422
0.02912
0.030054
0.031838
0.028948
0.029006
0.032046
0.02883
0.027119
0.028166
0.027999
0.029189
0.035646
0.030392
0.029969
0.030486
0.030473
0.029744
0.029479
0.031434
0.029944
0.030678
0.030973
0.032062
0.031338
0.036251
0.033024
0.031442
0.032407
0.030342
0.030252
0.031925
0.031023
0.030016
0.03141
0.032247
0.031647
0.031126
0.03232
0.031714
0.030894
0.032078
0.039255
0.031995
0.032167
0.033296
0.032925
0.032909
0.032322
0.032713
0.03448
0.032768
0.03198
0.032764
0.033635
0.032976
0.032018
0.032345
0.0354
0.033576
0.032443
0.031779
0.033893
0.032865
0.037031
0.036007
0.033838
0.033586
0.033036
0.034243
0.03517
0.037447
0.036619
0.036287
0.034599
0.036392
0.035202
0.03429
0.036127
0.033529
0.033447
0.034485
0.031852
0.031686
0.037552
0.031826
0.03107
0.029434
0.029815
0.029549
0.032017
0.031209
0.033854
0.030069
0.029645
0.036861
0.032098
0.031318
0.030471
0.030767
0.030553
0.029181
0.028759
0.028331
0.030038
0.029293
0.028307
0.031704
0.027781
0.033074
0.034243
0.028454
0.028368
0.026663
0.028072
0.026629
0.027574
0.031006
0.028042
0.027092
0.029061
0.031793
0.031719
0.032567
0.02822
0.029305
0.028402
0.032243
0.027362
0.030293
0.031162
0.031066
0.02976
0.027948
0.027715
0.029078
0.032124
0.030672
0.028559
0.028646
0.032489
0.028071
0.028381
0.027749
0.029823
0.02854
0.02617
0.026113
0.035992
0.030596
0.028478
0.027142
0.027273
0.028396
0.026827
0.026507
0.025977
0.027386
0.026312
0.025672
0.024766
0.02508
0.02522
0.024747
0.023383
0.025225
0.021233
0.021803
0.022169
0.024268
0.024972
0.026108
0.032691
0.02632
0.028002
0.026714
0.026799
0.027508
0.027161
0.026445
0.026787
0.026136
0.025547
0.027709
0.027425
0.027406
0.02767
0.026023
0.026126
0.026452
0.027746
0.025712
0.024562
0.025673
0.027701
0.028363
0.035686
0.030508
0.030578
0.028577
0.02924
0.028369
0.027987
0.028779
0.026382
0.026887
0.028785
0.029043
0.029428
0.030294
0.029526
0.02953
0.035374
0.031131
0.029888
0.030643
0.032736
0.029943
0.029894
0.028605
0.031284
0.031429
0.030234
0.030026
0.031482
0.031652
0.03118
0.032104
0.032849
0.032251
0.030297
0.030693
0.031164
0.034478
0.032628
0.031739
0.031049
0.032809
0.031564
0.031139
0.03149
0.033219
0.031456
0.031099
0.031287
0.033697
0.031078
0.030755
0.030706
0.037433
0.033097
0.032739
0.032704
0.032107
0.036018
0.03363
0.031978
0.03247
0.032324
0.036568
0.034614
0.033858
0.032955
0.033898
0.034412
0.031665
0.037203
0.034253
0.032378
0.032431
0.033469
0.039677
0.03483
0.034337
0.034727
0.033663
0.03479
0.032403
0.032413
0.035732
0.033277
0.034433
0.033219
0.033856
0.033559
0.033016
0.037151
0.033882
0.033857
0.032872
0.033022
0.033934
0.034009
0.036446
0.033915
0.034002
0.032999
0.033161
0.034823
0.0334
0.032426
0.03544
0.032622
0.03389
0.032343
0.032623
0.031496
0.036315
0.032636
0.032368
0.031222
0.032006
0.030303
0.038493
0.03438
0.033316
0.03278
0.032221
0.031608
0.031872
0.036085
0.032705
0.032584
0.032893
0.032194
0.032587
0.035888
0.032248
0.031125
0.031355
0.032219
0.032444
0.037336
0.034064
0.037368
0.032984
0.03461
0.031695
0.036992
0.032924
0.032107
0.032358
0.032933
0.033437
0.032432
0.033544
0.035833
0.032989
0.032529
0.031503
0.033023
0.037479
0.035523
0.034471
0.033648
0.033422
0.037035
0.03383
0.032677
0.032694
0.031421
0.035129
0.03267
0.031912
0.032433
0.036431
0.033996
0.032913
0.032497
0.036249
0.033953
0.031859
0.032316
0.030531
0.035849
0.032972
0.033802
0.034465
0.034355
0.033922
0.033213
0.032787
0.040248
0.035555
0.034697
0.032888
0.032808
0.032636
0.035773
0.034495
0.034225
0.031896
0.041021
0.036435
0.03587
0.035251
0.034091
0.036
0.034523
0.033391
0.033369
0.033284
0.031165
0.03597
0.031981
0.032151
0.032441
0.032604
0.031143
0.03253
0.036172
0.034375
0.03441
0.0376
0.038708
0.033958
0.035444
0.034602
0.034812
0.032446
0.036218
0.036412
0.03585
0.035128
0.038196
0.036681
0.045834
0.039936
0.038668
0.040063
0.039057
0.039718
0.039652
0.037927
0.035666
0.039251
0.039162
0.038269
0.039597
0.038161
0.039757
0.04652
0.045257
0.043697
0.0443
0.041013
0.040927
0.042101
0.041273
0.040738
0.043141
0.041195
0.040201
0.040597
0.042398
0.041061
0.042537
0.040801
0.040926
0.039795
0.04449
0.04085
0.040031
0.038548
0.038916
0.038279
0.040008
0.037903
0.038239
0.039162
0.038524
0.037065
0.042392
0.039241
0.038428
0.036934
0.036621
0.039397
0.038749
0.038566
0.038261
0.038486
0.038694
0.038278
0.039279
0.040902
0.038153
0.038876
0.038965
0.038863
0.037707
0.041708
0.040106
0.038878
0.037729
0.037084
0.038417
0.037067
0.039229
0.036874
0.039955
0.038309
0.037794
0.037987
0.038159
0.037192
0.03968
0.037424
0.041177
0.039094
0.039071
0.037204
0.039036
0.037235
0.038249
0.040858
0.037405
0.037363
0.039057
0.038245
0.039145
0.038146
0.039751
0.037419
0.040683
0.03923
0.039396
0.0364
0.036992
0.038846
0.038551
0.04232
0.040533
0.038526
0.039199
0.037385
0.037554
0.04028
0.038612
0.041245
0.039784
0.041017
0.039801
0.039826
0.046615
0.044087
0.042649
0.046827
0.042121
0.041352
0.041587
0.047349
0.043562
0.041408
0.042522
0.03995
0.042138
0.041892
0.042345
0.046414
0.044291
0.04343
0.04355
0.051482
0.046844
0.042745
0.04492
0.043066
0.041556
0.039387
0.046576
0.041093
0.041405
0.040371
0.038562
0.041421
0.042059
0.040049
0.043883
0.039694
0.040364
0.047783
0.044236
0.04306
0.042888
0.041612
0.044658
0.041432
0.041009
0.039045
0.045944
0.041046
0.040929
0.040601
0.039801
0.039735
0.049258
0.040822
0.0416
0.040868
0.038808
0.044349
0.041839
0.040712
0.041578
0.04101
0.045851
0.040964
0.040664
0.04092
0.039698
0.042557
0.040675
0.039021
0.04093
0.038993
0.038724
0.039365
0.044199
0.040989
0.041253
0.04311
0.048683
0.041978
0.041939
0.039549
0.038608
0.040587
0.041955
0.039769
0.040631
0.037393
0.037258
0.037902
0.042654
0.03723
0.038594
0.04499
0.0457
0.041823
0.043574
0.039911
0.039919
0.039372
0.04148
0.039386
0.040476
0.03997
0.044437
0.040504
0.050721
0.044664
0.04595
0.042021
0.041641
0.041769
0.042575
0.038413
0.041914
0.040777
0.039508
0.040995
0.046982
0.040737
0.051483
0.041174
0.040471
0.039562
0.039476
0.038101
0.045133
0.040263
0.045365
0.038402
0.039007
0.03842
0.04442
0.040009
0.039146
0.038645
0.043667
0.037562
0.038698
0.043907
0.041135
0.038959
0.039683
0.047424
0.045298
0.041358
0.041621
0.041126
0.039927
0.0382
0.04206
0.039695
0.037684
0.039331
0.039285
0.039647
0.039627
0.048459
0.042784
0.039877
0.04055
0.04074
0.041144
0.039565
0.039023
0.041948
0.03932
0.03925
0.040125
0.04025
0.046697
0.043924
0.042829
0.042223
0.042539
0.041749
0.0416
0.04083
0.042668
0.043302
0.04173
0.041449
0.042742
0.041946
0.041935
0.040756
0.044925
0.043903
0.043699
0.04275
0.044165
0.043585
0.044815
0.043639
0.043574
0.044905
0.043112
0.042961
0.045452
0.043943
0.04459
0.042665
0.041332
0.04378
0.044717
0.04343
0.042343
0.044179
0.042624
0.042522
0.046213
0.043533
0.04171
0.040559
0.041351
0.039732
0.047519
0.040589
0.039883
0.041187
0.041999
0.038443
0.040485
0.040679
0.0388
0.03973
0.037786
0.03963
0.041791
0.041135
0.04261
0.038649
0.038451
0.03657
0.047054
0.038303
0.038768
0.037735
0.036581
0.040897
0.039643
0.038337
0.039031
0.038017
0.037104
0.037731
0.038419
0.038324
0.04459
0.040687
0.040447
0.039865
0.040053
0.038322
0.038859
0.041713
0.041107
0.0386
0.040464
0.039015
0.041348
0.051221
0.043385
0.041619
0.041271
0.041498
0.041166
0.038119
0.039651
0.04178
0.041175
0.040019
0.040618
0.038753
0.042743
0.049587
0.043921
0.043295
0.045592
0.041714
0.043329
0.041417
0.041211
0.040397
0.043052
0.041334
0.042858
0.043209
0.040216
0.042964
0.046187
0.041502
0.042365
0.03939
0.049822
0.043615
0.04335
0.041115
0.039414
0.039293
0.044055
0.041176
0.041664
0.041084
0.041825
0.041688
0.041423
0.048593
0.040965
0.038665
0.042261
0.048383
0.041663
0.040332
0.041082
0.039844
0.04368
0.04296
0.039488
0.040423
0.041578
0.044968
0.043228
0.04208
0.042603
0.040744
0.045426
0.040934
0.04135
0.040481
0.039072
0.042621
0.043618
0.039943
0.040021
0.044983
0.043908
0.042271
0.041349
0.039671
0.043897
0.041716
0.041479
0.041042
0.040508
0.045826
0.043195
0.041285
0.042776
0.0404
0.03955
0.043826
0.039641
0.037692
0.038906
0.036053
0.038817
0.038631
0.042283
0.038556
0.037917
0.037807
0.042913
0.041378
0.040112
0.039075
0.038712
0.0352
0.041142
0.037285
0.034777
0.034779
0.036624
0.036127
0.036416
0.037109
0.033989
0.036719
0.03507
0.037199
0.03445
0.034586
0.039485
0.038594
0.037541
0.035116
0.038498
0.036414
0.036024
0.034665
0.037794
0.036795
0.035814
0.035368
0.034852
0.040065
0.037704
0.035766
0.034489
0.037812
0.039898
0.036621
0.037681
0.037113
0.037132
0.041294
0.039781
0.036293
0.035591
0.036225
0.036309
0.041234
0.038356
0.036652
0.036726
0.0365
0.042786
0.040179
0.040185
0.039243
0.038312
0.038095
0.04246
0.039082
0.038007
0.03847
0.037556
0.037909
0.043549
0.038418
0.039596
0.039215
0.038881
0.037861
0.043608
0.039827
0.038418
0.039377
0.040151
0.037041
0.043803
0.041415
0.038238
0.039491
0.037914
0.03917
0.038577
0.037689
0.040502
0.037438
0.037932
0.039489
0.037138
0.036765
0.042104
0.038715
0.038252
0.036462
0.037301
0.035243
0.036839
0.041374
0.038321
0.03852
0.037512
0.03712
0.037831
0.037582
0.041481
0.039317
0.037759
0.038095
0.0398
0.039745
0.040835
0.03901
0.036816
0.038215
0.038126
0.036039
0.034979
0.036339
0.041579
0.036787
0.035141
0.035747
0.035505
0.035011
0.039397
0.036774
0.03609
0.036366
0.036388
0.035977
0.042943
0.038647
0.038018
0.037723
0.037937
0.036193
0.041928
0.039142
0.039063
0.037003
0.038646
0.036259
0.039056
0.038912
0.040123
0.037199
0.038556
0.0376
0.037499
0.03688
0.043859
0.037562
0.03828
0.035803
0.0356
0.035307
0.035573
0.040333
0.037918
0.035291
0.035702
0.035162
0.034931
0.039033
0.035845
0.034481
0.033097
0.040188
0.03175
0.038335
0.035735
0.032683
0.031406
0.030554
0.031278
0.031272
0.034101
0.030088
0.030533
0.031627
0.040637
0.034035
0.03456
0.034344
0.033529
0.033311
0.033041
0.032309
0.031127
0.032189
0.031548
0.031374
0.032148
0.032393
0.033605
0.039367
0.035176
0.03409
0.033928
0.032823
0.032537
0.031646
0.031233
0.034533
0.031876
0.031557
0.031379
0.030311
0.03214
0.03104
0.031311
0.030955
0.030847
0.031135
0.030888
0.031337
0.031276
0.032348
0.031581
0.030433
0.03511
0.033049
0.031934
0.032634
0.032011
0.033684
0.03165
0.035035
0.03282
0.032034
0.031759
0.031578
0.032196
0.037419
0.033552
0.031756
0.03262
0.032607
0.032914
0.031807
0.032201
0.031636
0.032685
0.032515
0.03244
0.033164
0.033962
0.033214
0.032945
0.036873
0.037808
0.036211
0.036705
0.035478
0.036979
0.035647
0.039809
0.038193
0.038844
0.038232
0.037502
0.037709
0.039236
0.038616
0.038422
0.038201
0.040413
0.038948
0.040497
0.039778
0.040582
0.039469
0.03913
0.036976
0.037037
0.036218
0.035573
0.037119
0.038054
0.036228
0.037782
0.037422
0.036872
0.040602
0.03652
0.035796
0.034373
0.033396
0.034636
0.033976
0.032787
0.031797
0.031569
0.031601
0.029733
0.02945
0.028523
0.028598
0.028601
0.028027
0.02752
0.028974
0.027071
0.026207
0.028178
0.028326
0.038135
0.031221
0.030787
0.030601
0.030472
0.031251
0.032511
0.030132
0.030995
0.030176
0.029192
0.030328
0.028252
0.027554
0.029747
0.026722
0.027576
0.028412
0.029129
0.031505
0.029334
0.028939
0.029609
0.029329
0.029953
0.031363
0.029809
0.029286
0.033509
0.030745
0.030945
0.03698
0.034884
0.034599
0.033057
0.032538
0.032528
0.031311
0.031941
0.031545
0.031763
0.031952
0.030446
0.032826
0.031475
0.041524
0.035557
0.034719
0.034928
0.034939
0.034789
0.034395
0.033111
0.033046
0.033022
0.03371
0.033345
0.039702
0.036445
0.034999
0.033234
0.032577
0.038932
0.034384
0.034173
0.032806
0.032204
0.032992
0.031072
0.032421
0.034653
0.032333
0.03194
0.030921
0.031848
0.036817
0.03236
0.031211
0.030342
0.02997
0.029296
0.029306
0.029738
0.031616
0.028763
0.028067
0.028032
0.028362
0.033467
0.029081
0.028974
0.032807
0.032662
0.032053
0.030245
0.031106
0.03215
0.031213
0.030576
0.032572
0.031894
0.031646
0.039332
0.034527
0.033786
0.033512
0.033025
0.031972
0.031825
0.03506
0.032673
0.032036
0.038224
0.035311
0.033596
0.03299
0.033096
0.032454
0.031088
0.031841
0.033571
0.032065
0.030951
0.028387
0.030196
0.030166
0.034732
0.029417
0.02951
0.029193
0.029975
0.02852
0.026853
0.029149
0.029607
0.025904
0.026748
0.027444
0.026222
0.034326
0.02967
0.027937
0.027504
0.027268
0.027045
0.027956
0.028529
0.029157
0.030901
0.030618
0.035844
0.035156
0.03397
0.033605
0.032387
0.032326
0.032435
0.03205
0.034025
0.032446
0.032472
0.033175
0.033828
0.043908
0.038477
0.039189
0.038551
0.038852
0.038037
0.035974
0.035085
0.034332
0.034606
0.03553
0.034731
0.035961
0.035942
0.035725
0.035413
0.036309
0.035181
0.041334
0.038337
0.038067
0.03615
0.034235
0.034745
0.034379
0.037777
0.034433
0.033363
0.032647
0.031775
0.032487
0.032147
0.032228
0.031314
0.031288
0.031266
0.031284
0.036047
0.032458
0.032221
0.030864
0.0303
0.029606
0.028418
0.031596
0.028775
0.030263
0.027223
0.029009
0.027911
0.026958
0.032083
0.027523
0.033582
0.029181
0.036552
0.033093
0.029691
0.028672
0.028071
0.028159
0.026208
0.030391
0.028341
0.028511
0.028599
0.027621
0.027524
0.027572
0.028128
0.027056
0.031679
0.029849
0.028522
0.028925
0.030122
0.0292
0.030364
0.029815
0.029165
0.030364
0.030538
0.031738
0.030994
0.030519
0.030751
0.030989
0.032215
0.032128
0.033081
0.033646
0.034002
0.033488
0.033471
0.032954
0.033015
0.032843
0.031278
0.03228
0.032858
0.032457
0.03243
0.031362
0.032534
0.03141
0.032844
0.034869
0.034556
0.032655
0.03266
0.033654
0.032643
0.033486
0.033684
0.033275
0.033302
0.03232
0.031785
0.03108
0.033091
0.034337
0.034259
0.033665
0.031883
0.033083
0.032262
0.032192
0.033026
0.032147
0.032765
0.032618
0.031987
0.040223
0.033621
0.033356
0.032921
0.033006
0.03342
0.031262
0.03122
0.032863
0.032245
0.031634
0.031656
0.031272
0.031656
0.03446
0.033221
0.033274
0.033313
0.032642
0.033174
0.033419
0.032887
0.032727
0.035483
0.034683
0.034338
0.036394
0.035151
0.035117
0.034677
0.034218
0.037284
0.036959
0.035458
0.03622
0.041099
0.037437
0.042577
0.039318
0.037622
0.039695
0.037266
0.036445
0.043044
0.03929
0.038386
0.037516
0.038844
0.035918
0.038381
0.041784
0.038404
0.037779
0.038671
0.036678
0.036914
0.041471
0.039132
0.037207
0.036903
0.035928
0.036234
0.036178
0.040434
0.036005
0.035161
0.035372
0.0342
0.042053
0.036173
0.036053
0.034896
0.034839
0.039399
0.036323
0.034563
0.034668
0.036526
0.037507
0.036626
0.035813
0.033484
0.035024
0.038465
0.037379
0.035877
0.034111
0.04097
0.037216
0.038156
0.036583
0.036508
0.036778
0.041481
0.038692
0.037871
0.036865
0.037279
0.043455
0.04067
0.038582
0.038217
0.036718
0.036395
0.040993
0.036659
0.035007
0.034423
0.033917
0.033695
0.033612
0.036584
0.031661
0.033227
0.033843
0.03414
0.0337
0.040297
0.041945
0.036879
0.037001
0.036633
0.035031
0.034374
0.036128
0.03489
0.034015
0.035916
0.033202
0.033744
0.032949
0.034529
0.033872
0.036667
0.032946
0.032652
0.038538
0.033533
0.034864
0.033572
0.032298
0.031359
0.032499
0.032589
0.030895
0.031748
0.033022
0.03774
0.036077
0.033398
0.032357
0.033374
0.032108
0.033516
0.032243
0.037639
0.035446
0.035166
0.033132
0.033377
0.033381
0.033402
0.033331
0.032949
0.033312
0.031583
0.038587
0.034205
0.034587
0.032768
0.032669
0.031659
0.031302
0.030994
0.032063
0.031478
0.032443
0.032397
0.033086
0.042013
0.03648
0.035995
0.034556
0.035918
0.03536
0.035418
0.035945
0.035828
0.033839
0.035073
0.034762
0.03512
0.03511
0.034676
0.034925
0.035647
0.034914
0.035574
0.04206
0.037868
0.037313
0.036146
0.037185
0.036283
0.035888
0.036003
0.035998
0.039561
0.036702
0.035897
0.037688
0.038965
0.038286
0.038742
0.038028
0.038035
0.043777
0.040145
0.037347
0.039401
0.036859
0.037637
0.042969
0.041139
0.040783
0.041344
0.041316
0.040893
0.044395
0.04291
0.039853
0.0392
0.039995
0.046451
0.040899
0.040791
0.039658
0.039842
0.041983
0.040874
0.046361
0.040538
0.040998
0.040412
0.041175
0.043069
0.048358
0.042815
0.04423
0.043378
0.042354
0.042047
0.043284
0.042761
0.044974
0.044496
0.043051
0.042722
0.042758
0.043983
0.044297
0.047828
0.044669
0.043372
0.045762
0.047965
0.046912
0.05147
0.049084
0.048228
0.047725
0.04821
0.045399
0.047218
0.046515
0.046328
0.045985
0.046133
0.047236
0.049093
0.046354
0.045178
0.045478
0.045373
0.043808
0.048648
0.045261
0.047108
0.044973
0.047386
0.045525
0.045578
0.044351
0.046126
0.047117
0.049185
0.044911
0.046501
0.044998
0.045421
0.042229
0.045633
0.042652
0.043044
0.042267
0.040364
0.040436
0.039821
0.040484
0.042516
0.042398
0.037849
0.038237
0.037805
0.044584
0.038892
0.03894
0.040419
0.039662
0.039971
0.038694
0.03841
0.040705
0.046316
0.045153
0.042217
0.044962
0.042722
0.040161
0.040394
0.044952
0.039908
0.039772
0.040618
0.041066
0.039943
0.038657
0.038983
0.037583
0.040358
0.041991
0.042648
0.040542
0.040818
0.040677
0.045491
0.040858
0.041438
0.0411
0.03896
0.040534
0.040532
0.043739
0.04193
0.041255
0.041423
0.03993
0.040491
0.039203
0.045088
0.04033
0.039539
0.040178
0.039071
0.047712
0.043434
0.040984
0.041017
0.041595
0.042462
0.039357
0.046185
0.039603
0.041262
0.040345
0.040219
0.047151
0.044732
0.040678
0.042274
0.040949
0.045697
0.042027
0.041827
0.039236
0.039999
0.038573
0.043129
0.041496
0.039534
0.038405
0.039897
0.039413
0.0458
0.04174
0.042737
0.039715
0.04128
0.046522
0.043008
0.040732
0.039691
0.039078
0.044171
0.039227
0.038845
0.039754
0.040192
0.039786
0.039236
0.037394
0.046845
0.041445
0.041083
0.041658
0.040786
0.038367
0.03874
0.040797
0.038554
0.039395
0.04115
0.047934
0.042621
0.04029
0.040752
0.03993
0.039289
0.038089
0.037927
0.040234
0.037902
0.040426
0.036168
0.041013
0.039263
0.038325
0.040912
0.04605
0.041593
0.04049
0.038686
0.039099
0.038985
0.043266
0.038899
0.037985
0.038335
0.036454
0.037588
0.038216
0.038169
0.049002
0.041192
0.04022
0.040758
0.039759
0.038886
0.039724
0.041151
0.038879
0.037487
0.037659
0.03916
0.038363
0.03954
0.046196
0.042491
0.041156
0.041223
0.040465
0.040048
0.038234
0.038317
0.040495
0.038889
0.037506
0.036878
0.039076
0.03877
0.038988
0.047085
0.041429
0.041237
0.040941
0.038794
0.037945
0.03723
0.038138
0.037459
0.039565
0.041644
0.040088
0.039043
0.039351
0.039805
0.042972
0.038736
0.03753
0.037535
0.036685
0.03427
0.035062
0.038783
0.038963
0.037351
0.036145
0.035112
0.037098
0.041186
0.037599
0.036467
0.034341
0.035667
0.035618
0.034843
0.039415
0.038475
0.036962
0.035707
0.034795
0.036731
0.036074
0.039714
0.039564
0.04006
0.038484
0.037534
0.040082
0.042712
0.038022
0.039124
0.03907
0.039089
0.036577
0.035653
0.035348
0.040437
0.037153
0.036251
0.037742
0.038011
0.03613
0.037999
0.037373
0.04038
0.038058
0.038737
0.035348
0.037901
0.036039
0.039424
0.034477
0.040147
0.036971
0.037392
0.036302
0.036026
0.036544
0.0346
0.03865
0.036422
0.035761
0.035269
0.036037
0.036286
0.036363
0.040962
0.038527
0.038517
0.03799
0.038835
0.039019
0.038766
0.038004
0.037721
0.039625
0.039051
0.037644
0.0389
0.038745
0.037276
0.036908
0.040542
0.038986
0.038964
0.036629
0.037513
0.038293
0.037428
0.036995
0.038532
0.037438
0.036699
0.035091
0.036925
0.035389
0.034851
0.03495
0.037862
0.035648
0.035728
0.035711
0.035968
0.036106
0.036017
0.035333
0.035364
0.035433
0.034719
0.03568
0.036332
0.035813
0.035163
0.034129
0.034925
0.037693
0.03466
0.034168
0.034016
0.033418
0.034125
0.034169
0.034428
0.036699
0.034288
0.034616
0.03474
0.034095
0.034296
0.039645
0.035817
0.035021
0.034471
0.033828
0.034233
0.038409
0.036187
0.034912
0.035082
0.034656
0.033995
0.039529
0.036412
0.035813
0.035261
0.034678
0.03508
0.040935
0.037864
0.035674
0.035703
0.034692
0.034808
0.040472
0.037045
0.035834
0.034679
0.034517
0.033652
0.034245
0.033834
0.036514
0.034452
0.034975
0.033377
0.035001
0.034256
0.034266
0.03871
0.035141
0.032756
0.032892
0.031902
0.039006
0.034255
0.032314
0.031608
0.031383
0.031179
0.038203
0.03282
0.034906
0.033568
0.033184
0.033603
0.039366
0.035713
0.033793
0.03354
0.032265
0.033009
0.037685
0.034403
0.032988
0.032193
0.032165
0.03807
0.034863
0.033399
0.032634
0.033204
0.032458
0.032299
0.037472
0.035099
0.033272
0.035249
0.032161
0.034051
0.032642
0.038868
0.035069
0.032986
0.031632
0.031494
0.033907
0.03751
0.032176
0.032473
0.032546
0.030843
0.033898
0.035929
0.033228
0.031171
0.03289
0.033262
0.033316
0.032617
0.036604
0.032975
0.033475
0.031834
0.031509
0.03123
0.03464
0.04022
0.036051
0.032582
0.033146
0.039945
0.033809
0.032272
0.040952
0.03299
0.034237
0.031909
0.032389
0.031972
0.030944
0.031898
0.03127
0.03654
0.032516
0.032925
0.034104
0.032798
0.032514
0.033009
0.032831
0.033087
0.032494
0.03348
0.034339
0.033123
0.035393
0.033765
0.033352
0.033797
0.032293
0.03361
0.032809
0.03264
0.033928
0.033752
0.034656
0.034965
0.034469
0.034296
0.033663
0.034382
0.032991
0.033865
0.033132
0.033491
0.03303
0.034187
0.034934
0.035587
0.03494
0.034603
0.033971
0.03399
0.034056
0.034451
0.033461
0.032636
0.033029
0.033107
0.032457
0.031807
0.033931
0.033835
0.033498
0.033381
0.032879
0.033084
0.034201
0.033038
0.033037
0.033023
0.032797
0.033469
0.03121
0.032241
0.031856
0.032879
0.033941
0.032622
0.032719
0.031963
0.032307
0.033011
0.032184
0.033476
0.033072
0.032377
0.03338
0.032814
0.031518
0.031632
0.031144
0.031979
0.033277
0.032001
0.030724
0.033468
0.03373
0.032323
0.031226
0.031776
0.034327
0.032757
0.031803
0.03287
0.033552
0.033366
0.033072
0.037346
0.034124
0.032796
0.032491
0.032186
0.031983
0.032517
0.035726
0.032837
0.031925
0.032097
0.031272
0.032657
0.032592
0.034968
0.0332
0.031213
0.032731
0.034451
0.031179
0.03019
0.037104
0.031099
0.032625
0.030235
0.03022
0.030691
0.030832
0.031653
0.031597
0.039848
0.030601
0.03119
0.031646
0.033847
0.031489
0.030913
0.031031
0.030865
0.032259
0.03043
0.033301
0.032297
0.03124
0.030503
0.031137
0.031814
0.03125
0.034601
0.032917
0.031336
0.030661
0.030744
0.031729
0.036055
0.032929
0.032359
0.033347
0.035516
0.032401
0.034375
0.035424
0.034998
0.033836
0.03433
0.033703
0.034977
0.032544
0.034153
0.035328
0.034487
0.035835
0.032713
0.03387
0.033158
0.037773
0.035939
0.038586
0.037345
0.03344
0.032386
0.03358
0.037125
0.036453
0.032484
0.035996
0.032412
0.031988
0.03351
0.033266
0.036251
0.033358
0.032297
0.033365
0.031352
0.031717
0.039239
0.033604
0.032163
0.031022
0.031599
0.031211
0.031984
0.034453
0.033459
0.030735
0.031816
0.030223
0.032213
0.036483
0.032362
0.033284
0.032223
0.032054
0.031823
0.031623
0.031137
0.031113
0.030823
0.031273
0.031341
0.037838
0.032375
0.03194
0.036186
0.032665
0.031648
0.031735
0.031162
0.030308
0.031062
0.030833
0.032899
0.031589
0.031169
0.031255
0.032308
0.031997
0.0301
0.033968
0.033592
0.031777
0.031708
0.031744
0.032184
0.031581
0.034014
0.031733
0.032843
0.030322
0.031059
0.033538
0.035989
0.03424
0.032834
0.038713
0.031741
0.034368
0.031605
0.032275
0.031879
0.032445
0.032781
0.032961
0.0341
0.034639
0.033183
0.032935
0.033357
0.036654
0.035028
0.034939
0.035836
0.03432
0.035366
0.034307
0.038271
0.034709
0.035082
0.034847
0.034253
0.035752
0.035229
0.038777
0.036657
0.037163
0.036418
0.037272
0.037696
0.035709
0.035204
0.03497
0.034852
0.035678
0.035506
0.035978
0.035194
0.037014
0.036133
0.04002
0.038382
0.037641
0.036803
0.034831
0.034197
0.035889
0.036011
0.034794
0.037254
0.039139
0.037374
0.037659
0.03547
0.039379
0.043347
0.035358
0.036911
0.03694
0.034098
0.034979
0.037292
0.040112
0.035835
0.038363
0.035141
0.034479
0.034586
0.035422
0.03902
0.041524
0.04039
0.036862
0.035789
0.035291
0.036062
0.036939
0.035211
0.037187
0.039388
0.036041
0.036584
0.037544
0.03723
0.036616
0.04069
0.03764
0.037152
0.036184
0.040185
0.035843
0.035483
0.035282
0.035404
0.036805
0.037108
0.036828
0.036598
0.037282
0.036809
0.036492
0.035379
0.035027
0.042027
0.036852
0.036437
0.037959
0.0381
0.035458
0.035914
0.034795
0.03531
0.037422
0.035657
0.035335
0.034469
0.035776
0.034798
0.038057
0.03579
0.038566
0.038245
0.038729
0.03731
0.037474
0.036765
0.03624
0.039877
0.038172
0.040956
0.036268
0.038228
0.038264
0.037774
0.036183
0.041813
0.038582
0.037056
0.040122
0.038228
0.037627
0.0368
0.03645
0.035927
0.040909
0.038759
0.039743
0.038042
0.03948
0.038282
0.041158
0.039226
0.042989
0.038147
0.038587
0.037909
0.042005
0.039029
0.039684
0.03804
0.041336
0.037953
0.038547
0.039548
0.040317
0.039391
0.039613
0.040249
0.039541
0.038904
0.038956
0.038398
0.038566
0.039716
0.03875
0.040014
0.039726
0.039158
0.040637
0.043809
0.039848
0.039503
0.041636
0.039096
0.039819
0.041189
0.044272
0.040826
0.041593
0.038352
0.044091
0.041603
0.042191
0.040815
0.042643
0.042231
0.043316
0.042135
0.044013
0.04151
0.04304
0.046001
0.043767
0.042569
0.043621
0.042379
0.043287
0.042843
0.043242
0.045863
0.046157
0.045222
0.04563
0.043861
0.044298
0.04482
0.049183
0.046675
0.045507
0.04493
0.045415
0.046468
0.045096
0.044913
0.043919
0.045408
0.045717
0.046997
0.047878
0.048172
0.047714
0.047933
0.046812
0.045442
0.047656
0.047487
0.046601
0.046973
0.047926
0.046395
0.046014
0.04444
0.048998
0.047806
0.046927
0.04444
0.046743
0.045239
0.045201
0.051489
0.046514
0.044028
0.044546
0.045231
0.042282
0.041433
0.044744
0.042705
0.040462
0.042042
0.039539
0.037748
0.039736
0.044048
0.038432
0.045265
0.040438
0.038384
0.04152
0.045954
0.043752
0.041901
0.041675
0.041787
0.041976
0.042713
0.042947
0.04314
0.04434
0.043014
0.043555
0.043336
0.041428
0.047195
0.042961
0.042099
0.043941
0.04407
0.040116
0.039172
0.041028
0.045032
0.043233
0.041962
0.041086
0.04037
0.041124
0.041206
0.045127
0.042719
0.04268
0.042768
0.041305
0.042113
0.048323
0.042648
0.042309
0.041404
0.04243
0.039739
0.03975
0.04537
0.044033
0.042351
0.041518
0.040121
0.041796
0.046067
0.042343
0.040938
0.042072
0.040064
0.03903
0.045365
0.040856
0.04091
0.041604
0.039212
0.046741
0.041555
0.042039
0.040282
0.038749
0.03747
0.044998
0.039718
0.039991
0.037898
0.044051
0.039842
0.042926
0.040757
0.041582
0.040546
0.043998
0.042317
0.038915
0.041191
0.037259
0.043533
0.041359
0.039749
0.03729
0.043995
0.040437
0.039789
0.03999
0.039022
0.038073
0.038672
0.040738
0.040569
0.040446
0.037703
0.046172
0.040991
0.039414
0.03936
0.039112
0.043123
0.039637
0.038597
0.039004
0.036082
0.042879
0.040391
0.039732
0.038217
0.03946
0.038517
0.038409
0.041974
0.041332
0.039075
0.038406
0.03859
0.046481
0.045483
0.044572
0.042813
0.041518
0.042324
0.040484
0.044433
0.037533
0.039617
0.036564
0.039455
0.038503
0.043207
0.03914
0.038393
0.038475
0.038383
0.04311
0.040982
0.038359
0.040126
0.040605
0.039416
0.038511
0.037677
0.038359
0.039801
0.040774
0.038902
0.0411
0.047794
0.043179
0.041984
0.04079
0.040865
0.040538
0.038607
0.037506
0.0385
0.039564
0.039155
0.040347
0.043365
0.039429
0.044296
0.043472
0.039502
0.040178
0.038774
0.039377
0.034847
0.035785
0.040052
0.040995
0.038321
0.036644
0.037132
0.041518
0.036959
0.044984
0.037435
0.037493
0.036652
0.0363
0.038072
0.042504
0.036932
0.037007
0.037323
0.036854
0.035735
0.036146
0.035587
0.039555
0.03715
0.036521
0.035684
0.039409
0.037615
0.042468
0.036782
0.035341
0.035509
0.035697
0.035142
0.036997
0.03667
0.039771
0.037731
0.038833
0.036524
0.038586
0.036887
0.042408
0.038452
0.037745
0.037212
0.038458
0.037916
0.037693
0.036358
0.038701
0.036991
0.037059
0.037308
0.03965
0.037055
0.038481
0.041365
0.040587
0.036934
0.036089
0.035318
0.034746
0.035587
0.035391
0.034826
0.034087
0.03679
0.036938
0.036516
0.036935
0.036495
0.040862
0.037147
0.037725
0.036614
0.035604
0.034655
0.03421
0.03563
0.038331
0.036912
0.036632
0.036394
0.036792
0.03589
0.042312
0.03893
0.039526
0.037848
0.038704
0.038628
0.039033
0.039408
0.039258
0.03915
0.038114
0.039066
0.039278
0.039002
0.039943
0.041457
0.042747
0.040747
0.038737
0.039979
0.040229
0.038077
0.039438
0.03901
0.039287
0.038504
0.039717
0.037176
0.039203
0.037329
0.038382
0.036363
0.035105
0.038475
0.038135
0.036738
0.037516
0.03553
0.036926
0.038281
0.039819
0.035121
0.034793
0.035979
0.034737
0.035219
0.035397
0.033974
0.03323
0.037848
0.036729
0.034424
0.04258
0.035932
0.033945
0.035289
0.033745
0.036739
0.034487
0.034883
0.034098
0.034505
0.039119
0.036294
0.035242
0.035191
0.034712
0.034308
0.038443
0.03646
0.035553
0.035956
0.035879
0.036225
0.036398
0.041898
0.038447
0.03685
0.035181
0.0351
0.044439
0.037554
0.03683
0.035732
0.034699
0.034588
0.033758
0.034777
0.036302
0.033624
0.035163
0.033964
0.03687
0.033751
0.04879
0.037779
0.035135
0.036049
0.033446
0.037074
0.032676
0.033543
0.032185
0.030905
0.030539
0.03224
0.031552
0.033687
0.033227
0.032409
0.032208
0.03733
0.034508
0.033775
0.032868
0.032218
0.031832
0.031981
0.032007
0.03067
0.03283
0.031418
0.031303
0.031577
0.040442
0.035986
0.03511
0.034395
0.03429
0.033908
0.033177
0.032046
0.031158
0.032708
0.032056
0.032025
0.031772
0.032449
0.031658
0.032298
0.031477
0.037392
0.033759
0.033101
0.032365
0.032522
0.032387
0.031692
0.035586
0.032301
0.032904
0.032732
0.035847
0.032327
0.031556
0.03705
0.032949
0.031804
0.036932
0.037274
0.036448
0.033893
0.033131
0.032009
0.031154
0.030077
0.033357
0.030921
0.030613
0.029564
0.033121
0.030802
0.034061
0.039356
0.03337
0.0326
0.031839
0.031329
0.031192
0.031206
0.03031
0.031144
0.033514
0.033614
0.029642
0.036723
0.031113
0.032515
0.030263
0.040128
0.030839
0.034891
0.028948
0.034496
0.035068
0.03671
0.030966
0.036382
0.030525
0.033385
0.030548
0.039976
0.032724
0.035987
0.03305
0.032347
0.033166
0.036739
0.035034
0.033556
0.03272
0.0339
0.034182
0.034554
0.03486
0.034803
0.039918
0.035361
0.034086
0.034791
0.032433
0.033267
0.033137
0.036371
0.033623
0.033456
0.034362
0.033521
0.035203
0.03387
0.034298
0.035862
0.032034
0.03185
0.031598
0.032934
0.037517
0.031796
0.031497
0.030664
0.030982
0.030612
0.030379
0.03095
0.03024
0.032111
0.030562
0.028776
0.03092
0.029629
0.028632
0.03303
0.028802
0.028361
0.028097
0.027492
0.026948
0.028463
0.030431
0.028058
0.027194
0.02689
0.026624
0.027527
0.027037
0.029126
0.033694
0.027139
0.029427
0.026583
0.027389
0.027159
0.026089
0.029383
0.027342
0.026268
0.026559
0.026816
0.026277
0.030002
0.0275
0.02676
0.026967
0.026229
0.026838
0.030604
0.027367
0.027366
0.026173
0.025568
0.026152
0.029321
0.025654
0.026222
0.026044
0.025651
0.025029
0.030202
0.025981
0.024498
0.021806
0.025172
0.022305
0.021654
0.021484
0.021529
0.022908
0.022639
0.024132
0.030037
0.028468
0.029542
0.028867
0.028741
0.028336
0.027953
0.027031
0.028275
0.027318
0.026689
0.027248
0.029808
0.02852
0.028677
0.028489
0.028046
0.026928
0.027241
0.026627
0.026839
0.031037
0.025587
0.024627
0.023628
0.025121
0.024183
0.024005
0.026103
0.03174
0.027994
0.028439
0.029813
0.027396
0.026031
0.026809
0.025739
0.026059
0.02709
0.027479
0.031398
0.029867
0.027588
0.027226
0.027327
0.026487
0.031321
0.029432
0.028727
0.027777
0.028189
0.030746
0.028247
0.029858
0.026974
0.028739
0.027517
0.026014
0.027087
0.030522
0.028204
0.027443
0.028082
0.027111
0.027044
0.028665
0.032263
0.029505
0.030172
0.028812
0.034856
0.032522
0.031669
0.031898
0.031062
0.030414
0.032736
0.029912
0.03117
0.029907
0.033086
0.031776
0.031342
0.030744
0.031399
0.031252
0.033783
0.033218
0.032821
0.031929
0.031738
0.031612
0.035431
0.030692
0.031035
0.031051
0.030404
0.028291
0.03248
0.029936
0.028616
0.029229
0.027235
0.027895
0.031123
0.028892
0.027199
0.026623
0.027388
0.026722
0.029738
0.026155
0.02675
0.024598
0.025151
0.024895
0.031313
0.02603
0.02553
0.024558
0.026323
0.024263
0.026567
0.027951
0.025902
0.025155
0.025149
0.023051
0.025275
0.024927
0.027047
0.027959
0.026154
0.026192
0.031375
0.028213
0.026158
0.027973
0.028395
0.027534
0.031616
0.028984
0.028463
0.026026
0.028352
0.027225
0.025074
0.025345
0.024238
0.025839
0.032004
0.032287
0.028397
0.030912
0.028828
0.029608
0.037806
0.03392
0.030539
0.030548
0.029896
0.029313
0.028438
0.028158
0.030465
0.028551
0.030235
0.030372
0.029965
0.02789
0.03428
0.03105
0.029559
0.030809
0.030366
0.030908
0.029333
0.031296
0.032929
0.032621
0.032169
0.03143
0.031557
0.036002
0.034324
0.033189
0.031908
0.032082
0.03067
0.03079
0.031065
0.029869
0.030218
0.029722
0.030098
0.029305
0.030842
0.031305
0.032073
0.032094
0.031282
0.032345
0.032973
0.032839
0.033215
0.032618
0.033828
0.035302
0.032149
0.032966
0.042585
0.037237
0.036614
0.038286
0.036193
0.038779
0.034912
0.035338
0.035124
0.037007
0.033839
0.036256
0.034156
0.035978
0.035449
0.039071
0.03619
0.0326
0.034318
0.034455
0.034922
0.033036
0.033157
0.033948
0.034064
0.033425
0.035843
0.032501
0.033556
0.033595
0.033096
0.035038
0.033941
0.03187
0.034112
0.033473
0.034159
0.033885
0.033607
0.031752
0.032345
0.03392
0.033911
0.033442
0.034275
0.031946
0.033627
0.032479
0.033891
0.031789
0.034189
0.031692
0.031705
0.032067
0.031374
0.031981
0.033977
0.031447
0.03322
0.031633
0.031718
0.033369
0.033871
0.032887
0.033219
0.033412
0.033081
0.033339
0.032832
0.031548
0.032913
0.03235
0.0328
0.033033
0.033659
0.033333
0.033444
0.03375
0.033049
0.032985
0.032372
0.032169
0.034258
0.032926
0.03267
0.032348
0.033476
0.034092
0.03295
0.033503
0.03267
0.03289
0.032698
0.032465
0.032272
0.032555
0.032413
0.032706
