0.027369
0.107453
0.11936
0.116561
0.119529
0.11588
0.126046
0.12203
0.116812
0.112167
0.113419
0.121426
0.120409
0.122053
0.12632
0.123783
0.120449
0.115206
0.120243
0.114238
0.109134
0.117418
0.105636
0.112974
0.119151
0.112752
0.110064
0.119687
0.109012
0.116183
0.114487
0.110057
0.114396
0.115431
0.11508
0.113921
0.110591
0.123264
0.123855
0.125
0.123883
0.114058
0.125559
0.115888
0.117877
0.125129
0.126823
0.116186
0.127358
0.129745
0.121813
0.132586
0.11959
0.119771
0.122004
0.120445
0.122587
0.121007
0.127638
0.131429
0.128616
0.132523
0.131791
0.122297
0.121435
0.121315
0.133645
0.122089
0.125252
0.127093
0.12106
0.124703
0.120634
0.122349
0.118572
0.123065
0.122021
0.115172
0.120687
0.147059
0.148052
0.14767
0.144592
0.14498
0.144411
0.14476
0.142025
0.141727
0.139282
0.136634
0.133048
0.139191
0.137566
0.138519
0.136804
0.139832
0.136447
0.137839
0.139556
0.136808
0.138933
0.137455
0.13665
0.138395
0.132329
0.131163
0.136157
0.140985
0.141233
0.134701
0.139391
0.137578
0.14062
0.14283
0.137368
0.132324
0.14061
0.135184
0.135643
0.135064
0.135681
0.131647
0.13006
0.130515
0.127964
0.129922
0.128557
0.128039
0.134075
0.138764
0.13251
0.140891
0.129827
0.127482
0.128498
0.127977
0.128233
0.124474
0.123886
0.124278
0.125143
0.12464
0.122371
0.125174
0.123065
0.130199
0.132876
0.130905
0.131202
0.130536
0.131566
0.130872
0.12994
0.127881
0.125802
0.124027
0.127946
0.124292
0.12377
0.124575
0.121642
0.121285
0.121428
0.112721
0.119411
0.119766
0.120999
0.117777
0.123687
0.121402
0.1256
0.121447
0.124401
0.125767
0.122582
0.116357
0.114909
0.114257
0.117772
0.117102
0.116616
0.111514
0.119822
0.123092
0.120498
0.120122
0.117265
0.124478
0.121953
0.118741
0.122977
0.120688
0.118647
0.13734
0.123635
0.129067
0.129809
0.129929
0.135641
0.131902
0.130499
0.134722
0.131191
0.12885
0.132826
0.129181
0.129836
0.129933
0.130595
0.131912
0.126162
0.130211
0.126352
0.127871
0.131526
0.136858
0.132329
0.134325
0.133216
0.137152
0.136441
0.136889
0.132377
0.129477
0.127503
0.127562
0.131981
0.129708
0.125117
0.126597
0.120401
0.121579
0.114825
0.110458
0.113451
0.111606
0.130305
0.121308
0.121147
0.117331
0.117871
0.118894
0.11292
0.117916
0.116819
0.121237
0.12712
0.118241
0.12739
0.127367
0.127289
0.12389
0.122739
0.127051
0.124528
0.124109
0.11911
0.116773
0.117471
0.114056
0.109431
0.111063
0.105795
0.100908
0.102524
0.112069
0.111133
0.11303
0.114583
0.119904
0.122824
0.118126
0.115425
0.114736
0.12161
0.120263
0.121414
0.121539
0.11333
0.11777
0.11719
0.120003
0.115351
0.112611
0.108723
0.107351
0.106264
0.113051
0.108828
0.114041
0.116845
0.109783
0.109523
0.115105
0.106117
0.108953
0.106241
0.105938
0.105961
0.103401
0.103218
0.104174
0.102928
0.103003
0.10226
0.10516
0.108477
0.118891
0.109506
0.107424
0.108598
0.103781
0.109675
0.110093
0.105984
0.101638
0.099449
0.103641
0.103913
0.103274
0.107376
0.100495
0.103381
0.105455
0.102963
0.107744
0.101699
0.104848
0.115749
0.104185
0.104691
0.104709
0.102987
0.09335
0.093761
0.099768
0.100247
0.097365
0.09559
0.098192
0.094441
0.094027
0.094548
0.106945
0.096233
0.094495
0.089272
0.091575
0.085983
0.089363
0.08966
0.090669
0.084474
0.086143
0.083919
0.085061
0.085957
0.084586
0.083933
0.082811
0.081169
0.077982
0.086944
0.079481
0.081345
0.080772
0.075947
0.075924
0.076206
0.073153
0.073887
0.075167
0.078188
0.075798
0.073552
0.072145
0.073742
0.06721
0.068583
0.0698
0.077534
0.068054
0.067612
0.06467
0.065894
0.064859
0.066352
0.065482
0.073649
0.073836
0.073358
0.069934
0.068794
0.065851
0.077729
0.069773
0.073998
0.07026
0.069321
0.066921
0.070894
0.072556
0.072993
0.068572
0.069092
0.064823
0.068161
0.073513
0.069855
0.067079
0.066364
0.065736
0.067213
0.064389
0.060508
0.065365
0.058474
0.064414
0.063108
0.063481
0.062049
0.071162
0.063161
0.064928
0.065305
0.063404
0.061536
0.064514
0.063983
0.060633
0.064672
0.070384
0.068132
0.067256
0.065377
0.064708
0.062875
0.064537
0.066447
0.066152
0.066493
0.064147
0.066767
0.073305
0.06926
0.070213
0.071075
0.0693
0.06818
0.067349
0.07462
0.070216
0.06757
0.069808
0.069217
0.079833
0.072733
0.0758
0.074364
0.073681
0.070488
0.071762
0.079248
0.074974
0.074113
0.073751
0.072121
0.074775
0.081237
0.077997
0.07715
0.076418
0.078035
0.079943
0.078871
0.080635
0.083587
0.078042
0.081116
0.07542
0.079618
0.07699
0.085867
0.082655
0.081593
0.080096
0.077004
0.082386
0.079879
0.088469
0.084614
0.079143
0.076991
0.090543
0.085865
0.085021
0.087069
0.083123
0.082693
0.085397
0.078892
0.081221
0.085212
0.083831
0.092377
0.090473
0.094557
0.092648
0.087698
0.097314
0.095318
0.098502
0.08917
0.09574
0.093039
0.097214
0.094422
0.09089
0.088611
0.088985
0.090884
0.092501
0.091648
0.096377
0.09398
0.093201
0.093994
0.100533
0.096825
0.098844
0.096692
0.098853
0.101149
0.105429
0.097174
0.099358
0.098025
0.094916
0.091947
0.097478
0.097259
0.098272
0.096913
0.098527
0.095943
0.100398
0.099673
0.098306
0.099218
0.100044
0.09468
0.101723
0.102844
0.10455
0.105031
0.104766
0.100714
0.106862
0.1036
0.102434
0.104951
0.104292
0.108829
0.108417
0.105013
0.106218
0.106992
0.107133
0.107229
0.10529
0.106058
0.112736
0.114532
0.114176
0.113304
0.114708
0.111755
0.107003
0.117169
0.116614
0.116961
0.114128
0.116882
0.113258
0.114363
0.110179
0.11552
0.113756
0.114829
0.117106
0.116563
0.11437
0.118002
0.115335
0.112123
0.111975
0.12053
0.120355
0.121117
0.118668
0.119559
0.119633
0.117895
0.117305
0.115618
0.11188
0.114653
0.11554
0.116167
0.11827
0.117465
0.114495
0.118076
0.117059
0.118454
0.115221
0.11871
0.123818
0.125291
0.125348
0.1237
0.12357
0.121295
0.11978
0.118875
0.121591
0.116976
0.119223
0.117851
0.114076
0.116345
0.115311
0.116181
0.122022
0.121304
0.120178
0.121913
0.128927
0.123601
0.126188
0.124709
0.131752
0.135962
0.131567
0.132925
0.160142
0.131148
0.131745
0.132238
0.124691
0.125763
0.123671
0.121399
0.124101
0.124591
0.125357
0.125264
0.130423
0.129254
0.128145
0.13093
0.129458
0.131712
0.128772
0.128795
0.13
0.12623
0.120994
0.128436
0.126918
0.124227
0.118914
0.122021
0.129413
0.12972
0.129611
0.127835
0.129433
0.126791
0.125572
0.125922
0.126084
0.124914
0.122124
0.125606
0.135786
0.136083
0.130263
0.133831
0.127487
0.130041
0.130911
0.129488
0.124856
0.124879
0.136831
0.13143
0.138953
0.132522
0.139046
0.137444
0.130218
0.126343
0.130679
0.132587
0.132012
0.134376
0.133581
0.133305
0.133764
0.125474
0.127456
0.137009
0.132436
0.137492
0.131538
0.135324
0.132532
0.126664
0.131
0.130266
0.134523
0.13526
0.130421
0.133434
0.133613
0.127111
0.152414
0.134444
0.135164
0.134782
0.131993
0.133711
0.134596
0.14665
0.13894
0.135452
0.135269
0.134661
0.127862
0.132408
0.144281
0.134123
0.136145
0.133424
0.13443
0.130616
0.132191
0.139479
0.132972
0.130594
0.130737
0.125862
0.146208
0.132229
0.128095
0.127162
0.120732
0.117456
0.13618
0.123577
0.118744
0.125224
0.140347
0.128323
0.125556
0.132639
0.13253
0.122014
0.141466
0.132951
0.127688
0.136376
0.131064
0.135311
0.138001
0.142328
0.131078
0.132677
0.131171
0.151624
0.143762
0.136284
0.139165
0.12855
0.145928
0.13741
0.139481
0.137051
0.134251
0.12928
0.158239
0.138667
0.134968
0.139822
0.136479
0.128581
0.135625
0.130053
0.133401
0.132867
0.123878
0.125417
0.12954
0.112205
0.124579
0.119245
0.124289
0.121252
0.132401
0.134486
0.12897
0.124889
0.119573
0.133518
0.129468
0.124882
0.123775
0.129803
0.130242
0.129152
0.127497
0.126815
0.135379
0.133209
0.130083
0.130067
0.122278
0.131274
0.137628
0.130342
0.136053
0.125347
0.126076
0.127312
0.130353
0.120159
0.139553
0.128392
0.119547
0.147177
0.130627
0.126118
0.118424
0.120715
0.127675
0.120864
0.121547
0.120077
0.121936
0.135058
0.138958
0.130133
0.128727
0.129934
0.124198
0.122843
0.120268
0.126153
0.121494
0.122213
0.117706
0.117539
0.136852
0.13359
0.126896
0.123428
0.121518
0.122292
0.118232
0.116517
0.117557
0.117092
0.11589
0.114737
0.114664
0.116835
0.116012
0.111878
0.116494
0.139338
0.117665
0.115439
0.115587
0.116949
0.111731
0.112555
0.117004
0.114398
0.115854
0.114464
0.113284
0.133737
0.12224
0.125935
0.123409
0.119411
0.126804
0.128702
0.123985
0.121828
0.123564
0.122325
0.12754
0.122794
0.125896
0.123447
0.124161
0.123216
0.135438
0.128101
0.131159
0.124993
0.127506
0.123379
0.12765
0.137775
0.129513
0.128626
0.12367
0.120363
0.129945
0.129119
0.128101
0.132977
0.13126
0.134191
0.135478
0.133509
0.131825
0.131587
0.128793
0.13971
0.132564
0.126118
0.129319
0.132776
0.146717
0.132183
0.136408
0.131379
0.134662
0.133943
0.132139
0.130422
0.139104
0.135289
0.133704
0.132657
0.132553
0.130006
0.134099
0.127448
0.129817
0.123403
0.123069
0.125204
0.127344
0.121153
0.127463
0.119699
0.118714
0.115446
0.117639
0.115557
0.124865
0.110811
0.112065
0.109801
0.10787
0.105296
0.105241
0.098688
0.107103
0.102491
0.098731
0.091503
0.096944
0.091093
0.091711
0.092879
0.101837
0.094491
0.089255
0.09104
0.089491
0.092828
0.112611
0.093866
0.090991
0.089889
0.091094
0.086969
0.091167
0.09063
0.09759
0.093466
0.09293
0.094768
0.096355
0.095973
0.097277
0.093426
0.107667
0.097978
0.098514
0.094871
0.092037
0.094176
0.090689
0.08934
0.0992
0.09057
0.092649
0.090805
0.091744
0.091864
0.095465
0.106108
0.09658
0.096601
0.091495
0.097636
0.097755
0.089606
0.095523
0.098132
0.097109
0.116194
0.103742
0.105469
0.095865
0.097079
0.09801
0.096614
0.096102
0.100645
0.099763
0.097357
0.095761
0.097823
0.107463
0.099622
0.093718
0.097785
0.100245
0.101051
0.102135
0.108298
0.096619
0.099929
0.093064
0.100017
0.100261
0.10537
0.107473
0.10237
0.103428
0.105539
0.116394
0.10713
0.108929
0.108571
0.104105
0.104634
0.111387
0.107459
0.110191
0.106229
0.107735
0.110894
0.114995
0.136375
0.116193
0.115624
0.115844
0.116701
0.113707
0.113573
0.108874
0.108628
0.111077
0.1108
0.111521
0.111733
0.111646
0.107846
0.108243
0.104886
0.106975
0.102168
0.107244
0.09968
0.096369
0.103966
0.100759
0.09744
0.098936
0.105796
0.098334
0.09907
0.102388
0.099804
0.099326
0.112409
0.103276
0.103481
0.099805
0.098333
0.100535
0.102037
0.10383
0.10646
0.103435
0.102688
0.112184
0.100628
0.109033
0.105926
0.103788
0.103854
0.10219
0.103126
0.099372
0.096818
0.100859
0.105951
0.10703
0.103943
0.102263
0.11133
0.105849
0.101588
0.100577
0.101573
0.098341
0.102051
0.102127
0.104737
0.099646
0.099306
0.099901
0.098383
0.115133
0.10308
0.096926
0.099114
0.095961
0.096094
0.093564
0.10007
0.09524
0.093522
0.094051
0.09262
0.106148
0.089631
0.095282
0.090515
0.094212
0.084011
0.09326
0.085272
0.095573
0.09066
0.092938
0.088994
0.091567
0.091618
0.097725
0.092352
0.089592
0.088533
0.089697
0.086626
0.087131
0.087211
0.092372
0.092425
0.09125
0.090366
0.090319
0.090951
0.098457
0.090502
0.093147
0.091763
0.08782
0.089918
0.091757
0.090187
0.08629
0.086417
0.084867
0.086169
0.086816
0.090626
0.088994
0.090389
0.087263
0.098214
0.092568
0.093371
0.090689
0.093369
0.090485
0.092236
0.088528
0.097784
0.099406
0.096639
0.0988
0.101807
0.095739
0.102781
0.102887
0.107216
0.10701
0.105708
0.103232
0.114924
0.108966
0.105699
0.105978
0.102924
0.100196
0.09905
0.102834
0.107441
0.102508
0.103344
0.102246
0.098787
0.105934
0.098
0.109814
0.105199
0.10376
0.103929
0.104847
0.109219
0.109798
0.102146
0.104154
0.105871
0.099615
0.101693
0.099899
0.105372
0.101853
0.099042
0.104439
0.099799
0.100015
0.10196
0.100248
0.09699
0.092295
0.099789
0.098706
0.101404
0.097846
0.103781
0.107869
0.102068
0.105273
0.10089
0.101121
0.105099
0.100973
0.107417
0.107239
0.112654
0.11043
0.113724
0.112545
0.10944
0.110022
0.108385
0.11024
0.110217
0.107988
0.112221
0.112796
0.113803
0.117288
0.11857
0.116214
0.118705
0.114714
0.114612
0.116161
0.117808
0.114802
0.112986
0.115432
0.109607
0.111987
0.112705
0.113523
0.110571
0.117043
0.111959
0.110638
0.115782
0.109734
0.111661
0.111913
0.109768
0.110896
0.114352
0.109
0.11203
0.112642
0.111399
0.113895
0.114116
0.112164
0.109873
0.112068
0.108598
0.110204
0.109123
0.108225
0.113907
0.110721
0.106295
0.10875
0.108103
0.105803
0.107341
0.108956
0.104522
0.105054
0.103692
0.106573
0.104978
0.10094
0.101454
0.106992
0.113219
0.113159
0.114686
0.107896
0.10686
0.108175
0.113723
0.107786
0.111517
0.105855
0.107438
0.106757
0.109164
0.107323
0.105694
0.105679
0.106209
0.108268
0.107417
0.104689
0.102783
0.10144
0.105661
0.099838
0.102193
0.104158
0.1005
0.101408
0.105081
0.100488
0.105566
0.104382
0.105706
0.106499
0.108292
0.108132
0.10416
0.109814
0.10878
0.111436
0.109388
0.105269
0.100223
0.100407
0.111383
0.109253
0.110036
0.110179
0.109058
0.107727
0.105858
0.107886
0.103588
0.103185
0.102358
0.10253
0.104232
0.101479
0.102552
0.103648
0.10488
0.105528
0.101915
0.105235
0.102424
0.099711
0.10426
0.107187
0.101979
0.105878
0.104103
0.10449
0.101172
0.099983
0.099534
0.104456
0.107179
0.099094
0.10558
0.100959
0.100443
0.106833
0.104776
0.103052
0.102707
0.099526
0.106357
0.101369
0.107164
0.104512
0.103911
0.103855
0.100586
0.097177
0.104719
0.105759
0.103493
0.10358
0.105127
0.100754
0.101693
0.105382
0.104187
0.105773
0.103577
0.103472
0.102369
0.101317
0.100706
0.099904
0.10405
0.103984
0.103498
0.100092
0.099561
0.104848
0.103653
0.103615
0.09931
0.101544
0.103313
0.105426
0.099575
0.099519
0.103094
0.101742
0.099789
0.095386
0.102378
0.099492
0.100153
0.101386
0.097767
0.103653
0.105108
0.1012
0.104389
0.104916
0.103448
0.102249
0.104282
0.106335
0.105813
0.09885
0.104827
0.104386
0.104174
0.102078
0.100332
0.099724
0.10339
0.100196
0.102474
0.100349
0.105382
0.105467
0.105573
0.104287
0.104258
0.104617
0.102591
0.099521
0.104228
0.102007
0.105126
0.106006
0.108275
0.105661
0.101307
0.103145
0.104489
0.10113
0.10518
0.104174
0.103481
0.104042
0.099678
0.102626
0.104085
0.09957
0.102894
0.104422
0.104905
0.103331
0.107165
0.102259
0.106709
0.102164
0.101786
0.102173
0.10271
0.099143
0.106514
0.101254
0.097742
0.102711
0.098928
0.104885
0.104981
0.10853
0.098948
0.103862
0.094572
0.100048
0.102759
0.096553
0.103802
0.107906
0.102134
0.102008
0.103292
0.104042
0.10199
0.106923
0.102287
0.101471
0.107028
0.104953
0.10101
0.101026
0.102755
0.10723
0.099415
0.102838
0.107072
0.102075
0.105026
0.103619
0.103644
0.103399
0.100296
0.10442
0.099795
0.100107
0.105203
0.098795
0.104238
0.101958
0.105043
0.103937
0.099554
0.104212
0.102675
0.102957
0.102127
0.104936
0.103489
0.099726
0.099329
0.100034
0.098566
0.100972
0.099855
0.098212
0.10508
0.106713
0.105164
0.103861
0.103467
0.100567
0.104633
0.10247
0.102295
0.102803
0.102454
0.10662
0.106427
0.104071
0.100549
0.097663
0.096486
0.098169
0.103887
0.103065
0.102728
0.100922
0.100643
0.103696
0.102229
0.100339
0.104198
0.098471
0.099547
0.105775
0.104275
0.10461
0.104173
0.10366
0.103487
0.095941
0.100371
0.099302
0.09697
0.101558
0.09466
0.102076
0.103771
0.099925
0.101575
0.103478
0.102038
0.102002
0.100187
0.104807
0.106193
0.101276
0.101348
0.102513
0.102502
0.103273
0.10085
0.105315
0.103814
0.100047
0.10321
0.103163
0.100264
0.104884
0.102264
0.102291
0.097042
0.100808
0.103347
0.105659
0.099671
0.10234
0.099225
0.095129
0.099434
0.099493
0.097174
0.098931
0.096569
0.098749
0.098898
0.103458
0.10189
0.101841
0.100784
0.097088
0.09796
0.096195
0.097565
0.09776
0.096915
0.096086
0.10661
0.099782
0.098744
0.098223
0.102367
0.098388
0.103196
0.098091
0.097225
0.10409
0.103779
0.099534
0.103001
0.100461
0.099167
0.102939
0.105047
0.105295
0.106297
0.102884
0.098997
0.10605
0.096544
0.102809
0.1017
0.103913
0.10119
0.09885
0.103293
0.103959
0.104785
0.100854
0.104746
0.103551
0.10234
0.096499
0.099651
0.098531
0.100492
0.098975
0.094122
0.093643
0.09939
0.100419
0.098133
0.09946
0.103486
0.095906
0.102304
0.102349
0.102122
0.100575
0.102381
0.09778
0.096491
0.101528
0.097227
0.100985
0.101711
0.099923
0.098704
0.103894
0.100953
0.10571
0.108156
0.107751
0.103318
0.103097
0.10334
0.100249
0.098711
0.101055
0.097554
0.101675
0.105981
0.107015
0.107626
0.100925
0.105377
0.101465
0.096926
0.099821
0.100066
0.100666
0.106248
0.104846
0.101733
0.104377
0.10192
0.101005
0.103475
0.101891
0.097334
0.098776
0.100303
0.105412
0.100373
0.103986
0.098371
0.104189
0.103698
0.100628
0.105248
0.101266
0.106298
0.101255
0.100439
0.099988
0.100785
0.102582
0.105654
0.103558
0.100073
0.102899
0.101817
0.106977
0.102426
0.102629
0.104713
0.099225
0.102644
0.105136
0.104001
0.101773
0.104022
0.10122
0.10058
0.099072
0.098793
0.097781
0.09727
0.098956
0.104567
0.09789
0.101704
0.09842
0.099969
0.106524
0.102902
0.095244
0.099095
0.099184
0.099745
0.099493
0.100906
0.098702
0.098838
0.104114
0.093559
0.10394
0.1005
0.097126
0.099495
0.102334
0.097792
0.101763
0.098263
0.099203
0.101744
0.097124
0.102582
0.097789
0.103141
0.103243
0.101202
0.102089
0.102265
0.099664
0.101522
0.099181
0.100369
0.101584
0.096477
0.097009
0.101028
0.099813
0.102422
0.099069
0.10352
0.095767
0.098807
0.097542
0.100502
0.098505
0.102639
0.102456
0.104216
0.101162
0.099371
0.10015
0.100183
0.10083
0.096852
0.098828
0.099086
0.101678
0.098936
0.098856
0.102739
0.100145
0.096969
0.098509
0.097112
0.099276
0.097319
0.098311
0.094767
0.101081
0.098074
0.09968
0.093215
0.095275
0.092959
0.094632
0.093144
0.092935
0.098163
0.096709
0.093714
0.096057
0.098271
0.097377
0.099633
0.09372
0.097545
0.09797
0.101438
0.103906
0.095011
0.091983
0.094437
0.089363
0.090641
0.090412
0.093328
0.090246
0.088354
0.089647
0.088491
0.091777
0.088464
0.094901
0.090406
0.090872
0.091756
0.09257
0.092537
0.095983
0.096735
0.090293
0.095452
0.094814
0.094266
0.095463
0.088959
0.089797
0.099387
0.099989
0.101444
0.100168
0.100938
0.096769
0.097895
0.096928
0.097102
0.100104
0.10024
0.095498
0.096532
0.098386
0.095079
0.099718
0.096821
0.096357
0.09
0.089782
0.090769
0.094818
0.097384
0.096171
0.097346
0.095177
0.098502
0.096944
0.097254
0.095834
0.097052
0.094504
0.099786
0.098025
0.096232
0.098243
0.097962
0.100112
0.100107
0.104606
0.103104
0.103122
0.102734
0.101134
0.099399
0.101579
0.098012
0.100663
0.099061
0.097044
0.097219
0.101306
0.100841
0.102349
0.104956
0.101251
0.104425
0.105623
0.103551
0.103692
0.105442
0.10264
0.107513
0.10091
0.100663
0.099811
0.100692
0.103489
0.103137
0.101882
0.107941
0.105244
0.107034
0.104089
0.103593
0.105201
0.104706
0.098961
0.104558
0.103482
0.107788
0.106431
0.106555
0.105288
0.105452
0.106137
0.102712
0.105462
0.105945
0.110354
0.111338
0.107977
0.113965
0.109842
0.107629
0.108336
0.109287
0.106219
0.103036
0.110406
0.102596
0.100927
0.099873
0.0991
0.099053
0.108858
0.10777
0.112262
0.106693
0.108209
0.104407
0.099098
0.10499
0.10042
0.104648
0.099098
0.102566
0.099364
0.099628
0.100446
0.100744
0.103398
0.102738
0.10339
0.101961
0.101619
0.096704
0.0976
0.094572
0.097364
0.095565
0.094617
0.091154
0.098092
0.09679
0.095364
0.092047
0.095642
0.096958
0.097688
0.096841
0.096059
0.09586
0.094266
0.092863
0.089623
0.094665
0.092981
0.094303
0.093806
0.089559
0.08931
0.092846
0.090377
0.083802
0.090126
0.08833
0.09244
0.088861
0.093908
0.087006
0.092589
0.096504
0.095151
0.093736
0.095654
0.088936
0.100033
0.096256
0.095298
0.093679
0.099716
0.095276
0.087306
0.090419
0.092241
0.091849
0.090754
0.092547
0.092259
0.092441
0.091518
0.089556
0.089981
0.083796
0.09061
0.090856
0.084755
0.082505
0.088141
0.083056
0.082477
0.079582
0.081838
0.081814
0.081082
0.083528
0.083124
0.083849
0.084477
0.078311
0.089236
0.081736
0.081593
0.079497
0.078363
0.079423
0.082227
0.081958
0.078326
0.078875
0.081602
0.080825
0.075868
0.077315
0.082753
0.083461
0.079419
0.077076
0.079108
0.078734
0.076733
0.078347
0.078189
0.081078
0.08155
0.082352
0.080482
0.076831
0.080732
0.079588
0.080774
0.084423
0.085812
0.086091
0.081971
0.084393
0.079988
0.082144
0.079817
0.084562
0.088461
0.084715
0.085553
0.082506
0.083725
0.081977
0.084654
0.082676
0.086268
0.082481
0.08676
0.097701
0.093471
0.08964
0.092952
0.088371
0.091356
0.093453
0.094704
0.098231
0.102276
0.100918
0.097298
0.096709
0.103551
0.101883
0.102352
0.108977
0.106155
0.106036
0.103723
0.099761
0.103275
0.099693
0.101057
0.099244
0.101075
0.099934
0.100522
0.097618
0.100245
0.095438
0.101914
0.104457
0.104162
0.103491
0.108969
0.103998
0.103858
0.103815
0.101046
0.100996
0.101669
0.10214
0.103192
0.102636
0.104477
0.100645
0.103308
0.102708
0.103419
0.103962
0.10268
0.109032
0.107376
0.104825
0.10379
0.104318
0.102556
0.101093
0.102381
0.099704
0.103819
0.101875
0.102355
0.102431
0.104215
0.103081
0.101028
0.101993
0.100087
0.100938
0.09665
0.100961
0.102309
0.103986
0.100653
0.103586
0.106434
0.105993
0.105345
0.105247
0.105472
0.118092
0.120845
0.119282
0.118646
0.11984
0.117644
0.121258
0.12145
0.125228
0.120972
0.117193
0.116343
0.119234
0.116802
0.120801
0.114709
0.118739
0.117924
0.121933
0.118478
0.117982
0.115406
0.11927
0.116127
0.119912
