0.00652
0.026741
0.030512
0.028871
0.030694
0.030307
0.027469
0.029985
0.02981
0.028863
0.027832
0.031708
0.029916
0.028746
0.030386
0.029742
0.029073
0.029245
0.028058
0.029249
0.029392
0.0296
0.033415
0.030444
0.028769
0.030586
0.03255
0.028397
0.029413
0.029809
0.028717
0.02978
0.03284
0.02912
0.029203
0.030146
0.02876
0.029704
0.029312
0.029614
0.02859
0.029163
0.030014
0.028692
0.030276
0.030249
0.029637
0.028514
0.030242
0.029452
0.03094
0.031667
0.029699
0.028907
0.030194
0.028837
0.029362
0.030314
0.030175
0.0305
0.035352
0.030231
0.030294
0.030684
0.029751
0.028345
0.028693
0.028585
0.030011
0.029401
0.030221
0.028035
0.030442
0.039306
0.030095
0.030552
0.029944
0.029844
0.029745
0.029101
0.030105
0.029872
0.028919
0.030333
0.030579
0.028515
0.028887
0.02955
0.028613
0.029552
0.029276
0.028225
0.028352
0.02877
0.032332
0.034872
0.033082
0.031367
0.033818
0.034103
0.034675
0.034314
0.033625
0.03331
0.03332
0.0336
0.033207
0.03292
0.032175
0.03566
0.035922
0.03446
0.034128
0.035303
0.033988
0.037667
0.032162
0.032497
0.032382
0.038422
0.036656
0.033336
0.038301
0.033935
0.037642
0.033872
0.032387
0.036264
0.033352
0.033534
0.038755
0.034492
0.034763
0.035133
0.034243
0.032695
0.034406
0.034964
0.032809
0.034595
0.033942
0.033387
0.038565
0.03418
0.032812
0.032612
0.032485
0.033609
0.04136
0.036429
0.035457
0.034608
0.035519
0.035672
0.035716
0.033728
0.035887
0.034508
0.035604
0.035187
0.041272
0.037008
0.034664
0.035274
0.033753
0.034357
0.033759
0.036949
0.034932
0.034481
0.033923
0.040395
0.036717
0.035686
0.035132
0.03434
0.035135
0.034592
0.038061
0.036569
0.035721
0.035396
0.03621
0.036779
0.036464
0.040314
0.034629
0.033371
0.032231
0.033902
0.039298
0.036084
0.034691
0.034467
0.033984
0.035407
0.036857
0.040261
0.03719
0.036535
0.036031
0.041691
0.038099
0.038309
0.037461
0.037356
0.036449
0.039808
0.038692
0.037903
0.035121
0.03449
0.037164
0.036955
0.037707
0.03853
0.03544
0.036027
0.033324
0.040978
0.037452
0.035945
0.034308
0.035669
0.03434
0.037734
0.0347
0.034659
0.033241
0.032939
0.033689
0.034928
0.037236
0.035029
0.033979
0.033545
0.033026
0.037864
0.03283
0.032442
0.031691
0.030058
0.030818
0.031946
0.030976
0.033285
0.029904
0.028907
0.028881
0.029925
0.033405
0.03005
0.029033
0.027795
0.031093
0.029062
0.028173
0.027585
0.02762
0.027263
0.029581
0.027671
0.027301
0.029758
0.030676
0.0297
0.027805
0.027871
0.027374
0.028126
0.03013
0.028817
0.028636
0.028216
0.028288
0.029879
0.028827
0.032143
0.029628
0.028441
0.028493
0.03319
0.029875
0.029759
0.029468
0.028483
0.031033
0.030441
0.029481
0.029027
0.02889
0.028344
0.029236
0.028739
0.028699
0.028514
0.027848
0.032193
0.028147
0.027625
0.027094
0.026583
0.028231
0.027538
0.026995
0.026827
0.026987
0.027369
0.027534
0.027393
0.027654
0.029351
0.026964
0.030906
0.027565
0.025878
0.027017
0.027431
0.026938
0.030571
0.028144
0.026742
0.027566
0.0275
0.028059
0.032543
0.029725
0.029787
0.029117
0.028716
0.028278
0.02814
0.02874
0.030916
0.031566
0.033063
0.033005
0.039087
0.034518
0.031333
0.033732
0.031445
0.031256
0.03026
0.032377
0.032633
0.031341
0.033067
0.034101
0.032358
0.032362
0.036614
0.03655
0.03295
0.032381
0.032002
0.03716
0.035458
0.033804
0.035233
0.034788
0.034283
0.032709
0.03664
0.037881
0.037635
0.036355
0.03808
0.036366
0.043515
0.041106
0.038665
0.038005
0.036757
0.04311
0.038101
0.038348
0.03727
0.03348
0.03495
0.039183
0.037239
0.036213
0.035548
0.032049
0.033095
0.034178
0.036918
0.036918
0.038996
0.034711
0.036164
0.043466
0.038365
0.037733
0.039925
0.036534
0.040135
0.039194
0.0383
0.036439
0.038996
0.039733
0.0395
0.038302
0.038938
0.036429
0.042827
0.039517
0.039579
0.035017
0.041917
0.036183
0.0393
0.038453
0.03887
0.041162
0.037697
0.041723
0.040097
0.044034
0.039208
0.039028
0.039308
0.038517
0.041956
0.038195
0.03832
0.036741
0.035998
0.04459
0.039343
0.037967
0.037589
0.036437
0.038405
0.038898
0.042297
0.04109
0.037306
0.041052
0.039914
0.036401
0.038113
0.036249
0.039691
0.037667
0.03741
0.036206
0.041293
0.035953
0.034908
0.038363
0.036326
0.036648
0.037447
0.037641
0.037301
0.035542
0.035279
0.039606
0.040464
0.035949
0.043252
0.040166
0.039744
0.034378
0.03473
0.035856
0.035696
0.037027
0.038979
0.041781
0.040514
0.037869
0.036343
0.038487
0.039816
0.03881
0.037723
0.037479
0.036208
0.034637
0.034826
0.036743
0.035766
0.034827
0.038363
0.03823
0.036438
0.035007
0.033747
0.035087
0.034184
0.032865
0.032405
0.032843
0.034821
0.033443
0.032307
0.031386
0.034939
0.035099
0.033931
0.034061
0.034919
0.03402
0.034326
0.035931
0.035159
0.034284
0.03375
0.040885
0.036111
0.034926
0.035623
0.035089
0.033322
0.031952
0.033664
0.03326
0.037431
0.031134
0.033924
0.034632
0.034087
0.032754
0.032207
0.031496
0.031083
0.030287
0.032628
0.029436
0.028596
0.032607
0.029241
0.026671
0.026015
0.026796
0.026843
0.027719
0.029498
0.029372
0.027949
0.026862
0.029472
0.030008
0.028455
0.029903
0.030758
0.02957
0.029
0.030812
0.029696
0.028384
0.027566
0.029323
0.028696
0.028276
0.030499
0.029607
0.029715
0.0293
0.029088
0.029863
0.031223
0.031254
0.03085
0.030018
0.031347
0.031428
0.035671
0.030884
0.034913
0.030278
0.035166
0.036515
0.033429
0.031721
0.041769
0.034732
0.033407
0.033128
0.032493
0.034262
0.035284
0.033202
0.034542
0.032806
0.036771
0.037886
0.037012
0.040746
0.036325
0.035904
0.041212
0.038742
0.036409
0.035048
0.03253
0.03527
0.034611
0.032797
0.033243
0.033294
0.034193
0.03624
0.033224
0.03877
0.035815
0.034647
0.034912
0.034065
0.035451
0.035264
0.032745
0.033742
0.037545
0.035131
0.034611
0.033684
0.035282
0.032591
0.032292
0.032451
0.033756
0.036077
0.03248
0.030504
0.035264
0.032199
0.031798
0.03137
0.031111
0.03222
0.036877
0.033081
0.03267
0.032741
0.032762
0.034895
0.03537
0.035407
0.034331
0.033483
0.036329
0.032919
0.033428
0.03647
0.033636
0.033014
0.031125
0.030468
0.032942
0.033029
0.032433
0.032089
0.033091
0.038075
0.033225
0.03291
0.03185
0.030702
0.033412
0.032554
0.032529
0.035751
0.032639
0.034324
0.031583
0.031365
0.032739
0.031498
0.031717
0.034272
0.031429
0.030653
0.030541
0.033294
0.032459
0.031577
0.030963
0.033835
0.032469
0.03132
0.033027
0.033631
0.032691
0.032356
0.034075
0.034629
0.033391
0.03212
0.03541
0.033542
0.033793
0.032364
0.03166
0.034983
0.03331
0.031921
0.032368
0.031976
0.035525
0.03224
0.031442
0.030819
0.034564
0.03254
0.031957
0.032222
0.031732
0.032179
0.03298
0.034632
0.032944
0.033889
0.034023
0.034685
0.040992
0.033508
0.032914
0.038403
0.036573
0.034719
0.034023
0.036868
0.036313
0.037342
0.034917
0.037684
0.036444
0.035724
0.035016
0.037931
0.036319
0.035888
0.034784
0.037285
0.036601
0.03633
0.035499
0.038721
0.038665
0.037061
0.035185
0.038345
0.036947
0.035268
0.035056
0.037643
0.035912
0.034391
0.033562
0.037372
0.036153
0.034719
0.035503
0.034371
0.036865
0.035548
0.033886
0.03737
0.034905
0.033661
0.033453
0.033797
0.034694
0.035772
0.033438
0.035733
0.036391
0.040506
0.036818
0.035697
0.036599
0.040197
0.036739
0.035894
0.033143
0.037236
0.035886
0.034573
0.037219
0.03622
0.034453
0.033222
0.035736
0.035173
0.035638
0.034944
0.037405
0.036002
0.033968
0.03422
0.032756
0.035818
0.03415
0.033667
0.034236
0.034019
0.035816
0.033486
0.033336
0.037929
0.036638
0.035393
0.034369
0.037401
0.036494
0.038195
0.034921
0.038621
0.038157
0.034883
0.034797
0.037043
0.033891
0.035659
0.03304
0.033069
0.034603
0.033543
0.031172
0.030248
0.030843
0.032527
0.033868
0.031099
0.030218
0.035186
0.035585
0.030779
0.030366
0.032615
0.031418
0.03101
0.029105
0.032838
0.032042
0.031634
0.029193
0.036092
0.031554
0.028936
0.032772
0.029762
0.029735
0.031406
0.028914
0.028946
0.029592
0.02631
0.028179
0.028597
0.027194
0.026204
0.031141
0.030937
0.030962
0.028492
0.028712
0.031918
0.029565
0.027299
0.033737
0.032608
0.027811
0.027599
0.026517
0.029809
0.027949
0.028164
0.029463
0.03111
0.034565
0.031026
0.03012
0.030045
0.028774
0.028611
0.03277
0.029827
0.030041
0.029564
0.031082
0.032408
0.036608
0.032857
0.032342
0.031147
0.03087
0.029981
0.031464
0.035681
0.036057
0.03254
0.037036
0.032895
0.033688
0.032478
0.030785
0.030117
0.030019
0.031847
0.030685
0.02929
0.031121
0.031508
0.030783
0.029821
0.03832
0.03267
0.029834
0.035153
0.029341
0.033046
0.029744
0.029966
0.031675
0.032008
0.031683
0.034398
0.039592
0.032261
0.031232
0.028764
0.033258
0.027477
0.029233
0.028578
0.030153
0.029216
0.032536
0.029919
0.03548
0.034056
0.031677
0.031806
0.030847
0.030197
0.031076
0.030639
0.030295
0.032321
0.030362
0.033542
0.031159
0.030017
0.032407
0.03081
0.033018
0.031646
0.029227
0.027374
0.027858
0.026869
0.026726
0.027888
0.029186
0.027125
0.028088
0.028384
0.035466
0.031762
0.030269
0.029591
0.030417
0.030937
0.029872
0.03154
0.030715
0.030649
0.031874
0.031329
0.040168
0.035547
0.035184
0.033198
0.033131
0.032606
0.032105
0.034517
0.031617
0.031966
0.034349
0.033215
0.033512
0.038582
0.036649
0.036262
0.034655
0.033728
0.036492
0.0384
0.03622
0.035779
0.035178
0.033882
0.033819
0.032223
0.036039
0.033443
0.033404
0.037893
0.034057
0.032309
0.039136
0.033737
0.033354
0.032833
0.031339
0.030855
0.030668
0.032557
0.031481
0.031032
0.030345
0.031713
0.033181
0.032711
0.032687
0.038619
0.033398
0.032304
0.032555
0.032745
0.032463
0.032313
0.03147
0.031538
0.036314
0.033689
0.03453
0.033599
0.03402
0.033287
0.033363
0.033211
0.03338
0.033657
0.033181
0.033473
0.034584
0.034841
0.03498
0.034789
0.03465
0.034415
0.033426
0.032023
0.033317
0.03387
0.035139
0.035453
0.034459
0.034553
0.033573
0.033785
0.034675
0.034046
0.033713
0.033988
0.032362
0.033443
0.035021
0.037716
0.036771
0.036503
0.035818
0.03496
0.035025
0.034959
0.034711
0.035281
0.035336
0.034595
0.033997
0.034202
0.034784
0.033648
0.03452
0.034228
0.03345
0.034077
0.033364
0.035211
0.037979
0.038675
0.039242
0.037684
0.038704
0.038456
0.039105
0.038853
0.03925
0.03656
0.035961
0.035955
0.038686
0.037704
0.03817
0.037501
0.038488
0.036488
0.035732
0.037025
0.038706
0.036318
0.036844
0.036784
0.037507
0.036349
0.039197
0.037139
0.036388
0.03868
0.038383
0.035866
0.037092
0.036725
0.037112
0.036171
0.037716
0.03613
0.036029
0.035229
0.037861
0.037388
0.039694
0.036248
0.035986
0.037785
0.03658
0.035769
0.037173
0.038137
0.038864
0.036275
0.037834
0.036319
0.038733
0.038351
0.036948
0.036978
0.036921
0.037792
0.038692
0.037938
0.038197
0.036719
0.035874
0.037565
0.03619
0.036579
0.035946
0.037882
0.038932
0.037441
0.036371
0.038012
0.038785
0.038517
0.038923
0.038408
0.038511
0.037543
0.038288
0.037935
0.037654
0.03784
0.036896
0.037066
0.039813
0.038471
0.038027
0.037276
0.037645
0.037481
0.037299
0.037645
0.037446
0.038394
0.038991
0.038282
0.037867
0.039011
0.038407
0.037505
0.038229
0.037296
0.036981
0.038164
0.038104
0.038641
0.039432
0.037223
0.036881
0.038075
0.038976
0.038838
0.036799
0.038718
0.04221
0.039766
0.038679
0.039213
0.039679
0.039628
0.036603
0.036802
0.039919
0.036829
0.039252
0.037956
0.039813
0.037375
0.040041
0.03862
0.039845
0.041399
0.039607
0.038277
0.0384
0.036317
0.038586
0.039017
0.035408
0.0369
0.036846
0.03652
0.03713
0.035834
0.037575
0.03632
0.036998
0.03669
0.035339
0.03575
0.035158
0.035503
0.034357
0.03493
0.033982
0.033579
0.033758
0.031841
0.032943
0.033475
0.034947
0.034144
0.031947
0.032805
0.031201
0.032928
0.033279
0.032443
0.030201
0.031678
0.032843
0.033904
0.032862
0.032343
0.032289
0.031772
0.031892
0.029747
0.031705
0.031601
0.02954
0.03121
0.030718
0.029185
0.034084
0.03009
0.029938
0.030118
0.02902
0.028394
0.028785
0.028057
0.029881
0.030665
0.029965
0.030829
0.029771
0.0294
0.028776
0.032196
0.029248
0.030811
0.029138
0.028476
0.033216
0.033151
0.030222
0.030648
0.030518
0.029823
0.033899
0.031976
0.031493
0.032261
0.031865
0.03099
0.035781
0.032633
0.033907
0.032142
0.031278
0.030636
0.030901
0.033442
0.03206
0.031658
0.031195
0.030438
0.030806
0.032848
0.030982
0.03088
0.030987
0.031604
0.035742
0.032823
0.032035
0.032951
0.031914
0.03108
0.034448
0.033263
0.032572
0.032454
0.032894
0.034529
0.038213
0.034124
0.03275
0.032246
0.039309
0.03864
0.036007
0.035999
0.036713
0.037786
0.037979
0.03415
0.034092
0.037232
0.038757
0.036162
0.044358
0.037557
0.035109
0.035636
0.034058
0.03373
0.036734
0.036173
0.034889
0.032103
0.031929
0.031825
0.034043
0.034135
0.042645
0.036118
0.036455
0.034189
0.033831
0.036012
0.037054
0.033632
0.033854
0.03394
0.034911
0.038238
0.034733
0.034718
0.036388
0.03273
0.031667
0.030558
0.032853
0.031592
0.030929
0.02991
0.03003
0.030422
0.032474
0.030774
0.030201
0.033326
0.031626
0.029978
0.029164
0.028388
0.029096
0.029086
0.027146
0.025592
0.025565
0.026
0.029413
0.026083
0.024254
0.023659
0.027811
0.024409
0.023529
0.02253
0.023395
0.022328
0.021768
0.019912
0.019067
0.020944
0.020281
0.019255
0.018227
0.017946
0.019236
0.0222
0.019629
0.0195
0.019304
0.01891
0.018814
0.018065
0.019519
0.018277
0.018882
0.018357
0.019817
0.022434
0.019669
0.019025
0.01945
0.018456
0.019611
0.019563
0.019844
0.01889
0.021444
0.020443
0.020375
0.020442
0.019801
0.021582
0.021952
0.023465
0.024477
0.02419
0.026415
0.027335
0.027246
0.026882
0.027127
0.027408
0.027972
0.027231
0.028366
0.027345
0.027262
0.031172
0.028789
0.027925
0.02824
0.026821
0.026333
0.029137
0.027819
0.026415
0.02742
0.024981
0.024394
0.029617
0.024665
0.024463
0.024826
0.023796
0.022167
0.026841
0.024727
0.023923
0.022714
0.021579
0.022249
0.026958
0.023335
0.021789
0.022247
0.022052
0.021472
0.021789
0.023844
0.023241
0.0216
0.021466
0.021171
0.021499
0.02028
0.019937
0.019814
0.021949
0.023863
0.020815
0.021551
0.020773
0.021128
0.020497
0.020041
0.020569
0.022312
0.02209
0.022159
0.021339
0.021195
0.021185
0.022082
0.021506
0.021439
0.020996
0.021255
0.020774
0.020685
0.021354
0.021202
0.020808
0.021513
0.020582
0.021538
0.021179
0.020973
0.020162
0.02129
0.020222
0.02102
0.021056
0.020381
0.020038
0.019987
0.020812
0.020599
0.020705
0.019855
0.021094
0.020312
0.019919
0.019816
0.02003
0.019521
0.018881
0.018624
0.019309
0.019011
0.019136
0.018104
0.019415
0.019355
0.020013
0.020205
0.02189
0.020998
0.019759
0.019341
0.019822
0.020003
0.018708
0.020989
0.01951
0.019138
0.018017
0.019997
0.018851
0.018496
0.017678
0.018231
0.018698
0.018176
0.017942
0.017594
0.01956
0.018224
0.019294
0.020105
0.018417
0.017865
0.0177
0.017995
0.018368
0.021986
0.018634
0.019296
0.018723
0.017439
0.017265
0.017217
0.018262
0.017924
0.016621
0.01765
0.018096
0.017455
0.01715
0.01635
0.017191
0.016509
0.016281
0.016201
0.016296
0.016239
0.01554
0.015521
0.015433
0.015654
0.015479
0.015409
0.015046
0.01666
0.014911
0.01659
0.015795
0.015854
0.015591
0.018249
0.016682
0.01638
0.01547
0.015018
0.016356
0.015589
0.015908
0.015504
0.015872
0.01762
0.016495
0.016338
0.017133
0.015642
0.016305
0.015773
0.015779
0.016263
0.016018
0.016068
0.015821
0.017517
0.016808
0.016113
0.015757
0.016342
0.01558
0.015825
0.015845
0.016652
0.016027
0.016016
0.015479
0.015222
0.015257
0.017483
0.015361
0.015268
0.014552
0.014335
0.016802
0.015507
0.015457
0.014796
0.014865
0.014391
0.014341
0.014301
0.013603
0.014166
0.013941
0.014023
0.013394
0.014358
0.014916
0.015924
0.013954
0.013124
0.012096
0.012491
0.014724
0.01231
0.012362
0.011676
0.012544
0.010898
0.010897
0.011093
0.010891
0.011813
0.011083
0.011519
0.011158
0.010995
0.011654
0.01143
0.011938
0.010698
0.010293
0.010459
0.010102
0.010107
0.010064
0.009728
0.009678
0.010343
0.010339
0.01064
0.010685
0.01406
0.011898
0.010965
0.010683
0.010268
0.011602
0.010761
0.011022
0.010519
0.010892
0.010559
0.010251
0.009827
0.010115
0.010731
0.010952
0.010259
0.009702
0.009869
0.010145
0.011994
0.010596
0.010459
0.010085
0.010783
0.010792
0.010501
0.011257
0.010913
0.010411
0.010951
0.011101
0.01145
0.01053
0.010266
0.011127
0.010501
0.010463
0.010244
0.010614
0.01075
0.012199
0.011178
0.011255
0.010589
0.010772
0.010259
0.011219
0.010033
0.010634
0.010815
0.01076
0.012187
0.011638
0.011338
0.010678
0.010192
0.01034
0.011676
0.012324
0.010989
0.010979
0.0131
0.01151
0.010205
0.010613
0.010683
0.010387
0.010442
0.010567
0.011296
0.011124
0.012541
0.011339
0.010993
0.010875
0.01061
0.010843
0.01097
0.010929
0.010723
0.012422
0.01155
0.010948
0.010276
0.010659
0.010915
0.010362
0.011333
0.010551
0.01039
0.010117
0.01106
0.010378
0.010591
0.010036
0.009883
0.010402
0.010178
0.009645
0.009735
0.009613
0.010567
0.009802
0.011184
0.010209
0.009773
0.009928
0.011863
0.01021
0.010042
0.00936
0.009993
0.009487
0.009351
0.009944
0.010215
0.009691
0.010366
0.010535
0.010027
0.010071
0.01029
0.009985
0.010007
0.01011
0.010183
0.010388
0.009706
0.010619
0.009895
0.009696
0.010408
0.010217
0.010241
0.00993
0.010214
0.010822
0.010105
0.011174
0.011557
0.010241
0.010078
0.011901
0.010893
0.011402
0.010581
0.010481
0.011509
0.011318
0.011063
0.011663
0.011431
0.011351
0.011013
0.01076
0.010668
0.011132
0.011001
0.010786
0.011001
0.012933
0.011562
0.011345
0.011404
0.010682
0.011862
0.012361
0.012176
0.012165
0.01311
0.012389
0.012128
0.011149
0.012866
0.013005
0.012491
0.012282
0.012116
0.012943
0.012988
0.012825
0.012432
0.013938
0.013448
0.013626
0.013993
0.012965
0.014273
0.013117
0.01342
0.014635
0.014288
0.016996
0.015542
0.015315
0.015961
0.016824
0.015124
0.015189
0.016107
0.016503
0.01639
0.016828
0.016392
0.020287
0.017331
0.017381
0.016844
0.017083
0.016434
0.016816
0.016402
0.018313
0.017821
0.018106
0.017355
0.021232
0.019205
0.017734
0.019334
0.018665
0.017458
0.022769
0.022876
0.019413
0.01988
0.020258
0.020341
0.019638
0.019871
0.022679
0.020865
0.021064
0.022196
0.022145
0.021477
0.021118
0.022027
0.022307
0.022139
0.023645
0.025206
0.023597
0.025818
0.02391
0.023556
0.023599
0.023628
0.024094
0.024817
0.024382
0.023663
0.025217
0.023827
0.02435
0.026008
0.025171
0.025788
0.026799
0.026377
0.025401
0.029476
0.026912
0.026417
0.027985
0.027735
0.028039
0.028037
0.031443
0.029572
0.030052
0.028789
0.02904
0.029181
0.029692
0.030557
0.030703
0.030555
0.030443
0.030604
0.031779
0.028986
0.029153
0.030114
0.030447
0.02974
0.02942
0.030146
0.029809
0.028462
0.032469
0.030738
0.031089
0.030953
0.031397
0.031865
0.031234
0.034496
0.03392
0.033812
0.033668
0.032834
0.034445
0.034368
0.037361
0.035436
0.035035
0.035145
0.035012
0.035522
0.034226
0.037969
0.035208
0.035008
0.033781
0.032872
0.038021
0.033472
0.033052
0.032845
0.032681
0.03298
0.035844
0.035824
0.042792
0.036781
0.037303
0.036641
0.037541
0.037085
0.037996
0.036556
0.038004
0.037854
0.036827
0.036708
0.037157
0.037375
0.037254
0.036369
0.043211
0.039089
0.038513
0.038801
0.039935
0.03796
0.038101
0.041845
0.040732
0.038631
0.040198
0.037403
0.045299
0.040843
0.040587
0.039181
0.039235
0.037734
0.043995
0.040128
0.039849
0.037331
0.03832
0.03622
0.044541
0.040732
0.038141
0.037659
0.036601
0.037294
0.04226
0.039895
0.038624
0.037707
0.036997
0.036518
0.043321
0.039956
0.039425
0.039722
0.038171
0.037788
0.0394
0.045201
0.039517
0.038134
0.037882
0.038335
0.044386
0.040048
0.040402
0.038719
0.039516
0.037723
0.03661
0.040028
0.039872
0.036913
0.035795
0.03541
0.035376
0.039465
0.035193
0.034841
0.034328
0.033105
0.032992
0.035488
0.039839
0.034318
0.033757
0.033343
0.033914
0.038599
0.036498
0.036652
0.034132
0.03368
0.033204
0.03932
0.035774
0.035813
0.036255
0.042109
0.037674
0.039188
0.039091
0.038995
0.036555
0.041389
0.038871
0.039072
0.037109
0.038262
0.039868
0.043055
0.039253
0.038291
0.036719
0.043694
0.039371
0.039595
0.038225
0.038468
0.037376
0.041801
0.040788
0.040779
0.039196
0.03956
0.046226
0.041508
0.040522
0.038858
0.039656
0.044879
0.042888
0.044102
0.041898
0.040141
0.044309
0.042591
0.04142
0.041135
0.044896
0.042932
0.041188
0.041949
0.040556
0.044771
0.042428
0.041479
0.040632
0.045979
0.043311
0.041702
0.041116
0.039784
0.043425
0.043941
0.042152
0.042627
0.04559
0.043828
0.042449
0.042441
0.040263
0.044155
0.042076
0.041214
0.039794
0.040345
0.045099
0.045885
0.041322
0.040791
0.044973
0.042361
0.041036
0.039654
0.039012
0.04178
0.039566
0.040214
0.039357
0.041028
0.039292
0.04705
0.040616
0.041506
0.038134
0.038848
0.03749
0.040424
0.038581
0.04059
0.039034
0.038491
0.040019
0.040084
0.048666
0.03985
0.039509
0.039838
0.038301
0.038146
0.03806
0.040794
0.03955
0.040129
0.039367
0.040061
0.039039
0.040361
0.044674
0.039913
0.037102
0.035842
0.040551
0.03813
0.036095
0.035328
0.03603
0.037181
0.038747
0.036972
0.03586
0.039236
0.035915
0.03488
0.033775
0.03599
0.035917
0.034456
0.034263
0.037191
0.03587
0.035561
0.034616
0.03365
0.036924
0.035743
0.034729
0.033354
0.037676
0.036044
0.035417
0.034262
0.038039
0.036853
0.035414
0.038859
0.037458
0.037015
0.03672
0.035519
0.037306
0.037215
0.036667
0.03687
0.042206
0.039211
0.037709
0.037706
0.036769
0.038499
0.03886
0.038651
0.041396
0.041413
0.038258
0.038611
0.037031
0.040667
0.038628
0.038953
0.043045
0.041081
0.040458
0.038724
0.038075
0.043535
0.042073
0.040936
0.037439
0.0427
0.038727
0.03818
0.037706
0.037571
0.040769
0.03986
0.038222
0.042415
0.039926
0.039416
0.037039
0.036654
0.038917
0.039179
0.036631
0.036374
0.036891
0.039195
0.038247
0.040572
0.038044
0.044778
0.039735
0.038857
0.039039
0.037914
0.035876
0.037678
0.037962
0.038841
0.03675
0.036428
0.037136
0.038482
0.042127
0.038638
0.037587
0.043223
0.037398
0.037979
0.036185
0.035982
0.036889
0.040303
0.034524
0.034968
0.036547
0.039994
0.036596
0.035021
0.034198
0.040278
0.035707
0.03658
0.03682
0.039389
0.036543
0.035747
0.037084
0.039244
0.040145
0.037158
0.032799
0.037912
0.037048
0.035084
0.033741
0.03701
0.036141
0.03513
0.035348
0.041033
0.035865
0.036088
0.033307
0.032387
0.034879
0.033474
0.0319
0.035658
0.033196
0.03634
0.033439
0.032729
0.035482
0.040047
0.033003
0.031474
0.038509
0.032188
0.032023
0.033724
0.032716
0.031143
0.03145
0.029218
0.031009
0.032056
0.030955
0.028853
0.029351
0.032927
0.032654
0.029489
0.035425
0.032187
0.031547
0.032122
0.033231
0.033193
0.03272
0.031982
0.032256
0.03335
0.03288
0.031085
0.030792
0.031969
0.032352
0.03437
0.033241
0.033626
0.038424
0.034074
0.032214
0.031681
0.030914
0.033293
0.03277
0.031358
0.033384
0.031463
0.031884
0.035028
0.032426
0.031475
0.036522
0.03493
0.033496
0.032507
0.030971
0.03451
0.035208
0.033666
0.036608
0.034818
0.033835
0.032894
0.032186
0.032856
0.031214
0.033822
0.032638
0.033421
0.035396
0.03757
0.043027
0.035618
0.033733
0.033844
0.03349
0.033598
0.034274
0.035759
0.035828
0.035804
0.038014
0.044429
0.037983
0.036671
0.035305
0.034496
0.031714
0.034055
0.033531
0.033921
0.032789
0.032556
0.032617
0.03301
0.033107
0.039796
0.034458
0.034442
0.03379
0.032773
0.033081
0.033829
0.034035
0.035184
0.033581
0.033139
0.034469
0.033133
0.041502
0.034498
0.035645
0.032827
0.034037
0.034148
0.033913
0.033124
0.032526
0.03328
0.033739
0.034377
0.038741
0.033691
0.032497
0.031898
0.0317
0.030669
0.032327
0.031412
0.03081
0.031462
0.03725
0.033842
0.032037
0.033546
0.031829
0.038046
0.030974
0.029669
0.029076
0.029885
0.030854
0.029941
0.031025
0.030771
0.031287
0.031727
0.035455
0.030668
0.032023
0.028332
0.03322
0.032421
0.030408
0.029959
0.031908
0.03093
0.030815
0.030272
0.029101
0.032448
0.032134
0.029363
0.029128
0.035175
0.031489
0.029748
0.03099
0.034125
0.033054
0.032504
0.031592
0.031662
0.031736
0.034035
0.032883
0.031343
0.031246
0.035419
0.032793
0.03218
0.031078
0.030983
0.034405
0.033504
0.032539
0.032018
0.031791
0.034112
0.031192
0.030986
0.030433
0.030971
0.036236
0.032489
0.031065
0.030478
0.032011
0.033986
0.034087
0.031491
0.031097
0.03777
0.03459
0.033222
0.032918
0.032276
0.030015
0.032837
0.033356
0.032029
0.032283
0.031569
0.032227
0.031326
0.036518
0.030984
0.030564
0.030276
0.033832
0.031472
0.031322
0.028926
0.035645
0.031505
0.030921
0.030812
0.029503
0.028231
0.032671
0.031381
0.031181
0.031527
0.030318
0.030277
0.032523
0.031631
0.030803
0.032577
0.030245
0.030022
0.031084
0.033016
0.031087
0.031582
0.029456
0.035916
0.032126
0.029928
0.029574
0.029081
0.028432
0.032256
0.03278
0.030051
0.029311
0.029601
0.029446
0.030792
0.032138
0.031967
0.029648
0.029719
0.028792
0.029694
0.032629
0.030997
0.028977
0.028216
0.027508
0.02688
0.030514
0.027639
0.026989
0.026594
0.024653
0.024455
0.028715
0.024689
0.023811
0.023648
0.022466
0.022534
0.023936
0.023704
0.022928
0.022625
0.021683
0.019762
0.020801
0.02236
0.020543
0.020169
0.019097
0.019665
0.019846
0.020344
0.020517
0.019515
0.017718
0.017745
0.017156
0.018553
0.016732
0.016397
0.019704
0.018499
0.017593
0.017122
0.017404
0.021398
0.016384
0.016252
0.01673
0.016071
0.014949
0.015586
0.01592
0.016423
0.016334
0.01511
0.015737
0.01541
0.014985
0.016693
0.014294
0.014282
0.014185
0.013909
0.013836
0.013628
0.013768
0.014041
0.013797
0.01473
0.013193
0.013314
0.0136
0.01405
0.01344
0.012849
0.012323
0.013259
0.013057
0.012665
0.012453
0.01358
0.013338
0.012488
0.012088
0.014567
0.013072
0.013281
0.012468
0.012049
0.011978
0.011839
0.01195
0.013269
0.013049
0.012445
0.01242
0.012989
0.012693
0.013954
0.012975
0.012558
0.012883
0.012609
0.012325
0.012365
0.013575
0.013269
0.012849
0.012431
0.012466
0.012774
0.013084
0.014402
0.013102
0.012584
0.012154
0.012657
0.012139
0.012399
0.012978
0.012537
0.012136
0.01238
0.011724
0.012031
0.01324
0.012099
0.012091
0.012204
0.01157
0.011414
0.013204
0.011962
0.011447
0.011387
0.011377
0.010872
0.010984
0.012063
0.015203
0.01153
0.011147
0.011011
0.011541
0.011424
0.01135
0.011022
0.011313
0.011009
0.010691
0.011001
0.011658
0.011401
0.011123
0.010745
0.011539
0.01108
0.011761
0.010742
0.0126
0.011323
0.010846
0.011009
0.010512
0.011666
0.011369
0.011396
0.010862
0.010776
0.010951
0.011559
0.011321
0.011482
0.013219
0.011522
0.011333
0.011066
0.010884
0.012128
0.012514
0.012079
0.012452
0.012214
0.013353
0.013205
0.014064
0.012973
0.013611
0.014836
0.014496
0.014139
0.013915
0.014171
0.0141
0.015945
0.01578
0.015789
0.014779
0.014632
0.017041
0.015454
0.015191
0.015014
0.014813
0.014552
0.014823
0.017306
0.015616
0.015275
0.014997
0.01463
0.014373
0.017245
0.016147
0.015105
0.014759
0.015406
0.016299
0.015066
0.015326
0.014332
0.014078
0.014346
0.01541
0.014169
0.013155
0.013232
0.01295
0.013581
0.011856
0.013812
0.011958
0.011697
0.011647
0.011672
0.011203
0.011337
0.011008
0.011615
0.01062
0.010497
0.012432
0.01132
0.010846
0.010594
0.01146
0.011608
0.011176
0.010905
0.010749
0.010713
0.011911
0.010831
0.011834
0.011123
0.011431
0.010627
0.010671
0.01136
0.010552
0.010567
0.011618
0.010597
0.011656
0.010541
0.012526
0.010775
0.010868
0.010613
0.010973
0.011329
0.011311
0.011942
0.012063
0.011425
0.011012
0.010996
0.011009
0.010938
0.011388
0.01687
0.01164
0.01136
0.012487
0.012246
0.011976
0.012432
0.011893
0.01309
0.012046
0.012735
0.012933
0.012687
0.014007
0.013441
0.01342
0.013284
0.013473
0.014102
0.013641
0.013723
0.01359
0.016217
0.014815
0.014057
0.015151
0.01504
0.015348
0.014982
0.015202
0.016325
0.016874
0.016314
0.015819
0.017539
0.019196
0.018361
0.018675
0.018467
0.018808
0.018921
0.018412
0.01889
0.020924
0.019822
0.019617
0.019462
0.020168
0.019881
0.020875
0.021063
0.022815
0.022875
0.022298
0.022755
0.023212
0.022931
0.02328
0.022961
0.023223
0.023339
0.022715
0.024017
0.025325
0.024676
0.025575
0.025358
0.025342
0.025141
0.025867
0.024823
0.025041
0.025595
0.024271
0.026033
0.027119
0.02885
0.025898
0.026232
0.026903
0.027278
0.026596
0.027648
0.026442
0.026128
0.025963
0.026839
0.028486
0.027289
0.029133
0.02855
0.028038
0.0293
0.027697
0.027757
0.02837
0.029037
0.027545
0.029599
0.031221
0.029568
0.030729
0.03003
0.029714
0.029593
0.030047
0.027817
0.02883
0.028792
0.028921
0.028672
0.030116
0.029287
0.028791
0.028449
0.028833
0.028179
0.02853
0.029766
0.031302
0.029889
0.029537
0.030599
0.029934
0.030074
0.030046
0.030801
0.029953
0.031658
0.032192
0.031908
0.031034
0.031832
0.031606
0.03169
0.031621
0.031379
0.030104
0.032464
0.031932
0.031863
0.032167
0.032254
0.031605
0.031732
0.031803
0.033233
0.03223
0.035599
0.031906
0.033415
0.031083
0.032102
0.036085
0.033818
0.03616
0.032914
0.032724
0.033001
0.039257
0.034181
0.032271
0.033691
0.032892
0.039996
0.035651
0.034594
0.034717
0.033891
0.03323
0.033623
0.038456
0.035612
0.036659
0.034427
0.034093
0.037128
0.037539
0.036123
0.033386
0.033086
0.03217
0.032831
0.032269
0.039076
0.033265
0.031707
0.031997
0.03187
0.032191
0.034969
0.033249
0.033491
0.032728
0.031999
0.037973
0.036537
0.034512
0.034167
0.0353
0.039071
0.037274
0.03671
0.036916
0.036632
0.03583
0.035415
0.039372
0.039258
0.038866
0.039107
0.037878
0.045001
0.039184
0.038769
0.03899
0.037911
0.037649
0.043395
0.039568
0.041752
0.038844
0.044551
0.043832
0.043108
0.040677
0.040744
0.038589
0.036916
0.039111
0.039521
0.039968
0.03823
0.03891
0.039187
0.044667
0.038429
0.038134
0.044279
0.039325
0.039411
0.040016
0.039319
0.041345
0.042177
0.040304
0.039947
0.04288
0.041738
0.039147
0.038409
0.040715
0.040806
0.03761
0.037353
0.041666
0.040096
0.03781
0.038148
0.04004
0.03783
0.035858
0.035953
0.039343
0.03877
0.03717
0.035066
0.039695
0.040716
0.038761
0.04033
0.039778
0.038929
0.03601
0.036269
0.037057
0.038866
0.035119
0.036369
0.039246
0.038799
0.035977
0.039377
0.040676
0.037101
0.037428
0.037131
0.037947
0.038527
0.03628
0.039508
0.03635
0.036303
0.03501
0.035076
0.039929
0.037604
0.035683
0.034733
0.032474
0.035822
0.03416
0.035544
0.032493
0.032086
0.036221
0.033176
0.032924
0.037824
0.034954
0.03528
0.032708
0.035998
0.036666
0.033484
0.036339
0.03614
0.034288
0.032778
0.034981
0.035478
0.032989
0.034388
0.035435
0.034019
0.03196
0.035075
0.037854
0.034786
0.03562
0.032463
0.03349
0.032909
0.03229
0.034374
0.032673
0.042102
0.032314
0.032372
0.030075
0.029522
0.029416
0.027807
0.027549
0.027302
0.035073
0.028622
0.029436
0.031368
0.029483
0.028685
0.030673
0.032568
0.031062
0.029148
0.029653
0.028737
0.030841
0.030472
0.029674
0.029095
0.031555
0.030707
0.029196
0.028568
0.02838
0.030813
0.030539
0.030625
0.029463
0.032519
0.034613
0.033407
0.031703
0.031626
0.031929
0.034792
0.030843
0.030751
0.029239
0.030939
0.032407
0.032998
0.033602
0.040783
0.036015
0.03385
0.033687
0.032954
0.033594
0.033607
0.034014
0.032891
0.035531
0.035257
0.035106
0.036602
0.034383
0.034208
0.040812
0.037249
0.036448
0.034416
0.033944
0.035716
0.035035
0.03389
0.033438
0.034513
0.036645
0.034542
0.038662
0.036464
0.034805
0.034033
0.034733
0.035364
0.035579
0.033357
0.034168
0.036801
0.034877
0.033716
0.038477
0.037108
0.034352
0.032469
0.03486
0.0334
0.031816
0.034764
0.031631
0.029416
0.032447
0.030724
0.030481
0.031841
0.031936
0.031465
0.031171
0.033768
0.034921
0.032927
0.033741
0.036677
0.034353
0.033598
0.035673
0.034744
0.032804
0.033763
0.032246
0.031603
0.031478
0.031288
0.031769
0.033861
0.03277
0.030741
0.034463
0.031055
0.030441
0.029859
0.033037
0.0314
0.03041
0.033835
0.036041
0.033556
0.034016
0.031957
0.034825
0.033005
0.031077
0.033849
0.032062
0.031174
0.030806
0.032009
0.032173
0.032633
0.034523
0.033096
0.032047
0.033973
0.032671
0.031797
0.03282
0.033284
0.033255
0.033263
0.035902
0.034714
0.034179
0.03294
0.032372
0.03591
0.032749
0.032533
0.032341
0.035451
0.032236
0.030176
0.034315
0.032598
0.031902
0.031582
0.031084
0.032912
0.033241
0.032703
0.032076
0.032545
0.032031
0.034313
0.035369
0.034136
0.038665
0.03529
0.035756
0.034454
0.03633
0.037193
0.036649
0.0343
0.038797
0.035598
0.037198
0.036191
0.039219
0.03814
0.035793
0.039049
0.037254
0.037318
0.037752
0.03842
0.039388
0.037753
0.037043
0.039968
0.038091
0.037844
0.036851
0.038731
0.036123
0.039274
0.037981
0.037011
0.037602
0.036372
0.034952
0.038859
0.038623
0.035755
0.03456
0.039993
0.036239
0.034253
0.033846
0.035812
0.035956
0.036397
0.032873
0.035967
0.036474
0.036344
0.035491
0.040171
0.036641
0.035892
0.036295
0.038801
0.039292
0.037793
0.036614
0.040886
0.03664
0.035698
0.037608
0.036132
0.036176
0.034248
0.035899
0.036287
0.035736
0.03454
0.037446
0.036668
0.034775
0.033222
0.035655
0.034847
0.033543
0.032351
0.03647
0.034114
0.033561
0.03562
0.036081
0.035022
0.034294
0.036588
0.036597
0.035726
0.03471
0.037537
0.035308
0.035415
0.034054
0.035751
0.035658
0.03276
0.032409
0.03212
0.030904
0.031743
0.033407
0.03084
0.030411
0.030361
0.030883
0.038026
0.032017
0.03094
0.031371
0.031617
0.030369
0.030364
0.029215
0.031746
0.029495
0.027964
0.029919
0.030691
0.029375
0.029811
0.032454
0.032226
0.030816
0.030555
0.030106
0.029744
0.027826
0.027302
0.030192
0.028352
0.027082
0.026025
0.025815
0.028193
0.028206
0.028109
0.032237
0.031456
0.029924
0.028932
0.028459
0.029336
0.029551
0.028485
0.027124
0.026391
0.026368
0.029039
0.028915
0.028518
0.028353
0.031502
0.028959
0.027182
0.030906
0.028804
0.032272
0.029918
0.025922
0.028038
0.029186
0.028498
0.02756
0.031783
0.034502
0.030836
0.030446
0.030431
0.0288
0.02846
0.027472
0.028138
0.030491
0.02983
0.034869
0.031332
0.031598
0.029804
0.033247
0.028983
0.031546
0.02821
0.029375
0.03142
0.029353
0.036473
0.033909
0.02997
0.030083
0.029368
0.027676
0.033632
0.029849
0.029694
0.029891
0.032891
0.036844
0.032544
0.032675
0.031836
0.030488
0.0304
0.029303
0.03205
0.03245
0.029097
0.02985
0.036201
0.032498
0.031602
0.030232
0.030458
0.031051
0.030656
0.031253
0.031852
0.031813
0.034025
0.0329
0.033028
0.032945
0.03038
0.039731
0.033964
0.032416
0.030654
0.029986
0.029747
0.029597
0.027885
0.029407
0.029062
0.028814
0.033271
0.028487
0.027244
0.028206
0.033091
0.031791
0.029257
0.0284
0.02807
0.030432
0.035529
0.029649
0.030201
0.029331
0.033167
0.034189
0.030463
0.029835
0.033185
0.032173
0.032322
0.032885
0.03236
0.036138
0.0336
0.032037
0.030748
0.033864
0.032832
0.031531
0.03145
0.030329
0.034682
0.033293
0.032396
0.036381
0.034766
0.033821
0.035384
0.033954
0.035231
0.034486
0.033775
0.032636
0.031175
0.035371
0.032934
0.032222
0.030589
0.030526
0.032045
0.03838
0.033364
0.0332
0.031387
0.030951
0.030368
0.032197
0.032809
0.033028
0.033089
0.032831
0.040011
0.034411
0.033432
0.03265
0.032397
0.031626
0.032345
0.033873
0.033842
0.032842
0.038133
0.034313
0.033372
0.033207
0.032837
0.033013
0.033598
0.034347
0.036019
0.034691
0.039547
0.035233
0.033505
0.032795
0.031864
0.029469
0.03126
0.032194
0.032079
0.03301
0.030087
0.034452
0.030645
0.028303
0.028225
0.028882
0.02929
0.028919
0.030129
0.028804
0.02876
0.027593
0.026946
0.029578
0.028275
0.028175
0.032773
0.030559
0.030409
0.031025
0.032057
0.032624
0.031437
0.02958
0.033396
0.030256
0.029522
0.028377
0.031057
0.029183
0.02869
0.029882
0.02847
0.027305
0.027275
0.029276
0.029068
0.029586
0.027614
0.028391
0.030798
0.029925
0.030285
0.03384
0.032786
0.032792
0.031681
0.035704
0.035254
0.034478
0.034221
0.037316
0.035969
0.034705
0.03367
0.03556
0.034539
0.034163
0.03493
0.034624
0.034042
0.036371
0.034166
0.033544
0.033393
0.033801
0.033891
0.038272
0.033337
0.032031
0.037104
0.033999
0.03523
0.035009
0.032705
0.035859
0.036266
0.035372
0.038635
0.03731
0.03606
0.035156
0.035342
0.03783
0.036158
0.033823
0.033378
0.033355
0.037088
0.033845
0.032423
0.036499
0.038009
0.037278
0.03484
0.033933
0.034979
0.030108
0.029948
0.030943
0.029271
0.028589
0.032967
0.028445
0.026429
0.025592
0.025599
0.024664
0.027214
0.023744
0.023286
0.021697
0.022992
0.028554
0.025277
0.022807
0.02221
0.021556
0.020274
0.020485
0.020399
0.020023
0.019803
0.019137
0.023336
0.019632
0.021106
0.018982
0.018528
0.019368
0.019291
0.019767
0.019831
0.019198
0.018602
0.019156
0.023147
0.020251
0.019312
0.019156
0.019243
0.018722
0.019344
0.0199
0.020055
0.021246
0.020641
0.020497
0.021663
0.021886
0.02309
0.025449
0.025781
0.028332
0.028977
0.028518
0.027367
0.027741
0.026468
0.027802
0.029369
0.029229
0.03203
0.030351
0.029013
0.026739
0.027315
0.027766
0.027789
0.027843
0.026647
0.025906
0.02753
0.028574
0.026997
0.025742
0.025552
0.027791
0.026495
0.025355
0.023956
0.024826
0.024691
0.024626
0.02479
0.02339
0.021218
0.022591
0.022265
0.022364
0.021082
0.023516
0.021355
0.022392
0.022076
0.022004
0.021399
0.019469
0.021159
0.020147
0.020929
0.01884
0.018998
0.018247
0.020389
0.018968
0.019015
0.019106
0.019714
0.019024
0.019048
0.019192
0.023224
0.01969
0.019181
0.018442
0.018263
0.017389
0.017628
0.017237
0.017485
0.017546
0.01742
0.016794
0.017156
0.015554
0.016133
0.015744
0.015462
0.014875
0.016042
0.014209
0.014105
0.01509
0.014571
0.014807
0.014452
0.014517
0.01523
0.014796
0.014857
0.014873
0.018803
0.016182
0.015608
0.015299
0.015403
0.015452
0.015504
0.01466
0.015648
0.016619
0.016329
0.015749
0.016329
0.015943
0.015889
0.017382
0.016658
0.016155
0.015772
0.015758
0.01582
0.015972
0.015978
0.015845
0.016175
0.016147
0.016027
0.016251
0.015896
0.01535
0.015117
0.01657
0.016251
0.015327
0.015581
0.015429
0.015452
0.015152
0.01571
0.015673
0.015322
0.014185
0.014754
0.014821
0.016336
0.015445
0.014164
0.013976
0.014387
0.01331
0.013358
0.0131
0.013804
0.013486
0.013008
0.014036
0.013145
0.013491
0.014406
0.012885
0.013291
0.012858
0.012986
0.01245
0.012913
0.013239
0.011806
0.012202
0.011719
0.011522
0.012292
0.011363
0.010958
0.011316
0.01106
0.010887
0.011253
0.01029
0.01036
0.01022
0.009912
0.01027
0.009587
0.00972
0.009562
0.009606
0.009738
0.010087
0.009562
0.009503
0.009593
0.009724
0.009724
0.010286
0.009793
0.009599
0.009387
0.009981
0.009669
0.01113
0.010309
0.009814
0.009942
0.010271
0.010236
0.010352
0.010335
0.010239
0.009958
0.01018
0.01019
0.010523
0.009735
0.009611
0.010282
0.009813
0.010207
0.011004
0.011797
0.011351
0.01091
0.010792
0.010301
0.010173
0.010723
0.010323
0.010712
0.011075
0.012606
0.010814
0.011502
0.010558
0.010756
0.011141
0.012126
0.011038
0.012131
0.011176
0.011367
0.010926
0.011874
0.012271
0.011514
0.011466
0.011468
0.010876
0.010991
0.010523
0.010943
0.010806
0.011649
0.01081
0.010936
0.012461
0.011756
0.011269
0.010874
0.011516
0.011551
0.010973
0.01094
0.011326
0.011886
0.010979
0.010905
0.011607
0.011051
0.011029
0.010804
0.010608
0.010729
0.01115
0.010229
0.009886
0.010022
0.010274
0.010489
0.009821
0.010403
0.010026
0.009942
0.01024
0.009951
0.009953
0.010963
0.010779
0.010364
0.011737
0.010792
0.01013
0.009663
0.01046
0.010205
0.009964
0.009913
0.010834
0.011472
0.010753
0.011088
0.010513
0.010418
0.011656
0.011168
0.010493
0.011422
0.010722
0.01036
0.01107
0.011068
0.010702
0.010308
0.010769
0.011335
0.010445
0.010237
0.011082
0.010858
0.010432
0.010948
0.0111
0.011095
0.010701
0.0113
0.011591
0.011033
0.011198
0.010812
0.011527
0.012939
0.01091
0.010725
0.011057
0.013095
0.011697
0.01207
0.011294
0.011297
0.011524
0.01179
0.011473
0.011472
0.011969
0.013583
0.012316
0.01169
0.012118
0.012129
0.012347
0.0125
0.012249
0.01194
0.01301
0.01236
0.01315
0.012305
0.012704
0.014395
0.013586
0.014083
0.013413
0.013276
0.015125
0.013481
0.014854
0.013776
0.013233
0.016084
0.014899
0.019145
0.017016
0.016379
0.016604
0.016409
0.016254
0.015934
0.015841
0.016076
0.016754
0.015724
0.015901
0.01654
0.016947
0.015855
0.01955
0.017066
0.016542
0.016805
0.016166
0.01832
0.015859
0.017029
0.017821
0.018783
0.020075
0.017795
0.016852
0.017043
0.019158
0.019338
0.0182
0.019072
0.018399
0.018735
0.018801
0.019673
0.019741
0.020851
0.021547
0.019364
0.0222
0.019906
0.019544
0.019961
0.023436
0.020404
0.020299
0.020549
0.022381
0.02189
0.023821
0.022231
0.023495
0.023285
0.022108
0.025134
0.024782
0.024868
0.023494
0.024142
0.024718
0.024095
0.026196
0.024324
0.0247
0.02415
0.023663
0.024654
0.023635
0.026195
0.026328
0.024762
0.03039
0.024714
0.02511
0.026905
0.025781
0.025812
0.025852
0.026366
0.026279
0.026134
0.026277
0.028387
0.031596
0.027074
0.027347
0.026404
0.030389
0.027982
0.028085
0.027204
0.027827
0.027232
0.027485
0.02726
0.026093
0.029515
0.02719
0.026933
0.026769
0.027809
0.027815
0.031414
0.028981
0.028615
0.027663
0.028812
0.03169
0.029232
0.03163
0.031186
0.030302
0.032296
0.031106
0.032049
0.03669
0.033061
0.032509
0.0324
0.032235
0.032123
0.03695
0.033968
0.033459
0.032792
0.032275
0.032229
0.036769
0.032434
0.031339
0.030991
0.030788
0.031233
0.032773
0.036729
0.032864
0.033074
0.032279
0.040326
0.03536
0.035613
0.034298
0.034108
0.032776
0.032623
0.031493
0.036591
0.034699
0.03309
0.032179
0.032249
0.034295
0.034539
0.037772
0.036233
0.034773
0.034752
0.034523
0.039502
0.036936
0.035795
0.035545
0.034094
0.039556
0.03683
0.036007
0.035453
0.03428
0.036099
0.035629
0.043268
0.037125
0.034562
0.035366
0.036148
0.035825
0.033909
0.037743
0.038174
0.036976
0.036285
0.03608
0.040876
0.037628
0.036702
0.036698
0.035796
0.035505
0.037801
0.037143
0.035431
0.034748
0.034729
0.036268
0.037257
0.042323
0.039691
0.038492
0.038042
0.041751
0.037586
0.034766
0.033635
0.033302
0.032212
0.032481
0.034671
0.031949
0.031546
0.030126
0.033257
0.033883
0.035686
0.033161
0.040289
0.035883
0.034943
0.032482
0.032484
0.032531
0.032952
0.034221
0.035611
0.035772
0.036619
0.037379
0.044098
0.04
0.038743
0.038978
0.038102
0.035422
0.038259
0.038022
0.038372
0.036415
0.0401
0.038134
0.045851
0.039546
0.037986
0.037049
0.036431
0.035757
0.037714
0.037746
0.037076
0.036002
0.036422
0.03741
0.038902
0.037571
0.047274
0.040471
0.040894
0.039579
0.03988
0.040432
0.040383
0.03963
0.039157
0.038283
0.039095
0.042147
0.040206
0.04431
0.042904
0.040367
0.041139
0.04005
0.041411
0.040633
0.039826
0.038905
0.040546
0.041395
0.041061
0.047871
0.040441
0.041048
0.04164
0.04009
0.042572
0.042019
0.041863
0.039897
0.03992
0.040727
0.045896
0.040458
0.039652
0.045487
0.042809
0.040919
0.041685
0.039155
0.043109
0.041572
0.041446
0.039864
0.045469
0.041098
0.040192
0.039866
0.038747
0.043704
0.040614
0.039335
0.037988
0.042662
0.040246
0.037612
0.037716
0.040831
0.044608
0.040063
0.039922
0.039043
0.042137
0.041126
0.041122
0.039662
0.040611
0.040415
0.044769
0.040557
0.039219
0.043825
0.040758
0.037201
0.035258
0.035647
0.037134
0.036604
0.03591
0.03416
0.03654
0.035709
0.034743
0.035936
0.033852
0.036745
0.03429
0.033337
0.034146
0.035177
0.033487
0.035068
0.035379
0.034823
0.034622
0.038131
0.034756
0.033894
0.033545
0.037213
0.03558
0.034442
0.033786
0.036866
0.036311
0.035119
0.037466
0.037386
0.035534
0.034913
0.034613
0.036274
0.037656
0.03535
0.040336
0.038578
0.037077
0.036113
0.039439
0.039072
0.037142
0.040561
0.039039
0.039257
0.038723
0.040262
0.0407
0.039829
0.038089
0.041255
0.042146
0.038972
0.037258
0.041383
0.039256
0.039854
0.037457
0.040581
0.040236
0.039106
0.037627
0.040609
0.040369
0.038502
0.037401
0.037112
0.041184
0.039003
0.037792
0.038587
0.042555
0.039821
0.038244
0.036538
0.039326
0.039508
0.037912
0.036116
0.036257
0.03968
0.038018
0.037353
0.037413
0.042513
0.039571
0.039932
0.036944
0.037214
0.040255
0.039892
0.036798
0.036665
0.03699
0.038482
0.037657
0.041392
0.037023
0.035972
0.03898
0.038384
0.035217
0.034535
0.037758
0.037673
0.03883
0.037413
0.036419
0.039835
0.037207
0.038106
0.035313
0.035072
0.038085
0.035768
0.034709
0.035457
0.035197
0.036417
0.037834
0.03483
0.034902
0.039126
0.037325
0.035342
0.034653
0.033417
0.036154
0.035482
0.033867
0.033941
0.035297
0.035156
0.042358
0.03699
0.036158
0.035335
0.034212
0.033895
0.034061
0.035039
0.033231
0.03278
0.033093
0.03257
0.034485
0.034932
0.03158
0.038072
0.035592
0.033064
0.032674
0.031424
0.031233
0.032095
0.031672
0.032471
0.03698
0.033906
0.032208
0.030793
0.029131
0.032727
0.030607
0.031653
0.03048
0.030002
0.031687
0.031579
0.030829
0.034352
0.032363
0.031323
0.031215
0.030512
0.032771
0.033973
0.033803
0.032591
0.036619
0.033755
0.032664
0.03177
0.031237
0.034354
0.033476
0.033431
0.033648
0.037052
0.034213
0.035913
0.032016
0.031372
0.034864
0.032831
0.032319
0.031303
0.031338
0.033144
0.034907
0.032351
0.032617
0.035538
0.034144
0.032952
0.033787
0.032763
0.0345
0.033413
0.033661
0.033126
0.035045
0.039603
0.034714
0.033691
0.032303
0.031836
0.032397
0.030224
0.034005
0.036485
0.032809
0.035875
0.03378
0.043036
0.035084
0.033423
0.033492
0.034792
0.035554
0.033714
0.036266
0.03819
0.040425
0.036157
0.033671
0.037354
0.034242
0.034519
0.033949
0.033319
0.033844
0.03207
0.032947
0.032021
0.033019
0.033616
0.033585
0.042115
0.035588
0.034556
0.033201
0.033685
0.032053
0.034334
0.033855
0.033798
0.033554
0.033908
0.040238
0.037213
0.03412
0.03431
0.032623
0.033964
0.036481
0.033195
0.033485
0.032944
0.032631
0.036705
0.034078
0.03176
0.037145
0.033671
0.032768
0.031521
0.03095
0.031932
0.032884
0.031014
0.031586
0.031038
0.033093
0.030506
0.038577
0.033131
0.030253
0.029967
0.030396
0.033397
0.033286
0.03131
0.029502
0.029514
0.031098
0.033404
0.03227
0.031558
0.02798
0.032236
0.03053
0.030196
0.028922
0.028609
0.029692
0.03054
0.031102
0.032469
0.032766
0.032419
0.030505
0.030185
0.030043
0.030596
0.031368
0.030908
0.029964
0.030389
0.03237
0.030212
0.031859
0.030828
0.036656
0.032404
0.031054
0.030092
0.031564
0.032219
0.030626
0.028978
0.031718
0.030014
0.029087
0.03472
0.032231
0.029481
0.028705
0.030253
0.028072
0.029661
0.034149
0.029037
0.031259
0.035375
0.030497
0.030154
0.029477
0.029333
0.03338
0.031619
0.031346
0.03233
0.030421
0.033256
0.031928
0.031705
0.032336
0.033789
0.031996
0.031539
0.029963
0.031681
0.031857
0.032077
0.031
0.030293
0.029929
0.031496
0.030758
0.033072
0.030882
0.030765
0.028801
0.034051
0.030708
0.029597
0.030476
0.029353
0.032353
0.032043
0.03113
0.030268
0.029715
0.029374
0.033692
0.031157
0.029601
0.02986
0.030605
0.02909
0.031292
0.036706
0.032164
0.030278
0.029517
0.029923
0.027666
0.028417
0.029742
0.031109
0.030295
0.03083
0.0318
0.029678
0.035426
0.030179
0.031231
0.031066
0.029747
0.028663
0.027663
0.028231
0.030494
0.027478
0.026745
0.027651
0.027214
0.028275
0.026041
0.026912
0.027963
0.026069
0.025407
0.028669
0.025565
0.022982
0.022815
0.021966
0.02327
0.023498
0.02292
0.021691
0.022412
0.022622
0.020303
0.023482
0.021185
0.019736
0.020904
0.020244
0.018836
0.020035
0.020198
0.020292
0.018941
0.019059
0.016884
0.019106
0.01684
0.0168
0.017322
0.017215
0.017959
0.017267
0.016797
0.016544
0.015677
0.017536
0.014738
0.014179
0.014323
0.014634
0.014675
0.014177
0.014609
0.013757
0.013876
0.014019
0.013312
0.014243
0.013463
0.013459
0.013781
0.013615
0.012941
0.012395
0.012674
0.012871
0.012712
0.012262
0.01217
0.012201
0.013519
0.012711
0.011937
0.012108
0.014074
0.012422
0.012031
0.011979
0.011406
0.011464
0.01241
0.012224
0.011743
0.011591
0.011071
0.013092
0.011777
0.011576
0.01102
0.01192
0.01141
0.011446
0.011127
0.010884
0.011057
0.012247
0.011969
0.011426
0.011136
0.010614
0.012148
0.012061
0.011239
0.011191
0.011144
0.012266
0.01199
0.011682
0.011618
0.011659
0.011128
0.01297
0.012134
0.011894
0.01153
0.011086
0.011044
0.012554
0.012668
0.011257
0.011381
0.011076
0.012716
0.011508
0.011201
0.011171
0.010851
0.01095
0.011052
0.011141
0.011004
0.011207
0.011245
0.010274
0.01107
0.010732
0.010992
0.010274
0.010987
0.010825
0.010308
0.011322
0.010777
0.010703
0.010511
0.010066
0.010231
0.010393
0.010785
0.01136
0.01081
0.010602
0.012468
0.012839
0.011458
0.011823
0.0118
0.012701
0.012919
0.01328
0.012742
0.014003
0.013876
0.01408
0.014621
0.015141
0.015242
0.014888
0.014805
0.014972
0.014715
0.014721
0.015645
0.015481
0.015391
0.0146
0.014959
0.014904
0.016806
0.015216
0.016058
0.015057
0.014752
0.016761
0.015422
0.01508
0.014481
0.01417
0.015642
0.014634
0.014018
0.013626
0.013456
0.014417
0.014285
0.012625
0.012356
0.013035
0.012869
0.011582
0.011466
0.011478
0.011005
0.011373
0.011094
0.012291
0.011532
0.011449
0.010834
0.010861
0.011735
0.011726
0.011451
0.011098
0.011807
0.010983
0.010407
0.011462
0.01089
0.010677
0.011112
0.010625
0.010356
0.010067
0.011995
0.011311
0.010934
0.009934
0.011769
0.011348
0.011291
0.010511
0.011919
0.011642
0.011245
0.010865
0.011769
0.011421
0.011209
0.011233
0.012243
0.011917
0.011813
0.011782
0.01189
0.012681
0.012359
0.012204
0.012304
0.013915
0.013681
0.013561
0.012825
0.012921
0.012704
0.014092
0.014548
0.013542
0.013541
0.014765
0.014312
0.014265
0.01386
0.013756
0.014027
0.015183
0.014453
0.014045
0.014524
0.015733
0.018097
0.017473
0.017618
0.017008
0.017062
0.01635
0.015951
0.016538
0.016481
0.01688
0.017077
0.017506
0.018418
0.018614
0.017912
0.020948
0.0203
0.019921
0.019633
0.022832
0.022378
0.022442
0.022299
0.021363
0.021785
0.026224
0.023774
0.024542
0.024272
0.024778
0.024672
0.024399
0.025586
0.025378
0.025814
0.026321
0.025817
0.024574
0.027467
0.027219
0.02853
0.026026
0.02818
0.026387
0.02718
0.026318
0.02894
0.026691
0.029557
0.027616
0.028379
0.028034
0.028346
0.028429
0.029131
0.027591
0.028929
0.030263
0.029102
0.029625
0.029078
0.028191
0.030873
0.029094
0.028547
0.029381
0.0276
0.027767
0.029556
0.028895
0.028858
0.030413
0.02964
0.028788
0.034399
0.030584
0.02956
0.029714
0.029482
0.029387
0.030456
0.031057
0.030075
0.03137
0.031803
0.031311
0.032604
0.03206
0.031227
0.031317
0.034061
0.031532
0.031721
0.031999
0.030323
0.032922
0.031916
0.031042
0.031035
0.029893
0.03171
0.031215
0.033051
0.032369
0.033152
0.032042
0.031952
0.032278
0.033428
0.03223
0.033107
0.032548
0.033484
0.032521
0.032704
0.032913
0.032402
0.034614
0.034029
0.033254
0.034357
0.03439
0.034071
0.033859
0.038644
0.035358
0.034763
0.035208
0.034034
0.035047
0.035026
0.034889
0.03378
0.034334
0.033592
0.034247
0.03588
0.035193
0.034702
0.034678
0.034956
0.033456
0.033976
0.033596
0.033521
0.034178
0.03573
0.035761
0.03537
0.035143
0.034909
0.034698
0.034121
0.034995
0.034543
0.03391
0.033334
0.033872
0.033324
0.03337
0.032959
0.032567
0.035778
0.03568
0.035509
0.035454
0.03473
0.035128
0.034454
0.034559
0.033879
0.034648
0.033421
0.033641
0.032797
0.03321
0.032937
0.031921
0.031613
0.033102
0.031265
0.031242
0.0316
0.031705
0.031914
0.031477
0.032628
0.034176
0.031635
0.033584
0.032929
0.034078
0.033356
0.031482
0.033622
0.03374
0.033305
0.032999
0.035039
0.032965
0.033975
0.034428
0.034117
0.034795
0.033881
0.033469
0.033005
0.032128
0.034239
0.03488
0.0348
0.034655
