0.026688
0.121785
0.130375
0.132124
0.14048
0.131339
0.134564
0.128501
0.133353
0.129354
0.12693
0.142598
0.132352
0.134623
0.129765
0.131992
0.13079
0.130181
0.140014
0.140255
0.130238
0.129153
0.12807
0.128852
0.122339
0.129847
0.126218
0.124185
0.122799
0.121701
0.12209
0.119644
0.123779
0.119195
0.117948
0.116554
0.113868
0.11198
0.116067
0.127064
0.127299
0.131984
0.131844
0.128972
0.12851
0.128952
0.127067
0.11961
0.124319
0.124906
0.12436
0.122457
0.119893
0.126229
0.136927
0.140209
0.153569
0.132576
0.129604
0.132791
0.134576
0.131093
0.132734
0.133932
0.131646
0.131472
0.123416
0.128985
0.127476
0.123309
0.122926
0.119013
0.113963
0.117007
0.113446
0.121949
0.121305
0.120881
0.118268
0.120618
0.119962
0.120773
0.117416
0.115402
0.119557
0.117345
0.118256
0.111708
0.115884
0.114035
0.118623
0.123451
0.126276
0.121863
0.125279
0.128096
0.12921
0.130956
0.128285
0.122884
0.122248
0.127891
0.130093
0.14045
0.132433
0.136262
0.133532
0.138312
0.135495
0.134481
0.131215
0.13292
0.130552
0.129927
0.126075
0.130805
0.131498
0.125437
0.135558
0.137522
0.134697
0.135012
0.130911
0.132081
0.126163
0.12581
0.127763
0.123306
0.126544
0.115438
0.116402
0.121078
0.116681
0.11345
0.108847
0.115021
0.11862
0.121635
0.120142
0.117365
0.11529
0.120903
0.134998
0.122433
0.122737
0.119688
0.122965
0.125973
0.124394
0.121054
0.12584
0.127143
0.122753
0.122378
0.119527
0.123331
0.123323
0.129085
0.114899
0.107981
0.100301
0.102432
0.10364
0.110483
0.111962
0.116185
0.111945
0.112833
0.114643
0.113699
0.115407
0.113904
0.114075
0.114659
0.107493
0.114817
0.114886
0.113112
0.119106
0.114535
0.112187
0.114912
0.110507
0.108706
0.108546
0.105785
0.10472
0.10625
0.106922
0.103035
0.110313
0.105277
0.103666
0.100808
0.09976
0.098762
0.09644
0.105315
0.102363
0.101918
0.102457
0.098651
0.099033
0.106881
0.10323
0.100907
0.10021
0.098902
0.097133
0.099063
0.097289
0.09257
0.094239
0.098433
0.100958
0.09909
0.101851
0.108128
0.100048
0.101028
0.097563
0.096718
0.094576
0.104814
0.105053
0.098361
0.096429
0.09957
0.09196
0.094134
0.108532
0.103171
0.102579
0.09685
0.095328
0.100151
0.106196
0.093086
0.092375
0.084371
0.088375
0.084535
0.083931
0.089227
0.086658
0.08219
0.080753
0.079794
0.084845
0.083713
0.083862
0.089129
0.075213
0.076943
0.072836
0.086108
0.074369
0.075997
0.072971
0.070488
0.076605
0.075381
0.076862
0.074462
0.076927
0.069494
0.067191
0.070327
0.072987
0.068591
0.066854
0.064749
0.077035
0.069599
0.068172
0.067571
0.065618
0.066175
0.064331
0.065977
0.070156
0.068007
0.068926
0.063557
0.064521
0.071697
0.064688
0.064076
0.064025
0.061606
0.062324
0.067634
0.066633
0.063443
0.065999
0.064954
0.063047
0.068726
0.076791
0.067239
0.066106
0.062383
0.063744
0.066294
0.070832
0.068567
0.064739
0.066607
0.06638
0.06858
0.06596
0.07155
0.064096
0.062863
0.062824
0.065513
0.075599
0.071235
0.064376
0.065675
0.060939
0.064883
0.063729
0.063563
0.066602
0.075213
0.076398
0.06897
0.067624
0.066793
0.069281
0.068741
0.068381
0.06483
0.073077
0.070103
0.069248
0.064987
0.064917
0.069335
0.075469
0.073508
0.066508
0.069883
0.070207
0.068124
0.079862
0.073308
0.075874
0.071645
0.071344
0.071436
0.079332
0.072902
0.072172
0.071962
0.067766
0.074301
0.072393
0.079214
0.071697
0.070564
0.074162
0.070858
0.07238
0.074109
0.078045
0.077393
0.083022
0.081096
0.076798
0.080322
0.080702
0.084072
0.084527
0.082524
0.077194
0.085777
0.081838
0.080694
0.08699
0.092786
0.083515
0.083515
0.079995
0.075554
0.078108
0.079878
0.08223
0.08002
0.080611
0.078915
0.078286
0.090139
0.08526
0.083449
0.079373
0.083123
0.079894
0.079681
0.08152
0.081156
0.08477
0.089308
0.087787
0.088808
0.088827
0.088438
0.086937
0.085282
0.089831
0.094554
0.091154
0.092544
0.091331
0.093896
0.090518
0.091441
0.092918
0.095923
0.096304
0.095306
0.097701
0.098331
0.094822
0.095484
0.094143
0.095178
0.098648
0.094107
0.097992
0.099279
0.095885
0.096162
0.096717
0.091697
0.091825
0.090733
0.087514
0.094065
0.092244
0.097266
0.097519
0.099733
0.094603
0.096782
0.095736
0.095366
0.098488
0.102543
0.101386
0.099059
0.100139
0.099027
0.095232
0.09739
0.096213
0.102374
0.099195
0.102003
0.107788
0.107126
0.103571
0.103293
0.102481
0.102514
0.099796
0.104888
0.102206
0.112219
0.107431
0.107612
0.109228
0.109657
0.105022
0.110131
0.11081
0.106607
0.111423
0.111498
0.113041
0.113364
0.107946
0.105487
0.106336
0.1106
0.113072
0.112967
0.112412
0.109477
0.10704
0.106288
0.116967
0.116149
0.11553
0.113472
0.11461
0.115661
0.112478
0.107876
0.112959
0.110838
0.114436
0.113039
0.113723
0.115507
0.112405
0.110333
0.113384
0.109568
0.115183
0.117376
0.118538
0.116226
0.118958
0.114836
0.109055
0.114379
0.125928
0.122558
0.125094
0.12115
0.121102
0.121595
0.11948
0.118479
0.123179
0.12003
0.114139
0.123556
0.128683
0.125726
0.124247
0.127592
0.124097
0.12545
0.132034
0.126504
0.122931
0.122338
0.124602
0.126994
0.138726
0.130085
0.133054
0.131291
0.129391
0.129457
0.12876
0.127451
0.131995
0.127816
0.128164
0.126663
0.133561
0.130933
0.130409
0.130557
0.127787
0.135442
0.134009
0.132096
0.132895
0.128329
0.132568
0.128796
0.127736
0.132001
0.127048
0.12766
0.129305
0.127464
0.122133
0.125145
0.128688
0.13126
0.128944
0.128627
0.12358
0.123254
0.130428
0.127155
0.126336
0.121986
0.123264
0.131466
0.127037
0.127165
0.123549
0.127738
0.12393
0.127192
0.121043
0.12297
0.120356
0.129244
0.132285
0.125503
0.123074
0.120077
0.124145
0.122486
0.121463
0.125716
0.122668
0.125547
0.127745
0.126881
0.125976
0.128207
0.117871
0.122331
0.128971
0.129879
0.125592
0.128186
0.128729
0.128909
0.126929
0.137819
0.130328
0.128761
0.128157
0.126313
0.127343
0.125301
0.134541
0.134124
0.131443
0.129566
0.123109
0.145502
0.131496
0.129536
0.131078
0.127676
0.12684
0.125319
0.134103
0.128769
0.129633
0.130002
0.12466
0.124687
0.133259
0.127022
0.125058
0.117096
0.142276
0.126084
0.119118
0.12163
0.126551
0.116903
0.111967
0.112713
0.115123
0.12291
0.116182
0.119733
0.119572
0.119692
0.134505
0.119335
0.11985
0.123619
0.134349
0.123556
0.125308
0.121116
0.119217
0.125251
0.125935
0.122976
0.133607
0.126023
0.119136
0.138855
0.128088
0.125615
0.130128
0.128995
0.127692
0.127719
0.122286
0.121737
0.126655
0.131886
0.12837
0.137263
0.128537
0.129454
0.129551
0.126807
0.122992
0.13339
0.13061
0.125927
0.12613
0.135382
0.129507
0.134778
0.149629
0.126067
0.126934
0.125654
0.127215
0.122769
0.131695
0.128812
0.126977
0.13296
0.135453
0.136027
0.12645
0.127897
0.130626
0.127259
0.136717
0.124505
0.125954
0.121806
0.12394
0.125204
0.130442
0.138713
0.129567
0.127647
0.118246
0.120092
0.134001
0.119097
0.118709
0.117644
0.121791
0.119462
0.116209
0.10984
0.113029
0.116105
0.11198
0.127656
0.126743
0.117558
0.116026
0.116506
0.114425
0.116511
0.121118
0.123199
0.121068
0.11745
0.127262
0.113976
0.109523
0.109835
0.119301
0.115558
0.108871
0.113776
0.112224
0.107683
0.115954
0.111283
0.106517
0.106237
0.105283
0.101057
0.115493
0.107973
0.102388
0.103026
0.111942
0.10821
0.108494
0.10631
0.105689
0.103098
0.110116
0.109496
0.109847
0.122186
0.115117
0.112427
0.113402
0.111981
0.109851
0.118464
0.121324
0.116744
0.116509
0.128449
0.126604
0.120679
0.121489
0.118233
0.113789
0.126462
0.123012
0.115731
0.119163
0.117811
0.138302
0.12805
0.128008
0.127498
0.125983
0.123831
0.124272
0.139595
0.125562
0.126141
0.118933
0.120432
0.141913
0.130372
0.127813
0.120672
0.122128
0.127529
0.135736
0.129973
0.12445
0.12469
0.12381
0.123385
0.139604
0.129087
0.125728
0.12463
0.120267
0.136593
0.121335
0.123251
0.119217
0.113383
0.108588
0.123082
0.11133
0.104058
0.108553
0.104782
0.101204
0.106349
0.108689
0.100458
0.099647
0.091255
0.088412
0.097295
0.087867
0.079996
0.078568
0.076251
0.076023
0.083173
0.083206
0.097983
0.08647
0.086281
0.081953
0.082901
0.079698
0.081367
0.080111
0.087219
0.083399
0.087651
0.089393
0.089403
0.089957
0.101257
0.092465
0.090043
0.086369
0.090052
0.085643
0.089501
0.083783
0.089923
0.086043
0.086134
0.080426
0.088613
0.105272
0.098652
0.087439
0.090279
0.086635
0.085224
0.085005
0.081793
0.086944
0.089186
0.085593
0.097912
0.091854
0.09305
0.093246
0.093862
0.093366
0.09019
0.090901
0.096179
0.092602
0.096396
0.112795
0.097666
0.099246
0.096074
0.092783
0.093763
0.090543
0.090007
0.096725
0.099268
0.099033
0.10258
0.100849
0.098055
0.102524
0.100378
0.101555
0.09711
0.104376
0.101109
0.096793
0.101847
0.106178
0.108899
0.124096
0.108864
0.111023
0.106228
0.101113
0.103416
0.099394
0.105184
0.105634
0.110311
0.111828
0.112337
0.10904
0.139774
0.115459
0.117894
0.115364
0.111855
0.115115
0.11376
0.110354
0.112121
0.111929
0.115335
0.114807
0.116709
0.110392
0.114024
0.12067
0.116256
0.108223
0.108144
0.105438
0.103571
0.106323
0.101294
0.108363
0.101139
0.097307
0.09791
0.106925
0.103765
0.115206
0.101486
0.106255
0.101397
0.116523
0.107338
0.102305
0.09891
0.099097
0.099977
0.103228
0.102745
0.10327
0.102491
0.097547
0.116419
0.105288
0.107997
0.105743
0.104934
0.106115
0.100852
0.103916
0.104308
0.103912
0.101354
0.099277
0.101383
0.097905
0.106283
0.103392
0.097652
0.10063
0.095441
0.096313
0.093323
0.105206
0.101895
0.100281
0.093737
0.091438
0.095231
0.10475
0.099017
0.09731
0.092686
0.0897
0.090759
0.091748
0.097418
0.093867
0.092397
0.086774
0.086549
0.1003
0.093667
0.08773
0.090464
0.088196
0.086334
0.084875
0.086113
0.091502
0.092089
0.089826
0.089035
0.082604
0.095061
0.089962
0.087845
0.089322
0.08609
0.08447
0.084228
0.089403
0.08786
0.088466
0.087637
0.087076
0.080248
0.091707
0.084774
0.086803
0.083812
0.083527
0.08364
0.085026
0.078447
0.089328
0.08716
0.087169
0.085075
0.085676
0.091276
0.091727
0.090189
0.090323
0.090456
0.103256
0.093972
0.09722
0.099334
0.102968
0.102946
0.097224
0.099812
0.103186
0.104297
0.1078
0.107692
0.106238
0.104028
0.110555
0.108376
0.103275
0.105026
0.099468
0.098609
0.102373
0.099705
0.101619
0.1044
0.1044
0.099756
0.10197
0.104564
0.099346
0.101193
0.107677
0.102612
0.10448
0.1008
0.100562
0.099029
0.1001
0.100308
0.101202
0.098246
0.096975
0.094737
0.096075
0.09195
0.098466
0.097019
0.097166
0.097764
0.095065
0.092072
0.09458
0.095179
0.094537
0.093876
0.097667
0.099321
0.102861
0.103217
0.099503
0.100597
0.098969
0.102241
0.099611
0.099645
0.100088
0.099928
0.098568
0.104234
0.10309
0.105893
0.110963
0.109036
0.10504
0.104568
0.102121
0.100812
0.105762
0.103086
0.106923
0.113264
0.105541
0.109071
0.106039
0.108186
0.105119
0.10323
0.105787
0.102484
0.101179
0.105397
0.103378
0.099887
0.101645
0.101626
0.09756
0.099345
0.101194
0.103397
0.110986
0.105026
0.104478
0.110644
0.10845
0.10586
0.104934
0.107814
0.101251
0.105784
0.104582
0.10998
0.104609
0.110908
0.110289
0.106996
0.106158
0.110757
0.108659
0.105934
0.108464
0.103474
0.107511
0.110667
0.107304
0.1073
0.106289
0.109749
0.106141
0.102522
0.111652
0.108244
0.105667
0.109152
0.104225
0.106452
0.107511
0.101819
0.103159
0.112094
0.105055
0.106838
0.104502
0.111808
0.106588
0.105874
0.105314
0.10796
0.104204
0.102699
0.097727
0.095492
0.094268
0.091983
0.095622
0.094166
0.094739
0.094745
0.103614
0.105943
0.106954
0.103571
0.105739
0.108989
0.11042
0.107681
0.106546
0.109328
0.107964
0.110813
0.111472
0.11121
0.113161
0.1121
0.109792
0.106927
0.106208
0.107916
0.106342
0.113279
0.106915
0.106768
0.106
0.108251
0.110703
0.107383
0.10764
0.10646
0.108908
0.106082
0.108025
0.105762
0.107206
0.102991
0.104918
0.107528
0.102948
0.102358
0.104818
0.105181
0.102482
0.100039
0.099464
0.105366
0.103768
0.098752
0.097598
0.102057
0.103344
0.106221
0.102658
0.099689
0.101013
0.10339
0.102282
0.104915
0.105555
0.100901
0.102616
0.10161
0.10513
0.1041
0.106762
0.105683
0.109632
0.103329
0.105377
0.106054
0.1091
0.109727
0.110316
0.109321
0.109022
0.10796
0.106647
0.110442
0.105793
0.107129
0.106153
0.107718
0.107838
0.106145
0.10523
0.110068
0.107236
0.107749
0.107046
0.108784
0.107488
0.102841
0.107793
0.11047
0.110376
0.11228
0.109873
0.109049
0.107168
0.107958
0.108
0.112237
0.107596
0.107321
0.110449
0.109029
0.109268
0.108791
0.111711
0.109069
0.10806
0.107964
0.105617
0.106957
0.109041
0.104941
0.106484
0.109751
0.107472
0.110932
0.110754
0.113283
0.113217
0.112261
0.110729
0.110981
0.10657
0.108048
0.108028
0.105804
0.106021
0.109792
0.106845
0.10539
0.112399
0.1135
0.109087
0.109926
0.110833
0.105551
0.106956
0.112426
0.108978
0.105788
0.110257
0.108178
0.107068
0.108123
0.109807
0.108212
0.110772
0.109328
0.111941
0.108438
0.109943
0.111767
0.111589
0.108881
0.110254
0.111403
0.10822
0.111822
0.106738
0.103786
0.108216
0.106714
0.106475
0.106184
0.107183
0.106198
0.108254
0.105833
0.105756
0.104219
0.105267
0.105939
0.105558
0.109813
0.109534
0.109334
0.104473
0.105374
0.110224
0.106447
0.104925
0.108411
0.104115
0.108127
0.104311
0.107859
0.111753
0.112672
0.108332
0.10666
0.107691
0.109119
0.110038
0.108419
0.105901
0.108751
0.106063
0.108385
0.108222
0.111299
0.106001
0.108416
0.108006
0.113082
0.10851
0.110922
0.102693
0.105298
0.107958
0.106058
0.107199
0.106849
0.105938
0.105116
0.104614
0.106803
0.105478
0.108031
0.109535
0.109014
0.103765
0.110305
0.109404
0.104845
0.105663
0.104934
0.108335
0.10777
0.109913
0.1056
0.112306
0.112388
0.10368
0.109523
0.111759
0.107743
0.107898
0.106652
0.105257
0.107532
0.111938
0.112064
0.112398
0.107988
0.107104
0.107365
0.111782
0.109128
0.11219
0.109705
0.106705
0.107881
0.112211
0.110301
0.110573
0.105094
0.105211
0.108298
0.111541
0.10584
0.112404
0.107688
0.102764
0.107761
0.106884
0.107233
0.105128
0.10506
0.106165
0.102476
0.110225
0.107169
0.10428
0.107653
0.107235
0.108344
0.106073
0.109341
0.108966
0.105239
0.106622
0.111236
0.109356
0.109919
0.110116
0.105463
0.106388
0.10973
0.105201
0.109
0.10583
0.10694
0.105704
0.105929
0.108257
0.10687
0.105813
0.108878
0.104104
0.104526
0.103608
0.10448
0.10035
0.101923
0.102485
0.098118
0.103008
0.100584
0.100895
0.102647
0.103223
0.101507
0.099325
0.102262
0.103516
0.103123
0.10221
0.107166
0.10694
0.104322
0.10504
0.10695
0.101401
0.104321
0.107901
0.10149
0.107694
0.10736
0.109213
0.105163
0.10582
0.106545
0.107322
0.111213
0.106624
0.105877
0.106763
0.107887
0.106217
0.101327
0.10906
0.103602
0.106032
0.10325
0.10766
0.102787
0.105312
0.104275
0.103416
0.104003
0.103068
0.103071
0.10096
0.104626
0.101612
0.104119
0.101707
0.098759
0.105357
0.100196
0.107162
0.101687
0.100688
0.09881
0.097605
0.104299
0.099945
0.100777
0.101363
0.101403
0.100045
0.097987
0.101505
0.098608
0.101587
0.10232
0.099544
0.10127
0.098151
0.095694
0.099938
0.096361
0.094716
0.097416
0.09899
0.095585
0.09787
0.098047
0.099039
0.099017
0.098414
0.093934
0.094292
0.094466
0.099536
0.100465
0.098941
0.098569
0.095074
0.09506
0.095374
0.09876
0.0953
0.096394
0.099632
0.094607
0.0983
0.09919
0.095614
0.092505
0.093162
0.09262
0.094481
0.093285
0.09356
0.096049
0.097654
0.096842
0.096947
0.097942
0.090673
0.090248
0.09418
0.092399
0.098027
0.0931
0.096802
0.093574
0.097256
0.097025
0.094861
0.091798
0.091281
0.094474
0.09592
0.094977
0.092917
0.097603
0.092279
0.097665
0.092797
0.092643
0.092337
0.091822
0.09492
0.092756
0.092973
0.090192
0.094171
0.08961
0.092071
0.092382
0.092179
0.092196
0.09219
0.091141
0.096566
0.096378
0.096268
0.095493
0.096203
0.090169
0.090724
0.09146
0.091258
0.092161
0.094107
0.093346
0.090223
0.089816
0.088588
0.096405
0.096825
0.096719
0.096297
0.092209
0.092287
0.092508
0.092377
0.09092
0.090481
0.096728
0.093729
0.090219
0.091157
0.090469
0.094665
0.096601
0.097332
0.095527
0.094508
0.094489
0.092332
0.096042
0.096938
0.09769
0.093904
0.095576
0.0918
0.09581
0.095598
0.092003
0.092776
0.094345
0.09527
0.093997
0.093483
0.099261
0.091272
0.092596
0.092917
0.098568
0.094917
0.095611
0.09474
0.093869
0.092573
0.096311
0.09493
0.0947
0.097456
0.09734
0.095952
0.099189
0.094091
0.091568
0.098059
0.098491
0.100518
0.097948
0.092637
0.096898
0.095291
0.089588
0.094596
0.0942
0.091005
0.089326
0.091637
0.092129
0.094588
0.090438
0.093579
0.088953
0.092837
0.088564
0.091647
0.092738
0.088068
0.091774
0.092235
0.09198
0.092647
0.099049
0.099428
0.095237
0.100725
0.099044
0.094303
0.097985
0.098
0.094356
0.09437
0.096941
0.096351
0.091634
0.090194
0.092519
0.088703
0.093124
0.093167
0.094302
0.091324
0.09247
0.090408
0.094976
0.095839
0.093853
0.089169
0.0926
0.091652
0.087747
0.085809
0.088956
0.08917
0.094612
0.090167
0.090801
0.090584
0.08936
0.08946
0.090943
0.086402
0.089653
0.092133
0.091991
0.098555
0.093536
0.092208
0.094467
0.092776
0.092568
0.09262
0.091339
0.09255
0.089639
0.091805
0.094737
0.092461
0.093292
0.091297
0.092122
0.093229
0.093631
0.092325
0.090871
0.090054
0.089561
0.088844
0.093048
0.090392
0.08903
0.093048
0.093668
0.093455
0.094883
0.088823
0.086417
0.091427
0.090877
0.093432
0.097371
0.096471
0.095345
0.095575
0.093152
0.101322
0.096889
0.095785
0.097568
0.095534
0.093697
0.093064
0.094322
0.0925
0.096452
0.095328
0.092636
0.099643
0.097507
0.102285
0.100086
0.100207
0.100255
0.099724
0.100393
0.09883
0.103976
0.103888
0.099294
0.096481
0.09514
0.097557
0.095666
0.093199
0.093546
0.095758
0.097937
0.098128
0.098042
0.09438
0.09422
0.094221
0.092187
0.092938
0.091732
0.090718
0.088526
0.092788
0.094519
0.095012
0.093892
0.091017
0.091384
0.090484
0.088365
0.091191
0.089596
0.088649
0.08787
0.086404
0.088933
0.088611
0.089564
0.090195
0.087266
0.089548
0.091043
0.084373
0.086205
0.084114
0.084756
0.080956
0.087481
0.085269
0.083222
0.083363
0.086545
0.085836
0.082183
0.08244
0.091322
0.085177
0.08772
0.082885
0.082468
0.086972
0.086391
0.08527
0.086856
0.086062
0.087973
0.085071
0.082356
0.082722
0.083975
0.090526
0.083693
0.081478
0.08018
0.077991
0.075435
0.074384
0.080613
0.075319
0.072221
0.070809
0.073154
0.084219
0.076171
0.075452
0.070046
0.07305
0.074406
0.073915
0.076688
0.076762
0.07071
0.073806
0.072451
0.071471
0.079191
0.073837
0.073152
0.073923
0.070818
0.072403
0.074261
0.072936
0.077932
0.075038
0.072592
0.074938
0.074188
0.073879
0.07292
0.075846
0.079146
0.073092
0.07235
0.076612
0.078108
0.075755
0.076288
0.07587
0.078006
0.082142
0.078592
0.077669
0.076841
0.076967
0.076251
0.082066
0.079991
0.078076
0.076899
0.080818
0.081737
0.087161
0.083749
0.089418
0.084326
0.087701
0.083813
0.090364
0.085319
0.094521
0.096035
0.091995
0.092573
0.089465
0.096809
0.097443
0.095355
0.097058
0.092798
0.094337
0.092196
0.095661
0.099352
0.099884
0.097603
0.099727
0.098985
0.100473
0.097082
0.097458
0.098985
0.097956
0.094434
0.091512
0.094324
0.094109
0.092442
0.095888
0.100519
0.100783
0.101555
0.100246
0.102284
0.101007
0.102522
0.101434
0.096657
0.099348
0.0987
0.101246
0.099872
0.097879
0.097769
0.097993
0.100051
0.101163
0.09886
0.10072
0.100325
0.097974
0.099184
0.097464
0.095919
0.100493
0.099266
0.099206
0.099954
0.098767
0.100471
0.099344
0.101264
0.098214
0.101712
0.098472
0.099212
0.100656
0.098868
0.100295
0.096939
0.102825
0.100262
0.1002
0.100925
0.101035
0.09746
0.100057
0.102802
0.103078
0.104205
0.103482
0.099795
0.100375
0.100691
0.100596
0.102056
