0.0000 0.0000 0.0000 0.0000 0.0000 0.0000 0.0000 1.0000
1.0000 -0.0039 -0.0046 0.0015 -0.0001 0.0000 0.0000 1.0000
2.0000 -0.0101 -0.0042 0.0007 -0.0001 -0.0000 0.0000 1.0000
3.0000 -0.0152 -0.0039 -0.0026 -0.0000 -0.0000 -0.0000 1.0000
4.0000 -0.0192 -0.0040 -0.0001 -0.0001 -0.0001 -0.0000 1.0000
5.0000 -0.0097 -0.0020 -0.0027 -0.0000 -0.0003 -0.0000 1.0000
6.0000 0.0085 -0.0052 -0.0037 -0.0001 -0.0003 0.0000 1.0000
7.0000 0.0252 -0.0029 -0.0072 -0.0000 -0.0005 -0.0001 1.0000
8.0000 0.0583 -0.0027 -0.0110 0.0001 -0.0010 -0.0000 1.0000
9.0000 0.1166 -0.0012 0.0032 -0.0001 -0.0026 0.0000 1.0000
10.0000 0.1815 -0.0046 0.0005 0.0001 -0.0032 0.0001 1.0000
11.0000 0.2629 -0.0022 0.0004 0.0002 -0.0033 0.0001 1.0000
12.0000 0.3573 -0.0040 -0.0010 0.0003 -0.0033 0.0002 1.0000
13.0000 0.4792 -0.0061 -0.0032 0.0005 -0.0033 0.0003 1.0000
14.0000 0.6055 -0.0105 -0.0014 0.0009 -0.0034 0.0004 1.0000
15.0000 0.7496 -0.0150 0.0012 0.0012 -0.0037 0.0004 1.0000
16.0000 0.9126 -0.0082 0.0009 0.0013 -0.0040 0.0006 1.0000
17.0000 1.1009 -0.0106 0.0024 0.0012 -0.0042 0.0007 1.0000
18.0000 1.3044 -0.0053 0.0032 0.0014 -0.0043 0.0009 1.0000
19.0000 1.5263 -0.0129 0.0084 0.0016 -0.0048 0.0010 1.0000
20.0000 1.7722 -0.0072 0.0096 0.0021 -0.0052 0.0013 1.0000
21.0000 2.0347 -0.0085 0.0095 0.0026 -0.0052 0.0015 1.0000
22.0000 2.3059 -0.0044 0.0196 0.0031 -0.0053 0.0017 1.0000
23.0000 2.6006 -0.0071 0.0207 0.0031 -0.0052 0.0018 1.0000
24.0000 2.9113 -0.0020 0.0243 0.0030 -0.0052 0.0020 1.0000
25.0000 3.2292 -0.0066 0.0319 0.0032 -0.0061 0.0024 1.0000
26.0000 3.5651 -0.0028 0.0343 0.0038 -0.0073 0.0029 1.0000
27.0000 3.9206 -0.0009 0.0419 0.0043 -0.0078 0.0031 1.0000
28.0000 4.2968 0.0047 0.0470 0.0042 -0.0085 0.0035 0.9999
29.0000 4.6836 0.0092 0.0501 0.0040 -0.0090 0.0040 0.9999
30.0000 5.0929 0.0147 0.0519 0.0040 -0.0091 0.0047 0.9999
31.0000 5.5134 0.0166 0.0624 0.0043 -0.0091 0.0059 0.9999
32.0000 5.9511 0.0283 0.0702 0.0045 -0.0079 0.0076 0.9999
33.0000 6.3949 0.0411 0.0761 0.0045 -0.0063 0.0100 0.9999
34.0000 6.8370 0.0544 0.0926 0.0049 -0.0055 0.0126 0.9999
35.0000 7.2853 0.0787 0.0937 0.0045 -0.0047 0.0159 0.9999
36.0000 7.7390 0.0986 0.1033 0.0043 -0.0045 0.0193 0.9998
37.0000 8.2053 0.1290 0.1058 0.0038 -0.0043 0.0231 0.9997
38.0000 8.6750 0.1592 0.1115 0.0039 -0.0042 0.0271 0.9996
39.0000 9.1494 0.1964 0.1204 0.0042 -0.0048 0.0314 0.9995
40.0000 9.6383 0.2315 0.1349 0.0048 -0.0049 0.0362 0.9993
41.0000 10.1338 0.2818 0.1390 0.0048 -0.0050 0.0416 0.9991
42.0000 10.6419 0.3369 0.1505 0.0041 -0.0043 0.0475 0.9989
43.0000 11.1605 0.4097 0.1289 0.0044 -0.0035 0.0540 0.9985
44.0000 11.6807 0.4729 0.1460 0.0041 -0.0025 0.0612 0.9981
45.0000 12.2152 0.5558 0.1405 0.0056 -0.0008 0.0686 0.9976
46.0000 12.7528 0.6507 0.1902 0.0050 0.0005 0.0768 0.9970
47.0000 13.2977 0.7543 0.1614 0.0049 0.0009 0.0857 0.9963
48.0000 13.8461 0.8704 0.1630 0.0059 0.0013 0.0955 0.9954
49.0000 14.3885 1.0040 0.1962 0.0043 0.0016 0.1060 0.9944
50.0000 14.9636 1.1583 0.1360 0.0042 0.0010 0.1175 0.9931
51.0000 15.5348 1.3096 0.1333 0.0065 0.0023 0.1300 0.9915
52.0000 16.0939 1.4869 0.1877 0.0095 0.0039 0.1439 0.9895
53.0000 16.6310 1.6818 0.2409 0.0092 0.0038 0.1588 0.9873
54.0000 17.1993 1.9035 0.1727 0.0061 0.0037 0.1740 0.9847
55.0000 17.7978 2.1660 0.1427 0.0060 0.0036 0.1899 0.9818
56.0000 18.3435 2.4245 0.1514 0.0084 0.0030 0.2070 0.9783
57.0000 18.8722 2.6868 0.2114 0.0083 0.0046 0.2234 0.9747
58.0000 19.4483 3.0115 0.2135 0.0063 0.0041 0.2392 0.9709
59.0000 20.0064 3.3706 0.1932 0.0051 0.0002 0.2563 0.9666
60.0000 20.5180 3.7110 0.1907 0.0022 -0.0023 0.2734 0.9619
61.0000 21.0409 4.0859 0.1978 -0.0001 -0.0053 0.2900 0.9570
62.0000 21.5700 4.4981 0.2031 -0.0021 -0.0099 0.3068 0.9517
63.0000 22.0894 4.9257 0.1761 -0.0025 -0.0117 0.3240 0.9460
64.0000 22.5816 5.3576 0.2300 -0.0019 -0.0117 0.3409 0.9400
65.0000 23.0597 5.8227 0.2574 -0.0029 -0.0115 0.3576 0.9338
66.0000 23.5543 6.3167 0.2466 -0.0027 -0.0110 0.3747 0.9271
67.0000 24.0288 6.8142 0.2572 -0.0016 -0.0088 0.3920 0.9199
68.0000 24.4808 7.3326 0.2730 -0.0001 -0.0053 0.4095 0.9123
69.0000 24.9154 7.8736 0.3087 0.0015 -0.0024 0.4268 0.9044
70.0000 25.3318 8.4427 0.3198 0.0017 -0.0004 0.4439 0.8961
71.0000 25.7245 9.0307 0.3202 0.0016 0.0015 0.4605 0.8877
72.0000 26.0970 9.6378 0.3310 -0.0002 0.0024 0.4760 0.8794
73.0000 26.4638 10.2581 0.3289 -0.0031 0.0033 0.4905 0.8714
74.0000 26.8059 10.9082 0.2989 -0.0053 0.0028 0.5039 0.8637
75.0000 27.1373 11.5604 0.2939 -0.0053 0.0014 0.5165 0.8562
76.0000 27.4562 12.2293 0.3010 -0.0049 0.0001 0.5285 0.8489
77.0000 27.7454 12.9068 0.3173 -0.0057 -0.0003 0.5394 0.8420
78.0000 28.0367 13.5992 0.3075 -0.0086 0.0004 0.5489 0.8358
79.0000 28.3148 14.3201 0.2777 -0.0108 0.0028 0.5573 0.8303
80.0000 28.5846 15.0353 0.2715 -0.0111 0.0044 0.5643 0.8255
81.0000 28.8471 15.7543 0.2774 -0.0105 0.0053 0.5704 0.8213
82.0000 29.0942 16.4754 0.2858 -0.0107 0.0064 0.5755 0.8177
83.0000 29.3462 17.2138 0.2754 -0.0130 0.0076 0.5797 0.8147
84.0000 29.5878 17.9584 0.2450 -0.0159 0.0086 0.5826 0.8126
85.0000 29.8308 18.7087 0.2043 -0.0178 0.0092 0.5842 0.8114
86.0000 30.0831 19.4774 0.1874 -0.0188 0.0092 0.5851 0.8107
87.0000 30.3252 20.2378 0.1700 -0.0192 0.0084 0.5858 0.8102
88.0000 30.5733 21.0168 0.1471 -0.0196 0.0068 0.5866 0.8096
89.0000 30.8247 21.7872 0.1167 -0.0199 0.0058 0.5875 0.8090
90.0000 31.0657 22.5600 0.0950 -0.0194 0.0055 0.5883 0.8084
91.0000 31.3198 23.3432 0.0859 -0.0188 0.0051 0.5893 0.8077
92.0000 31.5655 24.1345 0.0671 -0.0189 0.0051 0.5903 0.8069
93.0000 31.8128 24.9273 0.0513 -0.0195 0.0052 0.5912 0.8062
94.0000 32.0635 25.7308 0.0143 -0.0198 0.0060 0.5922 0.8055
95.0000 32.3049 26.5320 0.0020 -0.0203 0.0071 0.5934 0.8046
96.0000 32.5470 27.3365 -0.0193 -0.0207 0.0079 0.5945 0.8038
97.0000 32.7845 28.1562 -0.0467 -0.0210 0.0080 0.5958 0.8028
98.0000 33.0314 28.9827 -0.0775 -0.0211 0.0081 0.5971 0.8019
99.0000 33.2699 29.8071 -0.0974 -0.0216 0.0086 0.5984 0.8009
100.0000 33.5056 30.6291 -0.1350 -0.0221 0.0091 0.5997 0.7999
101.0000 33.7451 31.4685 -0.1708 -0.0225 0.0097 0.6011 0.7988
102.0000 33.9788 32.3043 -0.1999 -0.0225 0.0101 0.6024 0.7978
103.0000 34.2148 33.1537 -0.2127 -0.0230 0.0099 0.6037 0.7968
104.0000 34.4458 34.0036 -0.2623 -0.0232 0.0104 0.6050 0.7958
105.0000 34.6792 34.8606 -0.2865 -0.0237 0.0109 0.6064 0.7947
106.0000 34.9093 35.7275 -0.3220 -0.0245 0.0120 0.6080 0.7935
107.0000 35.1301 36.6081 -0.3697 -0.0252 0.0128 0.6097 0.7921
108.0000 35.3542 37.4727 -0.3999 -0.0255 0.0136 0.6117 0.7905
109.0000 35.5649 38.3417 -0.4330 -0.0260 0.0137 0.6137 0.7890
110.0000 35.7820 39.2252 -0.4816 -0.0268 0.0137 0.6157 0.7874
111.0000 35.9949 40.1073 -0.5330 -0.0276 0.0145 0.6177 0.7858
112.0000 36.2066 40.9823 -0.5766 -0.0278 0.0154 0.6198 0.7842
113.0000 36.4053 41.8677 -0.6123 -0.0282 0.0160 0.6218 0.7825
114.0000 36.6045 42.7693 -0.6620 -0.0285 0.0164 0.6238 0.7809
115.0000 36.7975 43.6576 -0.7055 -0.0296 0.0170 0.6258 0.7792
116.0000 36.9840 44.5539 -0.7733 -0.0297 0.0178 0.6277 0.7777
117.0000 37.1632 45.4492 -0.8266 -0.0293 0.0183 0.6297 0.7761
118.0000 37.3521 46.3399 -0.8586 -0.0294 0.0182 0.6317 0.7744
119.0000 37.5231 47.2362 -0.9113 -0.0299 0.0189 0.6336 0.7728
120.0000 37.7083 48.1318 -0.9658 -0.0307 0.0197 0.6356 0.7712
121.0000 37.8630 49.0453 -1.0189 -0.0311 0.0207 0.6375 0.7695
122.0000 38.0265 49.9412 -1.0713 -0.0321 0.0210 0.6394 0.7679
123.0000 38.1810 50.8619 -1.1367 -0.0327 0.0213 0.6411 0.7665
124.0000 38.3349 51.7573 -1.2074 -0.0328 0.0217 0.6426 0.7652
125.0000 38.4929 52.6855 -1.2643 -0.0329 0.0213 0.6443 0.7638
126.0000 38.6472 53.6045 -1.3117 -0.0337 0.0209 0.6459 0.7624
127.0000 38.7984 54.5339 -1.3857 -0.0345 0.0217 0.6476 0.7609
128.0000 38.9226 55.4519 -1.4685 -0.0342 0.0230 0.6494 0.7593
129.0000 39.0589 56.3864 -1.5223 -0.0339 0.0230 0.6515 0.7575
130.0000 39.1949 57.3105 -1.5744 -0.0344 0.0217 0.6539 0.7555
131.0000 39.3235 58.2571 -1.6443 -0.0358 0.0208 0.6565 0.7532
132.0000 39.4373 59.1991 -1.7163 -0.0360 0.0222 0.6592 0.7508
133.0000 39.5453 60.1280 -1.7753 -0.0350 0.0232 0.6618 0.7485
134.0000 39.6596 61.0921 -1.8386 -0.0351 0.0225 0.6646 0.7460
135.0000 39.7623 62.0413 -1.9141 -0.0351 0.0222 0.6674 0.7435
136.0000 39.8550 63.0054 -1.9866 -0.0347 0.0220 0.6702 0.7410
137.0000 39.9512 63.9623 -2.0507 -0.0347 0.0217 0.6729 0.7386
138.0000 40.0313 64.9286 -2.1209 -0.0338 0.0217 0.6756 0.7362
139.0000 40.1034 65.9274 -2.1822 -0.0341 0.0206 0.6783 0.7337
140.0000 40.1699 66.9108 -2.2618 -0.0342 0.0206 0.6808 0.7314
141.0000 40.2374 67.9172 -2.3280 -0.0345 0.0212 0.6831 0.7292
142.0000 40.2801 68.8990 -2.3937 -0.0344 0.0224 0.6852 0.7272
143.0000 40.3297 69.9090 -2.4679 -0.0338 0.0233 0.6873 0.7252
144.0000 40.3806 70.9360 -2.5418 -0.0346 0.0229 0.6894 0.7232
145.0000 40.4176 71.9272 -2.6067 -0.0346 0.0227 0.6915 0.7212
146.0000 40.4399 72.9289 -2.6822 -0.0341 0.0228 0.6935 0.7193
147.0000 40.4702 73.9700 -2.7551 -0.0341 0.0224 0.6956 0.7173
148.0000 40.4914 75.0113 -2.8362 -0.0342 0.0220 0.6978 0.7151
149.0000 40.5089 76.0389 -2.9016 -0.0335 0.0221 0.6998 0.7132
150.0000 40.5206 77.0384 -2.9689 -0.0344 0.0212 0.7019 0.7112
151.0000 40.5256 78.0575 -3.0426 -0.0350 0.0210 0.7037 0.7093
152.0000 40.5197 79.1046 -3.1170 -0.0348 0.0212 0.7054 0.7077
153.0000 40.5131 80.1595 -3.1860 -0.0334 0.0209 0.7068 0.7063
154.0000 40.5073 81.1995 -3.2579 -0.0339 0.0181 0.7082 0.7050
155.0000 40.5017 82.2830 -3.3315 -0.0343 0.0157 0.7100 0.7032
156.0000 40.4764 83.3473 -3.3981 -0.0325 0.0158 0.7116 0.7017
157.0000 40.4547 84.4182 -3.4515 -0.0309 0.0153 0.7136 0.6997
158.0000 40.4221 85.4609 -3.5082 -0.0298 0.0142 0.7157 0.6976
159.0000 40.3881 86.5125 -3.5626 -0.0278 0.0142 0.7179 0.6954
160.0000 40.3419 87.5523 -3.6085 -0.0270 0.0127 0.7201 0.6932
161.0000 40.2978 88.6151 -3.6605 -0.0265 0.0113 0.7223 0.6910
162.0000 40.2421 89.6986 -3.7087 -0.0262 0.0111 0.7246 0.6886
163.0000 40.1739 90.7031 -3.7492 -0.0248 0.0118 0.7267 0.6864
164.0000 40.1056 91.7581 -3.7982 -0.0250 0.0106 0.7289 0.6841
165.0000 40.0269 92.8265 -3.8410 -0.0242 0.0095 0.7311 0.6817
166.0000 39.9374 93.9082 -3.8783 -0.0225 0.0083 0.7333 0.6794
167.0000 39.8495 94.9521 -3.9090 -0.0224 0.0051 0.7356 0.6771
168.0000 39.7603 95.9896 -3.9511 -0.0206 0.0048 0.7376 0.6749
169.0000 39.6659 97.0018 -3.9805 -0.0205 0.0053 0.7397 0.6726
170.0000 39.5619 98.0498 -4.0004 -0.0192 0.0080 0.7417 0.6704
171.0000 39.4283 99.1570 -4.0295 -0.0166 0.0098 0.7439 0.6680
172.0000 39.3167 100.1392 -4.0439 -0.0143 0.0082 0.7459 0.6658
173.0000 39.1935 101.1672 -4.0701 -0.0154 0.0036 0.7480 0.6635
174.0000 39.0688 102.2007 -4.1102 -0.0172 0.0022 0.7499 0.6614
175.0000 38.9326 103.2170 -4.1267 -0.0174 0.0044 0.7517 0.6592
176.0000 38.7747 104.2173 -4.1307 -0.0149 0.0074 0.7535 0.6573
177.0000 38.6071 105.3706 -4.1545 -0.0135 0.0064 0.7556 0.6548
178.0000 38.4470 106.4506 -4.1873 -0.0142 0.0036 0.7576 0.6526
179.0000 38.3021 107.4390 -4.2138 -0.0152 0.0029 0.7593 0.6505
180.0000 38.1359 108.4105 -4.2228 -0.0143 0.0046 0.7610 0.6486
181.0000 37.9513 109.4700 -4.2423 -0.0133 0.0056 0.7628 0.6465
182.0000 37.7663 110.5286 -4.2657 -0.0146 0.0040 0.7646 0.6443
183.0000 37.5681 111.6533 -4.2949 -0.0143 0.0050 0.7666 0.6420
184.0000 37.3359 112.8784 -4.3143 -0.0142 0.0058 0.7687 0.6394
185.0000 37.1109 114.0418 -4.3409 -0.0138 0.0057 0.7709 0.6368
186.0000 36.9561 114.8221 -4.3575 -0.0147 0.0046 0.7725 0.6348
187.0000 36.7874 115.6376 -4.3801 -0.0146 0.0049 0.7741 0.6329
188.0000 36.5731 116.6541 -4.3968 -0.0138 0.0052 0.7761 0.6304
189.0000 36.2991 117.8751 -4.4178 -0.0128 0.0051 0.7786 0.6274
190.0000 36.0556 118.9701 -4.4368 -0.0116 0.0046 0.7807 0.6247
191.0000 35.7812 120.1260 -4.4589 -0.0118 0.0034 0.7832 0.6217
192.0000 35.5747 120.9919 -4.4743 -0.0117 0.0042 0.7849 0.6195
193.0000 35.3178 122.0110 -4.4873 -0.0111 0.0057 0.7869 0.6169
194.0000 35.0578 123.0355 -4.4979 -0.0103 0.0060 0.7889 0.6144
195.0000 34.7745 124.1119 -4.5217 -0.0129 0.0031 0.7911 0.6116
196.0000 34.4030 125.4844 -4.5624 -0.0153 0.0029 0.7936 0.6082
197.0000 34.1823 126.2109 -4.5651 -0.0133 0.0060 0.7952 0.6062
198.0000 33.8832 127.2483 -4.5717 -0.0125 0.0043 0.7973 0.6034
199.0000 33.6075 128.2289 -4.5997 -0.0152 0.0001 0.7995 0.6005
200.0000 33.2409 129.4562 -4.6394 -0.0177 0.0001 0.8021 0.5969
201.0000 32.9112 130.4653 -4.6495 -0.0147 0.0061 0.8044 0.5938
202.0000 32.5793 131.5134 -4.6600 -0.0127 0.0074 0.8068 0.5906
203.0000 32.2460 132.5746 -4.6926 -0.0132 0.0054 0.8092 0.5874
204.0000 31.8674 133.7026 -4.7261 -0.0139 0.0043 0.8116 0.5840
205.0000 31.5237 134.6779 -4.7432 -0.0129 0.0054 0.8138 0.5810
206.0000 31.1313 135.7847 -4.7614 -0.0127 0.0046 0.8160 0.5779
207.0000 30.7439 136.8422 -4.7800 -0.0134 0.0026 0.8179 0.5752
208.0000 30.3290 137.9799 -4.8136 -0.0165 0.0001 0.8200 0.5721
209.0000 29.9738 138.9064 -4.8340 -0.0158 0.0042 0.8218 0.5696
210.0000 29.5248 140.0636 -4.8464 -0.0128 0.0088 0.8239 0.5665
211.0000 29.0677 141.2568 -4.8692 -0.0104 0.0096 0.8261 0.5633
212.0000 28.6677 142.2565 -4.8948 -0.0100 0.0057 0.8281 0.5605
213.0000 28.2739 143.2374 -4.9241 -0.0114 0.0024 0.8300 0.5576
214.0000 27.8269 144.3175 -4.9461 -0.0122 0.0038 0.8319 0.5547
215.0000 27.4017 145.2563 -4.9506 -0.0116 0.0071 0.8336 0.5522
216.0000 26.9494 146.2827 -4.9654 -0.0121 0.0075 0.8352 0.5498
217.0000 26.4046 147.5557 -4.9978 -0.0137 0.0056 0.8368 0.5473
218.0000 25.9347 148.5941 -5.0266 -0.0135 0.0059 0.8378 0.5459
219.0000 25.4646 149.6289 -5.0443 -0.0131 0.0044 0.8385 0.5447
220.0000 24.9873 150.7130 -5.0781 -0.0138 0.0021 0.8392 0.5436
221.0000 24.4664 151.8956 -5.1104 -0.0152 0.0022 0.8401 0.5422
222.0000 24.0523 152.7622 -5.1252 -0.0122 0.0083 0.8405 0.5416
223.0000 23.4725 154.0189 -5.1277 -0.0098 0.0089 0.8415 0.5401
224.0000 23.0804 154.8591 -5.1605 -0.0112 0.0032 0.8419 0.5395
225.0000 22.5615 155.9846 -5.2056 -0.0139 -0.0010 0.8425 0.5385
226.0000 22.0270 157.1222 -5.2136 -0.0128 0.0024 0.8431 0.5375
227.0000 21.5213 158.1817 -5.2024 -0.0106 0.0057 0.8438 0.5365
228.0000 20.9925 159.2995 -5.2330 -0.0119 0.0036 0.8446 0.5353
229.0000 20.5329 160.2592 -5.2702 -0.0148 0.0009 0.8450 0.5345
230.0000 19.9596 161.4494 -5.2797 -0.0146 0.0033 0.8457 0.5334
231.0000 19.4326 162.5415 -5.3063 -0.0155 0.0041 0.8463 0.5325
232.0000 18.9293 163.5741 -5.3381 -0.0154 0.0057 0.8468 0.5317
233.0000 18.4638 164.5090 -5.3518 -0.0126 0.0083 0.8473 0.5309
234.0000 17.8289 165.8202 -5.3765 -0.0119 0.0053 0.8482 0.5295
235.0000 17.3247 166.8686 -5.4185 -0.0139 0.0001 0.8487 0.5287
236.0000 16.8042 167.8913 -5.4333 -0.0138 0.0002 0.8491 0.5281
237.0000 16.2909 168.9071 -5.4449 -0.0138 0.0011 0.8496 0.5273
238.0000 15.6903 170.1061 -5.4693 -0.0148 0.0014 0.8501 0.5264
239.0000 15.1762 171.1199 -5.4883 -0.0141 0.0038 0.8504 0.5259
240.0000 14.5685 172.3417 -5.5118 -0.0147 0.0035 0.8510 0.5250
241.0000 14.0364 173.3968 -5.5427 -0.0151 0.0038 0.8513 0.5244
242.0000 13.4608 174.5294 -5.5697 -0.0154 0.0046 0.8517 0.5237
243.0000 12.9982 175.4300 -5.5899 -0.0148 0.0060 0.8520 0.5233
244.0000 12.4666 176.4585 -5.6139 -0.0145 0.0059 0.8523 0.5228
245.0000 11.8401 177.6887 -5.6449 -0.0145 0.0048 0.8527 0.5222
246.0000 11.3136 178.7048 -5.6654 -0.0136 0.0048 0.8529 0.5219
247.0000 10.6840 179.9400 -5.6904 -0.0141 0.0028 0.8531 0.5216
248.0000 10.2033 180.8744 -5.7124 -0.0155 0.0011 0.8530 0.5218
249.0000 9.6531 181.9198 -5.7381 -0.0171 0.0015 0.8528 0.5219
250.0000 9.1181 182.9439 -5.7538 -0.0160 0.0049 0.8525 0.5224
251.0000 8.4931 184.1700 -5.7808 -0.0170 0.0034 0.8524 0.5226
252.0000 7.9361 185.2382 -5.8143 -0.0157 0.0032 0.8521 0.5231
253.0000 7.3845 186.3295 -5.8320 -0.0148 0.0009 0.8519 0.5235
254.0000 6.8329 187.4256 -5.8555 -0.0154 -0.0030 0.8516 0.5239
255.0000 6.2886 188.5036 -5.8751 -0.0155 -0.0027 0.8515 0.5241
256.0000 5.8008 189.4522 -5.8913 -0.0153 -0.0003 0.8513 0.5245
257.0000 5.2500 190.5338 -5.9004 -0.0131 0.0029 0.8512 0.5247
258.0000 4.7008 191.6241 -5.9148 -0.0130 0.0017 0.8510 0.5250
259.0000 4.1667 192.6777 -5.9371 -0.0140 -0.0013 0.8509 0.5252
260.0000 3.7416 193.5027 -5.9448 -0.0140 -0.0023 0.8507 0.5254
261.0000 3.1942 194.6076 -5.9595 -0.0146 -0.0019 0.8507 0.5255
262.0000 2.6509 195.6972 -5.9796 -0.0136 0.0014 0.8506 0.5257
263.0000 2.1832 196.6153 -5.9891 -0.0114 0.0037 0.8507 0.5255
264.0000 1.4114 198.1634 -6.0029 -0.0091 0.0045 0.8509 0.5252
265.0000 0.9675 199.0651 -6.0183 -0.0100 0.0019 0.8510 0.5251
266.0000 0.6856 199.6011 -6.0230 -0.0103 0.0015 0.8510 0.5250
267.0000 0.3355 200.2666 -6.0234 -0.0114 -0.0002 0.8510 0.5250
268.0000 -0.6796 202.2763 -6.0524 -0.0125 -0.0008 0.8510 0.5251
269.0000 -0.8942 202.6953 -6.0599 -0.0143 -0.0013 0.8508 0.5252
270.0000 -1.3369 203.5531 -6.0676 -0.0135 0.0014 0.8508 0.5253
271.0000 -1.7679 204.4001 -6.0790 -0.0130 0.0023 0.8510 0.5251
272.0000 -2.2494 205.3554 -6.0927 -0.0113 0.0023 0.8511 0.5249
273.0000 -2.7196 206.2835 -6.1004 -0.0126 -0.0016 0.8513 0.5246
274.0000 -2.9570 206.7523 -6.1148 -0.0140 -0.0027 0.8513 0.5245
275.0000 -3.2649 207.3304 -6.1207 -0.0134 -0.0009 0.8514 0.5243
276.0000 -3.5156 207.8062 -6.1184 -0.0119 -0.0001 0.8516 0.5241
277.0000 -4.3793 209.5167 -6.1353 -0.0116 -0.0019 0.8517 0.5238
278.0000 -5.2360 211.2313 -6.1651 -0.0142 -0.0047 0.8518 0.5236
279.0000 -5.5820 211.9107 -6.1790 -0.0158 -0.0029 0.8520 0.5233
280.0000 -5.7335 212.1684 -6.1805 -0.0131 0.0036 0.8522 0.5230
281.0000 -5.9093 212.4771 -6.1868 -0.0111 0.0031 0.8524 0.5228
282.0000 -7.1485 214.9639 -6.2187 -0.0117 -0.0020 0.8525 0.5225
283.0000 -8.0328 216.7130 -6.2494 -0.0128 -0.0041 0.8526 0.5224
284.0000 -8.8616 218.3616 -6.2685 -0.0126 -0.0015 0.8527 0.5222
285.0000 -8.8382 218.2614 -6.2582 -0.0119 0.0012 0.8529 0.5219
286.0000 -8.8091 218.1515 -6.2541 -0.0109 0.0021 0.8530 0.5218
287.0000 -8.8888 218.2671 -6.2576 -0.0099 0.0005 0.8530 0.5218
288.0000 -9.0962 218.6750 -6.2573 -0.0106 -0.0031 0.8528 0.5222
289.0000 -9.8055 220.0722 -6.2826 -0.0130 -0.0046 0.8524 0.5227
290.0000 -10.2768 220.9929 -6.2899 -0.0133 0.0001 0.8522 0.5230
291.0000 -10.7510 221.9083 -6.2919 -0.0115 0.0061 0.8520 0.5234
292.0000 -11.3191 223.0146 -6.3158 -0.0113 0.0049 0.8517 0.5239
293.0000 -11.8345 224.0336 -6.3297 -0.0119 0.0011 0.8514 0.5244
294.0000 -12.3003 224.9603 -6.3574 -0.0146 -0.0031 0.8510 0.5249
295.0000 -12.8120 225.9695 -6.3719 -0.0136 -0.0002 0.8508 0.5254
296.0000 -13.2827 226.8999 -6.3790 -0.0113 0.0025 0.8506 0.5257
297.0000 -13.8057 227.9465 -6.3833 -0.0103 0.0008 0.8503 0.5262
298.0000 -14.2739 228.8992 -6.4057 -0.0117 -0.0020 0.8501 0.5265
299.0000 -14.8031 229.9570 -6.4171 -0.0128 -0.0021 0.8498 0.5269
300.0000 -15.3099 230.9616 -6.4283 -0.0123 0.0002 0.8495 0.5274
301.0000 -15.8098 231.9636 -6.4334 -0.0132 0.0005 0.8492 0.5279
302.0000 -16.3050 232.9583 -6.4579 -0.0136 0.0016 0.8489 0.5284
303.0000 -16.8082 233.9753 -6.4711 -0.0132 0.0026 0.8487 0.5288
304.0000 -17.2854 234.9406 -6.4842 -0.0119 0.0036 0.8484 0.5292
305.0000 -17.7530 235.9091 -6.5041 -0.0130 0.0011 0.8481 0.5297
306.0000 -18.2417 236.8968 -6.5222 -0.0126 0.0011 0.8478 0.5301
307.0000 -18.7168 237.8694 -6.5348 -0.0121 0.0012 0.8476 0.5305
308.0000 -19.2059 238.8700 -6.5481 -0.0132 -0.0009 0.8473 0.5309
309.0000 -19.6820 239.8416 -6.5591 -0.0128 -0.0004 0.8471 0.5313
310.0000 -20.1481 240.7992 -6.5757 -0.0143 -0.0020 0.8468 0.5317
311.0000 -20.6298 241.7863 -6.5818 -0.0153 -0.0014 0.8465 0.5322
312.0000 -21.0921 242.7425 -6.6014 -0.0157 0.0012 0.8463 0.5325
313.0000 -21.5619 243.6890 -6.6200 -0.0158 0.0016 0.8461 0.5328
314.0000 -22.0271 244.6569 -6.6359 -0.0152 0.0010 0.8459 0.5331
315.0000 -22.4797 245.6107 -6.6593 -0.0141 0.0000 0.8456 0.5336
316.0000 -22.9322 246.5619 -6.6679 -0.0131 0.0001 0.8453 0.5342
317.0000 -23.3794 247.5015 -6.6786 -0.0125 0.0000 0.8450 0.5346
318.0000 -23.8346 248.4733 -6.6996 -0.0125 0.0004 0.8447 0.5351
319.0000 -24.2941 249.4454 -6.7079 -0.0115 0.0014 0.8445 0.5355
320.0000 -24.7382 250.3616 -6.7164 -0.0095 0.0013 0.8442 0.5360
321.0000 -25.1769 251.2988 -6.7209 -0.0079 -0.0017 0.8438 0.5366
322.0000 -25.6104 252.2233 -6.7115 -0.0080 -0.0046 0.8434 0.5372
323.0000 -26.0497 253.1539 -6.7256 -0.0070 -0.0046 0.8432 0.5376
324.0000 -26.4889 254.0827 -6.7119 -0.0058 -0.0048 0.8429 0.5381
325.0000 -26.9139 255.0034 -6.7086 -0.0040 -0.0048 0.8426 0.5385
326.0000 -27.3401 255.9246 -6.6946 -0.0024 -0.0057 0.8424 0.5389
327.0000 -27.7719 256.8501 -6.6832 -0.0001 -0.0066 0.8421 0.5393
328.0000 -28.1768 257.7435 -6.6570 0.0011 -0.0083 0.8419 0.5396
329.0000 -28.6009 258.6511 -6.6401 0.0023 -0.0088 0.8416 0.5400
330.0000 -29.0144 259.5682 -6.6154 0.0026 -0.0083 0.8413 0.5405
331.0000 -29.4245 260.4380 -6.5951 0.0037 -0.0082 0.8411 0.5408
332.0000 -29.8452 261.3503 -6.5690 0.0052 -0.0086 0.8409 0.5411
333.0000 -30.2379 262.2255 -6.5353 0.0057 -0.0097 0.8406 0.5415
334.0000 -30.6351 263.0891 -6.5196 0.0062 -0.0105 0.8404 0.5419
335.0000 -31.0275 263.9494 -6.4821 0.0073 -0.0113 0.8401 0.5422
336.0000 -31.4164 264.8068 -6.4432 0.0084 -0.0122 0.8399 0.5425
337.0000 -31.8043 265.6547 -6.4060 0.0091 -0.0124 0.8397 0.5428
338.0000 -32.1842 266.4945 -6.3661 0.0097 -0.0121 0.8396 0.5430
339.0000 -32.5695 267.3490 -6.3319 0.0101 -0.0117 0.8394 0.5433
340.0000 -32.9395 268.1681 -6.2971 0.0096 -0.0116 0.8392 0.5437
341.0000 -33.3147 269.0023 -6.2657 0.0088 -0.0120 0.8390 0.5440
342.0000 -33.6862 269.8176 -6.2321 0.0091 -0.0114 0.8388 0.5442
343.0000 -34.0416 270.6115 -6.1885 0.0090 -0.0110 0.8387 0.5444
344.0000 -34.4105 271.4448 -6.1669 0.0084 -0.0111 0.8386 0.5446
345.0000 -34.7682 272.2323 -6.1339 0.0079 -0.0111 0.8386 0.5445
346.0000 -35.1233 273.0150 -6.1060 0.0090 -0.0104 0.8388 0.5443
347.0000 -35.4692 273.8017 -6.0712 0.0101 -0.0108 0.8388 0.5442
348.0000 -35.8180 274.5729 -6.0220 0.0105 -0.0111 0.8389 0.5441
349.0000 -36.1626 275.3332 -5.9873 0.0103 -0.0108 0.8390 0.5439
350.0000 -36.5069 276.0917 -5.9632 0.0098 -0.0101 0.8392 0.5437
351.0000 -36.8426 276.8390 -5.9358 0.0094 -0.0103 0.8393 0.5435
352.0000 -37.1828 277.5913 -5.9064 0.0085 -0.0110 0.8393 0.5434
353.0000 -37.5251 278.3383 -5.8764 0.0083 -0.0114 0.8394 0.5433
354.0000 -37.8514 279.0444 -5.8468 0.0078 -0.0115 0.8395 0.5431
355.0000 -38.1823 279.7749 -5.8256 0.0078 -0.0127 0.8396 0.5431
356.0000 -38.5058 280.4668 -5.7799 0.0080 -0.0127 0.8397 0.5429
357.0000 -38.8305 281.1902 -5.7565 0.0077 -0.0128 0.8397 0.5428
358.0000 -39.1511 281.8867 -5.7303 0.0078 -0.0125 0.8399 0.5426
359.0000 -39.4629 282.5788 -5.6960 0.0075 -0.0130 0.8399 0.5425
360.0000 -39.7746 283.2687 -5.6727 0.0076 -0.0123 0.8400 0.5423
361.0000 -40.0856 283.9565 -5.6444 0.0074 -0.0122 0.8402 0.5422
362.0000 -40.4016 284.6325 -5.6102 0.0078 -0.0109 0.8402 0.5421
363.0000 -40.6989 285.2986 -5.5928 0.0068 -0.0106 0.8403 0.5419
364.0000 -40.9973 285.9530 -5.5816 0.0061 -0.0097 0.8404 0.5418
365.0000 -41.3006 286.6155 -5.5605 0.0052 -0.0091 0.8405 0.5417
366.0000 -41.5982 287.2686 -5.5413 0.0048 -0.0082 0.8405 0.5417
367.0000 -41.8969 287.8982 -5.5046 0.0050 -0.0078 0.8406 0.5416
368.0000 -42.1827 288.5301 -5.4855 0.0046 -0.0080 0.8406 0.5416
369.0000 -42.4791 289.1690 -5.4739 0.0038 -0.0083 0.8406 0.5415
370.0000 -42.7641 289.7869 -5.4527 0.0028 -0.0084 0.8407 0.5415
371.0000 -43.0486 290.3991 -5.4460 0.0020 -0.0081 0.8407 0.5414
372.0000 -43.3238 291.0141 -5.4249 0.0020 -0.0082 0.8407 0.5414
373.0000 -43.6004 291.6064 -5.4108 0.0022 -0.0085 0.8407 0.5414
374.0000 -43.8687 292.1890 -5.3853 0.0023 -0.0087 0.8407 0.5414
375.0000 -44.1296 292.7583 -5.3740 0.0022 -0.0088 0.8408 0.5413
376.0000 -44.3937 293.3306 -5.3673 0.0015 -0.0092 0.8408 0.5412
377.0000 -44.6501 293.8970 -5.3477 0.0009 -0.0086 0.8409 0.5412
378.0000 -44.9020 294.4348 -5.3359 0.0001 -0.0077 0.8409 0.5411
379.0000 -45.1534 294.9883 -5.3327 -0.0008 -0.0078 0.8409 0.5411
380.0000 -45.4031 295.5234 -5.3150 -0.0017 -0.0075 0.8410 0.5410
381.0000 -45.6485 296.0467 -5.3103 -0.0022 -0.0070 0.8411 0.5409
382.0000 -45.8823 296.5618 -5.2986 -0.0024 -0.0072 0.8411 0.5408
383.0000 -46.1112 297.0615 -5.2781 -0.0029 -0.0072 0.8411 0.5408
384.0000 -46.3508 297.5574 -5.2862 -0.0035 -0.0073 0.8411 0.5408
385.0000 -46.5666 298.0443 -5.2765 -0.0043 -0.0075 0.8411 0.5409
386.0000 -46.7871 298.5231 -5.2681 -0.0049 -0.0073 0.8409 0.5411
387.0000 -47.0024 298.9898 -5.2605 -0.0054 -0.0064 0.8408 0.5413
388.0000 -47.2080 299.4343 -5.2514 -0.0059 -0.0059 0.8407 0.5415
389.0000 -47.4078 299.8797 -5.2541 -0.0062 -0.0053 0.8405 0.5418
390.0000 -47.5978 300.2942 -5.2385 -0.0067 -0.0054 0.8403 0.5420
391.0000 -47.7934 300.7213 -5.2436 -0.0071 -0.0055 0.8400 0.5425
392.0000 -47.9729 301.1179 -5.2410 -0.0071 -0.0055 0.8397 0.5429
393.0000 -48.1518 301.5060 -5.2379 -0.0075 -0.0056 0.8395 0.5432
394.0000 -48.3016 301.8733 -5.2313 -0.0076 -0.0047 0.8394 0.5435
395.0000 -48.4731 302.2339 -5.2267 -0.0078 -0.0042 0.8391 0.5438
396.0000 -48.6216 302.5724 -5.2226 -0.0080 -0.0038 0.8389 0.5442
397.0000 -48.7680 302.8912 -5.2192 -0.0084 -0.0038 0.8387 0.5445
398.0000 -48.9098 303.1911 -5.2224 -0.0093 -0.0040 0.8386 0.5447
399.0000 -49.0337 303.4819 -5.2243 -0.0098 -0.0041 0.8384 0.5450
400.0000 -49.1602 303.7504 -5.2174 -0.0102 -0.0038 0.8383 0.5451
401.0000 -49.2689 303.9995 -5.2239 -0.0106 -0.0035 0.8381 0.5454
402.0000 -49.3671 304.2299 -5.2175 -0.0108 -0.0031 0.8380 0.5456
403.0000 -49.4565 304.4379 -5.2135 -0.0106 -0.0029 0.8378 0.5459
404.0000 -49.5408 304.6257 -5.2117 -0.0111 -0.0028 0.8376 0.5461
405.0000 -49.6197 304.8000 -5.2185 -0.0114 -0.0027 0.8376 0.5462
406.0000 -49.6896 304.9581 -5.2127 -0.0113 -0.0027 0.8375 0.5463
407.0000 -49.7485 305.0933 -5.2106 -0.0110 -0.0028 0.8373 0.5466
408.0000 -49.8130 305.2318 -5.2147 -0.0108 -0.0029 0.8373 0.5466
409.0000 -49.8630 305.3466 -5.2131 -0.0108 -0.0032 0.8372 0.5467
410.0000 -49.9048 305.4465 -5.2104 -0.0107 -0.0035 0.8372 0.5469
411.0000 -49.9521 305.5397 -5.2145 -0.0103 -0.0038 0.8371 0.5470
412.0000 -49.9871 305.6289 -5.2162 -0.0101 -0.0040 0.8370 0.5471
413.0000 -50.0230 305.7048 -5.2162 -0.0098 -0.0039 0.8369 0.5472
414.0000 -50.0508 305.7722 -5.2126 -0.0099 -0.0040 0.8369 0.5473
415.0000 -50.0784 305.8370 -5.2192 -0.0098 -0.0039 0.8368 0.5474
416.0000 -50.0947 305.8718 -5.2166 -0.0097 -0.0039 0.8369 0.5473
417.0000 -50.1039 305.9038 -5.2160 -0.0097 -0.0039 0.8368 0.5474
418.0000 -50.1143 305.9286 -5.2171 -0.0096 -0.0040 0.8368 0.5474
419.0000 -50.1254 305.9499 -5.2175 -0.0097 -0.0039 0.8367 0.5475
420.0000 -50.1289 305.9560 -5.2183 -0.0097 -0.0040 0.8367 0.5475
421.0000 -50.1256 305.9531 -5.2206 -0.0095 -0.0040 0.8367 0.5475
422.0000 -50.1209 305.9419 -5.2143 -0.0092 -0.0043 0.8368 0.5475
423.0000 -50.1199 305.9343 -5.2109 -0.0087 -0.0044 0.8368 0.5475
424.0000 -50.1213 305.9365 -5.2178 -0.0085 -0.0044 0.8368 0.5475
425.0000 -50.1209 305.9422 -5.2137 -0.0086 -0.0045 0.8367 0.5475
426.0000 -50.1267 305.9504 -5.2151 -0.0085 -0.0045 0.8368 0.5475
427.0000 -50.1197 305.9380 -5.2160 -0.0084 -0.0044 0.8368 0.5475
428.0000 -50.1185 305.9411 -5.2165 -0.0085 -0.0045 0.8368 0.5475
429.0000 -50.1232 305.9448 -5.2192 -0.0084 -0.0046 0.8368 0.5475
430.0000 -50.1193 305.9380 -5.2140 -0.0084 -0.0045 0.8368 0.5475
431.0000 -50.1229 305.9436 -5.2135 -0.0083 -0.0045 0.8368 0.5475
432.0000 -50.1233 305.9475 -5.2142 -0.0084 -0.0045 0.8367 0.5475
433.0000 -50.1227 305.9482 -5.2172 -0.0084 -0.0046 0.8368 0.5475
434.0000 -50.1266 305.9454 -5.2152 -0.0084 -0.0045 0.8368 0.5475
435.0000 -50.1237 305.9483 -5.2169 -0.0084 -0.0046 0.8368 0.5475
436.0000 -50.1232 305.9447 -5.2147 -0.0084 -0.0046 0.8367 0.5475
437.0000 -50.1218 305.9452 -5.2165 -0.0084 -0.0046 0.8368 0.5475
438.0000 -50.1255 305.9447 -5.2163 -0.0084 -0.0046 0.8368 0.5475
439.0000 -50.1244 305.9454 -5.2155 -0.0083 -0.0046 0.8368 0.5475
440.0000 -50.1262 305.9430 -5.2148 -0.0083 -0.0046 0.8368 0.5475
441.0000 -50.1235 305.9435 -5.2167 -0.0083 -0.0046 0.8368 0.5475
442.0000 -50.1206 305.9459 -5.2154 -0.0083 -0.0045 0.8368 0.5475
443.0000 -50.1233 305.9477 -5.2169 -0.0083 -0.0046 0.8368 0.5475
444.0000 -50.1210 305.9433 -5.2212 -0.0083 -0.0046 0.8368 0.5475
445.0000 -50.1211 305.9474 -5.2162 -0.0083 -0.0046 0.8367 0.5475
446.0000 -50.1237 305.9424 -5.2174 -0.0083 -0.0045 0.8368 0.5474
447.0000 -50.1248 305.9474 -5.2174 -0.0083 -0.0046 0.8368 0.5475
448.0000 -50.1252 305.9433 -5.2158 -0.0084 -0.0046 0.8367 0.5475
449.0000 -50.1223 305.9424 -5.2137 -0.0083 -0.0045 0.8368 0.5475
450.0000 -50.1216 305.9402 -5.2149 -0.0084 -0.0046 0.8368 0.5475
451.0000 -50.1244 305.9460 -5.2166 -0.0083 -0.0046 0.8368 0.5475
452.0000 -50.1262 305.9472 -5.2156 -0.0083 -0.0045 0.8368 0.5475
453.0000 -50.1251 305.9462 -5.2138 -0.0084 -0.0046 0.8368 0.5475
454.0000 -50.1272 305.9488 -5.2122 -0.0083 -0.0045 0.8368 0.5475
455.0000 -50.1227 305.9456 -5.2154 -0.0083 -0.0045 0.8368 0.5475
456.0000 -50.1248 305.9399 -5.2153 -0.0083 -0.0046 0.8368 0.5474
457.0000 -50.1251 305.9457 -5.2155 -0.0083 -0.0046 0.8368 0.5475
458.0000 -50.1262 305.9512 -5.2131 -0.0083 -0.0046 0.8368 0.5475
459.0000 -50.1215 305.9417 -5.2185 -0.0083 -0.0047 0.8368 0.5475
460.0000 -50.1261 305.9456 -5.2120 -0.0084 -0.0048 0.8368 0.5475
461.0000 -50.1184 305.9407 -5.2136 -0.0083 -0.0047 0.8367 0.5475
462.0000 -50.1154 305.9363 -5.2159 -0.0083 -0.0047 0.8368 0.5475
463.0000 -50.1198 305.9376 -5.2132 -0.0083 -0.0048 0.8367 0.5475
464.0000 -50.1170 305.9424 -5.2144 -0.0084 -0.0047 0.8368 0.5475
465.0000 -50.1185 305.9451 -5.2112 -0.0084 -0.0049 0.8368 0.5475
466.0000 -50.1201 305.9432 -5.2146 -0.0083 -0.0047 0.8368 0.5475
467.0000 -50.1158 305.9407 -5.2143 -0.0084 -0.0047 0.8368 0.5475
468.0000 -50.1209 305.9413 -5.2131 -0.0083 -0.0048 0.8368 0.5475
469.0000 -50.1142 305.9415 -5.2129 -0.0084 -0.0048 0.8368 0.5475
470.0000 -50.1190 305.9449 -5.2118 -0.0083 -0.0049 0.8367 0.5475
471.0000 -50.1172 305.9399 -5.2115 -0.0084 -0.0048 0.8367 0.5475
472.0000 -50.1186 305.9436 -5.2090 -0.0084 -0.0048 0.8368 0.5475
473.0000 -50.1204 305.9429 -5.2152 -0.0083 -0.0047 0.8368 0.5475
474.0000 -50.1186 305.9415 -5.2105 -0.0083 -0.0047 0.8368 0.5475
475.0000 -50.1153 305.9428 -5.2140 -0.0084 -0.0049 0.8367 0.5475
476.0000 -50.1167 305.9416 -5.2132 -0.0084 -0.0047 0.8368 0.5475
477.0000 -50.1222 305.9415 -5.2122 -0.0084 -0.0047 0.8368 0.5475
478.0000 -50.1293 305.9466 -5.2160 -0.0083 -0.0046 0.8367 0.5475
479.0000 -50.1246 305.9464 -5.2159 -0.0083 -0.0046 0.8367 0.5475
480.0000 -50.1232 305.9476 -5.2144 -0.0083 -0.0046 0.8368 0.5475
481.0000 -50.1231 305.9459 -5.2162 -0.0083 -0.0046 0.8367 0.5475
482.0000 -50.1239 305.9472 -5.2149 -0.0083 -0.0046 0.8368 0.5475
483.0000 -50.1229 305.9424 -5.2166 -0.0083 -0.0046 0.8368 0.5475
484.0000 -50.1249 305.9464 -5.2151 -0.0083 -0.0046 0.8367 0.5475
485.0000 -50.1258 305.9480 -5.2120 -0.0082 -0.0046 0.8368 0.5475
486.0000 -50.1278 305.9498 -5.2187 -0.0083 -0.0046 0.8368 0.5475
487.0000 -50.1278 305.9466 -5.2189 -0.0083 -0.0046 0.8368 0.5475
488.0000 -50.1231 305.9435 -5.2147 -0.0083 -0.0045 0.8368 0.5475
489.0000 -50.1273 305.9525 -5.2135 -0.0083 -0.0045 0.8368 0.5475
490.0000 -50.1236 305.9522 -5.2149 -0.0083 -0.0046 0.8368 0.5475
491.0000 -50.1250 305.9515 -5.2166 -0.0083 -0.0046 0.8368 0.5475
492.0000 -50.1297 305.9525 -5.2162 -0.0083 -0.0046 0.8368 0.5475
493.0000 -50.1232 305.9502 -5.2142 -0.0083 -0.0046 0.8368 0.5475
494.0000 -50.1282 305.9526 -5.2126 -0.0083 -0.0046 0.8368 0.5475
495.0000 -50.1228 305.9451 -5.2160 -0.0083 -0.0046 0.8368 0.5475
496.0000 -50.1231 305.9475 -5.2165 -0.0083 -0.0046 0.8368 0.5475
497.0000 -50.1256 305.9503 -5.2171 -0.0083 -0.0046 0.8368 0.5475
498.0000 -50.1266 305.9492 -5.2168 -0.0083 -0.0046 0.8368 0.5475
499.0000 -50.1222 305.9456 -5.2141 -0.0083 -0.0046 0.8368 0.5475
500.0000 -50.1268 305.9425 -5.2134 -0.0083 -0.0046 0.8368 0.5475
501.0000 -50.1265 305.9515 -5.2143 -0.0083 -0.0045 0.8367 0.5475
502.0000 -50.1254 305.9490 -5.2154 -0.0083 -0.0046 0.8368 0.5475
503.0000 -50.1257 305.9486 -5.2172 -0.0083 -0.0045 0.8367 0.5475
504.0000 -50.1260 305.9494 -5.2171 -0.0083 -0.0046 0.8367 0.5475
505.0000 -50.1241 305.9445 -5.2129 -0.0083 -0.0046 0.8368 0.5475
506.0000 -50.1220 305.9419 -5.2144 -0.0082 -0.0046 0.8367 0.5475
507.0000 -50.1248 305.9458 -5.2125 -0.0082 -0.0045 0.8368 0.5475
508.0000 -50.1252 305.9487 -5.2140 -0.0083 -0.0045 0.8368 0.5475
509.0000 -50.1207 305.9462 -5.2144 -0.0082 -0.0045 0.8367 0.5475
510.0000 -50.1250 305.9433 -5.2137 -0.0083 -0.0046 0.8368 0.5475
511.0000 -50.1244 305.9450 -5.2167 -0.0082 -0.0046 0.8368 0.5475
512.0000 -50.1256 305.9517 -5.2158 -0.0083 -0.0046 0.8367 0.5475
513.0000 -50.1192 305.9442 -5.2168 -0.0083 -0.0046 0.8367 0.5475
514.0000 -50.1256 305.9443 -5.2155 -0.0083 -0.0046 0.8368 0.5475
515.0000 -50.1323 305.9513 -5.2174 -0.0083 -0.0046 0.8368 0.5475
516.0000 -50.1259 305.9479 -5.2148 -0.0083 -0.0046 0.8367 0.5475
517.0000 -50.1279 305.9507 -5.2142 -0.0083 -0.0046 0.8368 0.5475
518.0000 -50.1253 305.9431 -5.2173 -0.0083 -0.0046 0.8368 0.5475
519.0000 -50.1277 305.9519 -5.2161 -0.0081 -0.0047 0.8368 0.5475
520.0000 -50.1287 305.9499 -5.2162 -0.0079 -0.0047 0.8368 0.5475
521.0000 -50.1329 305.9670 -5.2147 -0.0079 -0.0048 0.8367 0.5476
522.0000 -50.1392 305.9803 -5.2181 -0.0077 -0.0048 0.8367 0.5476
523.0000 -50.1488 305.9971 -5.2166 -0.0075 -0.0049 0.8367 0.5476
524.0000 -50.1628 306.0258 -5.2135 -0.0072 -0.0052 0.8367 0.5476
525.0000 -50.1809 306.0543 -5.2110 -0.0070 -0.0053 0.8367 0.5477
526.0000 -50.1994 306.1083 -5.2113 -0.0069 -0.0055 0.8366 0.5477
527.0000 -50.2239 306.1701 -5.2157 -0.0068 -0.0056 0.8366 0.5478
528.0000 -50.2501 306.2296 -5.2165 -0.0066 -0.0060 0.8365 0.5478
529.0000 -50.2885 306.3103 -5.2153 -0.0064 -0.0059 0.8365 0.5479
530.0000 -50.3205 306.3931 -5.2159 -0.0063 -0.0060 0.8365 0.5480
531.0000 -50.3704 306.4968 -5.2143 -0.0064 -0.0062 0.8364 0.5480
532.0000 -50.4145 306.6005 -5.2201 -0.0064 -0.0062 0.8364 0.5481
533.0000 -50.4682 306.7181 -5.2176 -0.0061 -0.0061 0.8363 0.5481
534.0000 -50.5325 306.8589 -5.2147 -0.0059 -0.0062 0.8363 0.5483
535.0000 -50.5864 306.9940 -5.2163 -0.0058 -0.0062 0.8362 0.5484
536.0000 -50.6559 307.1464 -5.2215 -0.0054 -0.0059 0.8362 0.5484
537.0000 -50.7219 307.3177 -5.2147 -0.0050 -0.0055 0.8361 0.5485
538.0000 -50.8004 307.4904 -5.2088 -0.0044 -0.0053 0.8360 0.5487
539.0000 -50.8784 307.6660 -5.2046 -0.0047 -0.0056 0.8360 0.5488
540.0000 -50.9668 307.8695 -5.2134 -0.0052 -0.0064 0.8359 0.5489
541.0000 -51.0526 308.0721 -5.2208 -0.0057 -0.0072 0.8357 0.5491
542.0000 -51.1506 308.2737 -5.2205 -0.0055 -0.0068 0.8356 0.5493
543.0000 -51.2413 308.5006 -5.2203 -0.0057 -0.0057 0.8354 0.5496
544.0000 -51.3322 308.7299 -5.2117 -0.0058 -0.0050 0.8352 0.5499
545.0000 -51.4399 308.9886 -5.2104 -0.0061 -0.0049 0.8350 0.5502
546.0000 -51.5433 309.2357 -5.2112 -0.0068 -0.0047 0.8348 0.5505
547.0000 -51.6586 309.4933 -5.2226 -0.0074 -0.0044 0.8346 0.5508
548.0000 -51.7823 309.7667 -5.2213 -0.0077 -0.0040 0.8345 0.5510
549.0000 -51.8986 310.0509 -5.2175 -0.0084 -0.0033 0.8342 0.5514
550.0000 -52.0216 310.3425 -5.2158 -0.0090 -0.0033 0.8339 0.5518
551.0000 -52.1508 310.6261 -5.2232 -0.0092 -0.0034 0.8338 0.5520
552.0000 -52.2770 310.9354 -5.2212 -0.0089 -0.0035 0.8337 0.5522
553.0000 -52.4147 311.2538 -5.2262 -0.0085 -0.0033 0.8335 0.5525
554.0000 -52.5456 311.5674 -5.2282 -0.0088 -0.0027 0.8333 0.5528
555.0000 -52.6811 311.8953 -5.2245 -0.0092 -0.0023 0.8331 0.5530
556.0000 -52.8157 312.2076 -5.2267 -0.0104 -0.0019 0.8328 0.5534
557.0000 -52.9550 312.5306 -5.2361 -0.0114 -0.0014 0.8327 0.5537
558.0000 -53.0968 312.8650 -5.2403 -0.0119 -0.0014 0.8326 0.5538
559.0000 -53.2189 313.1662 -5.2455 -0.0123 -0.0007 0.8323 0.5541
560.0000 -53.3541 313.4794 -5.2434 -0.0129 -0.0002 0.8322 0.5543
561.0000 -53.4813 313.7801 -5.2468 -0.0130 0.0003 0.8320 0.5546
562.0000 -53.6069 314.0892 -5.2434 -0.0129 0.0002 0.8319 0.5548
563.0000 -53.7415 314.4030 -5.2528 -0.0132 0.0001 0.8317 0.5551
564.0000 -53.8671 314.7103 -5.2636 -0.0134 0.0001 0.8316 0.5552
565.0000 -53.9931 315.0219 -5.2584 -0.0135 -0.0003 0.8315 0.5554
566.0000 -54.1301 315.3248 -5.2700 -0.0137 -0.0007 0.8313 0.5556
567.0000 -54.2638 315.6521 -5.2756 -0.0140 -0.0008 0.8313 0.5557
568.0000 -54.3917 315.9611 -5.2801 -0.0140 -0.0007 0.8312 0.5558
569.0000 -54.5227 316.2721 -5.2772 -0.0137 -0.0011 0.8311 0.5559
570.0000 -54.6501 316.5809 -5.2842 -0.0134 -0.0015 0.8311 0.5560
571.0000 -54.7833 316.9000 -5.2909 -0.0134 -0.0020 0.8310 0.5561
572.0000 -54.9198 317.2140 -5.3003 -0.0133 -0.0023 0.8310 0.5561
573.0000 -55.0558 317.5413 -5.3023 -0.0132 -0.0024 0.8309 0.5562
574.0000 -55.1858 317.8645 -5.3040 -0.0132 -0.0026 0.8309 0.5563
575.0000 -55.3298 318.1999 -5.3160 -0.0135 -0.0026 0.8308 0.5564
576.0000 -55.4565 318.5186 -5.3267 -0.0139 -0.0009 0.8308 0.5564
577.0000 -55.5832 318.8541 -5.3194 -0.0146 0.0007 0.8308 0.5564
578.0000 -55.7270 319.1927 -5.3199 -0.0152 0.0017 0.8307 0.5565
579.0000 -55.8655 319.5186 -5.3220 -0.0158 0.0011 0.8308 0.5564
580.0000 -56.0087 319.8578 -5.3366 -0.0167 0.0008 0.8309 0.5562
581.0000 -56.1541 320.1949 -5.3432 -0.0175 0.0008 0.8310 0.5561
582.0000 -56.2938 320.5354 -5.3607 -0.0178 0.0008 0.8310 0.5559
583.0000 -56.4339 320.8769 -5.3722 -0.0165 0.0009 0.8313 0.5557
584.0000 -56.5729 321.2116 -5.3732 -0.0147 0.0018 0.8315 0.5553
585.0000 -56.7103 321.5640 -5.3709 -0.0137 0.0031 0.8316 0.5553
586.0000 -56.8488 321.9168 -5.3604 -0.0143 0.0036 0.8316 0.5551
587.0000 -57.0067 322.2673 -5.3875 -0.0149 0.0033 0.8318 0.5549
588.0000 -57.1551 322.6058 -5.3888 -0.0152 0.0020 0.8320 0.5545
589.0000 -57.3044 322.9420 -5.4123 -0.0153 0.0018 0.8321 0.5545
590.0000 -57.4418 323.2883 -5.4150 -0.0157 0.0025 0.8321 0.5543
591.0000 -57.5910 323.6246 -5.4213 -0.0156 0.0032 0.8324 0.5540
592.0000 -57.7309 323.9737 -5.4193 -0.0155 0.0034 0.8326 0.5537
593.0000 -57.8713 324.2906 -5.4272 -0.0153 0.0032 0.8328 0.5534
594.0000 -58.0094 324.6178 -5.4348 -0.0154 0.0020 0.8329 0.5532
595.0000 -58.1529 324.9474 -5.4466 -0.0157 0.0013 0.8331 0.5530
596.0000 -58.2960 325.2782 -5.4626 -0.0156 0.0015 0.8332 0.5527
597.0000 -58.4247 325.5950 -5.4597 -0.0154 0.0021 0.8334 0.5524
598.0000 -58.5581 325.9109 -5.4570 -0.0153 0.0026 0.8335 0.5523
599.0000 -58.6926 326.2249 -5.4653 -0.0160 0.0023 0.8336 0.5522
600.0000 -58.8375 326.5497 -5.4749 -0.0165 0.0019 0.8338 0.5519
601.0000 -58.9716 326.8564 -5.4853 -0.0170 0.0018 0.8339 0.5516
602.0000 -59.1042 327.1644 -5.4932 -0.0173 0.0022 0.8340 0.5516
603.0000 -59.2341 327.4742 -5.4986 -0.0171 0.0023 0.8341 0.5513
604.0000 -59.3686 327.7773 -5.5072 -0.0168 0.0023 0.8343 0.5510
605.0000 -59.4980 328.0880 -5.5095 -0.0165 0.0022 0.8344 0.5509
606.0000 -59.6267 328.3829 -5.5139 -0.0164 0.0022 0.8345 0.5507
607.0000 -59.7592 328.6901 -5.5289 -0.0166 0.0023 0.8347 0.5505
608.0000 -59.8914 328.9897 -5.5345 -0.0166 0.0025 0.8348 0.5503
609.0000 -60.0174 329.2850 -5.5391 -0.0162 0.0025 0.8350 0.5501
610.0000 -60.1428 329.5791 -5.5442 -0.0161 0.0027 0.8352 0.5498
611.0000 -60.2672 329.8716 -5.5520 -0.0161 0.0035 0.8354 0.5494
612.0000 -60.3917 330.1608 -5.5605 -0.0159 0.0042 0.8356 0.5491
613.0000 -60.5260 330.4527 -5.5673 -0.0152 0.0043 0.8360 0.5484
614.0000 -60.6487 330.7364 -5.5724 -0.0145 0.0047 0.8364 0.5480
615.0000 -60.7691 331.0257 -5.5756 -0.0139 0.0052 0.8366 0.5476
616.0000 -60.8935 331.3065 -5.5781 -0.0137 0.0052 0.8369 0.5472
617.0000 -61.0207 331.5967 -5.5853 -0.0137 0.0045 0.8373 0.5466
618.0000 -61.1434 331.8729 -5.6000 -0.0138 0.0041 0.8376 0.5461
619.0000 -61.2619 332.1510 -5.6111 -0.0131 0.0049 0.8379 0.5456
620.0000 -61.3880 332.4149 -5.6039 -0.0123 0.0059 0.8383 0.5450
621.0000 -61.5045 332.6915 -5.6033 -0.0121 0.0063 0.8385 0.5447
622.0000 -61.6278 332.9668 -5.6207 -0.0124 0.0064 0.8388 0.5443
623.0000 -61.7501 333.2299 -5.6210 -0.0122 0.0067 0.8392 0.5436
624.0000 -61.8649 333.4928 -5.6254 -0.0117 0.0067 0.8396 0.5431
625.0000 -61.9943 333.7534 -5.6243 -0.0116 0.0062 0.8399 0.5426
626.0000 -62.1124 334.0208 -5.6253 -0.0121 0.0056 0.8402 0.5422
627.0000 -62.2399 334.2799 -5.6432 -0.0126 0.0050 0.8405 0.5416
628.0000 -62.3441 334.5279 -5.6560 -0.0121 0.0055 0.8408 0.5412
629.0000 -62.4614 334.7893 -5.6522 -0.0113 0.0061 0.8411 0.5407
630.0000 -62.5821 335.0385 -5.6450 -0.0110 0.0062 0.8414 0.5402
631.0000 -62.7082 335.2902 -5.6524 -0.0111 0.0056 0.8417 0.5398
632.0000 -62.8193 335.5333 -5.6649 -0.0113 0.0048 0.8419 0.5395
633.0000 -62.9316 335.7787 -5.6729 -0.0114 0.0046 0.8419 0.5394
634.0000 -63.0458 336.0330 -5.6761 -0.0118 0.0050 0.8418 0.5397
635.0000 -63.1571 336.2776 -5.6733 -0.0124 0.0055 0.8416 0.5399
636.0000 -63.2716 336.5117 -5.6840 -0.0128 0.0058 0.8415 0.5401
637.0000 -63.3860 336.7627 -5.6969 -0.0128 0.0057 0.8414 0.5402
638.0000 -63.4942 337.0117 -5.6982 -0.0126 0.0059 0.8414 0.5403
639.0000 -63.6035 337.2483 -5.6946 -0.0124 0.0065 0.8413 0.5404
640.0000 -63.7114 337.4785 -5.6947 -0.0125 0.0061 0.8411 0.5406
641.0000 -63.8189 337.6981 -5.6966 -0.0128 0.0049 0.8411 0.5408
642.0000 -63.9261 337.9308 -5.7072 -0.0135 0.0039 0.8410 0.5408
643.0000 -64.0294 338.1597 -5.7196 -0.0140 0.0042 0.8409 0.5410
644.0000 -64.1369 338.3972 -5.7236 -0.0141 0.0056 0.8408 0.5411
645.0000 -64.2493 338.6267 -5.7238 -0.0144 0.0065 0.8408 0.5411
646.0000 -64.3553 338.8588 -5.7330 -0.0143 0.0067 0.8407 0.5413
647.0000 -64.4526 339.0854 -5.7414 -0.0140 0.0061 0.8407 0.5413
648.0000 -64.5508 339.3134 -5.7493 -0.0136 0.0061 0.8406 0.5414
649.0000 -64.6473 339.5357 -5.7464 -0.0133 0.0068 0.8405 0.5415
650.0000 -64.7622 339.7596 -5.7365 -0.0136 0.0071 0.8404 0.5418
651.0000 -64.8728 339.9922 -5.7420 -0.0145 0.0063 0.8402 0.5421
652.0000 -64.9684 340.2154 -5.7605 -0.0151 0.0058 0.8401 0.5421
653.0000 -65.0659 340.4233 -5.7648 -0.0150 0.0055 0.8402 0.5421
654.0000 -65.1567 340.6391 -5.7704 -0.0144 0.0058 0.8400 0.5423
655.0000 -65.2626 340.8484 -5.7740 -0.0133 0.0062 0.8400 0.5424
656.0000 -65.3451 341.0460 -5.7750 -0.0126 0.0056 0.8400 0.5425
657.0000 -65.4326 341.2439 -5.7827 -0.0126 0.0055 0.8398 0.5426
658.0000 -65.5233 341.4333 -5.7943 -0.0128 0.0057 0.8399 0.5426
659.0000 -65.5962 341.6100 -5.7940 -0.0127 0.0062 0.8398 0.5427
660.0000 -65.6811 341.7895 -5.7957 -0.0127 0.0067 0.8397 0.5429
661.0000 -65.7557 341.9574 -5.7961 -0.0128 0.0065 0.8396 0.5429
662.0000 -65.8244 342.1032 -5.8053 -0.0130 0.0065 0.8397 0.5429
663.0000 -65.8821 342.2387 -5.8034 -0.0132 0.0067 0.8396 0.5430
664.0000 -65.9429 342.3793 -5.8068 -0.0135 0.0065 0.8395 0.5431
665.0000 -65.9993 342.4956 -5.8076 -0.0137 0.0066 0.8395 0.5432
666.0000 -66.0497 342.6136 -5.8132 -0.0138 0.0067 0.8395 0.5432
667.0000 -66.0954 342.7116 -5.8142 -0.0136 0.0069 0.8394 0.5433
668.0000 -66.1400 342.8063 -5.8156 -0.0134 0.0071 0.8394 0.5433
669.0000 -66.1781 342.8929 -5.8149 -0.0132 0.0072 0.8394 0.5434
670.0000 -66.2155 342.9738 -5.8179 -0.0132 0.0071 0.8394 0.5433
671.0000 -66.2510 343.0602 -5.8231 -0.0130 0.0071 0.8393 0.5434
672.0000 -66.2758 343.1392 -5.8212 -0.0130 0.0070 0.8393 0.5434
673.0000 -66.3091 343.2009 -5.8247 -0.0129 0.0072 0.8393 0.5434
674.0000 -66.3415 343.2601 -5.8212 -0.0128 0.0072 0.8393 0.5435
675.0000 -66.3714 343.3244 -5.8254 -0.0127 0.0074 0.8393 0.5435
676.0000 -66.3858 343.3787 -5.8253 -0.0126 0.0074 0.8392 0.5436
677.0000 -66.4147 343.4352 -5.8247 -0.0126 0.0074 0.8392 0.5436
678.0000 -66.4417 343.4909 -5.8277 -0.0126 0.0075 0.8392 0.5436
679.0000 -66.4647 343.5331 -5.8270 -0.0125 0.0075 0.8392 0.5437
680.0000 -66.4828 343.5819 -5.8331 -0.0125 0.0076 0.8392 0.5437
681.0000 -66.4996 343.6199 -5.8280 -0.0126 0.0075 0.8392 0.5436
682.0000 -66.5198 343.6516 -5.8343 -0.0125 0.0077 0.8392 0.5436
683.0000 -66.5310 343.6887 -5.8334 -0.0125 0.0077 0.8392 0.5437
684.0000 -66.5420 343.7105 -5.8337 -0.0125 0.0077 0.8392 0.5437
685.0000 -66.5498 343.7330 -5.8357 -0.0124 0.0077 0.8391 0.5438
686.0000 -66.5595 343.7528 -5.8351 -0.0125 0.0076 0.8391 0.5437
687.0000 -66.5616 343.7609 -5.8357 -0.0126 0.0076 0.8391 0.5437
688.0000 -66.5654 343.7638 -5.8357 -0.0125 0.0077 0.8391 0.5437
689.0000 -66.5639 343.7647 -5.8353 -0.0125 0.0076 0.8391 0.5437
690.0000 -66.5660 343.7611 -5.8335 -0.0124 0.0076 0.8392 0.5437
691.0000 -66.5624 343.7606 -5.8364 -0.0123 0.0074 0.8391 0.5437
692.0000 -66.5592 343.7585 -5.8361 -0.0123 0.0073 0.8391 0.5437
693.0000 -66.5653 343.7589 -5.8365 -0.0124 0.0074 0.8391 0.5437
694.0000 -66.5632 343.7640 -5.8363 -0.0123 0.0074 0.8391 0.5437
695.0000 -66.5609 343.7622 -5.8340 -0.0122 0.0074 0.8391 0.5438
696.0000 -66.5608 343.7603 -5.8351 -0.0123 0.0074 0.8391 0.5437
697.0000 -66.5589 343.7612 -5.8349 -0.0122 0.0074 0.8391 0.5437
698.0000 -66.5630 343.7618 -5.8353 -0.0122 0.0073 0.8391 0.5437
699.0000 -66.5632 343.7602 -5.8378 -0.0122 0.0074 0.8391 0.5438
700.0000 -66.5641 343.7566 -5.8362 -0.0121 0.0074 0.8391 0.5438
701.0000 -66.5605 343.7552 -5.8357 -0.0121 0.0074 0.8391 0.5438
702.0000 -66.5585 343.7537 -5.8367 -0.0122 0.0074 0.8391 0.5438
703.0000 -66.5654 343.7592 -5.8347 -0.0122 0.0074 0.8391 0.5438
704.0000 -66.5583 343.7612 -5.8364 -0.0121 0.0073 0.8391 0.5438
705.0000 -66.5596 343.7580 -5.8370 -0.0121 0.0074 0.8391 0.5438
706.0000 -66.5607 343.7581 -5.8354 -0.0121 0.0075 0.8391 0.5438
707.0000 -66.5592 343.7612 -5.8399 -0.0121 0.0075 0.8391 0.5438
708.0000 -66.5624 343.7623 -5.8364 -0.0121 0.0074 0.8391 0.5437
709.0000 -66.5592 343.7518 -5.8394 -0.0121 0.0075 0.8391 0.5438
710.0000 -66.5606 343.7587 -5.8367 -0.0121 0.0074 0.8391 0.5438
711.0000 -66.5595 343.7621 -5.8366 -0.0122 0.0073 0.8391 0.5438
712.0000 -66.5618 343.7608 -5.8393 -0.0122 0.0073 0.8391 0.5438
713.0000 -66.5599 343.7580 -5.8356 -0.0121 0.0074 0.8391 0.5438
714.0000 -66.5638 343.7558 -5.8378 -0.0121 0.0075 0.8391 0.5438
715.0000 -66.5594 343.7617 -5.8340 -0.0121 0.0074 0.8391 0.5438
716.0000 -66.5601 343.7603 -5.8386 -0.0121 0.0074 0.8391 0.5438
717.0000 -66.5587 343.7553 -5.8376 -0.0121 0.0074 0.8391 0.5438
718.0000 -66.5559 343.7540 -5.8358 -0.0121 0.0074 0.8391 0.5438
719.0000 -66.5615 343.7615 -5.8376 -0.0121 0.0074 0.8391 0.5438
720.0000 -66.5592 343.7523 -5.8343 -0.0121 0.0074 0.8391 0.5438
721.0000 -66.5608 343.7560 -5.8373 -0.0121 0.0073 0.8391 0.5437
722.0000 -66.5572 343.7575 -5.8373 -0.0121 0.0073 0.8391 0.5438
723.0000 -66.5634 343.7630 -5.8378 -0.0121 0.0074 0.8391 0.5438
724.0000 -66.5578 343.7561 -5.8327 -0.0122 0.0073 0.8391 0.5438
725.0000 -66.5627 343.7577 -5.8368 -0.0121 0.0074 0.8391 0.5438
726.0000 -66.5591 343.7578 -5.8385 -0.0121 0.0074 0.8391 0.5438
727.0000 -66.5608 343.7566 -5.8374 -0.0121 0.0074 0.8391 0.5438
728.0000 -66.5636 343.7608 -5.8364 -0.0121 0.0074 0.8391 0.5438
729.0000 -66.5570 343.7581 -5.8359 -0.0121 0.0074 0.8391 0.5438
730.0000 -66.5598 343.7591 -5.8352 -0.0121 0.0073 0.8391 0.5438
731.0000 -66.5587 343.7615 -5.8370 -0.0121 0.0073 0.8391 0.5438
732.0000 -66.5610 343.7545 -5.8364 -0.0121 0.0074 0.8391 0.5438
733.0000 -66.5570 343.7535 -5.8340 -0.0121 0.0073 0.8391 0.5438
734.0000 -66.5598 343.7557 -5.8357 -0.0121 0.0073 0.8391 0.5438
735.0000 -66.5609 343.7601 -5.8382 -0.0121 0.0073 0.8391 0.5438
736.0000 -66.5582 343.7531 -5.8368 -0.0121 0.0074 0.8391 0.5438
737.0000 -66.5608 343.7569 -5.8347 -0.0121 0.0073 0.8391 0.5438
738.0000 -66.5587 343.7592 -5.8366 -0.0121 0.0074 0.8391 0.5438
739.0000 -66.5587 343.7530 -5.8368 -0.0121 0.0074 0.8391 0.5438
740.0000 -66.5592 343.7530 -5.8359 -0.0121 0.0073 0.8391 0.5437
741.0000 -66.5609 343.7552 -5.8363 -0.0121 0.0074 0.8391 0.5437
742.0000 -66.5609 343.7555 -5.8353 -0.0121 0.0074 0.8391 0.5438
743.0000 -66.5618 343.7573 -5.8347 -0.0121 0.0074 0.8391 0.5438
744.0000 -66.5590 343.7598 -5.8379 -0.0121 0.0074 0.8391 0.5438
745.0000 -66.5591 343.7572 -5.8356 -0.0121 0.0073 0.8391 0.5437
746.0000 -66.5586 343.7577 -5.8368 -0.0121 0.0074 0.8391 0.5438
747.0000 -66.5631 343.7533 -5.8346 -0.0121 0.0074 0.8391 0.5438
748.0000 -66.5618 343.7574 -5.8346 -0.0121 0.0073 0.8391 0.5438
749.0000 -66.5607 343.7616 -5.8360 -0.0121 0.0074 0.8391 0.5437
750.0000 -66.5624 343.7560 -5.8362 -0.0121 0.0074 0.8391 0.5437
751.0000 -66.5640 343.7610 -5.8364 -0.0121 0.0073 0.8391 0.5437
752.0000 -66.5636 343.7572 -5.8372 -0.0121 0.0074 0.8391 0.5437
753.0000 -66.5651 343.7621 -5.8361 -0.0121 0.0073 0.8391 0.5438
754.0000 -66.5644 343.7574 -5.8378 -0.0121 0.0074 0.8391 0.5438
755.0000 -66.5599 343.7541 -5.8357 -0.0121 0.0074 0.8391 0.5438
756.0000 -66.5636 343.7542 -5.8347 -0.0121 0.0073 0.8391 0.5437
757.0000 -66.5598 343.7590 -5.8396 -0.0120 0.0074 0.8391 0.5438
758.0000 -66.5599 343.7567 -5.8358 -0.0121 0.0074 0.8391 0.5438
759.0000 -66.5614 343.7588 -5.8331 -0.0121 0.0073 0.8391 0.5438
760.0000 -66.5615 343.7558 -5.8366 -0.0122 0.0074 0.8391 0.5438
761.0000 -66.5611 343.7555 -5.8335 -0.0121 0.0073 0.8391 0.5437
762.0000 -66.5602 343.7599 -5.8363 -0.0121 0.0074 0.8391 0.5437
763.0000 -66.5596 343.7547 -5.8341 -0.0121 0.0074 0.8391 0.5438
764.0000 -66.5632 343.7581 -5.8359 -0.0122 0.0074 0.8391 0.5438
765.0000 -66.5622 343.7601 -5.8384 -0.0121 0.0073 0.8391 0.5437
766.0000 -66.5644 343.7634 -5.8356 -0.0121 0.0073 0.8391 0.5438
767.0000 -66.5595 343.7587 -5.8364 -0.0121 0.0074 0.8391 0.5438
768.0000 -66.5601 343.7566 -5.8382 -0.0121 0.0074 0.8391 0.5437
769.0000 -66.5619 343.7599 -5.8354 -0.0121 0.0073 0.8391 0.5437
770.0000 -66.5596 343.7591 -5.8381 -0.0121 0.0074 0.8391 0.5438
771.0000 -66.5576 343.7559 -5.8371 -0.0121 0.0074 0.8391 0.5438
772.0000 -66.5619 343.7537 -5.8365 -0.0121 0.0074 0.8391 0.5438
773.0000 -66.5593 343.7559 -5.8370 -0.0121 0.0074 0.8391 0.5438
774.0000 -66.5620 343.7574 -5.8381 -0.0121 0.0074 0.8391 0.5438
775.0000 -66.5569 343.7569 -5.8372 -0.0121 0.0074 0.8391 0.5438
776.0000 -66.5556 343.7555 -5.8353 -0.0121 0.0073 0.8391 0.5438
777.0000 -66.5604 343.7582 -5.8356 -0.0121 0.0073 0.8391 0.5438
778.0000 -66.5583 343.7530 -5.8343 -0.0121 0.0073 0.8391 0.5437
779.0000 -66.5641 343.7543 -5.8342 -0.0121 0.0073 0.8391 0.5438
780.0000 -66.5611 343.7551 -5.8349 -0.0122 0.0074 0.8391 0.5438
781.0000 -66.5601 343.7534 -5.8373 -0.0122 0.0074 0.8391 0.5437
782.0000 -66.5594 343.7542 -5.8375 -0.0121 0.0073 0.8391 0.5437
