0.014365
0.064299
0.063516
0.065047
0.059542
0.062147
0.066901
0.063506
0.064673
0.063948
0.065541
0.066987
0.069013
0.066025
0.065296
0.068355
0.061005
0.063071
0.064276
0.064813
0.061552
0.065781
0.06203
0.062715
0.059306
0.064198
0.059371
0.062847
0.060552
0.061316
0.061595
0.059137
0.071835
0.07112
0.073324
0.073252
0.070618
0.071639
0.068601
0.070083
0.067205
0.066264
0.066157
0.066813
0.063956
0.064744
0.064801
0.063833
0.059227
0.073738
0.07223
0.072054
0.069044
0.067441
0.066282
0.063683
0.061806
0.058311
0.060441
0.065168
0.063399
0.061905
0.059771
0.062866
0.07195
0.067055
0.067438
0.066565
0.065217
0.065491
0.065524
0.061892
0.062318
0.06464
0.065384
0.061544
0.066091
0.061496
0.061909
0.061301
0.062774
0.064123
0.065121
0.064507
0.063421
0.063801
0.06194
0.061158
0.061421
0.058075
0.056103
0.056566
0.05615
0.0606
0.058188
0.059178
0.058736
0.067985
0.065252
0.061863
0.062612
0.069231
0.068059
0.066321
0.066328
0.065538
0.061622
0.062365
0.061555
0.058932
0.057815
0.059237
0.059251
0.057231
0.056028
0.055679
0.05299
0.059797
0.054282
0.052385
0.049831
0.048448
0.045487
0.048567
0.046998
0.045126
0.044681
0.043041
0.044311
0.045586
0.043898
0.044312
0.042044
0.044718
0.044283
0.047504
0.044851
0.05357
0.04386
0.043461
0.039449
0.040119
0.037082
0.037845
0.034238
0.037846
0.03536
0.03805
0.036937
0.035852
0.035971
0.037847
0.03946
0.038433
0.036062
0.039404
0.035202
0.034852
0.034888
0.034695
0.035392
0.035201
0.033762
0.036282
0.035901
0.036988
0.039318
0.045932
0.037779
0.038794
0.037437
0.037746
0.034591
0.039919
0.034936
0.035409
0.034961
0.034652
0.035691
0.034143
0.033616
0.033062
0.032442
0.033481
0.033879
0.03439
0.035651
0.035308
0.032914
0.033423
0.031838
0.031533
0.030617
0.034544
0.028973
0.028074
0.028288
0.026753
0.026893
0.02739
0.028658
0.029604
0.029765
0.028121
0.028246
0.026435
0.027959
0.026856
0.028191
0.026468
0.02768
0.031664
0.028973
0.028114
0.028315
0.027596
0.026473
0.0263
0.026364
0.031374
0.027529
0.027695
0.034577
0.030278
0.029867
0.029441
0.030422
0.029828
0.02898
0.029312
0.029372
0.031835
0.031725
0.029838
0.031406
0.031309
0.03339
0.030312
0.031124
0.031202
0.031039
0.030047
0.030453
0.035691
0.032863
0.03257
0.033076
0.034787
0.036456
0.035705
0.038137
0.038473
0.038753
0.03909
0.03875
0.039725
0.040629
0.040341
0.039743
0.042542
0.042223
0.041472
0.042651
0.040649
0.048428
0.047575
0.047501
0.045644
0.046265
0.04523
0.046113
0.044904
0.046891
0.043823
0.045875
0.04899
0.058298
0.050698
0.050971
0.048018
0.04984
0.045984
0.04607
0.044184
0.045848
0.043755
0.045658
0.045929
0.046799
0.044918
0.045857
0.048451
0.046679
0.050093
0.057063
0.048699
0.049187
0.048671
0.047316
0.044003
0.04248
0.039604
0.040281
0.039915
0.038134
0.035972
0.035269
0.035623
0.034417
0.034448
0.033236
0.035272
0.034838
0.034665
0.034448
0.035462
0.036378
0.035256
0.038407
0.041646
0.036788
0.037786
0.035631
0.03436
0.033556
0.033232
0.032739
0.032052
0.03278
0.032398
0.031421
0.031664
0.031658
0.032323
0.030915
0.031455
0.031009
0.033599
0.037215
0.033593
0.033406
0.033883
0.035192
0.03574
0.036999
0.038148
0.036586
0.036876
0.036532
0.036901
0.040125
0.038889
0.038613
0.039308
0.039167
0.039037
0.039026
0.04052
0.041999
0.039051
0.0388
0.039437
0.03785
0.038508
0.041832
0.038915
0.037662
0.038333
0.036301
0.036756
0.041457
0.038878
0.037168
0.036633
0.037584
0.036003
0.039569
0.033903
0.032732
0.036722
0.04364
0.041425
0.03952
0.039968
0.039252
0.040483
0.039451
0.040492
0.03936
0.040296
0.039715
0.04473
0.042927
0.050823
0.04424
0.044947
0.043321
0.041977
0.042795
0.042237
0.040653
0.039554
0.038175
0.041324
0.040358
0.04428
0.041835
0.043928
0.044395
0.045022
0.052559
0.043035
0.043046
0.045109
0.044849
0.044752
0.043966
0.04378
0.045416
0.046017
0.045216
0.044481
0.043911
0.045014
0.045507
0.047635
0.045754
0.045109
0.043943
0.042486
0.044061
0.045648
0.048722
0.046152
0.044222
0.045902
0.043803
0.048966
0.047287
0.046475
0.044464
0.044947
0.042568
0.046459
0.041284
0.042641
0.04034
0.039355
0.039674
0.041163
0.04182
0.044009
0.040653
0.047845
0.043251
0.043211
0.044083
0.04359
0.043043
0.042475
0.045034
0.045184
0.044461
0.052721
0.048486
0.047909
0.045493
0.047523
0.045622
0.046644
0.045159
0.045843
0.042685
0.044003
0.043978
0.044364
0.045793
0.046247
0.044947
0.046257
0.043995
0.055236
0.047091
0.047495
0.045884
0.046195
0.044465
0.044394
0.044416
0.042392
0.03945
0.041883
0.041828
0.05007
0.043772
0.043038
0.04085
0.03865
0.037683
0.040511
0.038055
0.037568
0.03695
0.038062
0.036512
0.03808
0.047353
0.042031
0.043824
0.041055
0.039506
0.038327
0.036382
0.036164
0.036212
0.034738
0.033522
0.032957
0.03291
0.033785
0.034608
0.03395
0.034593
0.034236
0.035475
0.03162
0.031534
0.031744
0.034299
0.030432
0.02993
0.029015
0.030137
0.03074
0.029731
0.03286
0.030096
0.035444
0.032297
0.036332
0.033206
0.032812
0.03756
0.035486
0.038162
0.036247
0.034611
0.037593
0.035967
0.034195
0.032604
0.031161
0.03029
0.030815
0.029655
0.033402
0.029931
0.028786
0.030025
0.030377
0.029432
0.02955
0.029412
0.028918
0.03025
0.036776
0.031225
0.031149
0.031531
0.03218
0.032242
0.03152
0.031558
0.031133
0.032667
0.032226
0.031941
0.042566
0.033614
0.03288
0.032443
0.032179
0.032211
0.032079
0.03122
0.031218
0.032307
0.033702
0.034282
0.034853
0.033441
0.032808
0.033425
0.036093
0.032417
0.032605
0.037722
0.034033
0.033366
0.033148
0.034972
0.033448
0.030458
0.032186
0.034346
0.035268
0.044864
0.039934
0.03953
0.04147
0.039267
0.041379
0.044912
0.049427
0.048313
0.049209
0.04831
0.05071
0.048253
0.04718
0.046138
0.048496
0.047424
0.050808
0.049692
0.04866
0.047326
0.047803
0.048161
0.049942
0.053573
0.053927
0.051975
0.055918
0.052721
0.057489
0.055275
0.056179
0.051707
0.056906
0.053407
0.053957
0.052676
0.053734
0.052818
0.056162
0.054653
0.053119
0.051819
0.054531
0.054249
0.050957
0.053587
0.054377
0.050392
0.051083
0.051844
0.052078
0.051324
0.048389
0.049236
0.049705
0.048853
0.047626
0.049038
0.047875
0.046028
0.047256
0.046301
0.049208
0.050518
0.04982
0.047996
0.049757
0.048893
0.048797
0.048433
0.049357
0.052291
0.050414
0.054171
0.050898
0.051499
0.050924
0.048735
0.050354
0.049585
0.051761
0.051616
0.051324
0.051413
0.052543
0.051238
0.052158
0.049542
0.053994
0.051788
0.051122
0.050375
0.05157
0.04992
0.052225
0.048966
0.05335
0.051282
0.050981
0.050687
0.058102
0.052336
0.052675
0.052251
0.051406
0.051996
0.049561
0.055928
0.053638
0.053075
0.053142
0.06213
0.057642
0.058497
0.056358
0.055629
0.055464
0.052424
0.053242
0.058206
0.058428
0.05805
0.056065
0.056456
0.056208
0.053932
0.05416
0.052591
0.053309
0.051434
0.053444
0.055785
0.056884
0.055711
0.054296
0.052971
0.053243
0.050851
0.051819
0.04961
0.052552
0.053467
0.051837
0.052401
0.054201
0.051338
0.052027
0.050203
0.050407
0.049674
0.049221
0.053013
0.05085
0.050697
0.047088
0.045621
0.044784
0.042758
0.046043
0.042877
0.043399
0.040804
0.039742
0.037218
0.038427
0.042321
0.040364
0.038735
0.041305
0.049694
0.044412
0.042787
0.046185
0.043987
0.045907
0.042727
0.043974
0.040562
0.041226
0.039598
0.044342
0.041854
0.042966
0.042619
0.042964
0.042998
0.043075
0.048543
0.044288
0.044175
0.043204
0.042349
0.041902
0.041989
0.042047
0.045401
0.044828
0.044158
0.043659
0.044724
0.042358
0.049458
0.0468
0.04625
0.043571
0.045027
0.053203
0.048629
0.049076
0.047125
0.04752
0.045846
0.045673
0.047895
0.04901
0.048015
0.047373
0.045421
0.053276
0.047125
0.04843
0.046635
0.04744
0.051351
0.050294
0.050135
0.049601
0.047972
0.048483
0.046828
0.054266
0.052474
0.052498
0.050371
0.051483
0.051
0.051653
0.05185
0.054927
0.051112
0.053674
0.050582
0.053001
0.052966
0.051967
0.051733
0.053738
0.05113
0.050963
0.052306
0.054055
0.056366
0.055351
0.05378
0.05488
0.052489
0.052579
0.053569
0.052767
0.053338
0.052708
0.051316
0.051432
0.049464
0.047941
0.047873
0.049184
0.053428
0.054049
0.050629
0.051993
0.049552
0.050376
0.047649
0.048321
0.046191
0.044857
0.043129
0.045047
0.044754
0.047528
0.047771
0.049154
0.048253
0.048701
0.046182
0.046979
0.046586
0.04708
0.044339
0.042788
0.043427
0.043163
0.041204
0.040452
0.037282
0.036207
0.035842
0.037429
0.038248
0.036461
0.034403
0.033272
0.031469
0.034224
0.030035
0.029441
0.02963
0.029219
0.02955
0.030509
0.029319
0.028803
0.03061
0.028804
0.028633
0.029611
0.029712
0.033776
0.030074
0.02915
0.029431
0.029329
0.034842
0.032817
0.032903
0.032733
0.036033
0.034262
0.03262
0.032543
0.032807
0.032473
0.032114
0.032096
0.033788
0.033556
0.033052
0.034364
0.04315
0.037099
0.036746
0.039993
0.03905
0.041158
0.047283
0.046259
0.045239
0.04632
0.045355
0.044038
0.043879
0.046609
0.042123
0.043927
0.043119
0.043276
0.042963
0.046276
0.04242
0.044015
0.042755
0.043576
0.041441
0.042736
0.040877
0.043423
0.041399
0.042517
0.040745
0.040727
0.039242
0.04069
0.03859
0.040035
0.039511
0.04032
0.037168
0.041201
0.03834
0.039722
0.041815
0.040263
0.036763
0.038199
0.039668
0.042743
0.043018
0.043881
0.04044
0.04117
0.040564
0.042675
0.041422
0.041601
0.039738
0.042246
0.041963
0.042988
0.042827
0.040334
0.042867
0.042113
0.041362
0.043028
0.040585
0.041762
0.042152
0.041914
0.041601
0.041335
0.041059
0.040992
0.040762
0.041822
0.041508
0.043558
0.040724
0.039842
0.039415
0.038883
0.038532
0.036434
0.040012
0.035644
0.037029
0.035647
0.03477
0.03487
0.038787
0.038149
0.035558
0.036003
0.038158
0.036965
0.037942
0.035558
0.033873
0.034053
0.034725
0.035107
0.036429
0.034415
0.038533
0.038173
0.036977
0.038857
0.036725
0.036308
0.036273
0.03756
0.039132
0.044767
0.041881
0.042699
0.041641
0.040674
0.040834
0.041476
0.040636
0.041915
0.043017
0.04448
0.045001
0.045428
0.052227
0.047128
0.043294
0.044106
0.041229
0.042084
0.041181
0.041505
0.040986
0.040357
0.04151
0.041427
0.039513
0.0401
0.040589
0.039957
0.037932
0.038193
0.037483
0.037817
0.036231
0.039468
0.036045
0.034424
0.034579
0.034615
0.03521
0.035604
0.036797
0.036547
0.036385
0.035442
0.03561
0.035826
0.034602
0.043621
0.037711
0.037355
0.035552
0.038632
0.039484
0.042251
0.042493
0.047404
0.044865
0.044292
0.046047
0.04506
0.04651
0.044552
0.043148
0.043537
0.04297
0.045945
0.044471
0.044965
0.045807
0.045102
0.043895
0.044001
0.041818
0.0436
0.043074
0.043083
0.042833
0.042316
0.041214
0.043007
0.041805
0.047175
0.04194
0.043427
0.040765
0.043126
0.040969
0.042233
0.043506
0.042662
0.041169
0.040467
0.042225
0.042836
0.043295
0.041383
0.039253
0.041307
0.04267
0.042882
0.04013
0.042488
0.040817
0.043302
0.041005
0.042581
0.041189
0.043299
0.040285
0.041178
0.040565
0.042337
0.040146
0.042361
0.03885
0.042577
0.040084
0.041053
0.039737
0.041285
0.039998
0.041425
0.040271
0.042951
0.042044
0.041494
0.045611
0.045447
0.044885
0.04438
0.042843
0.044667
0.043279
0.044045
0.04425
0.04351
0.042366
0.042881
0.042125
0.041299
0.042033
