0.022045
0.087835
0.098982
0.100298
0.103175
0.102111
0.100928
0.09518
0.103247
0.100448
0.098285
0.101163
0.101519
0.098313
0.100864
0.096722
0.096215
0.100276
0.095297
0.092303
0.089642
0.095391
0.095484
0.09286
0.092784
0.089826
0.089245
0.089932
0.088614
0.088404
0.089511
0.090292
0.101896
0.097425
0.097668
0.097412
0.09746
0.093282
0.098507
0.094196
0.098877
0.096479
0.092062
0.091409
0.09265
0.091935
0.098096
0.094194
0.095644
0.090396
0.090244
0.092336
0.091972
0.091229
0.088288
0.088355
0.091577
0.089814
0.090736
0.092207
0.089153
0.091621
0.091766
0.091562
0.088627
0.089926
0.084851
0.088708
0.089295
0.088144
0.087071
0.087352
0.086417
0.087163
0.083328
0.084704
0.086109
0.080948
0.086342
0.087272
0.089552
0.096024
0.094885
0.09677
0.096533
0.09554
0.095973
0.087799
0.093645
0.094924
0.092095
0.090817
0.090082
0.088861
0.088607
0.088815
0.085911
0.085595
0.085816
0.085906
0.087775
0.084253
0.084003
0.082028
0.087193
0.084858
0.080382
0.085367
0.083547
0.086094
0.08783
0.093108
0.091648
0.08707
0.089939
0.086259
0.08622
0.089556
0.088442
0.089632
0.085628
0.086688
0.086125
0.084953
0.088737
0.088141
0.086
0.087298
0.084676
0.088188
0.088896
0.088878
0.091519
0.096908
0.09556
0.089141
0.091978
0.08726
0.088704
0.090683
0.086126
0.084031
0.0841
0.08993
0.089556
0.094987
0.094246
0.087483
0.088602
0.088997
0.092744
0.089515
0.092154
0.095068
0.09274
0.097544
0.097801
0.091687
0.093781
0.097951
0.093628
0.095851
0.096164
0.094461
0.089063
0.093845
0.092263
0.093589
0.097068
0.101784
0.096303
0.093892
0.097715
0.096111
0.097733
0.097473
0.093802
0.097343
0.09752
0.094776
0.099177
0.103569
0.101655
0.100148
0.096645
0.096053
0.093691
0.099604
0.095607
0.096557
0.100632
0.097186
0.100839
0.09674
0.098838
0.095375
0.096813
0.095832
0.098366
0.093424
0.098276
0.095996
0.099612
0.097735
0.096466
0.099749
0.101059
0.101627
0.091902
0.102465
0.096614
0.097231
0.104163
0.105214
0.099527
0.100142
0.102797
0.099977
0.098024
0.100978
0.100152
0.103512
0.106438
0.106841
0.108946
0.103486
0.104976
0.135459
0.118085
0.124241
0.118404
0.116715
0.117248
0.118689
0.112082
0.121892
0.121062
0.121844
0.120875
0.124726
0.120791
0.125419
0.12047
0.11877
0.121094
0.117317
0.123831
0.122795
0.120164
0.121753
0.12134
0.119102
0.12716
0.124838
0.117513
0.121351
0.119453
0.121528
0.112775
0.124066
0.131251
0.128839
0.125689
0.122678
0.124316
0.117121
0.123148
0.122253
0.121466
0.118144
0.120348
0.119757
0.120978
0.124242
0.119014
0.123411
0.119232
0.124544
0.124116
0.123161
0.116602
0.122678
0.122716
0.127303
0.132692
0.132333
0.127209
0.130005
0.128182
0.120669
0.124627
0.124207
0.127326
0.124846
0.126862
0.129786
0.127084
0.127174
0.126247
0.127489
0.127784
0.123294
0.125071
0.121922
0.12719
0.129184
0.129925
0.124864
0.126703
0.130507
0.129267
0.121212
0.126763
0.125216
0.127488
0.122257
0.116407
0.121413
0.114624
0.116845
0.115582
0.115868
0.108468
0.111522
0.110508
0.108796
0.110577
0.110546
0.108046
0.102562
0.104219
0.10352
0.105432
0.09978
0.098713
0.095622
0.097111
0.092036
0.091717
0.086564
0.086936
0.086362
0.086871
0.08889
0.087979
0.090373
0.083029
0.085078
0.085686
0.086012
0.085831
0.086532
0.088622
0.08887
0.088565
0.089198
0.08858
0.082862
0.08605
0.088003
0.088442
0.089753
0.091367
0.092413
0.095213
0.095771
0.09752
0.09183
0.095652
0.094796
0.103647
0.101635
0.104328
0.10108
0.105695
0.108359
0.104639
0.108177
0.107365
0.112201
0.116172
0.108715
0.113694
0.110917
0.115233
0.115586
0.124201
0.118067
0.117628
0.115544
0.122741
0.119593
0.138907
0.123379
0.121807
0.124709
0.127571
0.126383
0.129867
0.126145
0.128885
0.121374
0.122006
0.125732
0.116226
0.125907
0.124033
0.124531
0.12148
0.124679
0.122185
0.120608
0.12283
0.121863
0.122815
0.1196
0.118803
0.117339
0.118235
0.1217
0.121921
0.1128
0.116174
0.119639
0.124656
0.127192
0.125773
0.122267
0.121816
0.119822
0.127057
0.121918
0.124391
0.123572
0.122353
0.122207
0.118239
0.118865
0.124158
0.123198
0.115011
0.122181
0.116545
0.123501
0.119507
0.117256
0.123589
0.130265
0.131998
0.133803
0.130562
0.129602
0.13184
0.127105
0.124896
0.124725
0.126694
0.125881
0.124709
0.1268
0.124814
0.124618
0.126015
0.122773
0.124514
0.129448
0.122178
0.123962
0.122583
0.1228
0.121198
0.122729
0.121293
0.119505
0.11809
0.114502
0.119523
0.111277
0.115044
0.11484
0.113841
0.117361
0.114201
0.114995
0.120858
0.122091
0.119435
0.116751
0.123293
0.128532
0.128479
0.123178
0.128296
0.125869
0.123825
0.127012
0.130891
0.129336
0.126847
0.127698
0.128226
0.127289
0.126027
0.127089
0.126038
0.122747
0.128325
0.131864
0.129092
0.132197
0.1269
0.13042
0.127289
0.127786
0.135699
0.134884
0.125501
0.131477
0.127306
0.128753
0.130314
0.132145
0.129772
0.134277
0.12801
0.128842
0.135988
0.137192
0.13516
0.130096
0.130475
0.133513
0.125359
0.130719
0.12373
0.12499
0.130148
0.128457
0.134016
0.131342
0.134327
0.131359
0.135228
0.124647
0.134405
0.129343
0.134202
0.131246
0.132564
0.125531
0.130877
0.133676
0.124741
0.130649
0.135077
0.134213
0.125901
0.122188
0.13258
0.132915
0.135543
0.130889
0.133415
0.127359
0.135045
0.124288
0.136513
0.127501
0.130249
0.131623
0.131894
0.135519
0.131849
0.131415
0.132496
0.131802
0.131464
0.123459
0.124186
0.125072
0.120633
0.128811
0.124288
0.124403
0.124485
0.120882
0.12637
0.123412
0.120953
0.12035
0.118097
0.11797
0.118818
0.122509
0.117067
0.111689
0.116147
0.11585
0.119813
0.117972
0.116285
0.117499
0.118878
0.120198
0.117917
0.118233
0.117818
0.121228
0.121297
0.130735
0.121962
0.11969
0.120868
0.123264
0.12606
0.125235
0.125888
0.126226
0.129341
0.129252
0.129429
0.127665
0.127678
0.128904
0.128868
0.13183
0.135009
0.135014
0.131605
0.132773
0.129005
0.128168
0.131045
0.125854
0.126366
0.125378
0.125423
0.122108
0.116892
0.114711
0.114985
0.110595
0.109808
0.110325
0.108888
0.105793
0.104161
0.099624
0.098742
0.100409
0.100766
0.097545
0.095916
0.092376
0.094232
0.100341
0.095976
0.101266
0.097654
0.093665
0.092591
0.09374
0.093144
0.096235
0.095318
0.087351
0.090341
0.093767
0.093291
0.090894
0.088593
0.086716
0.090686
0.091441
0.09532
0.097359
0.094322
0.095944
0.095664
0.097394
0.09379
0.09571
0.092232
0.095903
0.0982
0.098583
0.095331
0.106465
0.104376
0.103161
0.106071
0.101473
0.106445
0.100211
0.106213
0.106756
0.110271
0.112224
0.113909
0.110609
0.112298
0.110707
0.110033
0.105301
0.108399
0.111598
0.111364
0.113783
0.110895
0.111624
0.119317
0.114342
0.116282
0.119841
0.121118
0.11405
0.113088
0.114708
0.114924
0.115652
0.109832
0.116888
0.116767
0.113193
0.112301
0.113408
0.121473
0.119841
0.117528
0.115487
0.111185
0.11403
0.11699
0.112673
0.110877
0.109952
0.1105
0.114407
0.107056
0.111823
0.109939
0.111427
0.105834
0.115706
0.107803
0.11352
0.11576
0.112795
0.11175
0.112791
0.112676
0.107387
0.110182
0.113775
0.106313
0.111121
0.110152
0.10666
0.108331
0.103497
0.103008
0.10256
0.103319
0.105259
0.106339
0.108103
0.104941
0.10528
0.107199
0.103499
0.101561
0.103795
0.106137
0.101915
0.106021
0.119777
0.120768
0.120703
0.120087
0.121418
0.127443
0.122797
0.118605
0.120937
0.119557
0.120909
0.121683
0.120891
0.117525
0.119515
0.123477
0.116513
0.120183
0.119407
0.116593
0.119244
0.124075
0.128641
0.125925
0.126639
0.127184
0.127854
0.123301
0.125226
0.126604
0.122868
0.122557
0.120493
0.120114
0.117151
0.119732
0.122481
0.125049
0.129223
0.127789
0.129266
0.130018
0.127232
0.124074
0.124249
0.123474
0.120154
0.120949
0.115929
0.116023
0.119483
0.121124
0.126039
0.126179
0.124042
0.125778
0.124652
0.126066
0.12003
0.123071
0.12975
0.119081
0.128355
0.128008
0.124549
0.125054
0.128994
0.127689
0.131615
0.133465
0.130173
0.119572
0.13086
0.124599
0.1258
0.126208
0.128076
0.12372
0.124909
0.119117
0.118467
0.118624
0.125578
0.118288
0.113162
0.117542
0.114491
0.110681
0.112906
0.110304
0.108988
0.110808
0.109618
0.116109
0.110666
0.112908
0.115641
0.114945
0.114998
0.110891
0.114138
0.113099
0.115085
0.11385
0.115995
0.109745
0.113302
0.114408
0.115414
0.11575
0.107942
0.110951
0.114939
0.113485
0.111728
0.105528
0.112948
0.112564
0.111802
0.109196
0.111608
0.111739
0.115478
0.115771
0.116742
0.111588
0.115136
0.113935
0.111406
0.111571
0.110111
0.104579
0.112315
0.119034
0.117332
0.116276
0.113947
0.113913
0.11276
0.114472
0.116014
0.11515
0.108603
0.115787
0.114272
0.115107
0.116386
0.113954
0.11616
0.112882
0.117091
0.11492
0.11132
0.122203
0.118396
0.121629
0.127343
0.123529
0.143577
0.12968
0.130235
0.129106
0.128385
0.129586
0.147316
0.14468
0.137672
0.135573
0.141101
0.137216
0.143127
0.147048
0.143269
0.142126
0.144324
0.143217
0.142226
0.145173
0.151033
0.151657
0.146038
0.152208
0.144788
0.150248
0.147261
0.157693
0.158258
0.152672
0.151514
0.158678
0.149143
0.151093
0.143993
0.150396
0.145157
0.145918
0.14542
0.149723
0.149277
0.155087
0.156246
0.162646
0.162467
0.166062
0.159612
0.164011
0.160131
0.157099
0.158429
0.154837
0.161361
0.163742
0.165599
0.161478
0.1607
0.16635
0.157723
0.161307
0.162055
0.159083
0.157945
0.160851
0.160787
0.162454
0.15174
0.151573
0.152851
0.144912
0.148684
0.146976
0.151298
0.155731
0.156253
0.155994
0.160339
0.157365
0.154265
0.161905
0.156843
0.15933
0.151458
0.154617
0.1541
0.155767
0.145194
0.147824
0.148178
0.146737
0.152562
0.149816
0.143858
0.14761
0.148801
0.143821
0.14379
0.138825
0.140777
0.151071
0.145821
0.149907
0.145645
0.147786
0.146328
0.141628
0.147298
0.146291
0.142046
0.147253
0.142952
0.14332
0.142945
0.141627
0.141948
0.138865
0.137831
0.137301
0.137944
0.136258
0.137912
0.142198
0.138452
0.142562
0.149908
0.139947
0.144251
0.134701
0.130044
0.134518
0.138489
0.132553
0.133349
0.134586
0.130701
0.134629
0.138975
0.134071
0.138111
0.136897
0.131399
0.123672
0.126411
0.124726
0.123761
0.116615
0.122591
0.121609
0.121473
0.122579
0.121875
0.117657
0.120512
0.114144
0.118435
0.108109
0.11507
0.133842
0.128177
0.126353
0.121574
0.116127
0.117914
0.117774
0.120661
0.11763
0.115228
0.114265
0.11614
0.11514
0.115583
0.113012
0.111278
0.115967
0.113156
0.113889
0.111594
0.111516
0.106053
0.108924
0.10735
0.105518
0.09796
0.10455
0.098856
0.105761
0.107887
0.103779
0.108822
0.105846
0.108977
0.107667
0.104826
0.106349
0.100344
0.101943
0.107291
0.10411
0.110941
0.106409
0.105243
0.104271
0.106342
0.099174
0.10122
0.105479
0.104712
0.110171
0.111781
0.122065
0.112202
0.117098
0.111461
0.108386
0.114643
0.127008
0.117656
0.118031
0.112894
0.115634
0.121105
0.118804
0.117484
0.116929
0.116315
0.115496
0.114845
0.116578
0.11321
0.116091
0.120838
0.118208
0.122108
0.117903
0.118255
0.119753
0.120386
0.115214
0.119413
0.119133
0.119289
0.120091
0.121153
0.121217
0.124026
0.120215
0.122122
0.121777
0.117433
0.119813
0.121329
0.121752
0.120081
0.123527
0.121294
0.117595
0.119962
0.120553
0.113873
0.109812
0.110788
0.109932
0.114255
0.112231
0.108207
0.105879
0.101187
0.112836
0.106395
0.107933
0.10805
0.101163
0.107782
0.104186
0.109369
0.106556
0.105981
0.107464
0.102616
0.109874
0.109074
0.110346
0.109582
0.10494
0.102576
0.105604
0.105892
0.104526
0.101683
0.104938
0.104432
0.10841
0.105195
0.110804
0.110211
0.108951
0.110266
0.11172
0.110004
0.107316
0.108499
0.108524
0.109711
0.111084
0.115783
0.114184
0.111826
0.11509
0.111856
0.107894
0.112216
0.110968
0.110901
0.106343
0.116231
0.111191
0.120017
0.115218
0.112937
0.118169
0.115838
0.113601
0.118147
0.114829
0.123042
0.122566
0.124528
0.12795
0.127386
0.120898
0.129267
0.119582
0.124955
0.127313
0.130084
0.130501
0.133379
0.130195
0.125282
0.126651
0.131211
0.127064
0.127329
0.124051
0.133247
0.136079
0.129743
0.135336
0.12674
0.123944
0.131162
0.12957
0.125653
0.126127
0.12789
0.127447
0.126971
0.120526
0.126454
0.126778
0.127391
0.128755
0.125435
0.127575
0.124448
0.132082
0.132107
0.130678
0.129017
0.127632
0.133513
0.129735
0.129233
0.125163
0.13039
0.133939
0.129981
0.123512
0.124662
0.127173
0.127386
0.124985
0.126516
0.127824
0.129346
0.130455
0.121523
0.122791
0.1274
0.126653
0.134525
0.128599
0.136301
0.14045
0.138977
0.139202
0.138554
0.141691
0.138013
0.138134
0.137434
0.131381
0.136236
0.135992
0.132052
0.135449
0.129761
0.132847
0.136318
0.1302
0.133292
0.130257
0.131106
0.13426
0.135276
0.133723
0.131628
0.133619
0.135678
0.128847
0.134543
0.125629
0.134376
0.128856
0.122965
0.124318
0.127377
0.12493
0.120426
0.124058
0.125433
0.120252
0.121346
0.124886
0.123474
0.13066
0.124754
0.128617
0.129741
0.12662
0.130632
0.165016
0.128984
0.12972
0.133393
0.131626
0.135841
0.137461
0.135139
0.132458
0.138984
0.134952
0.138189
0.130525
0.1323
0.142023
0.13324
0.13199
0.138527
0.136373
0.137475
0.137447
0.137221
0.137042
0.136115
0.135951
0.131937
0.131478
0.132203
0.136316
0.136785
0.129249
0.133518
0.132346
0.136848
0.12927
0.130964
0.130935
0.137524
0.137156
0.130798
0.140289
0.135017
0.139558
0.141601
0.141201
0.137774
0.140739
0.13534
0.140189
0.139822
0.132622
0.139231
0.139821
0.13683
0.136687
0.138935
0.135787
0.132313
0.132253
0.13002
0.130146
0.13312
0.130235
0.131829
0.131023
0.128284
0.13471
0.134746
0.12829
0.134855
0.137149
0.131538
0.137019
0.133677
0.132005
0.137001
0.136716
0.136693
0.130256
0.135753
0.131785
0.132122
0.129949
0.130869
0.131903
0.133187
0.132035
0.132318
0.130323
0.12892
0.130925
0.126456
0.127362
0.123936
0.128381
0.127784
0.129434
0.131102
0.131385
0.12966
0.135626
0.134964
0.13474
0.130629
0.134263
0.1306
0.134302
0.131855
0.132215
0.134099
0.127936
0.133177
0.129155
0.133968
0.129147
0.134418
0.138169
0.134897
0.135246
0.143066
0.141897
0.141582
0.137358
0.139655
0.137494
0.142474
0.140321
0.140777
0.135413
0.141794
0.149445
0.150183
0.152665
0.14461
0.147645
0.149718
0.143405
0.153989
0.145472
0.152524
0.149195
0.153556
0.146414
0.156191
0.149312
0.159378
0.158429
0.164412
0.164386
0.164235
0.164705
0.164464
0.164737
0.16599
0.163393
0.162194
0.163776
0.163929
0.173065
0.176614
0.174313
0.1709
0.17007
0.170718
0.170535
0.168606
0.173473
0.170126
0.16832
0.16908
0.168124
0.161854
0.167058
0.174126
0.173119
0.175619
0.173719
0.174179
0.172578
0.166485
0.169689
0.166561
0.166817
0.164097
0.163213
0.157625
0.153366
0.155276
0.152722
0.155808
0.158379
0.155843
0.150454
0.158327
0.161217
0.156468
0.16158
0.157411
0.154401
0.159398
0.152279
0.155748
0.153047
0.145826
0.157941
0.14627
0.150246
0.144671
0.143662
0.14118
0.139388
0.138706
0.138177
0.141725
0.141669
0.137298
0.143915
0.131712
0.140794
0.132693
0.130497
0.131775
0.129493
0.128326
0.125065
0.130616
0.123272
0.127428
0.124449
0.127718
0.128287
0.123299
0.122877
0.120374
0.115296
0.114358
0.108453
0.108888
0.109396
0.107581
0.108234
0.110194
0.110337
0.112659
0.114196
0.111779
0.101709
0.108809
0.100762
0.104403
0.106061
0.100102
0.107106
0.105364
0.112949
0.109387
0.110658
0.106863
0.110084
0.111593
0.121285
0.107183
0.111645
0.111063
0.107733
0.114758
0.110703
0.10813
0.115652
0.119513
0.117077
0.118084
0.117073
0.11281
0.116214
0.108323
0.111965
0.111398
0.108215
0.112051
0.111585
0.109012
0.114783
0.11335
0.113261
0.10823
0.11084
0.108247
0.116271
0.111917
0.114053
0.110333
0.113099
0.106946
0.114415
0.113228
0.12124
0.117538
0.119343
0.114656
0.121399
0.123974
0.12311
0.134756
0.130049
0.125848
0.123014
0.126675
0.130481
0.129449
0.141802
0.132329
0.136203
0.132192
0.132912
0.13919
0.143333
0.138973
0.143698
0.142973
0.146846
0.14526
0.15082
0.138048
0.139715
0.141255
0.137349
0.142819
0.145881
0.14461
0.147324
0.146166
0.138373
0.144525
0.14069
0.139656
0.139741
0.141218
0.140047
0.138238
0.1397
0.140715
0.135215
0.131452
0.134819
0.134342
0.126343
0.128957
0.12737
0.125167
0.122292
0.120367
0.120063
0.122805
0.119449
0.122678
0.11876
0.118914
0.116629
0.114091
0.109302
0.113847
0.109879
0.104897
0.114677
0.105595
0.107777
0.10733
0.110106
0.108736
0.108062
0.104807
0.107159
0.104233
0.105654
0.10457
0.105118
0.105081
0.102862
0.106002
0.102097
0.102014
0.106749
0.10668
0.103195
0.096899
0.098407
0.099931
0.095567
0.098123
0.096194
0.099791
0.095351
0.089681
0.086346
0.08936
0.089226
0.094006
0.092958
0.092614
0.091215
0.091664
0.095127
0.092787
0.092866
0.090834
0.090103
0.087436
0.086377
0.089686
0.094589
0.097846
0.098161
0.103992
0.101858
0.101244
0.100677
0.100915
0.099211
0.110176
0.107243
0.108327
0.109527
0.112324
0.109983
0.10764
0.107956
0.110325
0.107239
0.104243
0.112358
0.11565
0.116982
0.116661
0.113565
0.114524
0.116558
0.113481
0.115106
0.111679
0.111864
0.108721
0.110023
0.10742
0.11442
0.104038
0.111336
0.107278
0.11213
0.113513
0.111121
0.108741
0.114946
0.111963
0.111396
0.111335
0.111535
0.109778
0.111407
0.105984
0.112488
0.110477
0.108959
0.112628
0.114941
0.116721
0.112873
0.11474
0.113958
0.115884
0.11181
0.110643
0.111987
0.111368
0.113301
0.112124
0.106767
0.11121
0.09992
0.102032
0.102629
0.103735
0.105121
0.106378
0.103627
0.10648
0.106065
0.10673
0.106084
0.105732
0.111821
0.111206
0.106287
0.110239
0.111396
0.107222
0.109648
0.105804
0.105006
0.107023
0.112906
0.104985
0.110452
0.104633
0.107546
0.10619
0.107868
0.105941
0.102673
0.101828
0.101461
0.10406
0.10695
0.106002
0.108964
0.101955
0.106582
0.106034
0.10502
0.101317
0.100299
0.10278
0.105855
0.104768
0.104779
0.104866
0.101141
0.10132
0.108453
0.105011
0.10564
0.107785
0.110824
0.109927
0.108644
0.112378
0.111508
0.109993
0.111878
0.109676
0.10661
0.105028
0.107891
0.113972
0.114086
0.108736
0.112744
0.10999
0.111754
0.110756
0.109231
0.101982
0.11015
0.106855
0.104909
0.101685
0.101764
0.105739
0.103383
0.103431
0.109143
0.108777
0.103823
0.103376
0.105753
0.103988
0.099916
0.100634
0.104328
0.11035
0.106279
0.107935
0.108049
0.101059
0.108581
0.105791
0.10478
0.10794
0.107207
0.109333
0.110256
0.107859
0.098719
0.104191
0.11283
0.10452
0.107955
0.111254
0.101885
0.104933
0.102943
0.107195
0.102525
0.102668
0.102349
0.104662
0.108767
0.097475
0.101866
0.102807
0.100883
0.108849
0.106559
0.10414
0.108822
0.106346
0.104893
0.107528
0.104513
0.105766
0.104745
0.106729
0.107049
0.108707
0.108447
0.109407
0.102967
0.107505
0.107421
0.10382
0.101499
0.106274
0.106133
0.107528
0.1051
0.108837
0.106969
0.102303
0.102854
0.105999
0.107881
0.105694
0.099252
0.103543
0.101163
0.101182
0.100886
0.104502
0.104361
0.103383
0.102328
0.105669
0.107656
0.106796
0.104065
0.102803
0.105378
0.108598
0.106386
0.102334
0.106126
0.10471
0.107985
0.101001
0.10323
0.105119
0.105397
0.102702
0.106503
0.105379
0.108013
0.103679
0.106005
0.106466
0.107744
0.104411
0.101097
0.102959
0.105843
0.100111
0.100257
0.102112
0.105515
0.09879
0.101718
0.102909
0.102752
0.101676
0.102978
0.103113
0.103808
0.103373
0.103132
0.103093
0.100127
0.103385
0.104077
0.101038
0.104899
0.101366
0.099685
0.100573
0.100618
0.103858
0.100764
0.102565
0.101155
0.103013
0.102776
0.104024
0.101433
0.099877
0.102663
0.098855
0.100016
0.102445
0.100081
0.104083
0.099284
0.100236
0.101761
0.103874
0.104392
0.101249
0.100171
0.100296
0.102425
0.105537
0.104272
0.099271
0.09849
0.102368
0.10127
0.100527
0.101204
0.103333
0.101098
0.105536
0.099702
0.103301
0.101367
0.101327
0.101542
0.102864
0.101075
0.10445
0.096702
0.099663
0.102233
0.102838
0.106454
0.103362
0.10405
0.101365
0.100716
0.104109
0.102796
0.10152
0.103606
0.103529
0.102829
0.103016
0.102315
0.103516
0.102226
0.100614
0.09917
0.102535
0.098464
0.100307
0.105632
0.102966
0.102996
0.104131
0.103844
0.102275
0.101669
0.104476
0.10489
0.098721
0.105449
0.099208
0.105423
0.11092
0.100236
0.100846
0.107192
0.105237
0.10402
0.105571
0.104001
0.107856
0.109855
0.113008
0.112909
0.110384
0.109423
0.108255
0.108711
0.113585
0.108776
0.10994
0.109299
0.106134
0.111344
0.110038
0.112859
0.116283
0.124789
0.116839
0.111557
0.113664
0.116775
0.113399
0.109653
0.115022
0.115696
0.115867
0.11777
0.113171
0.116399
0.113851
0.106611
0.113118
0.110235
0.111068
0.112784
0.112265
0.108186
0.115352
0.121419
0.117857
0.111383
0.11582
0.117313
0.109411
0.114067
0.112246
0.108115
0.112574
0.113433
0.111929
0.120033
0.115967
0.116218
0.115586
0.110899
0.115616
0.115315
0.113706
0.115612
0.110017
0.11348
0.10637
0.11099
0.111498
0.118557
0.117121
0.115915
0.112024
0.115991
0.110995
0.111639
0.104735
0.105506
0.115389
0.10913
0.10687
0.107225
0.105227
0.10855
0.108965
0.109469
0.106585
0.10725
0.106107
0.106808
0.106761
0.106874
0.102494
0.101408
0.100871
0.104593
0.103205
0.108084
0.112988
0.111729
0.11315
0.109928
0.111747
0.112123
0.117955
0.116958
0.116578
0.119562
0.115702
0.114582
0.120242
0.121939
0.11646
0.114693
0.117805
0.11915
0.113345
0.115833
0.1187
0.124495
0.124585
0.120698
0.121775
0.119189
0.120839
0.118961
0.11917
0.120114
0.11865
0.112215
0.118673
0.122911
0.123609
0.121754
0.118603
0.125917
0.124799
0.123942
0.117983
0.121918
0.119766
0.11997
0.118057
0.114455
0.114611
0.119968
0.120473
0.115593
0.114353
0.111995
0.110511
0.104891
0.106432
0.108845
0.107403
0.105796
0.105272
0.102018
0.096627
0.098171
0.094992
0.095862
0.097996
0.094876
0.094452
0.095388
0.097102
0.096966
0.097768
0.094826
0.101826
0.094118
0.089905
0.084439
0.089781
0.092918
0.092586
0.09329
0.09767
0.09735
0.096807
0.096822
0.097497
0.095402
0.097694
0.09863
0.097682
0.097347
0.099454
0.097043
0.09642
0.103491
0.097226
0.103204
0.094377
0.098455
0.1013
0.095738
0.098093
0.089006
0.095291
0.096396
0.096419
0.091962
0.102854
0.099502
0.097901
0.09993
0.104662
0.100353
0.102849
0.103158
0.10183
0.103475
0.098909
0.101184
0.100084
0.10216
0.099417
0.093794
0.096409
0.095528
0.094635
0.093465
0.097636
0.100751
0.100808
0.102725
0.098832
0.099654
0.099773
0.098986
0.102613
0.103307
0.100425
0.10192
0.103004
0.099036
0.103331
0.101974
0.100226
0.098357
0.101358
0.101953
0.100041
0.094792
0.094189
0.102094
0.09948
0.096279
0.103948
0.102811
0.105999
0.105058
0.109276
0.107089
0.104358
0.102435
0.104008
0.108753
0.108302
0.108694
0.098909
0.103712
0.107836
0.106817
0.098319
0.104595
0.107909
0.106657
0.105052
0.107928
0.107279
0.104237
0.10614
0.107072
0.106141
0.106408
0.109771
0.106842
0.107414
0.105984
0.101203
0.102242
0.099869
0.104723
0.10475
0.105775
0.101936
0.104628
0.100165
0.108777
0.104714
0.102777
0.103542
0.104879
0.106641
0.10323
0.103957
0.10544
0.103294
0.106543
0.102858
0.102923
0.107512
0.105715
0.105745
0.103246
0.102795
0.107443
0.105654
0.107523
0.104437
0.104948
0.103978
0.107317
0.105554
0.107427
0.104956
0.102597
0.107174
0.105448
0.108432
0.100567
0.106894
0.107517
0.107059
0.103806
0.106393
0.105462
0.102944
0.105199
0.10622
0.103402
0.104728
0.101741
0.101474
0.106519
0.104729
0.105927
0.101748
0.097608
0.096003
0.101401
0.101433
0.104031
0.102675
0.10005
0.104602
0.107415
0.106721
0.103606
0.102886
0.100141
0.105879
0.102776
0.103936
0.107375
0.104714
0.10656
0.099913
0.103066
0.104875
0.105163
0.100394
0.106667
0.102786
0.101123
0.106515
0.095847
0.102333
0.10504
0.100451
0.104127
0.104241
0.110668
0.10211
0.10289
0.101031
0.104532
0.104067
0.106784
0.105654
0.108575
0.100339
0.108717
0.099731
0.101375
0.103736
0.10132
0.096922
0.100433
0.106644
0.100471
0.106462
0.106174
0.105414
0.107619
0.10554
0.100033
0.107527
0.106333
0.101926
0.100828
0.105017
0.106539
0.101946
0.10178
0.10647
0.1004
0.101914
0.102879
0.103345
0.106673
0.100788
0.101303
0.100913
0.103653
0.10199
0.103663
0.098721
0.097798
0.100036
0.09907
0.105458
0.101541
0.109824
0.107121
0.108884
0.105894
0.108325
0.106293
0.108182
0.109036
0.111422
0.111622
0.112915
0.110333
0.110221
0.110966
0.109656
0.112215
0.116704
0.11506
0.110052
0.109007
0.108273
0.115116
0.108507
0.117294
0.121473
0.119518
0.118427
0.120317
0.122457
0.120879
0.122265
0.114512
0.117575
0.122539
0.125675
0.124159
0.122224
0.126818
0.130859
0.123501
0.136013
0.135275
0.135429
0.126752
0.13076
0.128922
0.126043
0.126728
0.122366
0.123139
0.115314
0.117021
0.109724
0.121327
0.123015
0.120563
0.122609
0.124189
0.121858
0.122469
0.110805
0.117863
0.115425
0.116907
0.111555
0.108308
0.111164
0.11117
0.115862
0.113352
0.112675
0.114966
0.113685
0.113412
0.112355
0.111198
0.112648
0.10824
0.1085
0.107433
0.110922
0.111383
0.109782
0.108096
0.104151
0.102596
0.098463
0.097899
0.099104
0.095139
0.098171
0.100081
0.099996
0.102235
0.102541
0.099132
0.098072
0.100741
0.100125
0.099674
0.103572
0.103347
0.105839
0.106818
0.10875
0.106504
0.107602
0.102283
0.099988
0.105642
0.10118
0.109184
0.104554
0.108379
0.110588
0.114008
0.108786
0.111063
0.10921
0.109411
0.110009
0.107708
0.105113
0.103628
0.104017
0.100464
0.102276
0.100561
0.102439
0.102958
0.111023
0.107248
0.109841
0.109164
0.110031
0.109311
0.106276
0.108496
0.109083
0.109201
0.105095
0.107623
0.106477
0.104831
0.104131
0.105008
0.106282
0.102469
0.104524
0.109584
0.101962
0.106529
0.10699
0.107113
0.106525
0.104913
0.101459
0.102722
0.101445
0.10306
0.100387
0.102577
0.103482
0.10726
0.107877
0.109098
0.107737
0.108738
0.105373
0.10418
0.104378
0.102586
0.099909
0.100437
0.103826
0.103736
0.097432
0.102959
0.10206
0.103305
0.105768
0.107798
0.108046
0.102467
0.107239
0.09995
0.100408
0.101442
0.103015
0.103755
0.099761
0.101715
0.105489
0.099951
0.09977
0.099633
0.096099
0.101274
0.099732
0.097919
0.102236
0.10283
0.103284
0.105085
0.102176
0.096458
0.101583
0.099013
0.099548
0.100426
0.102538
0.100989
0.098527
0.105697
0.104391
0.102622
0.10385
0.105131
0.101043
0.104026
0.105138
0.10082
0.106212
0.099307
0.103289
0.103888
0.101179
0.102394
0.101217
0.09928
0.102982
0.109535
0.094838
0.093317
0.091008
0.090933
0.089471
0.092811
0.089208
0.091149
0.090555
0.08826
0.087816
0.092332
0.088165
0.089813
0.087691
0.088412
0.093766
0.092718
0.082302
0.086502
0.089167
0.100188
0.091168
0.093381
0.0895
0.091918
0.100297
0.096547
0.093788
0.097244
0.093061
0.09392
0.090267
0.09486
0.107211
0.096085
0.10096
0.095623
0.093032
0.094657
0.094131
0.09576
0.105013
0.104553
0.097932
0.102775
0.102471
0.10132
0.09714
0.101533
0.100603
0.100512
0.099866
0.097109
0.093438
0.098175
0.094039
0.097502
0.100683
0.095913
0.095709
0.095993
0.093594
0.094608
0.089468
0.090516
0.090572
0.101085
0.099162
0.103813
0.101922
0.099691
0.097447
0.103434
0.096532
0.099812
0.101347
0.103087
0.101989
0.102082
0.099187
0.101491
0.100413
0.098204
0.092278
0.099492
0.099118
0.098818
0.098718
0.097461
0.09824
0.095091
0.094408
0.098093
0.099687
0.097887
0.101622
0.103194
0.101472
0.103412
0.102457
0.102021
0.104986
0.1059
0.102899
0.105869
0.105098
0.105444
0.108829
0.103809
0.11044
0.103099
0.10792
0.10709
0.105825
0.108227
0.106114
0.107627
0.110095
0.110399
0.106828
0.10644
0.106915
0.110352
0.10558
0.109877
0.105689
0.102039
0.109588
0.106705
0.103728
0.106861
0.106999
0.111446
0.112551
0.10569
0.113068
0.108303
0.110442
