0.027919
0.112456
0.121477
0.124426
0.124223
0.123591
0.123587
0.127602
0.120543
0.12249
0.123386
0.125247
0.123048
0.124781
0.12345
0.123397
0.122757
0.123572
0.122204
0.12341
0.119216
0.124875
0.129976
0.127284
0.129605
0.132428
0.130264
0.130163
0.132198
0.125921
0.122195
0.13123
0.126198
0.121479
0.129693
0.133679
0.120453
0.121886
0.123204
0.123228
0.12301
0.122923
0.123477
0.122531
0.123164
0.121595
0.12091
0.123419
0.116783
0.121162
0.120313
0.118013
0.118928
0.119152
0.119408
0.130941
0.131734
0.12832
0.133214
0.125464
0.129361
0.127734
0.129801
0.116889
0.13004
0.118662
0.118624
0.121722
0.121752
0.118735
0.123667
0.119934
0.117768
0.132554
0.130516
0.124477
0.131199
0.129158
0.131413
0.127642
0.12961
0.130485
0.129537
0.134684
0.130931
0.127081
0.125535
0.128495
0.130987
0.132881
0.127583
0.130281
0.122456
0.121642
0.11527
0.116542
0.11763
0.122097
0.118891
0.1224
0.130294
0.123095
0.119187
0.131693
0.130363
0.12828
0.129837
0.130632
0.125466
0.120941
0.12058
0.124247
0.123019
0.128931
0.130362
0.127882
0.128917
0.123132
0.130131
0.128432
0.129595
0.129102
0.127484
0.129142
0.12703
0.124041
0.126025
0.126586
0.12926
0.128128
0.127785
0.122726
0.129668
0.128312
0.127508
0.12587
0.127898
0.127704
0.129737
0.129028
0.129623
0.131704
0.13336
0.129151
0.129088
0.129174
0.125202
0.131708
0.132874
0.129455
0.131283
0.129291
0.120731
0.130319
0.12821
0.130813
0.122215
0.12349
0.131303
0.128688
0.127871
0.123107
0.127885
0.128821
0.123444
0.130112
0.127446
0.125249
0.127726
0.124026
0.122724
0.119274
0.119206
0.118151
0.128826
0.128982
0.129682
0.128671
0.130149
0.130629
0.12268
0.128631
0.127816
0.130862
0.124798
0.122942
0.123576
0.126853
0.122487
0.122133
0.124855
0.138407
0.134573
0.138663
0.139128
0.136016
0.131992
0.134337
0.131484
0.131981
0.134089
0.126368
0.125043
0.126006
0.118487
0.123419
0.126421
0.125695
0.122502
0.135473
0.120328
0.122891
0.119347
0.123165
0.124613
0.123126
0.122144
0.134031
0.131495
0.141215
0.134489
0.133688
0.135196
0.130816
0.134148
0.129375
0.128825
0.132284
0.132198
0.132689
0.128285
0.130811
0.131852
0.136381
0.133983
0.138005
0.130531
0.132861
0.135222
0.132661
0.132001
0.131646
0.131315
0.129508
0.130346
0.128709
0.129642
0.130587
0.128331
0.12966
0.126892
0.135405
0.134724
0.127707
0.13981
0.135979
0.132405
0.133903
0.140467
0.141525
0.143598
0.143631
0.146564
0.13889
0.138217
0.132642
0.141204
0.137226
0.142422
0.1407
0.142365
0.140269
0.142828
0.14023
0.140264
0.140146
0.139287
0.139493
0.136103
0.142812
0.141788
0.139536
0.137747
0.14259
0.139316
0.137712
0.141231
0.135663
0.138335
0.145965
0.14228
0.141196
0.139467
0.139803
0.13662
0.139424
0.140485
0.130188
0.13212
0.13786
0.132847
0.134438
0.131065
0.12777
0.132934
0.13537
0.133133
0.133538
0.133452
0.130183
0.128209
0.128805
0.131299
0.129578
0.128984
0.133747
0.131742
0.133131
0.157777
0.149685
0.14784
0.143827
0.143763
0.146047
0.141986
0.142503
0.145003
0.146101
0.149361
0.140885
0.14174
0.141969
0.141422
0.144363
0.139043
0.135406
0.139525
0.141725
0.139208
0.139412
0.137032
0.143971
0.13735
0.143522
0.141695
0.140167
0.136243
0.138654
0.135882
0.136909
0.135077
0.133726
0.130819
0.132833
0.134863
0.134273
0.135042
0.132666
0.13233
0.134821
0.135524
0.139313
0.144342
0.143472
0.146763
0.1378
0.142601
0.146461
0.149868
0.148039
0.139915
0.142301
0.141176
0.14153
0.142034
0.138811
0.134607
0.141848
0.138778
0.140845
0.142494
0.14927
0.151389
0.149127
0.152217
0.151802
0.146073
0.145227
0.148352
0.14665
0.152
0.149378
0.149842
0.144392
0.152247
0.151021
0.144582
0.141793
0.141866
0.137909
0.140362
0.139804
0.141593
0.13475
0.137503
0.141561
0.14234
0.144286
0.143187
0.140656
0.152402
0.158085
0.156273
0.160407
0.155567
0.159888
0.161074
0.160855
0.15721
0.160589
0.156902
0.160581
0.152659
0.161333
0.160408
0.162953
0.15239
0.157224
0.160942
0.157948
0.164398
0.15356
0.160503
0.162792
0.159045
0.155394
0.153169
0.153481
0.147509
0.156831
0.148544
0.154892
0.152645
0.150895
0.144181
0.151956
0.147496
0.142502
0.149593
0.149344
0.14444
0.141506
0.137692
0.13847
0.144331
0.143775
0.146198
0.136718
0.13806
0.141788
0.133922
0.139737
0.134601
0.133507
0.131049
0.134337
0.134814
0.138581
0.136615
0.133111
0.136483
0.138087
0.130742
0.128181
0.133333
0.132566
0.133128
0.127281
0.13198
0.125899
0.122869
0.125452
0.125072
0.127411
0.129322
0.124704
0.124737
0.115957
0.120171
0.121551
0.11771
0.112246
0.118224
0.121043
0.119138
0.123567
0.118857
0.115907
0.125084
0.124948
0.120172
0.122148
0.119108
0.120932
0.121433
0.122745
0.123639
0.120429
0.124983
0.118976
0.122403
0.121227
0.118125
0.121528
0.119299
0.130476
0.122911
0.124103
0.120213
0.124434
0.119687
0.118862
0.118956
0.116034
0.120983
0.117623
0.12059
0.121712
0.117213
0.118747
0.117265
0.127974
0.120376
0.11763
0.113545
0.116307
0.117725
0.111502
0.115474
0.122849
0.116692
0.121014
0.115166
0.11739
0.119179
0.135141
0.123722
0.123985
0.11733
0.122309
0.117472
0.119896
0.121489
0.120321
0.123853
0.120465
0.119002
0.122889
0.118983
0.119613
0.133438
0.12693
0.126598
0.122573
0.124804
0.1258
0.130428
0.124781
0.127458
0.132416
0.127917
0.126755
0.130648
0.130938
0.1322
0.146461
0.134197
0.13607
0.133614
0.127379
0.129228
0.136724
0.135812
0.133162
0.136784
0.138114
0.140332
0.142188
0.144221
0.142704
0.142826
0.143324
0.143515
0.140291
0.163757
0.161835
0.165649
0.155794
0.159003
0.16209
0.163366
0.159995
0.16657
0.167785
0.167246
0.166003
0.157584
0.158849
0.157474
0.161484
0.15584
0.157962
0.163592
0.152981
0.154706
0.155583
0.163646
0.167609
0.165485
0.166035
0.165444
0.168252
0.166869
0.157036
0.157882
0.162598
0.15342
0.157681
0.145501
0.152322
0.145703
0.151592
0.148447
0.145103
0.158844
0.157678
0.158853
0.162223
0.159557
0.161122
0.1561
0.152203
0.154997
0.150845
0.153947
0.148363
0.150809
0.152182
0.153268
0.154025
0.151533
0.147015
0.150188
0.158284
0.165832
0.165973
0.160411
0.160701
0.160063
0.158024
0.162282
0.156259
0.164702
0.157723
0.15141
0.148634
0.152063
0.152325
0.156015
0.153924
0.148247
0.14876
0.150342
0.149949
0.157796
0.158965
0.16072
0.156706
0.162667
0.156891
0.154061
0.163995
0.152404
0.153392
0.159751
0.152337
0.157503
0.153615
0.15865
0.16201
0.161311
0.15531
0.156488
0.154777
0.15999
0.160177
0.156221
0.160218
0.151049
0.153476
0.156065
0.157016
0.162897
0.148354
0.159936
0.157082
0.16409
0.156253
0.159399
0.160603
0.156668
0.150873
0.159852
0.156532
0.164114
0.160769
0.161934
0.162598
0.155511
0.158184
0.157517
0.164256
0.160016
0.157622
0.156053
0.156801
0.157636
0.155342
0.160878
0.161008
0.161587
0.155216
0.161567
0.160533
0.148654
0.164936
0.158186
0.155729
0.161235
0.16076
0.154803
0.153979
0.148513
0.149147
0.158312
0.158047
0.152602
0.152716
0.158134
0.155332
0.152635
0.152727
0.152656
0.152356
0.156123
0.152842
0.153765
0.15138
0.155707
0.153168
0.153661
0.151294
0.154807
0.156871
0.154147
0.149113
0.151572
0.145095
0.15014
0.148782
0.15004
0.156838
0.152767
0.14711
0.147438
0.147407
0.150667
0.146475
0.14277
0.148462
0.147996
0.146173
0.147386
0.152822
0.148938
0.144149
0.140255
0.138398
0.138586
0.148445
0.160672
0.154952
0.161757
0.161945
0.15568
0.153582
0.150693
0.154596
0.147437
0.147979
0.144102
0.152035
0.153046
0.14734
0.142218
0.142384
0.144076
0.142836
0.137732
0.143803
0.141729
0.141582
0.139636
0.136758
0.135376
0.132139
0.139027
0.132649
0.132526
0.125882
0.125735
0.127256
0.125166
0.129544
0.130181
0.131941
0.13957
0.137145
0.140401
0.136412
0.136355
0.138585
0.133152
0.131243
0.136662
0.130563
0.12847
0.1355
0.124657
0.129739
0.129792
0.146391
0.140925
0.134289
0.139661
0.140483
0.14688
0.149989
0.15173
0.147126
0.143941
0.14341
0.143755
0.154869
0.150775
0.151653
0.149344
0.149962
0.152722
0.161319
0.157121
0.150041
0.152358
0.155587
0.153236
0.164757
0.158766
0.158348
0.158606
0.154619
0.150216
0.16894
0.149536
0.157549
0.154293
0.153586
0.151807
0.152391
0.167602
0.16524
0.15264
0.154388
0.152673
0.179765
0.163345
0.160841
0.157317
0.159392
0.167039
0.159048
0.161889
0.153575
0.149764
0.167365
0.164357
0.154723
0.158052
0.149451
0.166522
0.158038
0.157703
0.158981
0.154984
0.17541
0.164427
0.160775
0.151558
0.147832
0.14665
0.148811
0.165473
0.14751
0.148689
0.170475
0.165
0.163639
0.154427
0.16171
0.163725
0.158138
0.158448
0.155711
0.153099
0.182228
0.174962
0.174845
0.173567
0.170654
0.158674
0.151597
0.155261
0.160744
0.158353
0.158143
0.194828
0.174354
0.16423
0.156906
0.162401
0.165884
0.172184
0.163911
0.15997
0.159532
0.164025
0.193031
0.172246
0.172574
0.169383
0.168901
0.176052
0.159792
0.16336
0.163567
0.161829
0.16707
0.164521
0.17149
0.206607
0.170718
0.180228
0.174137
0.175722
0.172779
0.163736
0.163259
0.158518
0.158242
0.153032
0.159789
0.155858
0.167099
0.154598
0.188828
0.159193
0.163728
0.159402
0.157854
0.149868
0.152888
0.154022
0.14954
0.146903
0.148989
0.144221
0.144109
0.144599
0.136792
0.173174
0.15157
0.1433
0.151339
0.142269
0.146608
0.135237
0.141327
0.135188
0.136723
0.142783
0.137412
0.140331
0.141572
0.140286
0.164686
0.145596
0.144506
0.144007
0.142422
0.142073
0.13794
0.135901
0.149754
0.139065
0.134342
0.137107
0.13615
0.137569
0.137935
0.139809
0.145736
0.136887
0.13426
0.129508
0.159023
0.138909
0.135498
0.13088
0.125881
0.119926
0.123179
0.120576
0.122466
0.124832
0.120485
0.123133
0.125172
0.126032
0.134522
0.13015
0.128523
0.127227
0.126928
0.120514
0.122227
0.122436
0.134718
0.128915
0.125169
0.129097
0.131477
0.130637
0.143621
0.134704
0.139174
0.13911
0.132366
0.133573
0.155414
0.14434
0.134816
0.144931
0.138102
0.156689
0.14496
0.147218
0.139496
0.144569
0.136802
0.134783
0.141456
0.14511
0.144528
0.142707
0.142638
0.144315
0.14851
0.165201
0.150335
0.150004
0.153746
0.145704
0.15345
0.174165
0.154383
0.160785
0.155246
0.153728
0.151807
0.171063
0.157546
0.152708
0.149849
0.149852
0.155348
0.178061
0.160632
0.16697
0.161631
0.152752
0.158042
0.166803
0.173277
0.154582
0.156942
0.157047
0.159344
0.158997
0.173565
0.160089
0.157878
0.156027
0.156986
0.15239
0.163342
0.175405
0.168716
0.155103
0.158085
0.160325
0.164605
0.182021
0.172189
0.174613
0.169183
0.16784
0.160222
0.171859
0.180977
0.170548
0.170772
0.168678
0.170192
0.163787
0.16717
0.186695
0.178286
0.177015
0.180726
0.178753
0.177658
0.177785
0.174374
0.182701
0.179193
0.185019
0.185253
0.185614
0.180876
0.181589
0.18543
0.190156
0.182524
0.188917
0.189876
0.183269
0.18131
0.183617
0.181361
0.179852
0.178216
0.180763
0.184641
0.184309
0.177924
0.176377
0.175416
0.183802
0.182122
0.178107
0.168615
0.168408
0.176091
0.173244
0.188426
0.170647
0.176283
0.169811
0.172185
0.168922
0.197342
0.179052
0.169736
0.163894
0.168916
0.163908
0.183279
0.172358
0.166996
0.16964
0.168806
0.166973
0.166311
0.164924
0.185509
0.173418
0.170451
0.179984
0.168023
0.196578
0.188622
0.182824
0.183715
0.173837
0.179468
0.17572
0.175245
0.183777
0.171021
0.165363
0.164905
0.174644
0.188367
0.17852
0.179006
0.174561
0.172856
0.167664
0.169244
0.183635
0.173276
0.172259
0.162043
0.159812
0.166922
0.166066
0.178303
0.168688
0.174121
0.159409
0.163999
0.163776
0.187421
0.162898
0.161747
0.163649
0.166281
0.164359
0.184151
0.167265
0.158738
0.155654
0.160608
0.153272
0.154379
0.162949
0.157356
0.151982
0.149781
0.167171
0.158396
0.155192
0.151981
0.151517
0.149459
0.141806
0.157631
0.149004
0.144648
0.144114
0.145894
0.162433
0.152446
0.150094
0.150177
0.154743
0.154831
0.166945
0.15191
0.158605
0.158579
0.157032
0.152137
0.180311
0.16682
0.16468
0.163243
0.162004
0.157906
0.163817
0.171503
0.16558
0.164563
0.165857
0.161327
0.164614
0.16526
0.162123
0.172161
0.173474
0.166943
0.158804
0.162297
0.16959
0.170702
0.179898
0.170679
0.174176
0.171517
0.168862
0.171113
0.16902
0.166567
0.164628
0.170526
0.166355
0.164029
0.166486
0.165456
0.157582
0.157419
0.175773
0.164328
0.162717
0.150632
0.15618
0.164494
0.160766
0.164359
0.156999
0.164646
0.165413
0.16593
0.171275
0.166153
0.165697
0.169728
0.183158
0.169668
0.174533
0.176073
0.163844
0.166345
0.168531
0.169457
0.169677
0.164767
0.171293
0.176743
0.174152
0.170806
0.172928
0.169313
0.171345
0.181742
0.175263
0.169146
0.170574
0.164508
0.174583
0.166565
0.163433
0.169504
0.170326
0.153251
0.164626
0.158776
0.161926
0.180332
0.166444
0.156268
0.162818
0.160419
0.156921
0.154621
0.172112
0.162037
0.155269
0.155977
0.154598
0.152158
0.156692
0.170665
0.158271
0.157383
0.156128
0.15543
0.154167
0.167872
0.159255
0.156172
0.157834
0.150998
0.147377
0.167505
0.152268
0.153064
0.15417
0.150579
0.168538
0.156955
0.160171
0.156864
0.153587
0.157214
0.166342
0.151895
0.161751
0.162505
0.160034
0.158173
0.174496
0.163319
0.166494
0.164331
0.163269
0.15981
0.184672
0.166881
0.162997
0.165631
0.159394
0.159443
0.160401
0.173259
0.16758
0.161937
0.15673
0.159443
0.177989
0.162794
0.161281
0.156772
0.162086
0.154651
0.154594
0.158583
0.167839
0.149931
0.152005
0.154445
0.155709
0.147884
0.171062
0.158685
0.157644
0.156519
0.148602
0.167331
0.161232
0.151362
0.143081
0.147755
0.152839
0.153369
0.151161
0.149753
0.146848
0.150737
0.146533
0.165907
0.15498
0.152209
0.145387
0.142151
0.146773
0.159627
0.155207
0.155701
0.151147
0.151318
0.151858
0.142529
0.14826
0.157303
0.151869
0.147577
0.149123
0.150613
0.153031
0.164146
0.153809
0.150435
0.148111
0.145863
0.136113
0.145215
0.154134
0.141896
0.146749
0.137596
0.14242
0.169175
0.147127
0.140487
0.143765
0.140425
0.142779
0.156145
0.146016
0.1482
0.150146
0.146099
0.168573
0.151835
0.155146
0.154464
0.148207
0.146975
0.148215
0.162186
0.146373
0.148529
0.149102
0.144459
0.151277
0.146315
0.14709
0.154247
0.147961
0.149949
0.151785
0.145653
0.167495
0.148056
0.146945
0.148173
0.150057
0.146659
0.159217
0.158331
0.15679
0.152451
0.153197
0.149916
0.153268
0.168884
0.156322
0.159164
0.147717
0.146243
0.179989
0.163335
0.166872
0.156719
0.153111
0.157583
0.155277
0.176916
0.164284
0.167685
0.172869
0.166536
0.167615
0.159258
0.18383
0.170952
0.174055
0.169302
0.165857
0.169605
0.166527
0.158337
0.164152
0.166308
0.16016
0.163125
0.164725
0.163643
0.156066
0.172848
0.163166
0.163866
0.159111
0.157946
0.15679
0.160945
0.150042
0.15352
0.15535
0.157155
0.149749
0.156746
0.148763
0.179287
0.154967
0.153194
0.153249
0.14429
0.142766
0.144946
0.15248
0.156944
0.15146
0.151263
0.148705
0.194987
0.167686
0.168343
0.163751
0.16532
0.158127
0.156795
0.153827
0.154837
0.15601
0.150362
0.159632
0.159097
0.167032
0.163255
0.204115
0.169035
0.1623
0.163713
0.159916
0.159242
0.166673
0.166544
0.164335
0.159723
0.156612
0.159732
0.153432
0.171526
0.156905
0.159306
0.182551
0.167682
0.166093
0.1597
0.155941
0.159236
0.16106
0.157885
0.151633
0.153738
0.157164
0.147885
0.145549
0.153395
0.155605
0.14993
0.191554
0.163507
0.157472
0.161943
0.160409
0.15676
0.155782
0.152291
0.16279
0.159158
0.149935
0.155542
0.149331
0.152009
0.144368
0.156175
0.148936
0.170137
0.153226
0.152554
0.153217
0.155039
0.155778
0.158483
0.157834
0.152325
0.14957
0.152989
0.189172
0.159859
0.165403
0.156389
0.157663
0.160496
0.15087
0.152201
0.148296
0.152068
0.143577
0.147275
0.152074
0.155391
0.167158
0.157903
0.156475
0.154334
0.15005
0.165925
0.144988
0.149989
0.147899
0.140038
0.145484
0.137792
0.145665
0.158369
0.144395
0.135348
0.14355
0.143615
0.1684
0.143422
0.139654
0.140191
0.134941
0.15225
0.142906
0.142055
0.138727
0.139789
0.138914
0.136055
0.147634
0.135559
0.135933
0.153896
0.145311
0.146268
0.133807
0.140434
0.133322
0.141142
0.143765
0.14154
0.135033
0.136597
0.154156
0.144104
0.140068
0.135195
0.136822
0.150622
0.141047
0.14107
0.14292
0.129392
0.135398
0.154396
0.141297
0.137164
0.132561
0.13766
0.171082
0.151074
0.142795
0.142611
0.14418
0.141964
0.14149
0.138397
0.142766
0.145741
0.14588
0.141442
0.142875
0.181323
0.152414
0.147196
0.148747
0.148919
0.146389
0.143591
0.132006
0.136574
0.134151
0.146451
0.14239
0.163361
0.149516
0.146047
0.143099
0.141593
0.142736
0.133404
0.13682
0.141623
0.133487
0.139057
0.144484
0.172063
0.151395
0.146126
0.141097
0.138215
0.138833
0.135449
0.132557
0.133102
0.13074
0.129582
0.134647
0.130875
0.158467
0.150374
0.149712
0.148572
0.147941
0.149119
0.147941
0.148621
0.165606
0.163844
0.159316
0.154244
0.161213
0.159605
0.156116
0.152499
0.164614
0.158855
0.15419
0.183907
0.171259
0.172024
0.16597
0.169317
0.16574
0.175399
0.158191
0.165414
0.167444
0.168596
0.16609
0.19308
0.169408
0.167593
0.163395
0.152331
0.183645
0.164844
0.165934
0.162513
0.151872
0.158638
0.159407
0.174048
0.152561
0.156345
0.150318
0.154036
0.156563
0.176001
0.157419
0.156634
0.158492
0.149088
0.170798
0.158258
0.157832
0.15357
0.155513
0.168112
0.158396
0.158115
0.159759
0.1544
0.16643
0.160085
0.16236
0.155824
0.159808
0.169525
0.16253
0.154558
0.160552
0.155535
0.159937
0.172241
0.162778
0.162328
0.158078
0.153586
0.154225
0.162799
0.165793
0.167551
0.162749
0.163123
0.156989
0.184587
0.169297
0.167703
0.165096
0.154672
0.157257
0.159554
0.156788
0.155596
0.161497
0.157337
0.15519
0.156887
0.152395
0.170561
0.160578
0.156521
0.156944
0.152212
0.150434
0.141907
0.147105
0.150313
0.146237
0.154736
0.154545
0.154387
0.152792
0.170902
0.153833
0.153794
0.149948
0.148839
0.148247
0.165953
0.156622
0.154911
0.150502
0.145906
0.146678
0.165476
0.156522
0.154654
0.153897
0.152963
0.149116
0.151415
0.161171
0.158779
0.156804
0.155043
0.149811
0.155532
0.157419
0.192441
0.159706
0.156402
0.15724
0.155632
0.15756
0.150681
0.161023
0.163606
0.15162
0.159296
0.156771
0.167849
0.155858
0.195347
0.168824
0.169704
0.166114
0.161778
0.160298
0.156469
0.149484
0.156152
0.164892
0.156104
0.151031
0.156119
0.160031
0.194979
0.160188
0.15764
0.156649
0.161506
0.156686
0.151203
0.152314
0.144801
0.149957
0.159743
0.154986
0.149427
0.153596
0.150061
0.152761
0.151193
0.168864
0.154423
0.147814
0.152475
0.150259
0.147242
0.135304
0.151328
0.140645
0.141902
0.142287
0.13822
0.144222
0.138579
0.164647
0.145707
0.140154
0.160878
0.147494
0.145487
0.149567
0.145786
0.140897
0.139604
0.141503
0.142072
0.142666
0.145942
0.151574
0.150943
0.149263
0.18634
0.169606
0.161695
0.155982
0.157864
0.150874
0.152348
0.158067
0.15532
0.159369
0.157484
0.159877
0.156514
0.192372
0.164244
0.167204
0.165001
0.152684
0.156554
0.161004
0.159116
0.154778
0.148806
0.153744
0.159333
0.188633
0.170798
0.162964
0.163872
0.161414
0.155573
0.156601
0.157838
0.163233
0.161504
0.156444
0.16329
0.163598
0.200579
0.172903
0.171413
0.169616
0.164277
0.161621
0.157798
0.158972
0.153958
0.154594
0.159798
0.16261
0.157624
0.163971
0.20052
0.175888
0.170451
0.172066
0.168642
0.165416
0.156951
0.161288
0.165626
0.163203
0.163529
0.159945
0.165913
0.158576
0.162634
0.165002
0.204249
0.174778
0.160657
0.157649
0.163831
0.157979
0.161156
0.155461
0.163807
0.161621
0.159898
0.155196
0.161782
0.148265
0.170892
0.156157
0.153368
0.149431
0.153866
0.175914
0.155094
0.157389
0.157418
0.15327
0.153345
0.167037
0.156007
0.150293
0.154659
0.173579
0.162313
0.159711
0.16186
0.150223
0.167203
0.164592
0.164339
0.156989
0.153848
0.168088
0.159408
0.158209
0.157256
0.153448
0.144105
0.171205
0.162241
0.15282
0.152013
0.148391
0.152337
0.169023
0.15394
0.155148
0.146886
0.168344
0.156553
0.148339
0.148631
0.144036
0.150163
0.152317
0.148879
0.147814
0.147801
0.158604
0.162767
0.155447
0.148883
0.151852
0.175624
0.16295
0.158959
0.148985
0.146176
0.160536
0.155392
0.150508
0.14595
0.142343
0.140403
0.152056
0.149288
0.136432
0.138181
0.146401
0.141251
0.163005
0.143583
0.143041
0.14437
0.161404
0.140028
0.144164
0.1354
0.148074
0.147655
0.15108
0.145971
0.142172
0.155197
0.148369
0.147479
0.148696
0.156474
0.152409
0.153438
0.141741
0.160183
0.149864
0.152338
0.14414
0.1463
0.157629
0.150136
0.144866
0.145523
0.159208
0.156848
0.149628
0.137334
0.139974
0.148377
0.140475
0.138056
0.137315
0.134657
0.13309
0.146405
0.130104
0.126944
0.122269
0.111396
0.111461
0.109872
0.126905
0.116709
0.120331
0.118681
0.116333
0.120177
0.113447
0.110849
0.124568
0.120662
0.118023
0.112513
0.110344
0.112216
0.11312
0.117011
0.11308
0.110882
0.109329
0.126779
0.111893
0.111208
0.105902
0.108492
0.10285
0.099906
0.096406
0.106181
0.099816
0.097611
0.096044
0.108509
0.09737
0.100325
0.095051
0.095323
0.09265
0.087833
0.094171
0.086021
0.084071
0.079378
0.084292
0.085399
0.08313
0.091411
0.080549
0.090426
0.085455
0.082203
0.078981
0.081103
0.082814
0.080078
0.076499
0.079862
0.081001
0.080539
0.085616
0.081636
0.0785
0.093907
0.091179
0.084807
0.082525
0.081137
0.079941
0.08071
0.088663
0.083154
0.08297
0.087044
0.08955
0.088968
0.100926
0.089457
0.089866
0.088158
0.09251
0.087642
0.092653
0.090953
0.096013
0.0913
0.087406
0.103162
0.098318
0.091802
0.09386
0.092672
0.09052
0.094025
0.097092
0.096344
0.092363
0.090863
0.089316
0.086844
0.084924
0.083324
0.071279
0.077069
0.072561
0.06824
0.069034
0.06593
0.065839
0.072539
0.071861
0.06784
0.066253
0.069425
0.069078
0.075468
0.084745
0.082867
0.078656
0.078739
0.083273
0.081681
0.079381
0.079375
0.080742
0.077944
0.077102
0.08599
0.081092
0.080307
0.082285
0.08113
0.079609
0.08544
0.084291
0.08062
0.081091
0.084027
0.083783
0.076709
0.077698
0.078328
0.076644
0.086387
0.083062
0.080668
0.081086
0.081311
0.083524
0.092021
0.089149
0.088142
0.088323
0.085223
0.089008
0.085295
0.083805
0.093908
0.093211
0.089788
0.085274
0.090682
0.089049
0.084032
0.086189
0.094493
0.092443
0.090779
0.091389
0.095496
0.093397
0.095399
0.092595
0.087429
0.099372
0.093185
0.089658
0.086989
0.095371
0.086733
0.087113
0.083345
0.095443
0.093753
0.086898
0.086906
0.084062
0.08735
0.089642
0.088363
0.083342
0.087166
0.084802
0.081737
0.080395
0.072505
0.086291
0.081899
0.08216
0.093079
0.096901
0.095794
0.090821
0.088233
0.089337
0.095132
0.095326
0.092258
0.103467
0.101555
0.09898
0.096339
0.093924
0.097664
0.093675
0.093045
0.09106
0.098127
0.092428
0.08987
0.084287
0.084169
0.091393
0.084149
0.080082
0.078622
0.077712
0.079587
0.087799
0.080111
0.07769
0.074806
0.081124
0.075593
0.075446
0.074854
0.071632
0.07714
0.071902
0.071203
0.067806
0.068772
0.065331
0.071239
0.067982
0.064744
0.073475
0.069186
0.065709
0.065202
0.061312
0.063248
0.062568
0.061374
0.055046
0.053849
0.05506
0.054407
0.058646
0.052781
0.052962
0.05514
0.053524
0.057623
0.056769
0.052702
0.052059
0.056977
0.056793
0.054378
0.0527
0.05412
0.05608
0.059237
0.059304
0.055697
0.055402
0.064365
0.059111
0.057821
0.056295
0.055812
0.060003
0.05825
0.057139
0.053876
0.052968
0.059137
0.057955
0.055827
0.054232
0.053794
0.060063
0.057132
0.055611
0.053662
0.051712
0.057495
0.052466
0.053761
0.052918
0.058621
0.053897
0.054827
0.054254
0.051827
0.05758
0.055502
0.052216
0.051256
0.057589
0.05447
0.053682
0.050349
0.050849
0.056258
0.052795
0.055539
0.051578
0.058546
0.058293
0.057334
0.055827
0.056226
0.059412
0.060849
0.061079
0.058215
0.059242
0.062312
0.062262
0.060631
0.059033
0.058266
0.064676
0.064883
0.061139
0.062564
0.062603
0.061459
0.071675
0.065589
0.068094
0.065811
0.074936
0.073357
0.068262
0.071545
0.069498
0.073758
0.072168
0.074308
0.076545
0.082719
0.083855
0.088354
0.088522
0.088857
0.085991
0.096059
0.098771
0.094991
0.092569
0.093315
0.091069
0.090649
0.091257
0.097467
0.107868
0.106434
0.102077
0.105378
0.100533
0.098461
0.092366
0.094636
0.095621
0.09325
0.108004
0.09366
0.095398
0.091074
0.088098
0.088256
0.088679
0.089751
0.084156
0.082977
0.08162
0.080871
0.078257
0.085275
0.077391
0.075493
0.075604
0.084375
0.079644
0.080147
0.080904
0.080185
0.080757
0.081953
0.083788
0.081218
0.086313
0.099163
0.093134
0.090802
0.083798
0.085853
0.084176
0.085331
0.096532
0.090974
0.090493
0.085887
0.094075
0.092172
0.114247
0.105142
0.103466
0.105367
0.100839
0.097406
0.100176
0.094985
0.096578
0.103469
0.10041
0.099252
0.094
0.095238
0.108933
0.102042
0.096645
0.094729
0.095844
0.092048
0.086297
0.089425
0.091472
0.086719
0.084077
0.085148
0.08219
0.090296
0.083486
0.082294
0.082207
0.081408
0.080551
0.077951
0.087153
0.080922
0.081245
0.078238
0.074967
0.0867
0.077729
0.080315
0.078785
0.076051
0.07467
0.073053
0.080786
0.078943
0.076886
0.073487
0.072883
0.07295
0.077717
0.078108
0.077183
0.074963
0.073459
0.071568
0.082419
0.078773
0.074685
0.073499
0.069985
0.069571
0.078903
0.072908
0.073552
0.071849
0.066796
0.066112
0.068394
0.073683
0.066433
0.064409
0.065761
0.071022
0.06988
0.067359
0.064757
0.069318
0.067421
0.073921
0.067543
0.063509
0.065313
0.062205
0.065735
0.066795
0.070974
0.06651
0.068021
0.065779
0.07339
0.072522
0.070745
0.072418
0.067573
0.067769
0.064061
0.07169
0.06937
0.067911
0.071292
0.065262
0.070627
0.072505
0.070075
0.076751
0.070193
0.081487
0.073876
0.076956
0.076603
0.078381
0.079283
0.082138
0.082078
0.084896
0.088555
0.084548
0.082326
0.084328
0.088199
0.084776
0.081423
0.087749
0.092059
0.086027
0.085066
0.07884
0.083432
0.07737
0.082068
0.08284
0.084134
0.080612
0.084618
0.08428
0.082103
0.092526
0.088698
0.089614
0.089062
0.091601
0.089831
0.103557
0.0956
0.096879
0.091466
0.095695
0.096869
0.09804
0.120379
0.114951
0.109685
0.104964
0.104777
0.105617
0.104725
0.107833
0.107194
0.106937
0.110341
0.107917
0.111926
0.106056
0.110081
0.124426
0.11872
0.127915
0.128757
0.127756
0.122057
0.123343
0.1285
0.12363
0.118528
0.111156
0.128126
0.121923
0.117315
0.114793
0.125656
0.119538
0.11671
0.112167
0.120619
0.11881
0.117621
0.118713
0.123189
0.117107
0.115411
0.126078
0.11849
0.111481
0.106061
0.110998
0.097395
0.094524
0.112078
0.110853
0.103659
0.101711
0.097185
0.096088
0.093267
0.093606
0.093054
0.109068
0.096874
0.096363
0.092332
0.086885
0.087359
0.084925
0.080579
0.079973
0.079884
0.077579
0.077289
0.076195
0.075954
0.091205
0.076406
0.074387
0.073578
0.069985
0.073388
0.069964
0.078552
0.076179
0.071447
0.074549
0.078641
0.076958
0.084156
0.07657
0.077506
0.087615
0.085316
0.081273
0.085329
0.083874
0.0739
0.081316
0.080909
0.078951
0.07563
0.081941
0.080642
0.079721
0.092522
0.088306
0.08673
0.083972
0.083162
0.07992
0.077047
0.079967
0.080409
0.078701
0.078603
0.076392
0.073676
0.070755
0.078303
0.081005
0.078546
0.088982
0.07812
0.080507
0.078222
0.078346
0.07675
0.07582
0.077248
0.079879
0.084148
0.080666
0.078018
0.081779
0.083432
0.085802
0.087834
0.086723
0.098446
0.092522
0.09439
0.096138
0.094461
0.093414
0.093922
0.094502
0.103986
0.10288
0.09884
0.094815
0.101436
0.102791
0.107296
0.10703
0.101554
0.110664
0.115457
0.11308
0.113417
0.110198
0.107302
0.100927
0.098674
0.103225
0.101304
0.102532
0.10061
0.099208
0.124667
0.108692
0.106686
0.109124
0.106222
0.10463
0.104235
0.101284
0.105515
0.106317
0.104054
0.102496
0.107682
0.119448
0.10946
0.113171
0.113496
0.107615
0.11265
0.108362
0.107157
0.110957
0.107683
0.10841
0.110343
0.105235
0.10925
0.108435
0.113298
0.109537
0.128882
0.124711
0.114051
0.12131
0.115639
0.112823
0.117088
0.114864
0.114173
0.113438
0.111217
0.110185
0.126837
0.121262
0.11378
0.110039
0.107839
0.105316
0.105634
0.100175
0.100086
0.098591
0.098903
0.099224
0.105425
0.101781
0.105571
0.101746
0.107944
0.107773
0.124686
0.115133
0.115832
0.105341
0.113709
0.111334
0.106861
0.104506
0.098921
0.103871
0.104968
0.099438
0.105152
0.098608
0.126619
0.111
0.104284
0.108941
0.100054
0.100474
0.098039
0.10259
0.102375
0.098825
0.099605
0.102183
0.097943
0.104606
0.101293
0.098353
0.110951
0.099609
0.097976
0.097986
0.097793
0.09913
0.095325
0.094574
0.090078
0.093811
0.093317
0.094619
0.09707
0.099525
0.099578
0.098469
0.094839
0.097287
0.098993
0.097058
0.094462
0.094814
0.094726
0.094348
0.09301
0.094215
0.09364
0.092276
0.092331
0.089609
0.090332
0.088266
0.084166
0.086872
0.084864
0.086258
0.082432
0.082609
0.082493
0.08216
0.08011
0.08125
0.082663
0.079505
0.08094
0.081215
0.079306
0.080241
0.082205
0.083905
0.079503
0.082473
0.079058
0.079154
0.078168
0.07873
0.081152
0.078823
0.078396
0.079946
0.083338
0.079833
0.080889
0.077585
0.076736
0.075137
0.076843
0.075245
0.07329
0.074593
0.076126
0.076009
0.077666
0.072376
0.072042
0.069162
0.074138
0.072151
0.069652
0.072864
0.071235
0.070078
0.072337
0.073947
0.083165
0.074917
0.075388
0.071174
0.072978
0.071187
0.072597
0.073165
0.075892
0.0794
0.081384
0.079906
0.082745
0.079991
0.079284
0.07966
0.084926
0.082468
0.082941
0.085537
0.081704
0.084256
0.079697
0.079288
0.082537
0.085411
0.085574
0.084299
0.081575
0.082039
0.089849
0.088708
0.085911
0.082321
0.080963
0.085947
0.086487
0.085258
0.082599
0.087443
0.082232
0.080844
0.081897
0.08504
0.092036
0.087409
0.085218
0.083364
0.078915
0.076969
0.077726
0.085471
0.080546
0.077291
0.080173
0.079219
0.087814
0.078006
0.080211
0.075399
0.073821
0.071997
0.070125
0.077634
0.072013
0.068989
0.065732
0.071372
0.072141
0.072955
0.079439
0.074376
0.073299
0.069405
0.067711
0.078699
0.073549
0.073542
0.070741
0.06841
0.069796
0.07144
0.073887
0.074908
0.08697
0.081139
0.077421
0.079653
0.075447
0.067495
0.068223
0.073349
0.077124
0.07887
0.071926
0.076754
0.079947
0.092851
0.088904
0.088825
0.085679
0.08716
0.08503
0.084671
0.08008
0.078515
0.083271
0.085075
0.083539
0.082507
0.080623
0.082361
0.08027
0.099319
0.092225
0.091005
0.09116
0.087524
0.08587
0.085794
0.090688
0.090408
0.088239
0.081838
0.08113
0.083295
0.079952
0.090971
0.085465
0.090956
0.100127
0.094383
0.091744
0.093446
0.093578
0.092937
0.0913
0.099352
0.097123
0.090661
0.092795
0.102071
0.094458
0.095737
0.096315
0.088598
0.092163
0.09156
0.09359
0.097611
0.099027
0.093933
0.097367
0.093785
0.093916
0.102348
0.096085
0.09264
0.093397
0.094882
0.088692
0.094021
0.092945
0.100483
0.096749
0.096367
0.094768
0.091324
0.092746
0.092313
0.098251
0.093575
0.092788
0.092457
0.090863
0.097105
0.092363
0.095163
0.098272
0.098201
0.099583
0.090415
0.100254
0.098149
0.099171
0.095479
0.102111
0.100892
0.097142
0.101052
0.101792
0.100925
0.100413
0.100439
0.100772
0.09878
0.096834
0.099606
0.103861
0.104047
0.100905
0.102226
0.098069
0.10036
0.098984
0.097635
0.09381
0.097617
0.09249
0.090833
0.096625
0.098233
0.10422
0.0991
0.098166
0.09888
0.103523
0.101781
0.099188
0.104396
0.105074
0.108538
0.10228
0.106294
0.104795
0.103708
0.102451
0.104933
0.102662
0.100662
0.093843
0.100954
0.100945
0.102662
0.100004
0.092964
0.094334
0.09128
0.096728
0.093858
0.087234
0.088969
0.084058
0.082453
0.080351
0.078355
0.073653
0.078681
0.071995
0.074144
0.074341
0.074421
0.078249
0.080266
0.08076
0.081546
0.092814
0.086269
0.088924
0.088838
0.086699
0.082346
0.084751
0.084764
0.085151
0.084659
0.082682
0.085499
0.082659
0.085409
0.085521
0.084663
0.084084
0.086442
0.086605
0.083554
0.084282
0.08771
0.086192
0.086886
0.086489
0.088609
0.090056
0.093882
0.092421
0.091284
0.087799
0.091124
0.090309
0.087282
0.091017
0.090222
0.089887
0.089391
0.093491
0.093681
0.094735
0.095258
0.097624
0.095889
0.094946
0.094071
0.093655
0.09004
0.091198
0.091443
0.089397
0.095135
0.089707
0.093616
0.086495
0.087027
0.091177
0.092674
0.086209
0.088051
0.092547
0.09195
0.097756
0.092297
0.099733
0.099212
0.101316
0.100032
0.103065
0.100673
0.096988
0.096081
0.1
0.098494
0.095766
0.094381
0.100947
0.096123
0.100497
0.097834
0.101443
0.096266
0.094888
0.095535
0.097523
0.095556
0.098243
0.097369
0.096785
0.098288
0.093946
0.096214
0.094695
0.089717
0.091636
0.089184
0.090553
0.093614
0.090391
0.091987
0.095048
0.091495
0.095893
0.093734
0.092719
0.094176
0.09069
0.09201
0.094072
0.095066
0.092845
0.090059
0.094178
0.094245
0.092054
0.096208
0.094392
0.090368
0.0887
0.094863
0.094138
0.093081
0.095895
0.095313
0.091984
0.093255
0.092419
0.091954
0.095995
0.094707
0.093778
0.099983
0.096667
0.095509
0.096149
0.095477
0.095454
0.092852
0.096366
0.095302
0.097398
0.098527
0.099791
0.09628
0.096991
0.096055
0.094919
0.098078
0.096214
0.097931
0.095013
0.102257
0.097491
0.099355
0.098809
0.098979
0.099475
0.099739
0.096384
0.098535
0.099532
0.097837
0.102151
0.09371
0.100168
0.101288
0.10008
0.098183
0.095636
0.094447
0.093788
0.097262
0.095642
0.095091
0.094485
0.096245
0.093868
0.096246
0.09511
0.094143
0.095753
0.095689
0.095761
0.092845
0.094958
0.096
0.098175
0.097315
0.096676
0.094474
0.097235
0.094154
0.094618
0.097308
0.096883
0.099546
0.098238
0.094357
0.098469
0.102886
0.094272
0.099032
0.097972
0.096859
0.096304
0.096474
0.09904
0.093596
0.100911
0.098834
0.095339
0.099418
0.096032
0.098277
0.098839
0.10356
0.095518
0.09399
0.092606
0.097556
0.094275
0.095776
0.089824
0.092795
0.093057
0.092598
0.086578
0.08894
0.086103
0.080853
0.08232
0.084853
0.085364
0.082821
0.084284
0.078294
0.07966
0.079043
0.075589
0.073315
0.074524
0.072233
0.073766
0.07157
0.075009
0.077102
0.096415
0.092282
0.088812
0.089982
0.095177
0.088939
0.095038
0.09605
0.094781
0.098679
0.106827
0.1045
0.103121
0.098769
0.102072
0.104991
0.103849
0.098267
0.101901
0.10687
0.106749
0.100958
0.104761
0.100724
0.103271
0.11095
0.104288
0.103299
0.100167
0.101122
0.102786
0.098729
0.106848
0.103271
0.104044
0.100832
0.102005
0.102261
0.105619
0.103442
0.096992
0.095114
0.097609
0.09667
0.091291
0.09986
0.096448
0.095498
0.090545
0.088736
0.094416
0.099904
0.097673
0.097325
0.094905
0.093101
0.087868
0.099646
0.089009
0.091643
0.085687
0.084773
0.086373
0.099407
0.089107
0.084046
0.084777
0.084423
0.083677
0.098368
0.089305
0.091273
0.084876
0.088259
0.086438
0.08821
0.085455
0.08757
0.087666
0.088035
0.088765
0.086309
0.087722
0.09493
0.095168
0.089377
0.08337
0.083627
0.089975
0.088317
0.097289
0.086731
0.094131
0.084698
0.086499
0.083516
0.082985
0.084821
0.080534
0.080227
0.078551
0.084162
0.08321
0.081393
0.087255
0.082858
0.081287
0.09277
0.085385
0.086064
0.088883
0.089233
0.096216
0.096195
0.090004
0.090552
0.090791
0.084503
0.092163
0.083198
0.088579
0.087126
0.081122
0.083008
0.093166
0.085852
0.08614
0.079286
0.078595
0.080206
0.088499
0.082048
0.083462
0.082183
0.084025
0.081632
0.082592
0.088147
0.077704
0.082683
0.07877
0.079822
0.08084
0.087794
0.08044
0.077184
0.07505
0.072252
0.067056
0.077457
0.076099
0.076491
0.070179
0.070653
0.067013
0.077556
0.075128
0.074187
0.068598
0.067001
0.068631
0.080429
0.074187
0.070627
0.071959
0.071501
0.0728
0.070094
0.075334
0.077361
0.074073
0.070406
0.071274
0.069365
0.082923
0.075789
0.075796
0.07925
0.078556
0.077129
0.080595
0.081149
0.083916
0.082756
0.078544
0.081771
0.083041
0.084175
0.084433
0.089233
0.082354
0.08117
0.083726
0.084751
0.084363
0.085896
0.086088
0.088213
0.081441
0.082694
0.086615
0.078451
0.086632
0.084203
0.087291
0.083448
0.082208
0.085722
0.082632
0.084622
0.086404
0.085846
0.079795
0.085508
0.083157
0.082424
0.080387
0.089224
0.089283
0.085041
0.0827
0.086004
0.085487
0.086134
0.093666
0.092062
0.090588
0.088632
0.088046
0.088984
0.087221
0.086881
0.089101
0.090028
0.088538
0.086878
0.084933
0.082423
0.078799
0.074519
0.083953
0.078128
0.081237
0.079661
0.071835
0.07626
0.07305
0.076691
0.075925
0.072907
0.074343
0.073248
0.070886
0.074022
0.079645
0.077431
0.077229
0.075061
0.075076
0.075406
0.072932
0.072727
0.071295
0.07092
0.068281
0.072152
0.072783
0.070564
0.069797
0.069653
0.069752
0.069845
0.07184
0.075961
0.073791
0.07501
0.075528
0.074343
0.075611
0.074052
0.073304
0.072749
0.071958
0.072469
0.074858
0.073848
0.077265
0.077496
0.076407
0.073334
0.078071
0.07763
0.085044
0.085281
0.085532
0.085034
0.084358
0.085586
0.085277
0.085691
0.085494
0.085774
0.083656
0.082197
0.083536
0.083003
0.083059
0.084163
0.082859
0.083196
0.082892
0.081886
0.081708
0.08365
0.082873
0.08287
0.081962
0.082511
0.081721
0.080896
0.082751
0.084616
0.082079
0.079886
0.082691
0.078663
0.0818
0.083733
0.084058
0.081257
0.083956
0.082288
0.085475
0.086349
0.086588
0.086545
0.084694
0.085382
0.086792
0.083463
0.083091
0.088153
0.085731
0.085346
0.085521
0.085069
0.088121
0.08556
0.085016
0.08496
0.085314
0.085157
0.092034
0.095767
0.0959
0.096512
0.094942
0.094984
0.095353
0.095
0.091196
0.094557
0.09274
0.092902
0.093484
0.101343
0.101303
0.10125
0.095297
0.099159
0.098246
0.094274
0.100685
0.096569
0.09426
0.097939
0.09992
0.094802
0.113224
0.106024
0.105991
0.104213
0.104459
0.10291
0.097985
0.104963
0.105699
0.101107
0.099043
0.098859
0.110069
0.097129
0.102412
0.096811
0.098334
0.107499
0.098482
0.095838
0.095603
0.103972
0.10364
0.103369
0.09973
0.108754
0.107764
0.107545
0.107099
0.106685
0.109355
0.106348
0.106651
0.106037
0.11777
0.115865
0.111878
0.112042
0.109073
0.115096
0.107274
0.112064
0.108794
0.113164
0.107938
0.107168
0.102911
0.09723
0.106936
0.105198
0.103927
0.100985
0.101071
0.09917
0.107892
0.101356
0.102358
0.0978
0.097786
0.099618
0.099192
0.098338
0.102219
0.100793
0.095613
0.094919
0.092326
0.104123
0.093075
0.096261
0.09343
0.091897
0.088121
0.101263
0.091404
0.092143
0.098539
0.090841
0.093532
0.105009
0.095019
0.100192
0.096256
0.091799
0.092896
0.092005
0.099077
0.095152
0.098322
0.092937
0.094655
0.089011
0.092176
0.091588
0.092844
0.091986
0.090984
0.088612
0.094005
0.08736
0.091237
0.086147
0.086562
0.086115
0.090286
0.087592
0.085297
0.083907
0.102072
0.087965
0.08703
0.083164
0.082211
0.077482
0.07743
0.084104
0.081267
0.079224
0.076372
0.077848
0.077745
0.082631
0.079005
0.077845
0.076429
0.080364
0.074482
0.077086
0.085532
0.078006
0.074221
0.07243
0.088701
0.083071
0.07937
0.082187
0.080032
0.077832
0.077593
0.081793
0.077842
0.078076
0.078253
0.073934
0.087247
0.083711
0.077975
0.081416
0.075387
0.086071
0.080296
0.079636
0.080783
0.076237
0.082744
0.078928
0.080355
0.077932
0.074336
0.083277
0.077461
0.075668
0.069031
0.074286
0.071803
0.070914
0.064664
0.062408
0.060926
0.066585
0.066255
0.06415
0.058984
0.057294
0.057735
0.060055
0.067726
0.061559
0.065082
0.062317
0.07029
0.07014
0.070366
0.069318
0.071827
0.073479
0.073564
0.077165
0.07953
0.073845
0.07472
0.073584
0.083175
0.081112
0.079486
0.079902
0.077675
0.077816
0.085433
0.09149
0.089473
0.090028
0.097041
0.099518
0.104571
0.106934
0.115645
0.119367
0.110442
0.11162
0.109656
0.107407
0.104795
0.105476
0.10737
0.110149
0.110235
0.113427
0.112734
0.126599
0.117432
0.114545
0.116182
0.113722
0.110861
0.117416
0.113124
0.11403
0.13549
0.132052
0.127358
0.118177
0.116326
0.112229
0.111683
0.109329
0.10729
0.109363
0.105337
0.105204
0.116007
0.110301
0.105819
0.099951
0.100293
0.094468
0.093473
0.093351
0.092369
0.092713
0.088187
0.093023
0.102326
0.093402
0.088135
0.085323
0.091557
0.086499
0.084574
0.078355
0.079887
0.083463
0.085189
0.083343
0.086127
0.084196
0.078174
0.076654
0.076538
0.07835
0.077317
0.07696
0.07815
0.074215
0.080242
0.08103
0.092301
0.080815
0.087219
0.086198
0.082504
0.081886
0.087305
0.085291
0.084054
0.083298
0.082733
0.07564
0.081868
0.090847
0.07739
0.090346
0.082439
0.077549
0.072318
0.065986
0.063322
0.063607
0.066508
0.064274
0.05913
0.062713
0.056266
0.062525
0.064314
0.06303
0.062216
0.06012
0.057802
0.06477
0.062552
0.061511
0.059379
0.058896
0.058571
0.063781
0.059348
0.061402
0.056014
0.053451
0.059476
0.057092
0.059253
0.054578
0.053736
0.053122
0.059054
0.052335
0.053773
0.055158
0.054726
0.060547
0.056067
0.05095
0.05363
0.062185
0.062026
0.060297
0.057426
0.059127
0.065047
0.064753
0.062985
0.066652
0.063671
0.063324
0.066885
0.064594
0.068913
0.067884
0.064102
0.064289
0.067641
0.068727
0.072097
0.076416
0.072723
0.072445
0.072067
0.069922
0.072128
0.073696
0.070591
0.068926
0.067104
0.070679
0.074211
0.072571
0.067328
0.06927
0.065993
0.070402
0.067748
0.074653
0.069837
0.071808
0.068098
0.067005
0.068589
0.07378
0.076378
0.076455
0.077686
0.076934
0.076693
0.077131
0.081724
0.081571
0.083314
0.081862
0.082333
0.081058
0.089629
0.088288
0.091401
0.091269
0.09351
0.091094
0.089909
0.091137
0.092228
0.088611
0.091092
0.090341
0.092139
0.092916
0.091027
0.093978
0.089301
0.087064
0.082904
0.08871
0.076549
0.078179
0.082688
0.077189
0.081794
0.081108
0.086383
0.094438
0.089566
0.09141
0.089304
0.086877
0.080811
0.081584
0.080105
0.074668
0.071532
0.071645
0.072873
0.075841
0.0909
0.088379
0.085075
0.087843
0.088153
0.08379
0.085124
0.08638
0.08856
0.090215
0.089995
0.089739
0.112458
0.099484
0.097684
0.096285
0.097437
0.094433
0.103669
0.104748
0.104383
0.103632
0.100502
0.101008
0.114013
0.10239
0.097967
0.105084
0.103959
0.098846
0.104766
0.103797
0.095659
0.100883
0.092159
0.095027
0.092425
0.08996
0.100594
0.091734
0.083046
0.083279
0.07777
0.076655
0.073563
0.070617
0.073201
0.072864
0.072023
0.069912
0.085697
0.074969
0.068662
0.070391
0.067976
0.067887
0.065154
0.064762
0.066583
0.060933
0.058425
0.064488
0.064878
0.075409
0.06603
0.062386
0.060418
0.059408
0.05747
0.058109
0.057172
0.057908
0.054843
0.054104
0.054804
0.054459
0.054616
0.057789
0.052482
0.051943
0.060227
0.054156
0.054741
0.053605
0.053474
0.057112
0.057574
0.05312
0.05129
0.049603
0.050848
0.052251
0.054575
0.054936
0.052935
0.06087
0.055016
0.056729
0.055311
0.054073
0.054243
0.054942
0.060905
0.055128
0.054003
0.056447
0.064633
0.063091
0.060617
0.057726
0.059159
0.056215
0.056869
0.055089
0.056595
0.053084
0.056691
0.056669
0.056927
0.055316
0.071392
0.05858
0.061177
0.057254
0.051142
0.043724
0.046063
0.045361
0.054902
0.055373
0.057909
0.052786
0.051873
0.05252
0.052026
0.054953
0.056491
0.066535
0.065907
0.062507
0.058553
0.061464
0.062631
0.0584
0.066655
0.061677
0.063661
0.065028
0.064019
0.075938
0.072367
0.070916
0.066615
0.068182
0.068787
0.068981
0.069655
0.068116
0.064821
0.064477
0.066795
0.084881
0.076179
0.074199
0.074565
0.075703
0.074617
0.072255
0.072954
0.07174
0.077048
0.076753
0.093241
0.090831
0.091288
0.091367
0.090391
0.088812
0.090464
0.09017
0.094076
0.091236
0.090249
0.084363
0.104586
0.09589
0.095868
0.092623
0.0904
0.087584
0.096174
0.095058
0.089408
0.088406
0.083135
0.079815
0.087297
0.09404
0.084668
0.079845
0.075951
0.076812
0.073565
0.088208
0.079829
0.084296
0.082212
0.083074
0.080022
0.089663
0.085778
0.083997
0.094799
0.093796
0.087356
0.08897
0.086631
0.085771
0.088076
0.092679
0.088642
0.091152
0.093914
0.090768
0.110308
0.104133
0.099086
0.102835
0.103915
0.099362
0.096223
0.099843
0.099075
0.100227
0.098544
0.090995
0.095426
0.09528
0.097602
0.096507
0.105402
0.093979
0.093829
0.088929
0.093529
0.09412
0.094817
0.086505
0.087696
0.095449
0.094733
0.091448
0.089107
0.097023
0.089164
0.095972
0.092087
0.092068
0.089638
0.094103
0.094306
0.095106
0.090264
0.097729
0.094573
0.086615
0.093817
0.091049
0.086694
0.084874
0.094607
0.086585
0.088486
0.095529
0.093358
0.092305
0.090859
0.095747
0.0938
0.092599
0.089201
0.098267
0.093793
0.093946
0.093406
0.099304
0.098529
0.096099
0.099616
0.094089
0.098418
0.09127
0.09799
0.093975
0.093422
0.088602
0.096248
0.099116
0.09435
0.090585
0.094293
0.08875
0.08459
0.089615
0.089732
0.092996
0.089646
0.093849
0.093964
0.091698
0.095856
0.099475
0.095466
0.096314
0.094511
0.100364
0.099628
0.095545
0.095605
0.091061
0.093471
0.090833
0.099189
0.093242
0.091072
0.089883
0.085723
0.08389
0.098376
0.087623
0.081247
0.081142
0.081942
0.093884
0.085825
0.085316
0.080721
0.079523
0.079907
0.088104
0.082097
0.080125
0.077106
0.076248
0.077082
0.089957
0.085902
0.076773
0.075523
0.074233
0.071103
0.077283
0.087741
0.078656
0.077066
0.073598
0.085556
0.078932
0.08111
0.073776
0.072104
0.067365
0.075421
0.07208
0.072997
0.07218
0.072985
0.072604
0.088872
0.092314
0.085081
0.088709
0.0867
0.085003
0.082224
0.082182
0.089072
0.091582
0.088521
0.094051
0.083037
0.096886
0.093063
0.097001
0.097306
0.09745
0.093272
0.095968
0.09805
0.096655
0.104627
0.099307
0.098687
0.102159
0.107272
0.099528
0.101878
0.10793
0.108337
0.108345
0.105621
0.105869
0.108325
0.104061
0.105648
0.107973
0.110765
0.109683
0.10651
0.109983
0.111409
0.110789
0.114921
0.113691
0.107953
0.107919
0.111938
0.120473
0.124582
0.119346
0.115999
0.118042
0.124455
0.126774
0.123155
0.129937
0.128934
0.144636
0.143237
0.136529
0.136715
0.134721
0.144111
0.147198
0.141576
0.140861
0.141316
0.152878
0.147571
0.152745
0.152047
0.147919
0.152693
0.151977
0.149604
0.144538
0.145692
0.15701
0.150082
0.147931
0.142942
0.138666
0.155024
0.150327
0.140544
0.138471
0.139899
0.15398
0.146427
0.143138
0.143558
0.138322
0.14087
0.150783
0.147698
0.141202
0.13684
0.137976
0.158559
0.145004
0.146537
0.140375
0.142252
0.15692
0.154454
0.146616
0.151488
0.146146
0.146391
0.148113
0.151291
0.161476
0.154701
0.159996
0.149286
0.17816
0.167076
0.163318
0.1624
0.157159
0.151276
0.156807
0.170915
0.163098
0.163959
0.158058
0.153392
0.177174
0.157146
0.165276
0.155442
0.161655
0.153269
0.14981
0.171594
0.16477
0.152778
0.154234
0.150987
0.17939
0.165978
0.157983
0.159659
0.156209
0.150031
0.166111
0.158691
0.155799
0.153241
0.152173
0.173258
0.163798
0.163362
0.152965
0.153486
0.16725
0.161942
0.160236
0.160009
0.160912
0.160391
0.177138
0.171894
0.171922
0.163977
0.165367
0.161506
0.157528
0.17157
0.162866
0.157103
0.150906
0.158267
0.161279
0.170508
0.161942
0.158823
0.158638
0.178446
0.161435
0.15632
0.163423
0.151623
0.167633
0.156314
0.160363
0.157028
0.158846
0.158271
0.15933
0.16033
0.164344
0.158621
0.160311
0.156119
0.186144
0.16819
0.163441
0.159877
0.160559
0.159596
0.172347
0.162593
0.160148
0.161015
0.161436
0.154072
0.160456
0.175863
0.160713
0.154121
0.160186
0.184426
0.170087
0.161912
0.167142
0.158879
0.152156
0.160368
0.169218
0.164986
0.161585
0.159607
0.152726
0.165068
0.160651
0.174362
0.160688
0.159155
0.156213
0.179766
0.166969
0.171409
0.167051
0.165466
0.161096
0.176236
0.168193
0.166813
0.164392
0.170196
0.160977
0.180058
0.172222
0.16651
0.159997
0.161139
0.157478
0.180728
0.169705
0.167978
0.166995
0.160144
0.166614
0.181399
0.16609
0.162654
0.161057
0.150666
0.185589
0.160564
0.164873
0.164758
0.161161
0.164041
0.182054
0.160287
0.16078
0.156862
0.155885
0.160158
0.181013
0.166754
0.166434
0.157969
0.150408
0.179851
0.176551
0.16055
0.158262
0.151871
0.154372
0.151319
0.147718
0.167892
0.155985
0.150699
0.143618
0.148357
0.149461
0.152566
0.159093
0.166539
0.152732
0.152722
0.150053
0.178857
0.162482
0.155636
0.155842
0.147114
0.150046
0.150673
0.163533
0.157711
0.154311
0.152154
0.152819
0.15182
0.172696
0.156644
0.152439
0.1458
0.150869
0.153921
0.148342
0.162694
0.158501
0.15543
0.149946
0.146467
0.148988
0.165804
0.157651
0.16468
0.152056
0.16059
0.158579
0.183909
0.15877
0.165444
0.164407
0.160994
0.159948
0.167701
0.161776
0.17302
0.161623
0.166304
0.161988
0.164649
0.164822
0.163515
0.178629
0.169779
0.167067
0.168384
0.167004
0.161648
0.162246
0.180448
0.173344
0.174978
0.171555
0.166689
0.172811
0.200691
0.17609
0.170944
0.174875
0.166619
0.173678
0.199675
0.178597
0.17835
0.177185
0.173542
0.194018
0.184901
0.176708
0.176869
0.178539
0.175668
0.169358
0.173376
0.18711
0.167408
0.171959
0.166764
0.164117
0.192251
0.172047
0.169719
0.166806
0.166916
0.166321
0.165936
0.183586
0.172383
0.165948
0.168845
0.163378
0.172388
0.192266
0.166171
0.165689
0.167643
0.162167
0.163385
0.164315
0.176604
0.172222
0.163851
0.157978
0.157485
0.162448
0.168439
0.178452
0.17586
0.159076
0.159201
0.157016
0.160137
0.166065
0.179747
0.162755
0.164384
0.155081
0.160666
0.160629
0.160804
0.170859
0.164523
0.158238
0.152742
0.149654
0.158248
0.158501
0.173662
0.161864
0.161149
0.158057
0.15345
0.164598
0.171933
0.158997
0.16522
0.160426
0.166864
0.16838
0.168473
0.162269
0.175675
0.169855
0.173107
0.176423
0.177072
0.170303
0.165266
0.174938
0.175239
0.172451
0.175381
0.166589
0.177688
0.197206
0.172831
0.174471
0.176615
0.169989
0.167802
0.191027
0.174906
0.174538
0.172657
0.162771
0.166642
0.195218
0.175598
0.175754
0.170641
0.170226
0.171731
0.192444
0.171947
0.171551
0.169354
0.169513
0.163624
0.171555
0.181496
0.178374
0.182587
0.178368
0.174137
0.179491
0.196243
0.178826
0.184584
0.177868
0.179108
0.172916
0.170436
0.173038
0.167648
0.171837
0.172861
0.178053
0.177897
0.176743
0.200919
0.17502
0.178586
0.173149
0.171986
0.170319
0.163699
0.179478
0.174072
0.177537
0.167039
0.175775
0.17239
0.195873
0.18636
0.182314
0.17751
0.179105
0.175253
0.171284
0.186815
0.167659
0.175313
0.164307
0.171328
0.181183
0.201417
0.175306
0.178434
0.174917
0.174095
0.173364
0.178857
0.187866
0.175978
0.174005
0.174294
0.166713
0.188557
0.180241
0.17689
0.173572
0.164504
0.171006
0.165899
0.172841
0.170379
0.169388
0.164015
0.16426
0.164575
0.164522
0.176006
0.157851
0.156959
0.15054
0.147584
0.144257
0.148401
0.160454
0.149917
0.173098
0.159
0.15797
0.148428
0.156823
0.150083
0.149579
0.146578
0.152957
0.149573
0.150236
0.156188
0.152693
0.156394
0.157169
0.179786
0.163028
0.164665
0.156222
0.155055
0.159333
0.15726
0.155665
0.157286
0.158536
0.164215
0.160661
0.186903
0.165308
0.168321
0.167195
0.163917
0.160309
0.165059
0.157649
0.15469
0.158597
0.166268
0.156778
0.161626
0.158616
0.153506
0.155661
0.152865
0.153577
0.161072
0.15401
0.147172
0.179137
0.151759
0.151846
0.143944
0.151285
0.14319
0.145735
0.152667
0.151506
0.14682
0.147251
0.149709
0.144828
0.16137
0.142658
0.135637
0.133192
0.139335
0.151727
0.150325
0.150702
0.163733
0.157849
0.161059
0.158946
0.150638
0.14846
0.149976
0.144516
0.158797
0.154246
0.148383
0.15193
0.154861
0.15127
0.173079
0.158572
0.153289
0.157143
0.152
0.171724
0.157669
0.156602
0.143836
0.151882
0.150798
0.162166
0.156353
0.15335
0.144691
0.164467
0.158363
0.159731
0.160505
0.153911
0.156462
0.154213
0.162712
0.158715
0.16016
0.158157
0.158177
0.183251
0.164363
0.160097
0.158984
0.157749
0.155737
0.174264
0.164256
0.162711
0.155265
0.160102
0.186005
0.167453
0.168139
0.168956
0.167072
0.160924
0.183703
0.173817
0.16832
0.168269
0.157795
0.162704
0.17893
0.165231
0.163929
0.162223
0.164001
0.160663
0.185038
0.166114
0.163603
0.157427
0.16195
0.155931
0.173112
0.164723
0.160135
0.162044
0.159129
0.155078
0.160591
0.172077
0.15675
0.182853
0.165806
0.170785
0.168674
0.164801
0.165019
0.167981
0.169914
0.16819
0.160189
0.158979
0.18226
0.169735
0.162246
0.160998
0.160831
0.156211
0.153822
0.173975
0.162157
0.155473
0.151751
0.164471
0.157254
0.17398
0.165244
0.16329
0.160799
0.16007
0.161381
0.158325
0.178733
0.169243
0.166098
0.168527
0.162575
0.165185
0.166221
0.183403
0.172478
0.172895
0.170508
0.171759
0.169748
0.185647
0.175528
0.169151
0.172246
0.170756
0.168098
0.170545
0.171827
0.181761
0.176283
0.17429
0.172908
0.173556
0.167897
0.16173
0.179924
0.170915
0.173763
0.167054
0.177932
0.172947
0.176906
0.176124
0.167572
0.172578
0.176327
0.17738
0.173319
0.18012
0.169763
0.174685
0.171927
0.174587
0.174605
0.178215
0.174628
0.175394
0.175082
0.16967
0.192892
0.176347
0.171492
0.171087
0.165331
0.165136
0.163092
0.165781
0.174953
0.164204
0.161227
0.163021
0.169566
0.160422
0.161254
0.176218
0.172557
0.170656
0.16321
0.166933
0.17108
0.160547
0.162122
0.176674
0.171472
0.173802
0.16388
0.174002
0.169667
0.188204
0.174467
0.178092
0.177418
0.178274
0.173746
0.176732
0.175651
0.174412
0.173592
0.178668
0.174089
0.181433
0.177279
0.177279
0.197216
0.183214
0.187487
0.18348
0.182641
0.180126
0.183243
0.180457
0.179695
0.172381
0.177423
0.173696
0.175696
0.182687
0.173806
0.198761
0.180826
0.179458
0.169814
0.174134
0.17643
0.175405
0.175422
0.183768
0.171536
0.168229
0.175006
0.174632
0.169784
0.173553
0.189531
0.176687
0.176882
0.168105
0.165792
0.170682
0.171236
0.171084
0.178139
0.170544
0.161316
0.170712
0.172532
0.167898
0.189045
0.170823
0.172336
0.165239
0.167507
0.171168
0.196439
0.173824
0.177108
0.174266
0.169773
0.171767
0.187734
0.176164
0.176793
0.173128
0.173992
0.168013
0.167874
0.184679
0.170807
0.174633
0.165349
0.164428
0.172652
0.190277
0.178933
0.174595
0.169239
0.164804
0.165994
0.168469
0.183025
0.173546
0.17363
0.173956
0.170481
0.17071
0.160881
0.176839
0.175638
0.173033
0.169186
0.167206
0.171466
0.162346
0.160126
0.176358
0.163676
0.16247
0.163832
0.166896
0.163357
0.185565
0.165199
0.159981
0.161682
0.164291
0.154675
0.162549
0.176323
0.164456
0.163211
0.153974
0.149436
0.185048
0.168868
0.15563
0.166085
0.156008
0.156084
0.152563
0.176259
0.15959
0.154412
0.156467
0.156532
0.157277
0.171502
0.159205
0.155355
0.160816
0.154282
0.157797
0.176673
0.164265
0.156396
0.149723
0.149806
0.176927
0.16607
0.161452
0.157576
0.159222
0.157972
0.160934
0.177985
0.163407
0.167726
0.16652
0.170494
0.189137
0.178073
0.177908
0.174663
0.173172
0.169463
0.166325
0.164228
0.178218
0.17551
0.169697
0.171219
0.169877
0.190436
0.164433
0.16946
0.174076
0.170826
0.16254
0.164829
0.166676
0.168337
0.167531
0.1607
0.162904
0.164504
0.182393
0.168701
0.163741
0.165711
0.158834
0.155562
0.160518
0.163537
0.154571
0.168514
0.164185
0.161615
0.162887
0.162389
0.181006
0.171711
0.16632
0.174335
0.162643
0.167349
0.168213
0.175071
0.175384
0.174729
0.166982
0.170959
0.168758
0.169004
0.191944
0.175311
0.170346
0.171522
0.166289
0.160332
0.188493
0.170069
0.168295
0.172138
0.172225
0.173434
0.187548
0.172774
0.180067
0.174571
0.177441
0.171026
0.173948
0.196244
0.177419
0.175077
0.175165
0.175312
0.17497
0.172538
0.167658
0.185051
0.178048
0.175444
0.17526
0.18105
0.168759
0.172144
0.176385
0.17819
0.176411
0.174512
0.173553
0.177422
0.173497
0.170631
0.182552
0.17667
0.175924
0.162526
0.165748
0.173203
0.170942
0.167254
0.177491
0.171641
0.173704
0.170808
0.17773
0.166314
0.16953
0.165592
0.178987
0.17566
0.172299
0.164678
0.169495
0.169361
0.169485
0.165214
0.1781
0.167365
0.169503
0.164887
0.169605
0.166246
0.16592
0.164128
0.163197
0.172003
0.164773
0.168151
0.168352
0.169157
0.172699
0.169577
0.160133
0.17846
0.171519
0.162737
0.160688
0.161526
0.170381
0.184939
0.169567
0.168424
0.171013
0.16505
0.167862
0.166776
0.183715
0.176468
0.172902
0.172585
0.167211
0.173189
0.160463
0.182623
0.177658
0.169055
0.16979
0.174421
0.173028
0.188871
0.182196
0.176488
0.170515
0.170528
0.162726
0.196244
0.173624
0.170863
0.163622
0.190584
0.179625
0.176728
0.16736
0.166113
0.164542
0.156403
0.17562
0.172695
0.170416
0.167046
0.16439
0.193689
0.176426
0.168954
0.165645
0.170601
0.176093
0.165527
0.173327
0.166263
0.175274
0.174407
0.164802
0.170872
0.173605
0.197949
0.181187
0.179009
0.172947
0.174276
0.176266
0.172937
0.173209
0.177797
0.173378
0.177938
0.174546
0.169097
0.182456
0.195697
0.181535
0.17996
0.170032
0.175802
0.173192
0.20253
0.189467
0.18894
0.182903
0.182557
0.181274
0.186509
0.181466
0.196146
0.187734
0.185533
0.175529
0.182015
0.177999
0.195641
0.182296
0.184197
0.179869
0.177319
0.172284
0.200153
0.178534
0.176839
0.176653
0.172579
0.176765
0.194799
0.183029
0.182243
0.172571
0.17007
0.178808
0.181055
0.178646
0.172801
0.170524
0.172604
0.177169
0.178405
0.171094
0.166053
0.169207
0.182703
0.176224
0.174223
0.174214
0.166048
0.176108
0.169862
0.175348
0.16745
0.174522
0.179071
0.17142
0.180928
0.182037
0.177117
0.178811
0.179479
0.180981
0.179382
0.170362
0.172784
0.184774
0.185873
0.179627
0.178712
0.169422
0.1689
0.176428
0.181423
0.17708
0.182777
0.174195
0.176929
0.193791
0.179043
0.175187
0.165198
0.176067
0.176782
0.169656
0.168858
0.168455
0.173043
0.173951
0.169953
0.17246
0.17108
0.167182
0.184805
0.167006
0.16554
0.162844
0.157571
0.158348
0.177659
0.169698
0.169137
0.173304
0.16333
0.159301
0.161951
0.173313
0.161701
0.15588
0.154055
0.155848
0.154495
0.174234
0.158079
0.156832
0.15668
0.153942
0.155617
0.182097
0.161844
0.153981
0.15191
0.153946
0.14856
0.158614
0.155565
0.159149
0.159709
0.158598
0.156713
0.155651
0.160125
0.155213
0.167295
0.164544
0.159389
0.159702
0.154462
0.158063
0.159038
0.157877
0.156088
0.160469
0.151894
0.156402
0.151001
0.15434
0.172189
0.156855
0.156581
0.154045
0.150562
0.152216
0.170731
0.156227
0.159738
0.150899
0.150858
0.14259
0.160934
0.14995
0.145285
0.144588
0.138924
0.142209
0.16414
0.145672
0.141427
0.134344
0.139079
0.143205
0.157565
0.140059
0.136743
0.142075
0.140761
0.162593
0.142539
0.137211
0.135271
0.134045
0.13667
0.144568
0.141117
0.133472
0.13001
0.130087
0.129042
0.143801
0.136983
0.131084
0.135878
0.131224
0.14718
0.139382
0.136568
0.129309
0.137353
0.147373
0.138973
0.138017
0.139142
0.137723
0.129756
0.147228
0.143381
0.150681
0.143695
0.163134
0.157064
0.15071
0.14767
0.145622
0.135801
0.152761
0.148297
0.148631
0.143141
0.143921
0.145697
0.163379
0.15405
0.148403
0.148982
0.148178
0.144792
0.145041
0.146605
0.142143
0.146345
0.135937
0.143229
0.142694
0.175945
0.149237
0.147753
0.148507
0.143151
0.141745
0.137918
0.141504
0.141887
0.149599
0.146635
0.147063
0.146272
0.188988
0.164323
0.151147
0.159115
0.157512
0.154796
0.151809
0.153237
0.148626
0.145585
0.153486
0.154857
0.154905
0.149611
0.157558
0.177094
0.159337
0.161474
0.155879
0.156131
0.153014
0.160107
0.161843
0.160742
0.16017
0.165832
0.194052
0.16901
0.163159
0.175747
0.171221
0.170626
0.160107
0.155911
0.164579
0.162546
0.157581
0.157613
0.192464
0.167745
0.172674
0.170966
0.159419
0.156119
0.152764
0.150842
0.150947
0.159149
0.155976
0.150023
0.159369
0.162292
0.192673
0.168699
0.159437
0.159511
0.158837
0.151924
0.162355
0.160041
0.15827
0.151685
0.155735
0.161192
0.162026
0.155121
0.158204
0.191268
0.166335
0.166918
0.159614
0.165569
0.161978
0.164096
0.173724
0.164455
0.160312
0.156368
0.153411
0.164267
0.153487
0.172833
0.157723
0.15759
0.154333
0.18202
0.156899
0.153091
0.152653
0.145727
0.143854
0.159986
0.152449
0.15105
0.147291
0.151539
0.148533
0.187864
0.160789
0.160697
0.159857
0.152019
0.155359
0.159834
0.159057
0.161796
0.161509
0.154816
0.169398
0.167384
0.168458
0.197605
0.171016
0.18396
0.181768
0.174271
0.168042
0.170175
0.165966
0.171643
0.173913
0.169367
0.167805
0.166493
0.16787
0.169578
0.176354
0.164949
0.165427
0.167534
0.163412
0.186375
0.163943
0.161814
0.151924
0.153772
0.14787
0.159842
0.166825
0.161032
0.161081
0.153263
0.15677
0.152733
0.17831
0.162705
0.161059
0.149426
0.150127
0.153781
0.159688
0.156681
0.157644
0.157823
0.161013
0.156035
0.161843
0.155928
0.179989
0.166989
0.159479
0.160477
0.153719
0.153823
0.154922
0.156835
0.146353
0.161184
0.153412
0.152341
0.148513
0.152402
0.152583
0.155691
0.171421
0.162728
0.157689
0.164121
0.155378
0.15037
0.158438
0.149767
0.153247
0.148561
0.149096
0.154751
0.155557
0.158228
0.154679
0.15448
0.150462
0.145052
0.143134
0.139946
0.141086
0.145053
0.145618
0.147553
0.142476
0.147066
0.143639
0.143942
0.149432
0.149557
0.149113
0.147336
0.148465
0.144951
0.146552
0.148674
0.140034
0.140625
0.146391
0.141825
0.14818
0.152719
0.159943
0.154121
0.159099
0.148752
0.143677
0.147732
0.150994
0.156063
0.151155
0.150897
0.150175
0.151639
0.149624
0.142353
0.145817
0.145585
0.14126
0.144301
0.141701
0.13999
0.139179
0.141536
0.139965
0.138202
0.148312
0.150084
0.153345
0.156436
0.149304
0.154368
0.15469
0.151622
0.14173
0.150693
0.144752
0.148093
0.145294
0.144908
0.146434
0.152501
0.145496
0.148376
0.147164
0.157187
0.150749
0.155674
0.152897
0.15214
0.148013
0.157743
0.147353
0.146598
0.152317
0.151518
0.147681
0.15545
0.162032
0.16449
0.160447
0.151945
0.159442
0.155289
0.154692
0.155995
0.153366
0.158951
0.161384
0.161748
0.155339
0.156909
0.149421
0.150054
0.149351
0.145963
0.140285
0.147034
0.146322
0.147391
0.140842
0.137619
0.134825
0.129815
0.141947
0.127245
0.125268
0.11917
0.123753
0.12087
0.116712
0.118961
0.117963
0.119146
0.110867
0.112918
0.106662
0.107821
0.108619
0.112946
0.106544
0.104086
0.101911
0.112497
0.106733
0.099225
0.099761
0.098193
0.103541
0.092921
0.092364
0.09876
0.092359
0.097002
0.096426
0.111056
0.104343
0.103287
0.099222
0.096066
0.096143
0.095828
0.096638
0.099288
0.098831
0.098784
0.099107
0.119379
0.113235
0.111011
0.106015
0.102406
0.107402
0.103024
0.10113
0.100672
0.101489
0.105898
0.105516
0.102429
0.115295
0.113372
0.107321
0.105699
0.101524
0.104999
0.098792
0.096962
0.105428
0.104626
0.102574
0.105147
0.111178
0.10681
0.111213
0.123015
0.110344
0.116829
0.11558
0.10783
0.114794
0.111824
0.115099
0.118507
0.119099
0.116075
0.121194
0.123486
0.117266
0.12751
0.12508
0.122167
0.118018
0.123293
0.126473
0.121216
0.118335
0.122528
0.122025
0.129665
0.130648
0.13354
0.128499
0.124
0.123013
0.133813
0.127597
0.126799
0.127564
0.124722
0.127616
0.124376
0.119571
0.118005
0.117163
0.115711
0.116938
0.117765
0.115393
0.111804
0.107158
0.102864
0.104159
0.109664
0.116536
0.11716
0.125846
0.123698
0.122469
0.125212
0.130924
0.133448
0.128935
0.129426
0.129893
0.132726
0.13529
0.140272
0.134946
0.128728
0.133593
0.134683
0.132975
0.136274
0.132839
0.138139
0.138216
0.139715
0.135136
0.141208
0.142014
0.142686
0.148523
0.14837
0.146194
0.147843
0.141321
0.145891
0.147131
0.14982
0.143929
0.14137
0.142648
0.141794
0.141457
0.141867
0.147811
0.14217
0.140343
0.142337
0.139172
0.141811
0.144648
0.153142
0.149181
0.15153
0.145275
0.14222
0.149924
0.145728
0.146072
0.140978
0.145309
0.145058
0.149817
0.147204
0.146366
0.14381
0.141513
0.137337
0.142886
0.143105
0.141834
0.145415
0.141407
0.151288
0.146404
0.14969
0.142327
0.140429
0.141069
0.139903
0.140999
0.143442
0.130442
0.14181
0.135657
0.137657
0.140594
0.134008
0.136232
0.148494
0.144957
0.131995
0.141749
0.137359
0.138529
0.13419
0.139442
0.14081
0.139667
0.13809
0.133216
0.135276
0.140017
0.138242
0.138919
0.135021
0.137015
0.138077
0.135562
0.139223
0.136641
0.136146
0.135888
0.136964
0.138037
0.143411
0.138629
0.143138
0.143088
0.135652
0.144894
0.144074
0.143242
0.142577
0.148253
0.153096
0.152756
0.151673
0.149427
0.152651
0.149929
0.148767
0.143599
0.139125
0.137773
0.137233
0.137897
0.138457
0.134266
0.133521
0.137528
0.136773
0.140067
0.132509
0.136037
0.133547
0.131193
0.129301
0.138888
0.136358
0.139716
0.140892
0.146408
0.146232
0.14421
0.144978
0.146528
0.143381
0.136498
0.138997
0.142885
0.140881
0.135251
0.13473
0.138149
0.143199
0.142116
0.143632
0.138543
0.140942
0.134561
0.133548
0.137736
0.141344
0.148625
0.13757
0.145101
0.142236
0.144389
0.142274
0.137584
0.137392
0.142717
0.143557
0.140575
0.13986
0.138519
0.136949
0.135453
0.133446
0.134547
0.139292
0.135463
0.140393
0.133514
0.136925
0.135812
0.139565
0.132914
0.132941
0.150324
0.145952
0.145752
0.150235
0.140107
0.144998
0.144664
0.146845
0.139862
0.143485
0.148114
0.149482
0.143159
0.142723
0.13429
0.140126
0.141004
0.138869
0.136778
0.138574
0.134768
0.140155
0.14062
0.138514
0.13286
0.132703
0.138691
0.129346
0.135947
0.140325
0.138464
0.136554
0.138278
0.129561
0.13549
0.13438
0.130546
0.133315
0.136791
0.133119
0.133506
0.13468
0.133532
0.136249
0.133091
0.134589
0.133054
0.133037
0.13363
0.137863
0.134553
0.136312
0.135446
0.129192
0.134708
