0.0000 0.0000 0.0000 0.0000 0.0000 0.0000 0.0000 1.0000
1.0000 0.0043 -0.0003 0.0022 0.0000 -0.0001 0.0000 1.0000
2.0000 0.0031 0.0019 0.0023 -0.0000 -0.0001 0.0000 1.0000
3.0000 0.0016 0.0064 0.0006 -0.0001 -0.0001 0.0000 1.0000
4.0000 0.0042 0.0011 -0.0026 -0.0001 0.0000 -0.0000 1.0000
5.0000 -0.0003 0.0011 0.0001 -0.0000 0.0001 0.0000 1.0000
6.0000 -0.0008 0.0024 0.0010 0.0000 0.0000 0.0001 1.0000
7.0000 -0.0010 0.0019 0.0011 0.0000 -0.0000 0.0001 1.0000
8.0000 0.0007 0.0038 -0.0019 -0.0000 -0.0001 0.0000 1.0000
9.0000 0.0043 0.0022 -0.0022 -0.0000 -0.0000 -0.0001 1.0000
10.0000 0.0058 -0.0004 0.0007 -0.0000 0.0000 -0.0001 1.0000
11.0000 0.0027 0.0018 0.0017 0.0000 -0.0000 -0.0000 1.0000
12.0000 -0.0022 0.0015 -0.0009 0.0000 0.0000 0.0000 1.0000
13.0000 -0.0038 0.0012 -0.0009 0.0000 -0.0000 0.0000 1.0000
14.0000 -0.0029 0.0011 0.0001 -0.0000 -0.0000 0.0000 1.0000
15.0000 -0.0009 0.0002 0.0012 -0.0000 -0.0000 0.0000 1.0000
16.0000 0.0004 -0.0012 0.0015 0.0000 0.0000 0.0000 1.0000
17.0000 0.0027 0.0010 -0.0003 -0.0000 0.0000 0.0000 1.0000
18.0000 0.0017 0.0021 -0.0010 -0.0000 0.0000 -0.0000 1.0000
19.0000 0.0008 0.0029 -0.0009 -0.0000 -0.0000 0.0000 1.0000
20.0000 -0.0003 -0.0007 0.0002 -0.0000 -0.0000 0.0000 1.0000
21.0000 0.0008 0.0012 -0.0009 -0.0000 -0.0000 0.0000 1.0000
22.0000 0.0005 0.0011 -0.0009 0.0000 0.0000 0.0000 1.0000
23.0000 0.0006 0.0042 -0.0003 -0.0000 -0.0000 0.0000 1.0000
24.0000 -0.0026 0.0028 0.0001 -0.0001 0.0000 0.0000 1.0000
25.0000 -0.0028 0.0002 0.0006 -0.0000 -0.0000 0.0000 1.0000
26.0000 -0.0026 0.0006 -0.0004 0.0000 -0.0000 0.0000 1.0000
27.0000 -0.0018 0.0035 0.0009 0.0000 -0.0000 0.0000 1.0000
28.0000 0.0004 0.0019 0.0007 0.0000 -0.0000 0.0000 1.0000
29.0000 -0.0027 0.0012 0.0004 0.0000 0.0000 0.0000 1.0000
30.0000 -0.0011 0.0011 -0.0015 -0.0000 0.0000 0.0000 1.0000
31.0000 -0.0012 0.0006 -0.0005 -0.0000 -0.0000 0.0000 1.0000
32.0000 0.0016 -0.0038 0.0006 -0.0000 -0.0000 -0.0000 1.0000
33.0000 0.0016 -0.0065 0.0006 0.0000 -0.0000 -0.0000 1.0000
34.0000 -0.0013 -0.0043 0.0001 0.0000 -0.0000 0.0000 1.0000
35.0000 -0.0031 -0.0023 -0.0011 -0.0000 -0.0000 0.0000 1.0000
36.0000 -0.0029 -0.0049 -0.0006 -0.0000 0.0000 0.0000 1.0000
37.0000 -0.0006 -0.0075 -0.0005 -0.0000 -0.0000 -0.0000 1.0000
38.0000 -0.0043 -0.0108 -0.0019 -0.0000 0.0000 -0.0000 1.0000
39.0000 -0.0108 -0.0101 -0.0030 -0.0000 0.0000 0.0001 1.0000
40.0000 -0.0098 -0.0084 -0.0038 -0.0000 -0.0000 0.0001 1.0000
41.0000 0.0088 -0.0018 -0.0062 -0.0000 -0.0000 0.0000 1.0000
42.0000 0.0385 -0.0031 -0.0056 -0.0000 -0.0000 -0.0002 1.0000
43.0000 0.0737 -0.0095 -0.0009 -0.0000 0.0000 -0.0005 1.0000
44.0000 0.1150 -0.0202 0.0004 0.0001 -0.0000 -0.0015 1.0000
45.0000 0.1741 -0.0219 0.0003 0.0001 0.0000 -0.0025 1.0000
46.0000 0.2500 -0.0413 0.0052 0.0001 -0.0000 -0.0037 1.0000
47.0000 0.3239 -0.0385 0.0062 0.0001 -0.0001 -0.0049 1.0000
48.0000 0.3688 -0.0219 0.0048 0.0001 -0.0001 -0.0056 1.0000
49.0000 0.4222 0.0000 0.0084 0.0000 -0.0001 -0.0061 1.0000
50.0000 0.4802 0.0106 0.0079 -0.0000 -0.0000 -0.0064 1.0000
51.0000 0.5595 0.0021 0.0080 0.0000 0.0000 -0.0073 1.0000
52.0000 0.6935 -0.0195 0.0093 0.0001 0.0001 -0.0090 1.0000
53.0000 0.8431 -0.0327 0.0201 0.0003 0.0002 -0.0108 0.9999
54.0000 0.9239 -0.0278 0.0243 0.0004 0.0002 -0.0113 0.9999
55.0000 0.9733 -0.0253 0.0207 0.0002 0.0000 -0.0113 0.9999
56.0000 1.0527 -0.0242 0.0175 0.0001 -0.0001 -0.0115 0.9999
57.0000 1.2065 -0.0478 0.0205 0.0002 0.0000 -0.0126 0.9999
58.0000 1.3585 -0.0623 0.0290 0.0004 0.0001 -0.0141 0.9999
59.0000 1.4815 -0.0739 0.0329 0.0003 0.0003 -0.0151 0.9999
60.0000 1.5748 -0.0680 0.0295 0.0003 0.0002 -0.0154 0.9999
61.0000 1.6892 -0.0711 0.0261 0.0003 -0.0000 -0.0154 0.9999
62.0000 1.8409 -0.0888 0.0290 0.0003 -0.0002 -0.0164 0.9999
63.0000 2.0147 -0.1008 0.0307 0.0002 -0.0003 -0.0181 0.9998
64.0000 2.1688 -0.1046 0.0282 0.0001 -0.0005 -0.0191 0.9998
65.0000 2.2802 -0.0999 0.0217 0.0002 -0.0007 -0.0194 0.9998
66.0000 2.3959 -0.1071 0.0131 0.0006 -0.0008 -0.0196 0.9998
67.0000 2.5229 -0.1196 0.0103 0.0008 -0.0006 -0.0200 0.9998
68.0000 2.6772 -0.1067 0.0133 0.0007 -0.0006 -0.0209 0.9998
69.0000 2.8316 -0.1020 0.0154 0.0006 -0.0007 -0.0215 0.9998
70.0000 2.9683 -0.1243 0.0146 0.0011 -0.0010 -0.0221 0.9998
71.0000 3.1132 -0.1464 0.0211 0.0017 -0.0012 -0.0229 0.9997
72.0000 3.2543 -0.1411 0.0285 0.0017 -0.0011 -0.0237 0.9997
73.0000 3.4060 -0.1233 0.0351 0.0014 -0.0011 -0.0242 0.9997
74.0000 3.5420 -0.1282 0.0282 0.0010 -0.0013 -0.0245 0.9997
75.0000 3.6714 -0.1416 0.0183 0.0011 -0.0015 -0.0249 0.9997
76.0000 3.8186 -0.1726 0.0232 0.0015 -0.0013 -0.0254 0.9997
77.0000 3.9665 -0.1808 0.0354 0.0019 -0.0013 -0.0261 0.9997
78.0000 4.0903 -0.1767 0.0409 0.0019 -0.0013 -0.0270 0.9996
79.0000 4.2144 -0.1743 0.0438 0.0018 -0.0016 -0.0282 0.9996
80.0000 4.3528 -0.2054 0.0442 0.0013 -0.0019 -0.0309 0.9995
81.0000 4.5143 -0.2201 0.0409 0.0010 -0.0016 -0.0359 0.9994
82.0000 4.6654 -0.2291 0.0359 0.0010 -0.0013 -0.0429 0.9991
83.0000 4.7931 -0.2604 0.0401 0.0012 -0.0013 -0.0514 0.9987
84.0000 4.9280 -0.2946 0.0424 0.0011 -0.0015 -0.0616 0.9981
85.0000 5.0535 -0.3414 0.0398 0.0012 -0.0016 -0.0731 0.9973
86.0000 5.1857 -0.3949 0.0406 0.0013 -0.0016 -0.0862 0.9963
87.0000 5.3198 -0.4357 0.0448 0.0013 -0.0015 -0.1011 0.9949
88.0000 5.4538 -0.4857 0.0456 0.0013 -0.0014 -0.1164 0.9932
89.0000 5.5777 -0.5837 0.0430 0.0014 -0.0013 -0.1319 0.9913
90.0000 5.6746 -0.6773 0.0470 0.0016 -0.0014 -0.1483 0.9889
91.0000 5.8075 -0.7433 0.0492 0.0018 -0.0016 -0.1660 0.9861
92.0000 5.9424 -0.7914 0.0496 0.0018 -0.0015 -0.1840 0.9829
93.0000 6.0697 -0.8690 0.0499 0.0020 -0.0015 -0.2013 0.9795
94.0000 6.1776 -0.9727 0.0503 0.0021 -0.0015 -0.2187 0.9758
95.0000 6.2840 -1.1047 0.0492 0.0025 -0.0016 -0.2363 0.9717
96.0000 6.3802 -1.2060 0.0522 0.0026 -0.0016 -0.2534 0.9674
97.0000 6.4992 -1.2817 0.0554 0.0026 -0.0017 -0.2695 0.9630
98.0000 6.6237 -1.3532 0.0528 0.0026 -0.0016 -0.2845 0.9587
99.0000 6.7407 -1.4558 0.0528 0.0026 -0.0015 -0.2995 0.9541
100.0000 6.8363 -1.5514 0.0488 0.0026 -0.0014 -0.3157 0.9488
101.0000 6.9086 -1.6761 0.0442 0.0028 -0.0015 -0.3320 0.9433
102.0000 6.9761 -1.8053 0.0448 0.0032 -0.0015 -0.3476 0.9376
103.0000 7.0270 -1.9386 0.0465 0.0034 -0.0015 -0.3624 0.9320
104.0000 7.0980 -2.0213 0.0489 0.0034 -0.0015 -0.3767 0.9263
105.0000 7.1618 -2.1005 0.0524 0.0032 -0.0014 -0.3903 0.9207
106.0000 7.2305 -2.1908 0.0509 0.0033 -0.0015 -0.4037 0.9149
107.0000 7.2923 -2.3119 0.0554 0.0037 -0.0015 -0.4170 0.9089
108.0000 7.3373 -2.4397 0.0517 0.0062 -0.0016 -0.4294 0.9031
109.0000 7.3657 -2.5181 0.0613 0.0076 -0.0019 -0.4399 0.8980
110.0000 7.3989 -2.5666 0.0604 0.0072 -0.0020 -0.4503 0.8929
111.0000 7.4199 -2.6318 0.0461 0.0061 -0.0017 -0.4604 0.8877
112.0000 7.4584 -2.7193 0.0428 0.0058 -0.0014 -0.4699 0.8827
113.0000 7.4876 -2.8136 0.0528 0.0062 -0.0014 -0.4791 0.8777
114.0000 7.5207 -2.8897 0.0644 0.0067 -0.0015 -0.4882 0.8727
115.0000 7.5500 -2.9455 0.0691 0.0069 -0.0016 -0.4975 0.8675
116.0000 7.5542 -3.0234 0.0633 0.0066 -0.0013 -0.5065 0.8622
117.0000 7.5749 -3.1099 0.0522 0.0061 -0.0011 -0.5157 0.8567
118.0000 7.6058 -3.2031 0.0453 0.0064 -0.0013 -0.5251 0.8510
119.0000 7.6296 -3.3088 0.0517 0.0067 -0.0012 -0.5343 0.8453
120.0000 7.6592 -3.4197 0.0562 0.0071 -0.0014 -0.5430 0.8397
121.0000 7.6624 -3.5053 0.0599 0.0077 -0.0020 -0.5507 0.8347
122.0000 7.6849 -3.5868 0.0613 0.0081 -0.0024 -0.5578 0.8300
123.0000 7.7145 -3.7014 0.0596 0.0078 -0.0019 -0.5647 0.8252
124.0000 7.7371 -3.8255 0.0576 0.0075 -0.0012 -0.5715 0.8206
125.0000 7.7567 -3.9368 0.0558 0.0074 -0.0009 -0.5784 0.8157
126.0000 7.7869 -4.0413 0.0629 0.0075 -0.0008 -0.5843 0.8115
127.0000 7.8164 -4.1453 0.0671 0.0074 -0.0007 -0.5900 0.8074
128.0000 7.8600 -4.2714 0.0597 0.0072 -0.0005 -0.5957 0.8032
129.0000 7.8850 -4.3959 0.0545 0.0070 -0.0004 -0.6012 0.7991
130.0000 7.8907 -4.5335 0.0515 0.0072 -0.0006 -0.6065 0.7951
131.0000 7.9051 -4.6527 0.0598 0.0075 -0.0007 -0.6114 0.7913
132.0000 7.9431 -4.7710 0.0639 0.0075 -0.0007 -0.6162 0.7875
133.0000 7.9745 -4.9116 0.0645 0.0074 -0.0004 -0.6207 0.7840
134.0000 8.0104 -5.0494 0.0605 0.0070 0.0001 -0.6248 0.7807
135.0000 8.0125 -5.1878 0.0551 0.0069 0.0002 -0.6287 0.7776
136.0000 7.9987 -5.3523 0.0527 0.0071 0.0000 -0.6326 0.7744
137.0000 8.0307 -5.5111 0.0585 0.0073 -0.0001 -0.6363 0.7714
138.0000 8.0648 -5.6535 0.0600 0.0075 -0.0001 -0.6398 0.7685
139.0000 8.0961 -5.7834 0.0572 0.0074 0.0001 -0.6430 0.7658
140.0000 8.1142 -5.9385 0.0575 0.0070 0.0004 -0.6462 0.7631
141.0000 8.1194 -6.1013 0.0579 0.0068 0.0005 -0.6490 0.7607
142.0000 8.1416 -6.2553 0.0550 0.0068 0.0004 -0.6521 0.7581
143.0000 8.1698 -6.4031 0.0542 0.0069 0.0002 -0.6550 0.7556
144.0000 8.1980 -6.5589 0.0547 0.0071 -0.0001 -0.6573 0.7536
145.0000 8.2086 -6.7185 0.0572 0.0072 -0.0001 -0.6594 0.7518
146.0000 8.2075 -6.8612 0.0585 0.0071 0.0001 -0.6609 0.7504
147.0000 8.2329 -7.0084 0.0531 0.0067 0.0004 -0.6625 0.7490
148.0000 8.2506 -7.1545 0.0526 0.0067 0.0005 -0.6642 0.7476
149.0000 8.2404 -7.3006 0.0505 0.0071 0.0003 -0.6658 0.7461
150.0000 8.2365 -7.4658 0.0523 0.0073 0.0001 -0.6677 0.7444
151.0000 8.2856 -7.5782 0.0546 0.0073 0.0001 -0.6698 0.7425
152.0000 8.3078 -7.6915 0.0487 0.0069 0.0003 -0.6715 0.7410
153.0000 8.3093 -7.8080 0.0405 0.0065 0.0006 -0.6730 0.7396
154.0000 8.3147 -7.9319 0.0433 0.0065 0.0007 -0.6746 0.7381
155.0000 8.3006 -8.0680 0.0523 0.0068 0.0005 -0.6758 0.7370
156.0000 8.2941 -8.1754 0.0527 0.0070 0.0004 -0.6773 0.7357
157.0000 8.2892 -8.2913 0.0484 0.0069 0.0004 -0.6790 0.7341
158.0000 8.2863 -8.4073 0.0425 0.0071 0.0003 -0.6805 0.7328
159.0000 8.3084 -8.5047 0.0436 0.0072 0.0002 -0.6818 0.7315
160.0000 8.3474 -8.6003 0.0443 0.0070 0.0004 -0.6831 0.7303
161.0000 8.3657 -8.7167 0.0413 0.0067 0.0007 -0.6842 0.7293
162.0000 8.3465 -8.8053 0.0389 0.0067 0.0007 -0.6854 0.7282
163.0000 8.3199 -8.8755 0.0410 0.0070 0.0006 -0.6867 0.7269
164.0000 8.3141 -8.9738 0.0396 0.0071 0.0005 -0.6876 0.7260
165.0000 8.3411 -9.0701 0.0405 0.0072 0.0005 -0.6887 0.7250
166.0000 8.3750 -9.1723 0.0421 0.0069 0.0008 -0.6900 0.7237
167.0000 8.3669 -9.2619 0.0381 0.0068 0.0009 -0.6913 0.7225
168.0000 8.3293 -9.3628 0.0428 0.0070 0.0010 -0.6922 0.7217
169.0000 8.3086 -9.4691 0.0434 0.0072 0.0010 -0.6931 0.7208
170.0000 8.3266 -9.5520 0.0395 0.0073 0.0010 -0.6942 0.7197
171.0000 8.3573 -9.6395 0.0396 0.0073 0.0011 -0.6954 0.7186
172.0000 8.3440 -9.7256 0.0384 0.0079 0.0011 -0.6966 0.7174
173.0000 8.2931 -9.8150 0.0477 0.0083 0.0012 -0.6976 0.7165
174.0000 8.2949 -9.8899 0.0488 0.0084 0.0010 -0.6986 0.7155
175.0000 8.3268 -9.9623 0.0403 0.0081 0.0010 -0.6997 0.7144
176.0000 8.3626 -10.0743 0.0322 0.0078 0.0012 -0.7007 0.7134
177.0000 8.3583 -10.1680 0.0340 0.0080 0.0012 -0.7016 0.7125
178.0000 8.3326 -10.2651 0.0377 0.0082 0.0012 -0.7025 0.7117
179.0000 8.3108 -10.3614 0.0425 0.0086 0.0015 -0.7033 0.7108
180.0000 8.3313 -10.4451 0.0435 0.0092 0.0030 -0.7044 0.7098
181.0000 8.3642 -10.5283 0.0500 0.0092 0.0042 -0.7054 0.7087
182.0000 8.3670 -10.6059 0.0516 0.0088 0.0040 -0.7064 0.7077
183.0000 8.3566 -10.6879 0.0468 -0.0087 -0.0033 0.7074 -0.7068
184.0000 8.3085 -10.7873 0.0418 -0.0091 -0.0030 0.7079 -0.7062
185.0000 8.2709 -10.9052 0.0422 -0.0094 -0.0032 0.7085 -0.7057
186.0000 8.3032 -11.0038 0.0485 -0.0096 -0.0034 0.7095 -0.7046
187.0000 8.3188 -11.0721 0.0524 -0.0096 -0.0033 0.7106 -0.7035
188.0000 8.3131 -11.1449 0.0490 -0.0096 -0.0032 0.7116 -0.7025
189.0000 8.2924 -11.2439 0.0481 -0.0097 -0.0032 0.7123 -0.7018
190.0000 8.2987 -11.3472 0.0419 -0.0097 -0.0034 0.7132 -0.7009
191.0000 8.3122 -11.4329 0.0427 -0.0095 -0.0037 0.7142 -0.6999
192.0000 8.3197 -11.5219 0.0405 -0.0096 -0.0034 0.7151 -0.6990
193.0000 8.3007 -11.6098 0.0474 -0.0096 -0.0030 0.7153 -0.6988
194.0000 8.2779 -11.6860 0.0509 -0.0096 -0.0029 0.7156 -0.6984
195.0000 8.2769 -11.7619 0.0519 -0.0095 -0.0030 0.7161 -0.6979
196.0000 8.2832 -11.8663 0.0461 -0.0091 -0.0033 0.7162 -0.6978
197.0000 8.2894 -11.9839 0.0350 -0.0090 -0.0034 0.7160 -0.6981
198.0000 8.2883 -12.0704 0.0352 -0.0089 -0.0033 0.7157 -0.6984
199.0000 8.2961 -12.1392 0.0376 -0.0087 -0.0032 0.7154 -0.6986
200.0000 8.2934 -12.2221 0.0402 -0.0085 -0.0032 0.7153 -0.6988
201.0000 8.2759 -12.3256 0.0361 -0.0087 -0.0031 0.7147 -0.6994
202.0000 8.2665 -12.4157 0.0315 -0.0088 -0.0027 0.7140 -0.7001
203.0000 8.2747 -12.5239 0.0307 -0.0086 -0.0023 0.7133 -0.7008
204.0000 8.2977 -12.6449 0.0270 -0.0086 -0.0024 0.7126 -0.7016
205.0000 8.3194 -12.7791 0.0205 -0.0088 -0.0028 0.7118 -0.7023
206.0000 8.3182 -12.8894 0.0153 -0.0090 -0.0030 0.7110 -0.7031
207.0000 8.3130 -13.0044 0.0148 -0.0091 -0.0028 0.7101 -0.7040
208.0000 8.2749 -13.1398 0.0231 -0.0093 -0.0026 0.7092 -0.7049
209.0000 8.2690 -13.2767 0.0237 -0.0097 -0.0026 0.7082 -0.7059
210.0000 8.2670 -13.4130 0.0200 -0.0103 -0.0025 0.7074 -0.7068
211.0000 8.2816 -13.5444 0.0194 0.0105 0.0027 -0.7069 0.7073
212.0000 8.2991 -13.6854 0.0163 0.0106 0.0031 -0.7066 0.7075
213.0000 8.3111 -13.8530 0.0117 0.0113 0.0039 -0.7058 0.7083
214.0000 8.3299 -14.0171 0.0084 0.0120 0.0047 -0.7051 0.7089
215.0000 8.3328 -14.1541 0.0031 0.0120 0.0049 -0.7048 0.7093
216.0000 8.3056 -14.2909 0.0020 0.0122 0.0046 -0.7044 0.7097
217.0000 8.2827 -14.4657 0.0048 0.0133 0.0048 -0.7035 0.7106
218.0000 8.2719 -14.6318 0.0062 0.0148 0.0051 -0.7026 0.7114
219.0000 8.2853 -14.7772 0.0125 0.0155 0.0057 -0.7022 0.7118
220.0000 8.3106 -14.9296 0.0048 0.0151 0.0058 -0.7021 0.7119
221.0000 8.3240 -15.0915 -0.0077 0.0141 0.0055 -0.7016 0.7124
222.0000 8.3063 -15.2470 -0.0104 0.0133 0.0053 -0.7008 0.7132
223.0000 8.2788 -15.4254 -0.0035 0.0128 0.0050 -0.6999 0.7141
224.0000 8.2971 -15.5977 -0.0024 0.0127 0.0048 -0.6996 0.7145
225.0000 8.3287 -15.7842 -0.0072 0.0126 0.0048 -0.6997 0.7143
226.0000 8.3416 -15.9793 -0.0133 0.0126 0.0045 -0.7000 0.7140
227.0000 8.3627 -16.1507 -0.0134 0.0129 0.0041 -0.7003 0.7138
228.0000 8.3578 -16.3119 -0.0139 0.0135 0.0032 -0.7003 0.7137
229.0000 8.3293 -16.4861 -0.0247 0.0139 0.0018 -0.6998 0.7142
230.0000 8.3077 -16.6655 -0.0305 0.0134 0.0016 -0.6992 0.7148
231.0000 8.3345 -16.8663 -0.0378 0.0124 0.0028 -0.6991 0.7149
232.0000 8.3744 -17.0694 -0.0377 0.0115 0.0037 -0.6990 0.7150
233.0000 8.3788 -17.2528 -0.0373 0.0116 0.0029 -0.6991 0.7149
234.0000 8.3579 -17.4460 -0.0353 0.0126 0.0015 -0.6991 0.7149
235.0000 8.3613 -17.6185 -0.0359 0.0131 0.0008 -0.6990 0.7150
236.0000 8.3727 -17.7919 -0.0426 0.0127 0.0012 -0.6988 0.7152
237.0000 8.3971 -18.0083 -0.0526 0.0118 0.0026 -0.6988 0.7153
238.0000 8.4102 -18.2126 -0.0569 0.0111 0.0034 -0.6987 0.7153
239.0000 8.4110 -18.4020 -0.0506 0.0114 0.0026 -0.6984 0.7156
240.0000 8.3864 -18.6058 -0.0470 0.0130 0.0012 -0.6981 0.7159
241.0000 8.3743 -18.8050 -0.0472 0.0139 0.0008 -0.6979 0.7160
242.0000 8.3871 -18.9853 -0.0481 0.0134 0.0015 -0.6978 0.7162
243.0000 8.4251 -19.1770 -0.0633 0.0125 0.0022 -0.6979 0.7161
244.0000 8.4389 -19.3820 -0.0701 0.0122 0.0019 -0.6979 0.7161
245.0000 8.4291 -19.5877 -0.0654 0.0125 0.0014 -0.6978 0.7162
246.0000 8.4363 -19.7957 -0.0617 0.0130 0.0012 -0.6978 0.7161
247.0000 8.4556 -19.9989 -0.0700 0.0131 0.0015 -0.6979 0.7161
248.0000 8.4527 -20.1837 -0.0751 0.0124 0.0020 -0.6976 0.7163
249.0000 8.4430 -20.3806 -0.0844 0.0121 0.0020 -0.6973 0.7166
250.0000 8.4601 -20.6059 -0.0844 0.0125 0.0019 -0.6971 0.7169
251.0000 8.4500 -20.8268 -0.0768 0.0127 0.0019 -0.6971 0.7168
252.0000 8.4596 -21.0162 -0.0789 0.0123 0.0021 -0.6977 0.7163
253.0000 8.4716 -21.2117 -0.0897 0.0121 0.0022 -0.6981 0.7159
254.0000 8.4793 -21.4030 -0.0906 0.0123 0.0021 -0.6988 0.7152
255.0000 8.4887 -21.6302 -0.0916 0.0127 0.0014 -0.6997 0.7143
256.0000 8.4947 -21.8668 -0.0949 0.0126 0.0008 -0.7002 0.7138
257.0000 8.4846 -22.0684 -0.1006 0.0122 0.0006 -0.7004 0.7136
258.0000 8.4814 -22.3032 -0.1035 0.0117 0.0008 -0.7009 0.7132
259.0000 8.4977 -22.5488 -0.1057 0.0117 0.0009 -0.7014 0.7127
260.0000 8.5048 -22.7959 -0.1059 0.0119 0.0010 -0.7019 0.7121
261.0000 8.5164 -23.0292 -0.1100 0.0120 0.0011 -0.7024 0.7116
262.0000 8.5165 -23.2587 -0.1169 0.0123 0.0006 -0.7028 0.7112
263.0000 8.4984 -23.5089 -0.1198 0.0125 -0.0001 -0.7027 0.7114
264.0000 8.5060 -23.7512 -0.1144 0.0123 -0.0002 -0.7025 0.7116
265.0000 8.5397 -24.0057 -0.1168 0.0117 0.0002 -0.7021 0.7120
266.0000 8.5525 -24.2607 -0.1245 0.0107 0.0004 -0.7021 0.7120
267.0000 8.5371 -24.5265 -0.1336 0.0101 0.0005 -0.7022 0.7119
268.0000 8.5266 -24.8155 -0.1377 0.0114 0.0004 -0.7019 0.7122
269.0000 8.5191 -25.0880 -0.1294 0.0130 0.0003 -0.7017 0.7124
270.0000 8.5235 -25.3595 -0.1231 0.0137 0.0005 -0.7015 0.7125
271.0000 8.5441 -25.6396 -0.1291 0.0129 0.0012 -0.7016 0.7124
272.0000 8.5564 -25.9357 -0.1441 0.0115 0.0013 -0.7016 0.7124
273.0000 8.5310 -26.1920 -0.1496 0.0112 0.0006 -0.7013 0.7127
274.0000 8.5276 -26.4396 -0.1500 0.0127 0.0003 -0.7011 0.7130
275.0000 8.5653 -26.7176 -0.1416 0.0140 0.0013 -0.7010 0.7130
276.0000 8.5971 -27.0227 -0.1497 0.0139 0.0029 -0.7009 0.7131
277.0000 8.6095 -27.2701 -0.1551 0.0129 0.0040 -0.7010 0.7130
278.0000 8.5791 -27.5076 -0.1631 0.0123 0.0036 -0.7005 0.7135
279.0000 8.5762 -27.7488 -0.1661 0.0127 0.0019 -0.7004 0.7137
280.0000 8.5982 -28.0198 -0.1593 0.0128 0.0012 -0.7005 0.7136
281.0000 8.6366 -28.2835 -0.1633 0.0128 0.0018 -0.7005 0.7135
282.0000 8.6343 -28.5438 -0.1677 0.0126 0.0027 -0.6999 0.7141
283.0000 8.6158 -28.7855 -0.1715 0.0125 0.0031 -0.6992 0.7148
284.0000 8.6135 -29.0042 -0.1781 0.0127 0.0026 -0.6990 0.7150
285.0000 8.6431 -29.2743 -0.1782 0.0125 0.0017 -0.6987 0.7153
286.0000 8.6627 -29.5466 -0.1805 0.0123 0.0013 -0.6984 0.7156
287.0000 8.6592 -29.7804 -0.1875 0.0117 0.0015 -0.6984 0.7156
288.0000 8.6505 -30.0312 -0.1888 0.0114 0.0017 -0.6980 0.7160
289.0000 8.6465 -30.3006 -0.1853 0.0112 0.0012 -0.6976 0.7164
290.0000 8.6711 -30.5420 -0.1888 0.0109 0.0002 -0.6975 0.7165
291.0000 8.6823 -30.8027 -0.2021 0.0107 0.0000 -0.6973 0.7167
292.0000 8.6865 -31.0764 -0.2070 0.0107 0.0004 -0.6969 0.7171
293.0000 8.6868 -31.3666 -0.2057 0.0110 0.0010 -0.6966 0.7174
294.0000 8.6958 -31.6463 -0.1975 0.0111 0.0012 -0.6965 0.7175
295.0000 8.7076 -31.9328 -0.2001 0.0109 0.0010 -0.6962 0.7178
296.0000 8.7271 -32.2051 -0.2098 0.0107 0.0006 -0.6959 0.7181
297.0000 8.7477 -32.4933 -0.2178 0.0107 0.0005 -0.6958 0.7182
298.0000 8.7551 -32.8017 -0.2091 0.0109 0.0011 -0.6951 0.7188
299.0000 8.7679 -33.0941 -0.2068 0.0111 0.0018 -0.6943 0.7196
300.0000 8.7786 -33.3726 -0.2129 0.0109 0.0025 -0.6939 0.7199
301.0000 8.8151 -33.6668 -0.2205 0.0103 0.0036 -0.6938 0.7201
302.0000 8.8383 -33.9619 -0.2284 0.0095 0.0044 -0.6938 0.7201
303.0000 8.8271 -34.2424 -0.2351 0.0101 0.0036 -0.6934 0.7205
304.0000 8.8220 -34.5245 -0.2314 0.0118 0.0018 -0.6927 0.7211
305.0000 8.8295 -34.7866 -0.2182 0.0134 0.0001 -0.6927 0.7211
306.0000 8.8417 -35.0535 -0.2162 0.0135 0.0000 -0.6932 0.7206
307.0000 8.8647 -35.3113 -0.2283 0.0122 0.0015 -0.6945 0.7194
308.0000 8.8754 -35.6111 -0.2452 0.0107 0.0033 -0.6962 0.7177
309.0000 8.8728 -35.9150 -0.2535 0.0102 0.0044 -0.6984 0.7156
310.0000 8.8654 -36.1653 -0.2503 0.0107 0.0041 -0.7014 0.7127
311.0000 8.8647 -36.4135 -0.2396 0.0108 0.0039 -0.7054 0.7087
312.0000 8.8608 -36.6558 -0.2462 -0.0096 -0.0047 0.7102 -0.7039
313.0000 8.8440 -36.9425 -0.2674 -0.0090 -0.0059 0.7153 -0.6988
314.0000 8.8184 -37.2266 -0.2697 -0.0104 -0.0061 0.7207 -0.6931
315.0000 8.7810 -37.4918 -0.2576 -0.0131 -0.0053 0.7272 -0.6863
316.0000 8.7484 -37.6989 -0.2484 -0.0147 -0.0040 0.7342 -0.6788
317.0000 8.7134 -37.9282 -0.2550 -0.0136 -0.0037 0.7412 -0.6712
318.0000 8.6570 -38.2028 -0.2686 -0.0116 -0.0049 0.7482 -0.6633
319.0000 8.6018 -38.4577 -0.2854 -0.0107 -0.0060 0.7555 -0.6550
320.0000 8.5406 -38.6746 -0.2887 -0.0112 -0.0062 0.7632 -0.6460
321.0000 8.4777 -38.8982 -0.2814 -0.0124 -0.0059 0.7715 -0.6361
322.0000 8.4084 -39.1521 -0.2817 -0.0127 -0.0059 0.7804 -0.6251
323.0000 8.3406 -39.3899 -0.2892 -0.0117 -0.0068 0.7898 -0.6132
324.0000 8.2524 -39.6219 -0.3038 -0.0105 -0.0081 0.7992 -0.6009
325.0000 8.1482 -39.8481 -0.3115 -0.0101 -0.0085 0.8087 -0.5880
326.0000 8.0526 -40.0405 -0.3102 -0.0107 -0.0083 0.8189 -0.5738
327.0000 7.9318 -40.2416 -0.3090 -0.0120 -0.0081 0.8289 -0.5592
328.0000 7.8083 -40.4300 -0.3075 -0.0122 -0.0084 0.8391 -0.5437
329.0000 7.6765 -40.6103 -0.3195 -0.0116 -0.0088 0.8493 -0.5278
330.0000 7.5358 -40.7936 -0.3293 -0.0114 -0.0089 0.8589 -0.5119
331.0000 7.3902 -40.9703 -0.3399 -0.0121 -0.0082 0.8678 -0.4968
332.0000 7.2598 -41.1584 -0.3445 -0.0133 -0.0067 0.8761 -0.4820
333.0000 7.1224 -41.3003 -0.3396 -0.0137 -0.0059 0.8843 -0.4666
334.0000 6.9813 -41.4401 -0.3358 -0.0131 -0.0065 0.8922 -0.4514
335.0000 6.8270 -41.6106 -0.3434 -0.0123 -0.0077 0.8996 -0.4365
336.0000 6.6626 -41.7667 -0.3584 -0.0117 -0.0090 0.9064 -0.4222
337.0000 6.4977 -41.9131 -0.3637 -0.0112 -0.0100 0.9130 -0.4077
338.0000 6.3463 -42.0301 -0.3659 -0.0106 -0.0106 0.9193 -0.3932
339.0000 6.1994 -42.1369 -0.3608 -0.0103 -0.0104 0.9256 -0.3782
340.0000 6.0211 -42.2508 -0.3688 -0.0109 -0.0098 0.9316 -0.3632
341.0000 5.8503 -42.3531 -0.3808 -0.0117 -0.0088 0.9373 -0.3482
342.0000 5.6772 -42.4809 -0.3833 -0.0120 -0.0079 0.9425 -0.3338
343.0000 5.5054 -42.5981 -0.3813 -0.0123 -0.0073 0.9471 -0.3205
344.0000 5.3190 -42.6584 -0.3788 -0.0121 -0.0070 0.9516 -0.3071
345.0000 5.1360 -42.7345 -0.3831 -0.0119 -0.0076 0.9554 -0.2949
346.0000 4.9497 -42.8389 -0.3962 -0.0119 -0.0080 0.9587 -0.2839
347.0000 4.7853 -42.9263 -0.4057 -0.0122 -0.0080 0.9619 -0.2731
348.0000 4.6214 -43.0449 -0.4061 -0.0128 -0.0081 0.9644 -0.2642
349.0000 4.4724 -43.1419 -0.4096 -0.0135 -0.0093 0.9664 -0.2566
350.0000 4.2919 -43.1901 -0.4131 -0.0131 -0.0112 0.9681 -0.2498
351.0000 4.1486 -43.2602 -0.4188 -0.0110 -0.0126 0.9698 -0.2434
352.0000 4.0283 -43.3527 -0.4233 -0.0099 -0.0132 0.9711 -0.2381
353.0000 3.8849 -43.4047 -0.4238 -0.0106 -0.0120 0.9723 -0.2333
354.0000 3.6976 -43.4735 -0.4289 -0.0126 -0.0096 0.9731 -0.2298
355.0000 3.5601 -43.5353 -0.4292 -0.0138 -0.0075 0.9739 -0.2264
356.0000 3.4600 -43.5526 -0.4179 -0.0132 -0.0073 0.9747 -0.2232
357.0000 3.3555 -43.5836 -0.4262 -0.0121 -0.0083 0.9752 -0.2207
358.0000 3.2231 -43.6505 -0.4437 -0.0118 -0.0090 0.9755 -0.2194
359.0000 3.1163 -43.7330 -0.4479 -0.0124 -0.0090 0.9757 -0.2187
360.0000 3.0271 -43.7921 -0.4458 -0.0130 -0.0082 0.9757 -0.2186
361.0000 2.9264 -43.8210 -0.4435 -0.0138 -0.0073 0.9757 -0.2185
362.0000 2.8180 -43.8328 -0.4412 -0.0139 -0.0072 0.9757 -0.2184
363.0000 2.7257 -43.8692 -0.4478 -0.0138 -0.0076 0.9757 -0.2184
364.0000 2.6557 -43.9475 -0.4543 -0.0135 -0.0081 0.9754 -0.2199
365.0000 2.6016 -44.0096 -0.4573 -0.0134 -0.0082 0.9751 -0.2214
366.0000 2.5474 -44.0248 -0.4537 -0.0135 -0.0081 0.9748 -0.2225
367.0000 2.4749 -44.0387 -0.4541 -0.0137 -0.0078 0.9745 -0.2238
368.0000 2.4179 -44.0562 -0.4564 -0.0137 -0.0079 0.9741 -0.2256
369.0000 2.3764 -44.0847 -0.4623 -0.0136 -0.0081 0.9737 -0.2272
370.0000 2.3346 -44.1188 -0.4683 -0.0138 -0.0080 0.9734 -0.2287
371.0000 2.3117 -44.1170 -0.4646 -0.0140 -0.0077 0.9732 -0.2296
372.0000 2.2964 -44.1290 -0.4640 -0.0140 -0.0076 0.9729 -0.2305
373.0000 2.2829 -44.1297 -0.4684 -0.0138 -0.0077 0.9728 -0.2310
374.0000 2.2730 -44.1313 -0.4688 -0.0136 -0.0078 0.9727 -0.2314
375.0000 2.2756 -44.1439 -0.4661 -0.0137 -0.0078 0.9726 -0.2318
376.0000 2.2750 -44.1583 -0.4660 -0.0137 -0.0077 0.9726 -0.2318
377.0000 2.2774 -44.1502 -0.4666 -0.0136 -0.0077 0.9727 -0.2317
378.0000 2.2848 -44.1431 -0.4656 -0.0132 -0.0077 0.9726 -0.2318
379.0000 2.2795 -44.1310 -0.4624 -0.0129 -0.0077 0.9727 -0.2317
380.0000 2.2741 -44.1224 -0.4640 -0.0131 -0.0077 0.9727 -0.2315
381.0000 2.2682 -44.1353 -0.4646 -0.0134 -0.0077 0.9727 -0.2317
382.0000 2.2748 -44.1583 -0.4630 -0.0136 -0.0076 0.9727 -0.2317
383.0000 2.2795 -44.1557 -0.4624 -0.0136 -0.0076 0.9726 -0.2318
384.0000 2.2848 -44.1490 -0.4653 -0.0134 -0.0077 0.9726 -0.2319
385.0000 2.2852 -44.1483 -0.4657 -0.0132 -0.0079 0.9726 -0.2319
386.0000 2.2752 -44.1428 -0.4644 -0.0131 -0.0078 0.9727 -0.2317
387.0000 2.2778 -44.1441 -0.4599 -0.0131 -0.0077 0.9727 -0.2317
388.0000 2.2824 -44.1383 -0.4610 -0.0135 -0.0076 0.9726 -0.2318
389.0000 2.2867 -44.1405 -0.4642 -0.0137 -0.0077 0.9726 -0.2319
390.0000 2.2858 -44.1521 -0.4665 -0.0134 -0.0077 0.9726 -0.2318
391.0000 2.2770 -44.1510 -0.4624 -0.0130 -0.0078 0.9727 -0.2317
392.0000 2.2782 -44.1511 -0.4603 -0.0129 -0.0077 0.9727 -0.2318
393.0000 2.2849 -44.1436 -0.4625 -0.0133 -0.0077 0.9726 -0.2319
394.0000 2.2841 -44.1467 -0.4658 -0.0135 -0.0076 0.9726 -0.2318
395.0000 2.2793 -44.1519 -0.4649 -0.0135 -0.0077 0.9726 -0.2319
396.0000 2.2807 -44.1457 -0.4643 -0.0133 -0.0077 0.9727 -0.2317
397.0000 2.2803 -44.1523 -0.4637 -0.0132 -0.0077 0.9727 -0.2317
398.0000 2.2793 -44.1458 -0.4632 -0.0132 -0.0076 0.9727 -0.2317
399.0000 2.2830 -44.1505 -0.4638 -0.0134 -0.0077 0.9726 -0.2318
400.0000 2.2849 -44.1505 -0.4660 -0.0136 -0.0078 0.9726 -0.2319
401.0000 2.2763 -44.1554 -0.4687 -0.0133 -0.0077 0.9726 -0.2321
402.0000 2.2670 -44.1470 -0.4649 -0.0130 -0.0076 0.9726 -0.2319
403.0000 2.2572 -44.1446 -0.4645 -0.0128 -0.0076 0.9726 -0.2320
404.0000 2.2456 -44.1495 -0.4625 -0.0126 -0.0076 0.9725 -0.2324
405.0000 2.2299 -44.1740 -0.4642 -0.0124 -0.0076 0.9723 -0.2334
406.0000 2.1976 -44.1970 -0.4655 -0.0125 -0.0076 0.9720 -0.2344
407.0000 2.1580 -44.1984 -0.4680 -0.0126 -0.0075 0.9718 -0.2354
408.0000 2.1257 -44.2120 -0.4686 -0.0128 -0.0074 0.9715 -0.2367
409.0000 2.0855 -44.2513 -0.4654 -0.0127 -0.0074 0.9711 -0.2384
410.0000 2.0386 -44.2915 -0.4671 -0.0128 -0.0075 0.9706 -0.2402
411.0000 1.9998 -44.3240 -0.4701 -0.0127 -0.0077 0.9701 -0.2424
412.0000 1.9388 -44.3645 -0.4738 -0.0128 -0.0077 0.9693 -0.2455
413.0000 1.8663 -44.3901 -0.4759 -0.0130 -0.0076 0.9684 -0.2491
414.0000 1.7904 -44.4329 -0.4740 -0.0132 -0.0074 0.9672 -0.2535
415.0000 1.7385 -44.4779 -0.4725 -0.0131 -0.0073 0.9659 -0.2586
416.0000 1.6546 -44.5333 -0.4753 -0.0129 -0.0074 0.9642 -0.2648
417.0000 1.5591 -44.5764 -0.4815 -0.0128 -0.0075 0.9623 -0.2716
418.0000 1.4608 -44.6206 -0.4860 -0.0132 -0.0071 0.9599 -0.2798
419.0000 1.3471 -44.6550 -0.4771 -0.0135 -0.0067 0.9570 -0.2895
420.0000 1.2412 -44.7628 -0.4739 -0.0139 -0.0060 0.9538 -0.3002
421.0000 1.1786 -45.0169 -0.4847 -0.0141 -0.0047 0.9496 -0.3132
422.0000 1.1200 -45.1915 -0.4896 -0.0140 -0.0037 0.9452 -0.3262
423.0000 1.0113 -45.2376 -0.4920 -0.0134 -0.0037 0.9406 -0.3393
424.0000 0.8730 -45.2681 -0.5008 -0.0125 -0.0038 0.9355 -0.3531
425.0000 0.7506 -45.4016 -0.5043 -0.0120 -0.0037 0.9296 -0.3682
426.0000 0.6609 -45.5947 -0.5025 -0.0119 -0.0028 0.9232 -0.3841
427.0000 0.5770 -45.7773 -0.5033 -0.0125 -0.0016 0.9162 -0.4006
428.0000 0.4881 -45.8941 -0.5072 -0.0135 -0.0008 0.9087 -0.4173
429.0000 0.3931 -46.0568 -0.5154 -0.0136 -0.0004 0.9006 -0.4344
430.0000 0.2960 -46.2514 -0.5195 -0.0131 0.0000 0.8921 -0.4517
431.0000 0.1923 -46.4400 -0.5228 -0.0130 0.0002 0.8830 -0.4692
432.0000 0.1098 -46.6240 -0.5244 -0.0130 0.0006 0.8732 -0.4872
433.0000 0.0535 -46.8287 -0.5266 -0.0131 0.0014 0.8627 -0.5056
434.0000 0.0009 -47.0481 -0.5235 -0.0137 0.0021 0.8513 -0.5245
435.0000 -0.0677 -47.2544 -0.5288 -0.0146 0.0029 0.8395 -0.5431
436.0000 -0.1282 -47.4761 -0.5386 -0.0149 0.0034 0.8276 -0.5611
437.0000 -0.1724 -47.7024 -0.5441 -0.0141 0.0035 0.8155 -0.5786
438.0000 -0.1912 -47.9835 -0.5410 -0.0124 0.0023 0.8032 -0.5955
439.0000 -0.2203 -48.2301 -0.5467 -0.0114 0.0014 0.7911 -0.6116
440.0000 -0.2711 -48.4558 -0.5472 -0.0118 0.0014 0.7793 -0.6265
441.0000 -0.3121 -48.7076 -0.5478 -0.0138 0.0024 0.7680 -0.6403
442.0000 -0.3166 -48.9860 -0.5483 -0.0154 0.0032 0.7574 -0.6528
443.0000 -0.3011 -49.3297 -0.5560 -0.0147 0.0025 0.7467 -0.6650
444.0000 -0.2845 -49.6109 -0.5720 -0.0125 0.0005 0.7371 -0.6757
445.0000 -0.2964 -49.8801 -0.5795 -0.0108 -0.0011 0.7286 -0.6849
446.0000 -0.2981 -50.1725 -0.5779 -0.0109 -0.0014 0.7210 -0.6928
447.0000 -0.2996 -50.5058 -0.5741 -0.0128 -0.0013 0.7139 -0.7001
448.0000 -0.2742 -50.8454 -0.5835 -0.0145 -0.0011 0.7073 -0.7068
449.0000 -0.2558 -51.1455 -0.5915 0.0143 0.0011 -0.7017 0.7123
450.0000 -0.2363 -51.4327 -0.5915 0.0123 0.0019 -0.6972 0.7168
451.0000 -0.2187 -51.7093 -0.5925 0.0098 0.0036 -0.6939 0.7200
452.0000 -0.1920 -52.0371 -0.5977 0.0091 0.0039 -0.6911 0.7227
453.0000 -0.1612 -52.3868 -0.6025 0.0103 0.0024 -0.6888 0.7248
454.0000 -0.1451 -52.7226 -0.6008 0.0122 0.0003 -0.6873 0.7263
455.0000 -0.1408 -53.0410 -0.5988 0.0128 -0.0002 -0.6865 0.7270
456.0000 -0.1094 -53.3405 -0.6052 0.0119 0.0006 -0.6860 0.7275
457.0000 -0.0947 -53.6433 -0.6220 0.0112 0.0014 -0.6858 0.7277
458.0000 -0.0702 -53.9816 -0.6232 0.0117 0.0014 -0.6859 0.7276
459.0000 -0.0426 -54.3293 -0.6190 0.0124 0.0017 -0.6859 0.7276
460.0000 -0.0251 -54.6472 -0.6202 0.0124 0.0025 -0.6856 0.7278
461.0000 -0.0022 -54.9573 -0.6256 0.0117 0.0033 -0.6853 0.7282
462.0000 0.0168 -55.2653 -0.6383 0.0117 0.0035 -0.6850 0.7285
463.0000 0.0177 -55.5840 -0.6369 0.0124 0.0032 -0.6853 0.7281
464.0000 0.0364 -55.9517 -0.6380 0.0138 0.0025 -0.6855 0.7280
465.0000 0.0627 -56.2907 -0.6427 0.0148 0.0020 -0.6856 0.7278
466.0000 0.0727 -56.6062 -0.6471 0.0151 0.0021 -0.6860 0.7275
467.0000 0.0893 -56.8971 -0.6511 0.0144 0.0021 -0.6869 0.7266
468.0000 0.1044 -57.2027 -0.6535 0.0134 0.0019 -0.6879 0.7257
469.0000 0.1266 -57.5297 -0.6559 0.0130 0.0018 -0.6889 0.7247
470.0000 0.1668 -57.8580 -0.6615 0.0129 0.0023 -0.6899 0.7238
471.0000 0.1809 -58.1726 -0.6682 0.0127 0.0029 -0.6907 0.7230
472.0000 0.1783 -58.4632 -0.6686 0.0116 0.0033 -0.6916 0.7222
473.0000 0.1754 -58.7348 -0.6738 0.0109 0.0032 -0.6925 0.7213
474.0000 0.1935 -59.0418 -0.6871 0.0120 0.0021 -0.6932 0.7206
475.0000 0.2089 -59.3725 -0.6839 0.0137 0.0011 -0.6936 0.7202
476.0000 0.2128 -59.6935 -0.6851 0.0144 0.0012 -0.6943 0.7195
477.0000 0.2091 -59.9764 -0.6845 0.0140 0.0024 -0.6947 0.7191
478.0000 0.2440 -60.2789 -0.6906 0.0135 0.0035 -0.6950 0.7189
479.0000 0.2707 -60.5730 -0.7026 0.0136 0.0039 -0.6955 0.7184
480.0000 0.2690 -60.8937 -0.7038 0.0145 0.0035 -0.6956 0.7183
481.0000 0.2664 -61.1815 -0.7003 0.0153 0.0031 -0.6958 0.7180
482.0000 0.2764 -61.4609 -0.7019 0.0155 0.0029 -0.6961 0.7178
483.0000 0.2812 -61.7472 -0.7060 0.0154 0.0032 -0.6962 0.7176
484.0000 0.2971 -62.0593 -0.7172 0.0154 0.0034 -0.6964 0.7175
485.0000 0.3136 -62.3775 -0.7202 0.0153 0.0033 -0.6965 0.7174
486.0000 0.3233 -62.6957 -0.7217 0.0147 0.0035 -0.6968 0.7171
487.0000 0.3197 -62.9744 -0.7280 0.0138 0.0038 -0.6970 0.7169
488.0000 0.3268 -63.2425 -0.7352 0.0126 0.0035 -0.6969 0.7170
489.0000 0.3277 -63.5159 -0.7488 0.0120 0.0030 -0.6967 0.7173
490.0000 0.3592 -63.7947 -0.7541 0.0119 0.0026 -0.6963 0.7176
491.0000 0.3839 -64.0943 -0.7532 0.0128 0.0018 -0.6959 0.7180
492.0000 0.3926 -64.4242 -0.7549 0.0133 0.0013 -0.6956 0.7183
493.0000 0.3872 -64.7155 -0.7656 0.0134 0.0009 -0.6954 0.7185
494.0000 0.3716 -64.9996 -0.7638 0.0132 0.0007 -0.6954 0.7185
495.0000 0.3832 -65.2932 -0.7660 0.0124 0.0013 -0.6956 0.7183
496.0000 0.4037 -65.6067 -0.7731 0.0120 0.0019 -0.6958 0.7181
497.0000 0.4394 -65.9276 -0.7809 0.0119 0.0023 -0.6960 0.7180
498.0000 0.4558 -66.2440 -0.7862 0.0129 0.0015 -0.6964 0.7176
499.0000 0.4408 -66.5559 -0.7814 0.0128 0.0009 -0.6970 0.7169
500.0000 0.4371 -66.8618 -0.7765 0.0117 0.0015 -0.6974 0.7166
501.0000 0.4493 -67.1101 -0.7786 0.0105 0.0024 -0.6979 0.7161
502.0000 0.4840 -67.3941 -0.7894 0.0111 0.0023 -0.6980 0.7160
503.0000 0.5033 -67.7369 -0.7869 0.0120 0.0012 -0.6984 0.7156
504.0000 0.5008 -68.0564 -0.7810 0.0126 0.0006 -0.6987 0.7153
505.0000 0.4897 -68.3655 -0.7941 0.0125 0.0008 -0.6992 0.7148
506.0000 0.4965 -68.6697 -0.8056 0.0118 0.0018 -0.6996 0.7144
507.0000 0.5073 -68.9739 -0.8070 0.0116 0.0024 -0.7000 0.7141
508.0000 0.5144 -69.2790 -0.8015 0.0118 0.0030 -0.7003 0.7137
509.0000 0.5050 -69.6028 -0.8056 0.0130 0.0040 -0.7009 0.7131
510.0000 0.5123 -69.9177 -0.8128 0.0140 0.0047 -0.7013 0.7127
511.0000 0.5075 -70.2210 -0.8252 0.0150 0.0047 -0.7019 0.7121
512.0000 0.4943 -70.5235 -0.8280 0.0153 0.0040 -0.7023 0.7117
513.0000 0.4907 -70.8213 -0.8281 0.0149 0.0033 -0.7026 0.7114
514.0000 0.5148 -71.0785 -0.8314 0.0142 0.0036 -0.7030 0.7110
515.0000 0.5305 -71.3953 -0.8369 0.0128 0.0044 -0.7033 0.7108
516.0000 0.5482 -71.7212 -0.8391 0.0116 0.0057 -0.7035 0.7106
517.0000 0.5624 -72.0157 -0.8494 0.0111 0.0060 -0.7038 0.7102
518.0000 0.5609 -72.2962 -0.8585 0.0113 0.0045 -0.7042 0.7098
519.0000 0.5462 -72.5445 -0.8602 0.0113 0.0027 -0.7044 0.7097
520.0000 0.5457 -72.8359 -0.8520 0.0117 0.0023 -0.7044 0.7097
521.0000 0.5469 -73.1306 -0.8598 0.0123 0.0034 -0.7048 0.7093
522.0000 0.5387 -73.4327 -0.8648 0.0120 0.0043 -0.7051 0.7090
523.0000 0.5545 -73.7237 -0.8694 0.0112 0.0051 -0.7050 0.7091
524.0000 0.5805 -74.0185 -0.8721 0.0105 0.0064 -0.7050 0.7091
525.0000 0.5956 -74.2716 -0.8755 0.0107 0.0068 -0.7053 0.7088
526.0000 0.5839 -74.5358 -0.8773 0.0109 0.0064 -0.7057 0.7084
527.0000 0.5645 -74.8440 -0.8824 0.0111 0.0055 -0.7059 0.7082
528.0000 0.5714 -75.1226 -0.8781 0.0114 0.0051 -0.7059 0.7082
529.0000 0.5845 -75.4080 -0.8903 0.0130 0.0042 -0.7059 0.7082
530.0000 0.5812 -75.6665 -0.8979 0.0139 0.0038 -0.7063 0.7078
531.0000 0.5740 -75.9181 -0.9032 0.0138 0.0041 -0.7068 0.7073
532.0000 0.5715 -76.1951 -0.9066 -0.0130 -0.0050 0.7074 -0.7067
533.0000 0.5840 -76.4821 -0.9067 -0.0126 -0.0056 0.7078 -0.7063
534.0000 0.5986 -76.7507 -0.9187 -0.0126 -0.0051 0.7084 -0.7057
535.0000 0.6008 -76.9845 -0.9187 -0.0125 -0.0048 0.7095 -0.7046
536.0000 0.5938 -77.2820 -0.9179 -0.0125 -0.0056 0.7107 -0.7034
537.0000 0.5826 -77.5521 -0.9257 -0.0126 -0.0064 0.7127 -0.7013
538.0000 0.5548 -77.7787 -0.9414 -0.0125 -0.0069 0.7148 -0.6991
539.0000 0.5366 -78.0202 -0.9522 -0.0127 -0.0067 0.7172 -0.6968
540.0000 0.5302 -78.2972 -0.9535 -0.0128 -0.0064 0.7199 -0.6940
541.0000 0.5067 -78.5679 -0.9480 -0.0126 -0.0062 0.7232 -0.6905
542.0000 0.4756 -78.8471 -0.9488 -0.0120 -0.0069 0.7271 -0.6864
543.0000 0.4337 -79.0684 -0.9531 -0.0109 -0.0074 0.7326 -0.6806
544.0000 0.4064 -79.3116 -0.9625 -0.0105 -0.0078 0.7377 -0.6750
545.0000 0.3802 -79.5290 -0.9621 -0.0116 -0.0071 0.7432 -0.6689
546.0000 0.3420 -79.7344 -0.9555 -0.0122 -0.0062 0.7494 -0.6620
547.0000 0.2934 -79.9658 -0.9467 -0.0105 -0.0070 0.7560 -0.6544
548.0000 0.2544 -80.1922 -0.9673 -0.0080 -0.0089 0.7623 -0.6471
549.0000 0.2016 -80.4336 -0.9893 -0.0066 -0.0103 0.7684 -0.6398
550.0000 0.1494 -80.6326 -0.9941 -0.0077 -0.0097 0.7741 -0.6330
551.0000 0.0591 -80.8151 -0.9797 -0.0104 -0.0072 0.7786 -0.6274
552.0000 0.0175 -81.0155 -0.9951 -0.0134 -0.0051 0.7804 -0.6252
553.0000 -0.0158 -81.2005 -1.0043 -0.0141 -0.0046 0.7808 -0.6246
554.0000 -0.0645 -81.4094 -1.0107 -0.0130 -0.0056 0.7797 -0.6261
555.0000 -0.0975 -81.5914 -1.0147 -0.0113 -0.0068 0.7778 -0.6284
556.0000 -0.1491 -81.7528 -1.0138 -0.0111 -0.0069 0.7750 -0.6319
557.0000 -0.1768 -81.9010 -1.0142 -0.0121 -0.0060 0.7714 -0.6362
558.0000 -0.1629 -82.0616 -1.0222 -0.0133 -0.0051 0.7670 -0.6415
559.0000 -0.1403 -82.2233 -1.0061 -0.0128 -0.0051 0.7620 -0.6474
560.0000 -0.1462 -82.3725 -0.9941 -0.0116 -0.0061 0.7572 -0.6531
561.0000 -0.1712 -82.5344 -1.0061 -0.0107 -0.0072 0.7528 -0.6581
562.0000 -0.1926 -82.7079 -1.0202 -0.0112 -0.0072 0.7485 -0.6630
563.0000 -0.2246 -82.8661 -1.0277 -0.0119 -0.0064 0.7435 -0.6685
564.0000 -0.2150 -83.0297 -1.0259 -0.0119 -0.0060 0.7373 -0.6754
565.0000 -0.1888 -83.1562 -1.0184 -0.0112 -0.0061 0.7305 -0.6828
566.0000 -0.1649 -83.2831 -1.0210 -0.0106 -0.0065 0.7236 -0.6901
567.0000 -0.1387 -83.4486 -1.0280 -0.0101 -0.0069 0.7166 -0.6974
568.0000 -0.1173 -83.5784 -1.0358 -0.0099 -0.0070 0.7086 -0.7055
569.0000 -0.0927 -83.7191 -1.0447 0.0100 0.0067 -0.6997 0.7143
570.0000 -0.0844 -83.8053 -1.0356 0.0097 0.0060 -0.6905 0.7233
571.0000 -0.0355 -83.9351 -1.0298 0.0093 0.0054 -0.6807 0.7325
572.0000 0.0328 -84.0891 -1.0405 0.0089 0.0054 -0.6704 0.7419
573.0000 0.0773 -84.2587 -1.0424 0.0084 0.0062 -0.6595 0.7517
574.0000 0.1165 -84.3655 -1.0337 0.0081 0.0068 -0.6484 0.7613
575.0000 0.1457 -84.4490 -1.0314 0.0087 0.0065 -0.6366 0.7711
576.0000 0.1836 -84.5470 -1.0454 0.0096 0.0057 -0.6245 0.7810
577.0000 0.2509 -84.6704 -1.0514 0.0096 0.0047 -0.6123 0.7905
578.0000 0.3107 -84.7800 -1.0571 0.0091 0.0033 -0.6005 0.7996
579.0000 0.3766 -84.8394 -1.0443 0.0087 0.0026 -0.5887 0.8083
580.0000 0.4333 -84.9421 -1.0397 0.0093 0.0025 -0.5764 0.8171
581.0000 0.4974 -85.0530 -1.0413 0.0103 0.0029 -0.5636 0.8260
582.0000 0.5805 -85.1673 -1.0426 0.0108 0.0025 -0.5504 0.8348
583.0000 0.6641 -85.2931 -1.0479 0.0110 0.0013 -0.5373 0.8433
584.0000 0.7558 -85.4238 -1.0488 0.0109 0.0003 -0.5246 0.8513
585.0000 0.8416 -85.5386 -1.0409 0.0106 0.0005 -0.5126 0.8585
586.0000 0.9005 -85.6119 -1.0348 0.0104 0.0013 -0.5015 0.8651
587.0000 0.9676 -85.6722 -1.0351 0.0100 0.0015 -0.4903 0.8715
588.0000 1.0519 -85.7562 -1.0342 0.0098 0.0003 -0.4779 0.8783
589.0000 1.1438 -85.8696 -1.0390 0.0100 -0.0013 -0.4649 0.8853
590.0000 1.2319 -85.9270 -1.0477 0.0101 -0.0020 -0.4526 0.8917
591.0000 1.3122 -85.9842 -1.0441 0.0099 -0.0021 -0.4419 0.8970
592.0000 1.3871 -86.0419 -1.0490 0.0094 -0.0026 -0.4318 0.9019
593.0000 1.4767 -86.0991 -1.0423 0.0081 -0.0028 -0.4216 0.9067
594.0000 1.5628 -86.1730 -1.0371 0.0070 -0.0031 -0.4116 0.9114
595.0000 1.6481 -86.2455 -1.0351 0.0069 -0.0033 -0.4016 0.9158
596.0000 1.7423 -86.3133 -1.0330 0.0079 -0.0036 -0.3915 0.9201
597.0000 1.8075 -86.3648 -1.0467 0.0092 -0.0043 -0.3823 0.9240
598.0000 1.8620 -86.4000 -1.0594 0.0095 -0.0046 -0.3741 0.9273
599.0000 1.9440 -86.4571 -1.0525 0.0089 -0.0051 -0.3662 0.9305
600.0000 2.0132 -86.4869 -1.0379 0.0079 -0.0052 -0.3583 0.9336
601.0000 2.0788 -86.5280 -1.0324 0.0076 -0.0049 -0.3508 0.9364
602.0000 2.1613 -86.5823 -1.0366 0.0080 -0.0052 -0.3435 0.9391
603.0000 2.2178 -86.6259 -1.0342 0.0086 -0.0056 -0.3368 0.9415
604.0000 2.2652 -86.6481 -1.0350 0.0093 -0.0063 -0.3305 0.9438
605.0000 2.3173 -86.6520 -1.0383 0.0096 -0.0067 -0.3244 0.9459
606.0000 2.3927 -86.6633 -1.0311 0.0096 -0.0066 -0.3177 0.9481
607.0000 2.4614 -86.7103 -1.0221 0.0095 -0.0061 -0.3110 0.9504
608.0000 2.4837 -86.7389 -1.0197 0.0093 -0.0058 -0.3049 0.9523
609.0000 2.5615 -86.7668 -1.0229 0.0090 -0.0059 -0.2983 0.9544
610.0000 2.6551 -86.7799 -1.0247 0.0086 -0.0063 -0.2917 0.9565
611.0000 2.7065 -86.8259 -1.0190 0.0085 -0.0065 -0.2854 0.9583
612.0000 2.7387 -86.8761 -1.0061 0.0085 -0.0065 -0.2792 0.9602
613.0000 2.7785 -86.8853 -1.0159 0.0089 -0.0067 -0.2731 0.9619
614.0000 2.8312 -86.8880 -1.0232 0.0090 -0.0069 -0.2671 0.9636
615.0000 2.9309 -86.9209 -1.0225 0.0088 -0.0069 -0.2605 0.9654
616.0000 3.0128 -86.9657 -1.0232 0.0086 -0.0070 -0.2539 0.9672
617.0000 3.0609 -86.9731 -1.0140 0.0082 -0.0068 -0.2476 0.9688
618.0000 3.1165 -86.9868 -1.0106 0.0079 -0.0069 -0.2410 0.9705
619.0000 3.1954 -87.0044 -1.0177 0.0079 -0.0069 -0.2344 0.9721
620.0000 3.2836 -87.0462 -1.0188 0.0074 -0.0068 -0.2273 0.9738
621.0000 3.3547 -87.0548 -1.0137 0.0069 -0.0070 -0.2203 0.9754
622.0000 3.4366 -87.0669 -1.0198 0.0064 -0.0069 -0.2128 0.9770
623.0000 3.5340 -87.0654 -1.0100 0.0057 -0.0062 -0.2058 0.9786
624.0000 3.6009 -87.0847 -0.9950 0.0051 -0.0055 -0.1985 0.9801
625.0000 3.6932 -87.1169 -0.9943 0.0049 -0.0054 -0.1908 0.9816
626.0000 3.7944 -87.1424 -1.0100 0.0049 -0.0055 -0.1829 0.9831
627.0000 3.8720 -87.1918 -1.0190 0.0046 -0.0059 -0.1752 0.9845
628.0000 3.9374 -87.1848 -1.0222 0.0046 -0.0062 -0.1684 0.9857
629.0000 4.0172 -87.1889 -1.0095 0.0044 -0.0059 -0.1620 0.9868
630.0000 4.1038 -87.1806 -0.9955 0.0043 -0.0057 -0.1557 0.9878
631.0000 4.1776 -87.2032 -0.9931 0.0041 -0.0061 -0.1495 0.9887
632.0000 4.2337 -87.2316 -1.0044 0.0043 -0.0063 -0.1433 0.9897
633.0000 4.2790 -87.2172 -1.0079 0.0048 -0.0059 -0.1380 0.9904
634.0000 4.3488 -87.2109 -1.0024 0.0052 -0.0056 -0.1330 0.9911
635.0000 4.4108 -87.2384 -0.9973 0.0052 -0.0059 -0.1283 0.9917
636.0000 4.4698 -87.2698 -0.9982 0.0051 -0.0062 -0.1237 0.9923
637.0000 4.5143 -87.2633 -0.9974 0.0051 -0.0062 -0.1197 0.9928
638.0000 4.5461 -87.2416 -0.9844 0.0048 -0.0058 -0.1163 0.9932
639.0000 4.5601 -87.2187 -0.9791 0.0048 -0.0058 -0.1133 0.9935
640.0000 4.6209 -87.2694 -0.9855 0.0050 -0.0059 -0.1095 0.9940
641.0000 4.6859 -87.3086 -0.9895 0.0052 -0.0061 -0.1061 0.9943
642.0000 4.7171 -87.3171 -0.9886 0.0050 -0.0064 -0.1039 0.9946
643.0000 4.7064 -87.2691 -0.9837 0.0047 -0.0064 -0.1025 0.9947
644.0000 4.7280 -87.2455 -0.9854 0.0047 -0.0061 -0.1007 0.9949
645.0000 4.7577 -87.2525 -0.9864 0.0049 -0.0060 -0.0988 0.9951
646.0000 4.7543 -87.2545 -0.9856 0.0049 -0.0062 -0.0979 0.9952
647.0000 4.7505 -87.2556 -0.9866 0.0048 -0.0064 -0.0972 0.9952
648.0000 4.7564 -87.2555 -0.9908 0.0049 -0.0065 -0.0964 0.9953
649.0000 4.7832 -87.2567 -0.9929 0.0050 -0.0064 -0.0956 0.9954
650.0000 4.8010 -87.2621 -0.9929 0.0051 -0.0062 -0.0951 0.9954
651.0000 4.7994 -87.2639 -0.9901 0.0050 -0.0061 -0.0949 0.9955
652.0000 4.7976 -87.2605 -0.9826 0.0046 -0.0065 -0.0945 0.9955
653.0000 4.7893 -87.2470 -0.9805 0.0045 -0.0064 -0.0944 0.9955
654.0000 4.7739 -87.2387 -0.9815 0.0045 -0.0066 -0.0948 0.9955
655.0000 4.7854 -87.2378 -0.9818 0.0046 -0.0066 -0.0951 0.9954
656.0000 4.8002 -87.2543 -0.9812 0.0048 -0.0065 -0.0950 0.9954
657.0000 4.8115 -87.2888 -0.9837 0.0048 -0.0062 -0.0946 0.9955
658.0000 4.7887 -87.2838 -0.9786 0.0046 -0.0063 -0.0945 0.9955
659.0000 4.7735 -87.2491 -0.9779 0.0048 -0.0061 -0.0947 0.9955
660.0000 4.7703 -87.2393 -0.9797 0.0049 -0.0061 -0.0948 0.9955
661.0000 4.7730 -87.2448 -0.9827 0.0050 -0.0062 -0.0950 0.9954
662.0000 4.7852 -87.2568 -0.9844 0.0049 -0.0064 -0.0950 0.9954
663.0000 4.8032 -87.2597 -0.9823 0.0049 -0.0063 -0.0947 0.9955
664.0000 4.8155 -87.2681 -0.9726 0.0046 -0.0062 -0.0944 0.9955
665.0000 4.8063 -87.2736 -0.9716 0.0045 -0.0061 -0.0944 0.9955
666.0000 4.7902 -87.2672 -0.9783 0.0046 -0.0063 -0.0947 0.9955
667.0000 4.7893 -87.2465 -0.9839 0.0048 -0.0062 -0.0948 0.9955
668.0000 4.7902 -87.2433 -0.9813 0.0048 -0.0062 -0.0947 0.9955
669.0000 4.7983 -87.2587 -0.9728 0.0047 -0.0061 -0.0946 0.9955
670.0000 4.7938 -87.2584 -0.9763 0.0047 -0.0062 -0.0946 0.9955
671.0000 4.7807 -87.2673 -0.9843 0.0048 -0.0064 -0.0947 0.9955
672.0000 4.7800 -87.2476 -0.9838 0.0049 -0.0063 -0.0949 0.9955
673.0000 4.7877 -87.2431 -0.9795 0.0048 -0.0061 -0.0947 0.9955
674.0000 4.7980 -87.2526 -0.9803 0.0048 -0.0062 -0.0946 0.9955
675.0000 4.7969 -87.2718 -0.9805 0.0048 -0.0062 -0.0946 0.9955
676.0000 4.7890 -87.2693 -0.9815 0.0047 -0.0064 -0.0947 0.9955
677.0000 4.7856 -87.2496 -0.9797 0.0046 -0.0064 -0.0946 0.9955
678.0000 4.7839 -87.2420 -0.9792 0.0047 -0.0063 -0.0946 0.9955
679.0000 4.7793 -87.2528 -0.9824 0.0048 -0.0063 -0.0947 0.9955
680.0000 4.7807 -87.2630 -0.9834 0.0049 -0.0063 -0.0948 0.9955
681.0000 4.7902 -87.2634 -0.9843 0.0048 -0.0064 -0.0948 0.9955
682.0000 4.7948 -87.2534 -0.9788 0.0046 -0.0062 -0.0947 0.9955
683.0000 4.7841 -87.2469 -0.9802 0.0047 -0.0062 -0.0947 0.9955
684.0000 4.7805 -87.2480 -0.9817 0.0047 -0.0063 -0.0947 0.9955
685.0000 4.7844 -87.2636 -0.9795 0.0047 -0.0062 -0.0947 0.9955
686.0000 4.7916 -87.2680 -0.9769 0.0047 -0.0061 -0.0946 0.9955
687.0000 4.7844 -87.2637 -0.9789 0.0046 -0.0064 -0.0946 0.9955
688.0000 4.7820 -87.2491 -0.9839 0.0047 -0.0065 -0.0948 0.9955
689.0000 4.7876 -87.2464 -0.9845 0.0048 -0.0064 -0.0948 0.9955
690.0000 4.7781 -87.2521 -0.9789 0.0051 -0.0064 -0.0944 0.9955
691.0000 4.7824 -87.2528 -0.9762 0.0052 -0.0063 -0.0933 0.9956
692.0000 4.8166 -87.2663 -0.9786 0.0051 -0.0064 -0.0913 0.9958
693.0000 4.8476 -87.2692 -0.9811 0.0049 -0.0067 -0.0892 0.9960
694.0000 4.8910 -87.2686 -0.9816 0.0048 -0.0068 -0.0867 0.9962
695.0000 4.9280 -87.2663 -0.9820 0.0049 -0.0068 -0.0841 0.9964
696.0000 4.9520 -87.2523 -0.9713 0.0049 -0.0067 -0.0808 0.9967
697.0000 4.9958 -87.2557 -0.9631 0.0045 -0.0069 -0.0770 0.9970
698.0000 5.0407 -87.2729 -0.9626 0.0040 -0.0071 -0.0725 0.9973
699.0000 5.0690 -87.2542 -0.9713 0.0038 -0.0074 -0.0685 0.9976
700.0000 5.1232 -87.2410 -0.9726 0.0040 -0.0073 -0.0640 0.9979
701.0000 5.1978 -87.2562 -0.9708 0.0042 -0.0071 -0.0584 0.9983
702.0000 5.3098 -87.2732 -0.9675 0.0041 -0.0070 -0.0523 0.9986
703.0000 5.4340 -87.2681 -0.9609 0.0034 -0.0073 -0.0467 0.9989
704.0000 5.5273 -87.2496 -0.9577 0.0027 -0.0078 -0.0422 0.9991
705.0000 5.6388 -87.2456 -0.9717 0.0029 -0.0082 -0.0379 0.9992
706.0000 5.7173 -87.2467 -0.9773 0.0034 -0.0080 -0.0343 0.9994
707.0000 5.8264 -87.2514 -0.9725 0.0034 -0.0078 -0.0312 0.9995
708.0000 5.9482 -87.2428 -0.9597 0.0027 -0.0076 -0.0286 0.9996
709.0000 6.0909 -87.2371 -0.9540 0.0021 -0.0076 -0.0263 0.9996
710.0000 6.2497 -87.2728 -0.9495 0.0021 -0.0077 -0.0247 0.9997
711.0000 6.3766 -87.3013 -0.9523 0.0027 -0.0077 -0.0245 0.9997
712.0000 6.5199 -87.2962 -0.9571 0.0031 -0.0077 -0.0248 0.9997
713.0000 6.7285 -87.2987 -0.9440 0.0031 -0.0077 -0.0247 0.9997
714.0000 6.9327 -87.3114 -0.9415 0.0030 -0.0080 -0.0248 0.9997
715.0000 7.1280 -87.3138 -0.9452 0.0033 -0.0075 -0.0256 0.9996
716.0000 7.3141 -87.3011 -0.9487 0.0036 -0.0066 -0.0261 0.9996
717.0000 7.4783 -87.3021 -0.9379 0.0033 -0.0059 -0.0266 0.9996
718.0000 7.6919 -87.3292 -0.9261 0.0027 -0.0056 -0.0263 0.9996
719.0000 7.9108 -87.3533 -0.9144 0.0023 -0.0050 -0.0260 0.9996
720.0000 8.1160 -87.3455 -0.9082 0.0022 -0.0047 -0.0267 0.9996
721.0000 8.3380 -87.3663 -0.9050 0.0021 -0.0048 -0.0274 0.9996
722.0000 8.5312 -87.3735 -0.8965 0.0018 -0.0051 -0.0279 0.9996
723.0000 8.7539 -87.3767 -0.8853 0.0016 -0.0049 -0.0273 0.9996
724.0000 8.9991 -87.4039 -0.8853 0.0019 -0.0046 -0.0259 0.9997
725.0000 9.2830 -87.4246 -0.8915 0.0023 -0.0047 -0.0244 0.9997
726.0000 9.5340 -87.4314 -0.8989 0.0023 -0.0046 -0.0236 0.9997
727.0000 9.7353 -87.4454 -0.8852 0.0019 -0.0043 -0.0235 0.9997
728.0000 9.9370 -87.4459 -0.8690 0.0020 -0.0042 -0.0234 0.9997
729.0000 10.1810 -87.4574 -0.8591 0.0026 -0.0037 -0.0226 0.9997
730.0000 10.4885 -87.4641 -0.8737 0.0030 -0.0036 -0.0211 0.9998
731.0000 10.8058 -87.4631 -0.8780 0.0024 -0.0041 -0.0195 0.9998
732.0000 11.0900 -87.4827 -0.8726 0.0018 -0.0042 -0.0181 0.9998
733.0000 11.2898 -87.4734 -0.8684 0.0019 -0.0038 -0.0182 0.9998
734.0000 11.5090 -87.4861 -0.8579 0.0025 -0.0030 -0.0185 0.9998
735.0000 11.7684 -87.4980 -0.8483 0.0033 -0.0030 -0.0184 0.9998
736.0000 12.0762 -87.5177 -0.8491 0.0040 -0.0038 -0.0173 0.9998
737.0000 12.3929 -87.5278 -0.8567 0.0040 -0.0040 -0.0160 0.9999
738.0000 12.6774 -87.5120 -0.8440 0.0031 -0.0032 -0.0155 0.9999
739.0000 12.9416 -87.5325 -0.8306 0.0024 -0.0021 -0.0159 0.9999
740.0000 13.2313 -87.5539 -0.8323 0.0032 -0.0023 -0.0161 0.9999
741.0000 13.5280 -87.5635 -0.8356 0.0044 -0.0039 -0.0162 0.9999
742.0000 13.8310 -87.5764 -0.8361 0.0050 -0.0054 -0.0158 0.9998
743.0000 14.1317 -87.5876 -0.8141 0.0042 -0.0056 -0.0154 0.9999
744.0000 14.4259 -87.6014 -0.8024 0.0039 -0.0043 -0.0151 0.9999
745.0000 14.7111 -87.5971 -0.7975 0.0043 -0.0031 -0.0151 0.9999
746.0000 15.0400 -87.6036 -0.7967 0.0048 -0.0032 -0.0150 0.9999
747.0000 15.3660 -87.6138 -0.8119 0.0052 -0.0048 -0.0147 0.9999
748.0000 15.6749 -87.6266 -0.8114 0.0045 -0.0055 -0.0140 0.9999
749.0000 15.9598 -87.6262 -0.7975 0.0039 -0.0045 -0.0128 0.9999
750.0000 16.2352 -87.6255 -0.7839 0.0039 -0.0032 -0.0116 0.9999
751.0000 16.5378 -87.6667 -0.7702 0.0045 -0.0026 -0.0113 0.9999
752.0000 16.8516 -87.6846 -0.7709 0.0049 -0.0039 -0.0111 0.9999
753.0000 17.1828 -87.6567 -0.7670 0.0041 -0.0053 -0.0104 0.9999
754.0000 17.5345 -87.6491 -0.7624 0.0033 -0.0047 -0.0092 0.9999
755.0000 17.8553 -87.6585 -0.7555 0.0032 -0.0034 -0.0079 1.0000
756.0000 18.1307 -87.6634 -0.7385 0.0039 -0.0029 -0.0072 1.0000
757.0000 18.4194 -87.6725 -0.7372 0.0051 -0.0039 -0.0064 1.0000
758.0000 18.7677 -87.6736 -0.7387 0.0046 -0.0061 -0.0057 1.0000
759.0000 19.0962 -87.6884 -0.7422 0.0035 -0.0069 -0.0049 1.0000
760.0000 19.3923 -87.6746 -0.7289 0.0027 -0.0063 -0.0045 1.0000
761.0000 19.6994 -87.6593 -0.7173 0.0030 -0.0053 -0.0036 1.0000
762.0000 20.0178 -87.6662 -0.7081 0.0036 -0.0056 -0.0027 1.0000
763.0000 20.3438 -87.6765 -0.7166 0.0037 -0.0073 -0.0022 1.0000
764.0000 20.6584 -87.6740 -0.7242 0.0038 -0.0085 -0.0023 1.0000
765.0000 20.9796 -87.6516 -0.7193 0.0036 -0.0079 -0.0025 1.0000
766.0000 21.3164 -87.6451 -0.6953 0.0028 -0.0059 -0.0021 1.0000
767.0000 21.6201 -87.6342 -0.6729 0.0014 -0.0044 -0.0021 1.0000
768.0000 21.9383 -87.6384 -0.6585 0.0005 -0.0043 -0.0018 1.0000
769.0000 22.2724 -87.6560 -0.6563 0.0007 -0.0048 -0.0013 1.0000
770.0000 22.5570 -87.6636 -0.6756 0.0028 -0.0052 -0.0014 1.0000
771.0000 22.8690 -87.6658 -0.6742 0.0042 -0.0051 -0.0017 1.0000
772.0000 23.1885 -87.6584 -0.6677 0.0039 -0.0042 -0.0017 1.0000
773.0000 23.5101 -87.6390 -0.6606 0.0022 -0.0031 -0.0013 1.0000
774.0000 23.8673 -87.6545 -0.6316 0.0000 -0.0028 -0.0004 1.0000
775.0000 24.1544 -87.6533 -0.6172 -0.0003 -0.0032 -0.0008 1.0000
776.0000 24.4579 -87.6514 -0.6233 0.0010 -0.0031 -0.0008 1.0000
777.0000 24.7823 -87.6435 -0.6300 0.0022 -0.0018 -0.0005 1.0000
778.0000 25.1078 -87.6478 -0.6309 0.0028 -0.0001 -0.0003 1.0000
779.0000 25.4559 -87.6491 -0.6157 0.0029 0.0008 0.0001 1.0000
780.0000 25.8005 -87.6570 -0.6001 0.0028 0.0002 0.0006 1.0000
781.0000 26.1076 -87.6593 -0.5894 0.0031 -0.0016 0.0004 1.0000
782.0000 26.4163 -87.6371 -0.5955 0.0037 -0.0026 0.0002 1.0000
783.0000 26.7056 -87.6383 -0.6025 0.0044 -0.0029 -0.0002 1.0000
784.0000 27.0095 -87.6600 -0.6026 0.0043 -0.0032 0.0000 1.0000
785.0000 27.3234 -87.6677 -0.6108 0.0040 -0.0033 0.0001 1.0000
786.0000 27.6508 -87.6599 -0.6092 0.0027 -0.0037 0.0007 1.0000
787.0000 28.0102 -87.6464 -0.5861 0.0008 -0.0039 0.0018 1.0000
788.0000 28.3480 -87.6346 -0.5777 0.0004 -0.0033 0.0023 1.0000
789.0000 28.6182 -87.6352 -0.5829 0.0016 -0.0019 0.0021 1.0000
790.0000 28.9246 -87.6456 -0.5738 0.0045 -0.0013 0.0022 1.0000
791.0000 29.2391 -87.6573 -0.5511 0.0067 -0.0026 0.0030 1.0000
792.0000 29.5487 -87.6395 -0.5464 0.0068 -0.0040 0.0040 1.0000
793.0000 29.8745 -87.6404 -0.5393 0.0041 -0.0043 0.0054 1.0000
794.0000 30.1677 -87.6342 -0.5430 0.0015 -0.0039 0.0061 1.0000
795.0000 30.4842 -87.6078 -0.5396 -0.0004 -0.0029 0.0062 1.0000
796.0000 30.8102 -87.6039 -0.5284 -0.0014 -0.0022 0.0064 1.0000
797.0000 31.1081 -87.6198 -0.5183 -0.0020 -0.0032 0.0074 1.0000
798.0000 31.3993 -87.6140 -0.5196 -0.0007 -0.0058 0.0095 0.9999
799.0000 31.7177 -87.5876 -0.5182 0.0019 -0.0060 0.0122 0.9999
800.0000 32.0557 -87.5663 -0.5155 0.0058 -0.0038 0.0147 0.9999
801.0000 32.3369 -87.5678 -0.5049 0.0072 -0.0009 0.0166 0.9998
802.0000 32.6205 -87.5571 -0.4937 0.0051 -0.0008 0.0188 0.9998
803.0000 32.9305 -87.5197 -0.4884 0.0010 -0.0041 0.0224 0.9997
804.0000 33.2379 -87.4759 -0.4956 -0.0020 -0.0087 0.0264 0.9996
805.0000 33.4842 -87.4524 -0.5090 -0.0019 -0.0109 0.0297 0.9995
806.0000 33.7685 -87.4182 -0.5164 0.0002 -0.0082 0.0344 0.9994
807.0000 34.0971 -87.3834 -0.4914 0.0022 -0.0032 0.0405 0.9992
808.0000 34.4252 -87.3791 -0.4436 0.0023 -0.0006 0.0471 0.9989
809.0000 34.7414 -87.3307 -0.4197 0.0016 -0.0027 0.0538 0.9985
810.0000 35.0242 -87.2564 -0.4643 0.0011 -0.0067 0.0609 0.9981
811.0000 35.3056 -87.1759 -0.5063 0.0004 -0.0083 0.0689 0.9976
812.0000 35.5637 -87.1310 -0.4936 -0.0007 -0.0065 0.0768 0.9970
813.0000 35.8355 -87.1044 -0.4374 -0.0012 -0.0033 0.0855 0.9963
814.0000 36.1471 -87.0464 -0.3964 -0.0008 -0.0013 0.0952 0.9955
815.0000 36.4407 -86.9669 -0.4024 -0.0004 -0.0021 0.1050 0.9945
816.0000 36.7196 -86.8742 -0.4417 0.0000 -0.0043 0.1150 0.9934
817.0000 37.0008 -86.7677 -0.4611 0.0002 -0.0055 0.1251 0.9921
818.0000 37.2813 -86.6545 -0.4408 -0.0005 -0.0041 0.1356 0.9908
819.0000 37.5477 -86.5564 -0.4057 -0.0012 -0.0012 0.1455 0.9894
820.0000 37.8426 -86.4775 -0.3867 -0.0013 0.0003 0.1553 0.9879
821.0000 38.1460 -86.3503 -0.3839 -0.0016 -0.0010 0.1646 0.9864
822.0000 38.4048 -86.2298 -0.4035 -0.0027 -0.0047 0.1742 0.9847
823.0000 38.6022 -86.1432 -0.4241 -0.0030 -0.0071 0.1831 0.9831
824.0000 38.8251 -86.0442 -0.4149 -0.0015 -0.0059 0.1916 0.9815
825.0000 39.0749 -85.9236 -0.3806 -0.0003 -0.0024 0.1985 0.9801
826.0000 39.3653 -85.7884 -0.3606 -0.0004 -0.0003 0.2052 0.9787
827.0000 39.6710 -85.6495 -0.3621 -0.0015 -0.0022 0.2124 0.9772
828.0000 39.9275 -85.5241 -0.3798 -0.0019 -0.0063 0.2194 0.9756
829.0000 40.1622 -85.3727 -0.3955 -0.0009 -0.0088 0.2262 0.9740
830.0000 40.3983 -85.2367 -0.3883 -0.0001 -0.0079 0.2317 0.9727
831.0000 40.6276 -85.1151 -0.3619 -0.0014 -0.0054 0.2358 0.9718
832.0000 40.8421 -84.9976 -0.3251 -0.0037 -0.0054 0.2392 0.9710
833.0000 41.0710 -84.8653 -0.3284 -0.0037 -0.0075 0.2441 0.9697
834.0000 41.3540 -84.7255 -0.3552 -0.0002 -0.0094 0.2492 0.9684
835.0000 41.6332 -84.5585 -0.3698 0.0029 -0.0093 0.2536 0.9673
836.0000 41.8157 -84.4408 -0.3405 0.0012 -0.0077 0.2561 0.9666
837.0000 42.0206 -84.3207 -0.3038 -0.0035 -0.0069 0.2583 0.9660
838.0000 42.3136 -84.1377 -0.3048 -0.0057 -0.0073 0.2613 0.9652
839.0000 42.5339 -84.0001 -0.3185 -0.0044 -0.0085 0.2637 0.9646
840.0000 42.7534 -83.8484 -0.3259 -0.0014 -0.0085 0.2663 0.9639
841.0000 42.9927 -83.6933 -0.3138 0.0004 -0.0076 0.2686 0.9632
842.0000 43.2344 -83.5336 -0.2728 -0.0006 -0.0072 0.2708 0.9626
843.0000 43.4862 -83.3844 -0.2593 -0.0014 -0.0074 0.2726 0.9621
844.0000 43.7270 -83.2396 -0.2613 -0.0009 -0.0077 0.2746 0.9615
845.0000 43.9395 -83.1039 -0.2679 0.0006 -0.0081 0.2765 0.9610
846.0000 44.1371 -82.9664 -0.2692 0.0013 -0.0081 0.2785 0.9604
847.0000 44.3415 -82.8392 -0.2630 0.0007 -0.0081 0.2806 0.9598
848.0000 44.5659 -82.7209 -0.2539 -0.0002 -0.0083 0.2826 0.9592
849.0000 44.8059 -82.5610 -0.2478 -0.0003 -0.0077 0.2846 0.9586
850.0000 45.0621 -82.3604 -0.2440 -0.0000 -0.0072 0.2865 0.9581
851.0000 45.2957 -82.1867 -0.2327 0.0002 -0.0065 0.2883 0.9575
852.0000 45.4848 -82.0660 -0.2328 0.0001 -0.0062 0.2902 0.9570
853.0000 45.6192 -82.0007 -0.2339 -0.0001 -0.0071 0.2920 0.9564
854.0000 45.7556 -81.9269 -0.2188 -0.0003 -0.0085 0.2937 0.9559
855.0000 45.9392 -81.7753 -0.1975 0.0001 -0.0088 0.2957 0.9552
856.0000 46.1801 -81.5552 -0.1874 0.0009 -0.0077 0.2986 0.9544
857.0000 46.3962 -81.3725 -0.1886 0.0012 -0.0063 0.3013 0.9535
858.0000 46.5698 -81.2658 -0.1862 0.0005 -0.0069 0.3040 0.9526
859.0000 46.7062 -81.1640 -0.1734 -0.0006 -0.0088 0.3071 0.9516
860.0000 46.8375 -81.0644 -0.1642 -0.0006 -0.0097 0.3112 0.9503
861.0000 46.9649 -80.9375 -0.1586 0.0006 -0.0091 0.3169 0.9484
862.0000 47.1266 -80.8079 -0.1612 0.0020 -0.0076 0.3241 0.9460
863.0000 47.3039 -80.6497 -0.1660 0.0022 -0.0059 0.3319 0.9433
864.0000 47.4375 -80.4956 -0.1581 0.0001 -0.0065 0.3398 0.9405
865.0000 47.5393 -80.3766 -0.1501 -0.0014 -0.0079 0.3486 0.9372
866.0000 47.6430 -80.2644 -0.1492 -0.0014 -0.0091 0.3586 0.9334
867.0000 47.7558 -80.1556 -0.1475 -0.0005 -0.0086 0.3704 0.9288
868.0000 47.8611 -79.9992 -0.1500 0.0004 -0.0070 0.3840 0.9233
869.0000 47.9770 -79.8136 -0.1592 0.0002 -0.0057 0.3993 0.9168
870.0000 48.0899 -79.6251 -0.1407 -0.0019 -0.0060 0.4154 0.9096
871.0000 48.2096 -79.4771 -0.1158 -0.0043 -0.0068 0.4318 0.9019
872.0000 48.3082 -79.3229 -0.1072 -0.0056 -0.0074 0.4481 0.8939
873.0000 48.3537 -79.1732 -0.1030 -0.0060 -0.0077 0.4636 0.8860
874.0000 48.4032 -79.0009 -0.1082 -0.0053 -0.0070 0.4794 0.8776
875.0000 48.4664 -78.8336 -0.1228 -0.0039 -0.0058 0.4958 0.8684
876.0000 48.5410 -78.6926 -0.1200 -0.0030 -0.0044 0.5112 0.8594
877.0000 48.6301 -78.5268 -0.1170 -0.0031 -0.0034 0.5266 0.8501
878.0000 48.6844 -78.3456 -0.1291 -0.0037 -0.0037 0.5411 0.8409
879.0000 48.7029 -78.1204 -0.1302 -0.0045 -0.0044 0.5552 0.8317
880.0000 48.7072 -77.9106 -0.1183 -0.0053 -0.0046 0.5685 0.8226
881.0000 48.7449 -77.7256 -0.1133 -0.0052 -0.0042 0.5817 0.8134
882.0000 48.8491 -77.5064 -0.1102 -0.0046 -0.0042 0.5947 0.8040
883.0000 48.9065 -77.3170 -0.0975 -0.0044 -0.0048 0.6067 0.7949
884.0000 48.8878 -77.1602 -0.1032 -0.0044 -0.0055 0.6175 0.7866
885.0000 48.8566 -76.9496 -0.1011 -0.0051 -0.0066 0.6270 0.7790
886.0000 48.8481 -76.7217 -0.1018 -0.0062 -0.0080 0.6355 0.7721
887.0000 48.9045 -76.4523 -0.1065 -0.0066 -0.0094 0.6443 0.7647
888.0000 48.9919 -76.2090 -0.1074 -0.0061 -0.0095 0.6528 0.7574
889.0000 49.0266 -75.9725 -0.1067 -0.0049 -0.0076 0.6591 0.7520
890.0000 49.0472 -75.7260 -0.0967 -0.0046 -0.0058 0.6642 0.7475
891.0000 49.0111 -75.4671 -0.0926 -0.0047 -0.0059 0.6687 0.7435
892.0000 48.9944 -75.2036 -0.0885 -0.0048 -0.0070 0.6732 0.7394
893.0000 49.0324 -74.9005 -0.0852 -0.0048 -0.0081 0.6780 0.7350
894.0000 49.0650 -74.6169 -0.0815 -0.0048 -0.0086 0.6818 0.7315
895.0000 49.0934 -74.3361 -0.0940 -0.0045 -0.0080 0.6849 0.7285
896.0000 49.0885 -74.0666 -0.0970 -0.0049 -0.0073 0.6875 0.7261
897.0000 49.0822 -73.7875 -0.0851 -0.0050 -0.0075 0.6897 0.7240
898.0000 49.0673 -73.4945 -0.0801 -0.0044 -0.0085 0.6917 0.7221
899.0000 49.0845 -73.1876 -0.0796 -0.0036 -0.0093 0.6934 0.7205
900.0000 49.1140 -72.8836 -0.0860 -0.0032 -0.0098 0.6948 0.7191
901.0000 49.1303 -72.5757 -0.0790 -0.0038 -0.0097 0.6965 0.7175
902.0000 49.1329 -72.2359 -0.0664 -0.0042 -0.0084 0.6982 0.7159
903.0000 49.1310 -71.9111 -0.0542 -0.0045 -0.0076 0.6997 0.7144
904.0000 49.1215 -71.5917 -0.0524 -0.0038 -0.0076 0.7012 0.7129
905.0000 49.1079 -71.2666 -0.0609 -0.0032 -0.0082 0.7027 0.7114
906.0000 49.1154 -70.9512 -0.0680 -0.0040 -0.0081 0.7040 0.7101
907.0000 49.1175 -70.6048 -0.0525 -0.0059 -0.0073 0.7056 0.7086
908.0000 49.1301 -70.2275 -0.0286 -0.0062 -0.0071 0.7075 0.7066
909.0000 49.1291 -69.9181 -0.0228 -0.0048 -0.0075 0.7087 0.7055
910.0000 49.1148 -69.5999 -0.0230 -0.0039 -0.0081 0.7097 0.7044
911.0000 49.0785 -69.2682 -0.0294 -0.0046 -0.0091 0.7107 0.7034
912.0000 49.0644 -68.9354 -0.0315 -0.0053 -0.0094 0.7115 0.7026
913.0000 49.0916 -68.5711 -0.0298 -0.0045 -0.0080 0.7125 0.7016
914.0000 49.1239 -68.1989 -0.0048 -0.0037 -0.0075 0.7133 0.7008
915.0000 49.1026 -67.8551 0.0064 -0.0033 -0.0078 0.7139 0.7002
916.0000 49.0561 -67.5441 -0.0017 -0.0043 -0.0085 0.7135 0.7006
917.0000 49.0071 -67.2134 -0.0038 -0.0059 -0.0091 0.7126 0.7015
918.0000 49.0243 -66.8416 0.0043 -0.0065 -0.0089 0.7126 0.7015
919.0000 49.0571 -66.4757 0.0119 -0.0054 -0.0080 0.7128 0.7013
920.0000 49.0652 -66.1267 0.0151 -0.0042 -0.0075 0.7133 0.7008
921.0000 49.0417 -65.7866 0.0231 -0.0038 -0.0078 0.7131 0.7010
922.0000 49.0207 -65.4506 0.0292 -0.0040 -0.0083 0.7123 0.7018
923.0000 48.9989 -65.0985 0.0323 -0.0045 -0.0086 0.7120 0.7021
924.0000 48.9973 -64.7750 0.0368 -0.0049 -0.0087 0.7124 0.7017
925.0000 48.9749 -64.4298 0.0424 -0.0050 -0.0087 0.7130 0.7011
926.0000 48.9760 -64.0892 0.0451 -0.0046 -0.0091 0.7134 0.7007
927.0000 48.9771 -63.7669 0.0427 -0.0044 -0.0091 0.7138 0.7003
928.0000 48.9922 -63.3939 0.0474 -0.0047 -0.0087 0.7146 0.6995
929.0000 48.9945 -63.0121 0.0620 -0.0051 -0.0082 0.7150 0.6990
930.0000 48.9632 -62.6677 0.0688 -0.0051 -0.0079 0.7153 0.6988
931.0000 48.9452 -62.3235 0.0706 -0.0050 -0.0078 0.7154 0.6987
932.0000 48.9178 -62.0127 0.0681 -0.0048 -0.0078 0.7150 0.6990
933.0000 48.9172 -61.6878 0.0705 -0.0049 -0.0076 0.7148 0.6992
934.0000 48.9326 -61.3044 0.0792 -0.0051 -0.0074 0.7150 0.6990
935.0000 48.9305 -60.9075 0.0948 -0.0052 -0.0080 0.7153 0.6988
936.0000 48.9198 -60.5603 0.0970 -0.0052 -0.0089 0.7154 0.6987
937.0000 48.8992 -60.2602 0.0966 -0.0053 -0.0086 0.7146 0.6994
938.0000 48.8831 -59.9339 0.0980 -0.0057 -0.0079 0.7141 0.7000
939.0000 48.9070 -59.5501 0.1036 -0.0055 -0.0067 0.7140 0.7001
940.0000 48.9148 -59.1902 0.1143 -0.0050 -0.0065 0.7140 0.7001
941.0000 48.8996 -58.8644 0.1168 -0.0043 -0.0066 0.7138 0.7003
942.0000 48.8717 -58.5465 0.1124 -0.0043 -0.0068 0.7136 0.7005
943.0000 48.8494 -58.2324 0.1131 -0.0049 -0.0070 0.7130 0.7011
944.0000 48.8265 -57.9134 0.1230 -0.0059 -0.0077 0.7121 0.7020
945.0000 48.8369 -57.5381 0.1315 -0.0059 -0.0082 0.7121 0.7020
946.0000 48.8635 -57.1730 0.1273 -0.0052 -0.0082 0.7126 0.7015
947.0000 48.8722 -56.8424 0.1335 -0.0044 -0.0073 0.7128 0.7013
948.0000 48.8448 -56.5388 0.1365 -0.0044 -0.0065 0.7123 0.7018
949.0000 48.8051 -56.2289 0.1394 -0.0047 -0.0062 0.7116 0.7025
950.0000 48.7987 -55.9209 0.1389 -0.0048 -0.0066 0.7110 0.7032
951.0000 48.8277 -55.5894 0.1445 -0.0049 -0.0068 0.7107 0.7035
952.0000 48.8335 -55.2276 0.1520 -0.0050 -0.0065 0.7107 0.7034
953.0000 48.8105 -54.9129 0.1614 -0.0055 -0.0066 0.7109 0.7032
954.0000 48.7808 -54.6445 0.1622 -0.0056 -0.0071 0.7109 0.7032
955.0000 48.7867 -54.3087 0.1629 -0.0060 -0.0076 0.7112 0.7030
956.0000 48.8101 -53.9624 0.1639 -0.0062 -0.0073 0.7115 0.7027
957.0000 48.8101 -53.6027 0.1755 -0.0059 -0.0070 0.7118 0.7023
958.0000 48.7907 -53.2741 0.1804 -0.0050 -0.0069 0.7119 0.7022
959.0000 48.7682 -53.0066 0.1739 -0.0043 -0.0070 0.7117 0.7024
960.0000 48.7674 -52.6727 0.1761 -0.0047 -0.0071 0.7119 0.7022
961.0000 48.7649 -52.3307 0.1825 -0.0054 -0.0072 0.7122 0.7019
962.0000 48.7503 -51.9494 0.1952 -0.0054 -0.0073 0.7125 0.7017
963.0000 48.7569 -51.5523 0.2075 -0.0044 -0.0079 0.7128 0.7013
964.0000 48.7796 -51.1984 0.2001 -0.0035 -0.0085 0.7130 0.7011
965.0000 48.7662 -50.8835 0.2007 -0.0038 -0.0093 0.7132 0.7009
966.0000 48.7388 -50.5574 0.2065 -0.0043 -0.0088 0.7133 0.7008
967.0000 48.7188 -50.2103 0.2166 -0.0046 -0.0078 0.7134 0.7007
968.0000 48.7130 -49.8200 0.2218 -0.0043 -0.0071 0.7138 0.7003
969.0000 48.7184 -49.4233 0.2245 -0.0045 -0.0074 0.7142 0.6999
970.0000 48.7247 -49.0292 0.2213 -0.0045 -0.0071 0.7146 0.6994
971.0000 48.7046 -48.6927 0.2308 -0.0047 -0.0064 0.7144 0.6997
972.0000 48.6876 -48.3553 0.2393 -0.0048 -0.0052 0.7145 0.6996
973.0000 48.6637 -47.9885 0.2407 -0.0047 -0.0047 0.7146 0.6995
974.0000 48.6647 -47.6145 0.2435 -0.0051 -0.0056 0.7149 0.6991
975.0000 48.6715 -47.2391 0.2462 -0.0056 -0.0067 0.7153 0.6987
976.0000 48.6558 -46.9114 0.2467 -0.0056 -0.0069 0.7154 0.6987
977.0000 48.6286 -46.5519 0.2487 -0.0047 -0.0062 0.7152 0.6989
978.0000 48.6150 -46.1792 0.2508 -0.0038 -0.0054 0.7148 0.6993
979.0000 48.6231 -45.8145 0.2624 -0.0034 -0.0053 0.7147 0.6994
980.0000 48.6233 -45.4888 0.2681 -0.0034 -0.0063 0.7145 0.6996
981.0000 48.6313 -45.1295 0.2647 -0.0035 -0.0075 0.7147 0.6994
982.0000 48.6228 -44.7833 0.2664 -0.0034 -0.0081 0.7145 0.6996
983.0000 48.5962 -44.4522 0.2706 -0.0030 -0.0079 0.7138 0.7003
984.0000 48.5834 -44.1037 0.2857 -0.0027 -0.0072 0.7134 0.7007
985.0000 48.5800 -43.7816 0.2937 -0.0033 -0.0065 0.7134 0.7007
986.0000 48.5748 -43.4509 0.2901 -0.0040 -0.0060 0.7132 0.7009
987.0000 48.5830 -43.0918 0.2967 -0.0042 -0.0062 0.7134 0.7007
988.0000 48.5681 -42.7483 0.3052 -0.0040 -0.0064 0.7132 0.7009
989.0000 48.5604 -42.4159 0.3135 -0.0040 -0.0060 0.7128 0.7013
990.0000 48.5601 -42.0870 0.3111 -0.0042 -0.0054 0.7127 0.7014
991.0000 48.5583 -41.7584 0.3103 -0.0046 -0.0049 0.7126 0.7015
992.0000 48.5522 -41.4297 0.3167 -0.0047 -0.0047 0.7124 0.7017
993.0000 48.5463 -41.0989 0.3195 -0.0043 -0.0054 0.7121 0.7021
994.0000 48.5304 -40.7822 0.3203 -0.0037 -0.0063 0.7118 0.7023
995.0000 48.5198 -40.4708 0.3208 -0.0039 -0.0067 0.7116 0.7026
996.0000 48.5181 -40.1276 0.3281 -0.0048 -0.0063 0.7115 0.7026
997.0000 48.5302 -39.8015 0.3386 -0.0052 -0.0053 0.7115 0.7027
998.0000 48.5472 -39.4804 0.3469 -0.0050 -0.0054 0.7112 0.7030
999.0000 48.5406 -39.1261 0.3449 -0.0044 -0.0064 0.7111 0.7030
1000.0000 48.5053 -38.8289 0.3401 -0.0042 -0.0073 0.7109 0.7033
1001.0000 48.4950 -38.4948 0.3353 -0.0046 -0.0070 0.7104 0.7037
1002.0000 48.4997 -38.1283 0.3446 -0.0046 -0.0058 0.7098 0.7044
1003.0000 48.5121 -37.7959 0.3629 -0.0042 -0.0054 0.7091 0.7050
1004.0000 48.5170 -37.4441 0.3733 -0.0038 -0.0059 0.7090 0.7052
1005.0000 48.5260 -37.0935 0.3768 -0.0038 -0.0069 0.7088 0.7054
1006.0000 48.5103 -36.7397 0.3674 -0.0042 -0.0072 0.7085 0.7057
1007.0000 48.4955 -36.3969 0.3638 -0.0053 -0.0068 0.7079 0.7063
1008.0000 48.4779 -36.0732 0.3693 -0.0061 -0.0067 0.7074 0.7068
1009.0000 48.4831 -35.7205 0.3798 -0.0055 -0.0074 0.7072 0.7070
1010.0000 48.4807 -35.3586 0.3928 -0.0044 -0.0083 0.7074 0.7068
1011.0000 48.4874 -34.9977 0.3998 -0.0037 -0.0082 0.7076 0.7065
1012.0000 48.5007 -34.6182 0.4017 -0.0038 -0.0073 0.7079 0.7063
1013.0000 48.5006 -34.2509 0.3976 -0.0042 -0.0062 0.7081 0.7060
1014.0000 48.4985 -33.9059 0.4010 -0.0040 -0.0065 0.7080 0.7062
1015.0000 48.4848 -33.5290 0.4086 -0.0038 -0.0079 0.7078 0.7063
1016.0000 48.4944 -33.1432 0.4136 -0.0045 -0.0082 0.7078 0.7064
1017.0000 48.4875 -32.8075 0.4096 -0.0057 -0.0064 0.7080 0.7062
1018.0000 48.4770 -32.4189 0.4128 -0.0060 -0.0042 0.7086 0.7055
1019.0000 48.4774 -32.0669 0.4260 -0.0055 -0.0040 0.7086 0.7056
1020.0000 48.4791 -31.6803 0.4373 -0.0052 -0.0057 0.7084 0.7058
1021.0000 48.4836 -31.3628 0.4329 -0.0051 -0.0070 0.7083 0.7058
1022.0000 48.4768 -31.0226 0.4327 -0.0053 -0.0074 0.7085 0.7057
1023.0000 48.4771 -30.6170 0.4309 -0.0047 -0.0066 0.7092 0.7050
1024.0000 48.4662 -30.2225 0.4446 -0.0041 -0.0061 0.7095 0.7047
1025.0000 48.4620 -29.9281 0.4498 -0.0036 -0.0058 0.7093 0.7049
1026.0000 48.4717 -29.6057 0.4505 -0.0036 -0.0055 0.7090 0.7052
1027.0000 48.4798 -29.2582 0.4496 -0.0039 -0.0053 0.7089 0.7053
1028.0000 48.4799 -28.8888 0.4601 -0.0045 -0.0054 0.7093 0.7049
1029.0000 48.4584 -28.4785 0.4625 -0.0050 -0.0053 0.7101 0.7040
1030.0000 48.4494 -28.1397 0.4703 -0.0054 -0.0052 0.7105 0.7037
1031.0000 48.4564 -27.8503 0.4690 -0.0056 -0.0051 0.7100 0.7042
1032.0000 48.4546 -27.5224 0.4718 -0.0059 -0.0056 0.7100 0.7042
1033.0000 48.4362 -27.1119 0.4756 -0.0058 -0.0065 0.7108 0.7034
1034.0000 48.4152 -26.7530 0.4789 -0.0055 -0.0069 0.7112 0.7030
1035.0000 48.4242 -26.4575 0.4849 -0.0055 -0.0067 0.7112 0.7029
1036.0000 48.4327 -26.1534 0.4889 -0.0054 -0.0064 0.7111 0.7030
1037.0000 48.4221 -25.8320 0.4894 -0.0049 -0.0062 0.7111 0.7031
1038.0000 48.4030 -25.4741 0.4906 -0.0048 -0.0061 0.7113 0.7029
1039.0000 48.4054 -25.1373 0.4953 -0.0052 -0.0062 0.7114 0.7028
1040.0000 48.4166 -24.8420 0.5016 -0.0057 -0.0063 0.7117 0.7025
1041.0000 48.4101 -24.4918 0.5049 -0.0065 -0.0061 0.7117 0.7024
1042.0000 48.4045 -24.1408 0.5095 -0.0072 -0.0060 0.7118 0.7023
1043.0000 48.3897 -23.8034 0.5083 -0.0072 -0.0060 0.7115 0.7026
1044.0000 48.3822 -23.5113 0.5104 -0.0068 -0.0060 0.7114 0.7028
1045.0000 48.3711 -23.1880 0.5138 -0.0066 -0.0062 0.7116 0.7026
1046.0000 48.3674 -22.8768 0.5193 -0.0065 -0.0067 0.7120 0.7021
1047.0000 48.3728 -22.5309 0.5260 -0.0065 -0.0073 0.7128 0.7013
1048.0000 48.3617 -22.1586 0.5306 -0.0061 -0.0074 0.7134 0.7007
1049.0000 48.3600 -21.8494 0.5302 -0.0052 -0.0070 0.7133 0.7008
1050.0000 48.3547 -21.5711 0.5345 -0.0050 -0.0074 0.7125 0.7016
1051.0000 48.3428 -21.2912 0.5358 -0.0051 -0.0076 0.7123 0.7018
1052.0000 48.3522 -21.0061 0.5424 -0.0055 -0.0078 0.7128 0.7013
1053.0000 48.3596 -20.6821 0.5376 -0.0052 -0.0070 0.7135 0.7006
1054.0000 48.3447 -20.3375 0.5397 -0.0047 -0.0062 0.7136 0.7005
1055.0000 48.3232 -20.0287 0.5451 -0.0045 -0.0056 0.7134 0.7007
1056.0000 48.3025 -19.6803 0.5608 -0.0047 -0.0058 0.7134 0.7007
1057.0000 48.3096 -19.4123 0.5720 -0.0051 -0.0064 0.7134 0.7007
1058.0000 48.3178 -19.1295 0.5623 -0.0055 -0.0066 0.7138 0.7003
1059.0000 48.3177 -18.8250 0.5547 -0.0057 -0.0063 0.7138 0.7003
1060.0000 48.3071 -18.5105 0.5674 -0.0059 -0.0062 0.7138 0.7003
1061.0000 48.2883 -18.2065 0.5800 -0.0056 -0.0065 0.7139 0.7002
1062.0000 48.2817 -17.9167 0.5792 -0.0050 -0.0066 0.7141 0.7000
1063.0000 48.2953 -17.6277 0.5790 -0.0049 -0.0067 0.7142 0.6999
1064.0000 48.2940 -17.3353 0.5789 -0.0054 -0.0064 0.7144 0.6997
1065.0000 48.2832 -17.0343 0.5796 -0.0057 -0.0056 0.7145 0.6996
1066.0000 48.2753 -16.7279 0.5865 -0.0055 -0.0049 0.7145 0.6996
1067.0000 48.2698 -16.4330 0.5881 -0.0048 -0.0047 0.7146 0.6995
1068.0000 48.2675 -16.1432 0.5907 -0.0051 -0.0059 0.7143 0.6998
1069.0000 48.2618 -15.8977 0.5933 -0.0062 -0.0072 0.7146 0.6995
1070.0000 48.2651 -15.6129 0.5999 -0.0069 -0.0073 0.7151 0.6990
1071.0000 48.2334 -15.3049 0.6020 -0.0067 -0.0062 0.7154 0.6987
1072.0000 48.2078 -15.0206 0.6052 -0.0063 -0.0048 0.7152 0.6989
1073.0000 48.2182 -14.7544 0.6103 -0.0058 -0.0044 0.7148 0.6993
1074.0000 48.2275 -14.4767 0.6122 -0.0054 -0.0037 0.7152 0.6989
1075.0000 48.2182 -14.1903 0.6128 -0.0070 -0.0028 0.7157 0.6984
1076.0000 48.2124 -13.9314 0.6081 -0.0088 -0.0016 0.7157 0.6983
1077.0000 48.1641 -13.6366 0.6064 -0.0093 -0.0019 0.7157 0.6983
1078.0000 48.1716 -13.3928 0.6119 -0.0083 -0.0039 0.7157 0.6983
1079.0000 48.2241 -13.1819 0.6280 -0.0082 -0.0069 0.7154 0.6986
1080.0000 48.2123 -12.9359 0.6312 -0.0088 -0.0079 0.7153 0.6987
1081.0000 48.1874 -12.6651 0.6234 -0.0078 -0.0060 0.7153 0.6988
1082.0000 48.2033 -12.4161 0.6290 -0.0064 -0.0039 0.7150 0.6991
1083.0000 48.2124 -12.1746 0.6290 -0.0056 -0.0030 0.7148 0.6993
1084.0000 48.1974 -11.9154 0.6236 -0.0056 -0.0037 0.7148 0.6993
1085.0000 48.1617 -11.6311 0.6133 -0.0043 -0.0050 0.7144 0.6997
1086.0000 48.1649 -11.3353 0.6236 -0.0036 -0.0070 0.7136 0.7005
1087.0000 48.1608 -11.0514 0.6299 -0.0042 -0.0074 0.7132 0.7009
1088.0000 48.1372 -10.7889 0.6341 -0.0061 -0.0060 0.7128 0.7013
1089.0000 48.1053 -10.5386 0.6327 -0.0072 -0.0043 0.7125 0.7016
1090.0000 48.1263 -10.3223 0.6325 -0.0062 -0.0038 0.7116 0.7025
1091.0000 48.1330 -10.1562 0.6433 -0.0047 -0.0051 0.7102 0.7040
1092.0000 48.1164 -9.9286 0.6445 -0.0047 -0.0071 0.7092 0.7050
1093.0000 48.1148 -9.6092 0.6401 -0.0054 -0.0079 0.7086 0.7055
1094.0000 48.1550 -9.3526 0.6449 -0.0056 -0.0076 0.7078 0.7063
1095.0000 48.1655 -9.0953 0.6560 -0.0046 -0.0066 0.7072 0.7070
1096.0000 48.1090 -8.8853 0.6552 -0.0037 -0.0053 0.7067 0.7075
1097.0000 48.0787 -8.6157 0.6527 -0.0029 -0.0043 0.7067 0.7075
1098.0000 48.1306 -8.3319 0.6520 -0.0032 -0.0046 0.7062 0.7080
1099.0000 48.1726 -8.0633 0.6550 -0.0039 -0.0058 0.7057 0.7084
1100.0000 48.1432 -7.8445 0.6631 -0.0044 -0.0069 0.7051 0.7090
1101.0000 48.1112 -7.6067 0.6716 -0.0048 -0.0073 0.7050 0.7092
1102.0000 48.1013 -7.3250 0.6709 -0.0049 -0.0062 0.7051 0.7090
1103.0000 48.1266 -7.0689 0.6674 -0.0050 -0.0047 0.7052 0.7090
1104.0000 48.1254 -6.8344 0.6681 -0.0052 -0.0043 0.7049 0.7093
1105.0000 48.1358 -6.5871 0.6761 -0.0052 -0.0041 0.7046 0.7096
1106.0000 48.1332 -6.3737 0.6740 -0.0044 -0.0033 0.7043 0.7099
1107.0000 48.1139 -6.1063 0.6772 -0.0040 -0.0039 0.7047 0.7095
1108.0000 48.1242 -5.8544 0.6763 -0.0044 -0.0054 0.7045 0.7097
1109.0000 48.1235 -5.6029 0.6713 -0.0050 -0.0063 0.7042 0.7100
1110.0000 48.1326 -5.3710 0.6777 -0.0049 -0.0061 0.7040 0.7101
1111.0000 48.1265 -5.0979 0.6970 -0.0046 -0.0051 0.7042 0.7100
1112.0000 48.1066 -4.8528 0.7008 -0.0048 -0.0043 0.7042 0.7099
1113.0000 48.1076 -4.6099 0.6952 -0.0055 -0.0049 0.7042 0.7100
1114.0000 48.1191 -4.4473 0.6871 -0.0057 -0.0059 0.7038 0.7103
1115.0000 48.1479 -4.2237 0.6900 -0.0049 -0.0055 0.7037 0.7105
1116.0000 48.1418 -3.9960 0.7002 -0.0033 -0.0044 0.7037 0.7105
1117.0000 48.1157 -3.7295 0.7005 -0.0022 -0.0036 0.7041 0.7101
1118.0000 48.0874 -3.4689 0.7024 -0.0036 -0.0048 0.7046 0.7096
1119.0000 48.1184 -3.3046 0.7035 -0.0057 -0.0072 0.7039 0.7102
1120.0000 48.1259 -3.0796 0.7098 -0.0070 -0.0088 0.7035 0.7106
1121.0000 48.1243 -2.8317 0.7117 -0.0070 -0.0079 0.7035 0.7106
1122.0000 48.1204 -2.6018 0.7111 -0.0054 -0.0049 0.7039 0.7102
1123.0000 48.1477 -2.4117 0.7168 -0.0037 -0.0029 0.7037 0.7104
1124.0000 48.1416 -2.1945 0.7192 -0.0040 -0.0037 0.7036 0.7106
1125.0000 48.1284 -1.9642 0.7178 -0.0055 -0.0060 0.7035 0.7106
1126.0000 48.1348 -1.7155 0.7080 -0.0063 -0.0075 0.7038 0.7104
1127.0000 48.1377 -1.4974 0.7099 -0.0056 -0.0067 0.7038 0.7103
1128.0000 48.1519 -1.3061 0.7251 -0.0043 -0.0046 0.7038 0.7104
1129.0000 48.1656 -1.0645 0.7376 -0.0040 -0.0037 0.7039 0.7103
1130.0000 48.1253 -0.8392 0.7337 -0.0049 -0.0049 0.7038 0.7104
1131.0000 48.1131 -0.5768 0.7225 -0.0061 -0.0067 0.7044 0.7098
1132.0000 48.1387 -0.3728 0.7194 -0.0060 -0.0071 0.7048 0.7094
1133.0000 48.1486 -0.1086 0.7306 -0.0045 -0.0058 0.7059 0.7083
1134.0000 48.1633 0.1388 0.7464 -0.0028 -0.0046 0.7069 0.7073
1135.0000 48.1238 0.3895 0.7439 -0.0026 -0.0044 0.7085 0.7057
1136.0000 48.0815 0.5856 0.7360 -0.0038 -0.0058 0.7106 0.7036
1137.0000 48.0686 0.7615 0.7372 -0.0041 -0.0074 0.7129 0.7012
1138.0000 48.0753 1.0123 0.7487 -0.0032 -0.0074 0.7164 0.6976
1139.0000 48.1202 1.2944 0.7645 -0.0022 -0.0056 0.7209 0.6930
1140.0000 48.0959 1.5466 0.7615 -0.0018 -0.0036 0.7262 0.6875
1141.0000 48.0385 1.7261 0.7580 -0.0022 -0.0034 0.7322 0.6811
1142.0000 47.9796 1.8902 0.7554 -0.0031 -0.0043 0.7388 0.6739
1143.0000 47.9417 2.1173 0.7567 -0.0034 -0.0051 0.7465 0.6654
1144.0000 47.9138 2.3569 0.7635 -0.0029 -0.0038 0.7552 0.6555
1145.0000 47.8338 2.6319 0.7681 -0.0020 -0.0014 0.7654 0.6435
1146.0000 47.6973 2.8561 0.7790 -0.0022 -0.0008 0.7764 0.6302
1147.0000 47.6076 2.9941 0.7745 -0.0030 -0.0022 0.7874 0.6164
1148.0000 47.5174 3.1602 0.7666 -0.0040 -0.0048 0.7995 0.6007
1149.0000 47.4421 3.3178 0.7594 -0.0041 -0.0060 0.8113 0.5846
1150.0000 47.3582 3.5518 0.7641 -0.0036 -0.0056 0.8229 0.5681
1151.0000 47.2609 3.7352 0.7710 -0.0028 -0.0046 0.8341 0.5516
1152.0000 47.1198 3.9005 0.7812 -0.0030 -0.0040 0.8453 0.5343
1153.0000 46.9575 4.0192 0.7846 -0.0039 -0.0045 0.8563 0.5165
1154.0000 46.8548 4.1728 0.7721 -0.0045 -0.0055 0.8663 0.4995
1155.0000 46.7108 4.3382 0.7543 -0.0044 -0.0059 0.8760 0.4823
1156.0000 46.5378 4.5420 0.7627 -0.0046 -0.0057 0.8856 0.4644
1157.0000 46.3781 4.6961 0.7820 -0.0053 -0.0054 0.8947 0.4466
1158.0000 46.2538 4.8103 0.7894 -0.0062 -0.0056 0.9028 0.4299
1159.0000 46.1248 4.9380 0.7811 -0.0070 -0.0059 0.9105 0.4135
1160.0000 45.9915 5.0447 0.7712 -0.0074 -0.0058 0.9175 0.3977
1161.0000 45.8615 5.1309 0.7690 -0.0072 -0.0053 0.9242 0.3818
1162.0000 45.7012 5.2321 0.7770 -0.0066 -0.0041 0.9308 0.3653
1163.0000 45.5305 5.3345 0.7857 -0.0063 -0.0030 0.9370 0.3492
1164.0000 45.3831 5.4195 0.7896 -0.0071 -0.0032 0.9423 0.3346
1165.0000 45.1726 5.5266 0.7681 -0.0081 -0.0041 0.9472 0.3206
1166.0000 45.0163 5.6091 0.7578 -0.0086 -0.0056 0.9514 0.3077
1167.0000 44.8040 5.7621 0.7698 -0.0082 -0.0067 0.9557 0.2943
1168.0000 44.6135 5.8293 0.7720 -0.0070 -0.0076 0.9595 0.2815
1169.0000 44.4568 5.8739 0.7676 -0.0068 -0.0082 0.9631 0.2690
1170.0000 44.2951 5.9310 0.7608 -0.0080 -0.0082 0.9662 0.2575
1171.0000 44.1085 6.0303 0.7656 -0.0091 -0.0075 0.9689 0.2472
1172.0000 43.9294 6.1282 0.7683 -0.0090 -0.0061 0.9715 0.2370
1173.0000 43.7531 6.2174 0.7770 -0.0092 -0.0055 0.9740 0.2262
1174.0000 43.6050 6.2821 0.7740 -0.0100 -0.0059 0.9763 0.2159
1175.0000 43.4067 6.3278 0.7569 -0.0112 -0.0064 0.9786 0.2054
1176.0000 43.2044 6.3818 0.7551 -0.0118 -0.0059 0.9807 0.1952
1177.0000 42.9905 6.4456 0.7628 -0.0118 -0.0046 0.9825 0.1860
1178.0000 42.7522 6.4874 0.7705 -0.0118 -0.0040 0.9840 0.1777
1179.0000 42.6010 6.5218 0.7709 -0.0123 -0.0053 0.9853 0.1704
1180.0000 42.3990 6.6174 0.7495 -0.0129 -0.0072 0.9867 0.1620
1181.0000 42.2514 6.6649 0.7305 -0.0125 -0.0084 0.9881 0.1531
1182.0000 42.0690 6.6842 0.7246 -0.0115 -0.0075 0.9895 0.1438
1183.0000 41.8608 6.7112 0.7516 -0.0117 -0.0059 0.9907 0.1353
1184.0000 41.6353 6.7452 0.7677 -0.0128 -0.0047 0.9917 0.1277
1185.0000 41.4027 6.7674 0.7460 -0.0129 -0.0050 0.9926 0.1203
1186.0000 41.1870 6.8291 0.7305 -0.0121 -0.0076 0.9936 0.1122
1187.0000 41.0286 6.8916 0.7023 -0.0116 -0.0088 0.9944 0.1047
1188.0000 40.8685 6.9167 0.6955 -0.0116 -0.0080 0.9951 0.0977
1189.0000 40.6477 6.9433 0.7213 -0.0125 -0.0072 0.9958 0.0909
1190.0000 40.4400 6.9360 0.7412 -0.0130 -0.0065 0.9964 0.0837
1191.0000 40.2300 6.9217 0.7317 -0.0122 -0.0062 0.9970 0.0768
1192.0000 39.9804 6.9995 0.7108 -0.0112 -0.0067 0.9975 0.0699
1193.0000 39.7342 7.0420 0.6976 -0.0116 -0.0076 0.9978 0.0645
1194.0000 39.5451 7.0288 0.6973 -0.0126 -0.0083 0.9981 0.0601
1195.0000 39.3990 6.9967 0.7087 -0.0124 -0.0082 0.9983 0.0557
1196.0000 39.2479 7.0272 0.7231 -0.0116 -0.0077 0.9986 0.0515
1197.0000 39.0344 7.0560 0.7215 -0.0111 -0.0072 0.9988 0.0472
1198.0000 38.7890 7.0707 0.7004 -0.0116 -0.0077 0.9989 0.0436
1199.0000 38.5193 7.0755 0.6900 -0.0120 -0.0093 0.9991 0.0408
1200.0000 38.3154 7.0983 0.6789 -0.0111 -0.0106 0.9992 0.0382
1201.0000 38.1773 7.1174 0.6652 -0.0097 -0.0103 0.9993 0.0356
1202.0000 38.0199 7.1258 0.6737 -0.0098 -0.0088 0.9994 0.0335
1203.0000 37.7584 7.1388 0.6886 -0.0119 -0.0068 0.9994 0.0310
1204.0000 37.4833 7.1346 0.6998 -0.0141 -0.0062 0.9995 0.0287
1205.0000 37.2317 7.1478 0.6848 -0.0143 -0.0066 0.9995 0.0268
1206.0000 37.0936 7.1576 0.6582 -0.0127 -0.0068 0.9996 0.0262
1207.0000 36.9587 7.1634 0.6393 -0.0113 -0.0052 0.9996 0.0258
1208.0000 36.7671 7.1376 0.6490 -0.0115 -0.0039 0.9996 0.0250
1209.0000 36.4768 7.1440 0.6820 -0.0133 -0.0045 0.9996 0.0229
1210.0000 36.2335 7.1537 0.6770 -0.0135 -0.0057 0.9997 0.0212
1211.0000 36.0791 7.1666 0.6476 -0.0115 -0.0060 0.9997 0.0208
1212.0000 35.9021 7.1800 0.6438 -0.0095 -0.0056 0.9997 0.0206
1213.0000 35.6946 7.1921 0.6555 -0.0094 -0.0052 0.9997 0.0202
1214.0000 35.4743 7.1982 0.6620 -0.0101 -0.0051 0.9997 0.0195
1215.0000 35.2389 7.2038 0.6596 -0.0098 -0.0052 0.9998 0.0180
1216.0000 35.0303 7.2084 0.6413 -0.0081 -0.0052 0.9998 0.0173
1217.0000 34.8161 7.2085 0.6289 -0.0067 -0.0052 0.9998 0.0168
1218.0000 34.6423 7.2273 0.6259 -0.0069 -0.0054 0.9998 0.0167
1219.0000 34.4818 7.2219 0.6322 -0.0082 -0.0053 0.9998 0.0169
1220.0000 34.2889 7.2335 0.6482 -0.0099 -0.0054 0.9998 0.0168
1221.0000 34.0647 7.2313 0.6427 -0.0103 -0.0062 0.9998 0.0160
1222.0000 33.7893 7.2376 0.6267 -0.0098 -0.0082 0.9998 0.0149
1223.0000 33.5583 7.2676 0.6051 -0.0095 -0.0094 0.9998 0.0140
1224.0000 33.3973 7.2556 0.5967 -0.0110 -0.0083 0.9998 0.0142
1225.0000 33.2263 7.2432 0.6211 -0.0127 -0.0061 0.9998 0.0144
1226.0000 33.0170 7.2488 0.6504 -0.0138 -0.0045 0.9998 0.0143
1227.0000 32.7569 7.2505 0.6440 -0.0138 -0.0045 0.9998 0.0132
1228.0000 32.5141 7.2500 0.6142 -0.0135 -0.0067 0.9998 0.0123
1229.0000 32.3476 7.2623 0.5910 -0.0134 -0.0089 0.9998 0.0126
1230.0000 32.1422 7.2622 0.5833 -0.0141 -0.0096 0.9998 0.0126
1231.0000 31.9310 7.2487 0.6037 -0.0149 -0.0091 0.9998 0.0123
1232.0000 31.7141 7.2512 0.6207 -0.0150 -0.0091 0.9998 0.0119
1233.0000 31.5002 7.2533 0.6132 -0.0142 -0.0104 0.9998 0.0115
1234.0000 31.3145 7.2574 0.5844 -0.0133 -0.0117 0.9998 0.0114
1235.0000 31.1111 7.2834 0.5666 -0.0130 -0.0115 0.9998 0.0110
1236.0000 30.8758 7.2951 0.5756 -0.0133 -0.0102 0.9998 0.0106
1237.0000 30.6560 7.2965 0.5971 -0.0137 -0.0097 0.9998 0.0101
1238.0000 30.4516 7.3010 0.5897 -0.0135 -0.0099 0.9998 0.0094
1239.0000 30.2604 7.2736 0.5583 -0.0128 -0.0102 0.9998 0.0088
1240.0000 30.0287 7.2796 0.5490 -0.0124 -0.0098 0.9998 0.0077
1241.0000 29.7928 7.2858 0.5520 -0.0112 -0.0086 0.9999 0.0065
1242.0000 29.5890 7.3161 0.5732 -0.0097 -0.0075 0.9999 0.0060
1243.0000 29.4457 7.3231 0.5717 -0.0095 -0.0076 0.9999 0.0066
1244.0000 29.2557 7.2973 0.5492 -0.0110 -0.0089 0.9999 0.0070
1245.0000 29.0090 7.2920 0.5360 -0.0128 -0.0112 0.9998 0.0058
1246.0000 28.7462 7.3130 0.5345 -0.0126 -0.0118 0.9998 0.0042
1247.0000 28.5224 7.3385 0.5450 -0.0115 -0.0103 0.9999 0.0030
1248.0000 28.3235 7.3190 0.5504 -0.0108 -0.0077 0.9999 0.0028
1249.0000 28.1441 7.2880 0.5537 -0.0111 -0.0070 0.9999 0.0032
1250.0000 27.9597 7.2834 0.5432 -0.0120 -0.0084 0.9999 0.0033
1251.0000 27.7277 7.3095 0.5197 -0.0126 -0.0103 0.9999 0.0023
1252.0000 27.4661 7.3288 0.5071 -0.0129 -0.0102 0.9999 0.0009
1253.0000 27.2456 7.3379 0.5150 -0.0138 -0.0085 0.9999 0.0003
1254.0000 27.0350 7.3370 0.5279 -0.0154 -0.0068 0.9999 -0.0002
1255.0000 26.8322 7.3429 0.5322 -0.0171 -0.0065 0.9998 -0.0009
1256.0000 26.6178 7.3272 0.5245 -0.0156 -0.0072 0.9999 -0.0019
1257.0000 26.4068 7.3164 0.5150 -0.0118 -0.0075 0.9999 -0.0020
1258.0000 26.2172 7.3156 0.4998 -0.0093 -0.0078 0.9999 -0.0019
1259.0000 26.0154 7.2981 0.4933 -0.0104 -0.0085 0.9999 -0.0024
1260.0000 25.8092 7.2755 0.5048 -0.0130 -0.0095 0.9999 -0.0032
1261.0000 25.5927 7.2832 0.5056 -0.0135 -0.0093 0.9999 -0.0040
1262.0000 25.3730 7.3062 0.5057 -0.0118 -0.0086 0.9999 -0.0047
1263.0000 25.1332 7.2979 0.5001 -0.0096 -0.0081 0.9999 -0.0051
1264.0000 24.9039 7.2860 0.4827 -0.0089 -0.0083 0.9999 -0.0057
1265.0000 24.7360 7.2884 0.4764 -0.0099 -0.0085 0.9999 -0.0065
1266.0000 24.5588 7.2766 0.4790 -0.0108 -0.0080 0.9999 -0.0072
1267.0000 24.3392 7.2653 0.4772 -0.0108 -0.0069 0.9999 -0.0072
1268.0000 24.0895 7.2636 0.4758 -0.0102 -0.0074 0.9999 -0.0073
1269.0000 23.8756 7.2703 0.4676 -0.0107 -0.0089 0.9999 -0.0076
1270.0000 23.6608 7.2615 0.4592 -0.0121 -0.0092 0.9998 -0.0083
1271.0000 23.4436 7.2353 0.4639 -0.0136 -0.0087 0.9998 -0.0083
1272.0000 23.2209 7.2367 0.4749 -0.0134 -0.0082 0.9998 -0.0079
1273.0000 23.0160 7.2368 0.4679 -0.0123 -0.0085 0.9999 -0.0079
1274.0000 22.8042 7.2383 0.4464 -0.0117 -0.0097 0.9999 -0.0078
1275.0000 22.5808 7.2394 0.4325 -0.0121 -0.0103 0.9998 -0.0078
1276.0000 22.3662 7.2237 0.4499 -0.0135 -0.0107 0.9998 -0.0079
1277.0000 22.1570 7.2020 0.4641 -0.0140 -0.0098 0.9998 -0.0080
1278.0000 21.9702 7.2142 0.4542 -0.0132 -0.0080 0.9999 -0.0076
1279.0000 21.7414 7.2462 0.4354 -0.0124 -0.0071 0.9999 -0.0074
1280.0000 21.5399 7.2375 0.4259 -0.0125 -0.0077 0.9999 -0.0070
1281.0000 21.3203 7.2172 0.4237 -0.0129 -0.0087 0.9999 -0.0066
1282.0000 21.0860 7.2091 0.4286 -0.0131 -0.0090 0.9999 -0.0067
1283.0000 20.8695 7.1974 0.4222 -0.0132 -0.0085 0.9999 -0.0070
1284.0000 20.6698 7.2060 0.4165 -0.0135 -0.0078 0.9999 -0.0070
1285.0000 20.4502 7.2083 0.4151 -0.0137 -0.0078 0.9999 -0.0067
1286.0000 20.2247 7.2010 0.4197 -0.0141 -0.0087 0.9998 -0.0066
1287.0000 20.0181 7.1741 0.4205 -0.0141 -0.0095 0.9998 -0.0061
1288.0000 19.7999 7.1698 0.4134 -0.0142 -0.0094 0.9998 -0.0056
1289.0000 19.5746 7.1937 0.4004 -0.0141 -0.0086 0.9998 -0.0053
1290.0000 19.3658 7.2030 0.3890 -0.0140 -0.0078 0.9999 -0.0050
1291.0000 19.1582 7.1939 0.3880 -0.0138 -0.0075 0.9999 -0.0047
1292.0000 18.9204 7.1887 0.3880 -0.0132 -0.0077 0.9999 -0.0042
1293.0000 18.7132 7.1728 0.3834 -0.0131 -0.0080 0.9999 -0.0040
1294.0000 18.5037 7.1628 0.3791 -0.0134 -0.0081 0.9999 -0.0034
1295.0000 18.3159 7.1769 0.3727 -0.0138 -0.0076 0.9999 -0.0027
1296.0000 18.0964 7.1750 0.3781 -0.0139 -0.0071 0.9999 -0.0021
1297.0000 17.8689 7.1952 0.3776 -0.0138 -0.0069 0.9999 -0.0016
1298.0000 17.6402 7.2150 0.3686 -0.0137 -0.0074 0.9999 -0.0008
1299.0000 17.4259 7.2022 0.3554 -0.0137 -0.0076 0.9999 -0.0009
1300.0000 17.2042 7.1958 0.3404 -0.0140 -0.0069 0.9999 -0.0010
1301.0000 16.9660 7.1911 0.3423 -0.0142 -0.0064 0.9999 -0.0013
1302.0000 16.7579 7.1825 0.3513 -0.0144 -0.0070 0.9999 -0.0011
1303.0000 16.5856 7.1604 0.3519 -0.0143 -0.0081 0.9999 -0.0006
1304.0000 16.3749 7.1538 0.3480 -0.0139 -0.0088 0.9999 -0.0004
1305.0000 16.1469 7.1641 0.3376 -0.0133 -0.0081 0.9999 -0.0003
1306.0000 15.9267 7.1752 0.3334 -0.0125 -0.0071 0.9999 0.0000
1307.0000 15.7082 7.1759 0.3229 -0.0120 -0.0068 0.9999 0.0004
1308.0000 15.4955 7.1679 0.3165 -0.0118 -0.0070 0.9999 0.0004
1309.0000 15.2983 7.1721 0.3157 -0.0119 -0.0076 0.9999 0.0003
1310.0000 15.1008 7.1752 0.3298 -0.0109 -0.0083 0.9999 0.0005
1311.0000 14.8854 7.1796 0.3215 -0.0101 -0.0079 0.9999 0.0006
1312.0000 14.6346 7.1714 0.3008 -0.0102 -0.0072 0.9999 0.0007
1313.0000 14.4366 7.1820 0.2956 -0.0103 -0.0069 0.9999 0.0012
1314.0000 14.2265 7.1867 0.3000 -0.0102 -0.0071 0.9999 0.0012
1315.0000 13.9980 7.1815 0.2979 -0.0100 -0.0070 0.9999 0.0014
1316.0000 13.7796 7.1710 0.2930 -0.0101 -0.0073 0.9999 0.0014
1317.0000 13.5485 7.1563 0.2929 -0.0109 -0.0080 0.9999 0.0013
1318.0000 13.3395 7.1602 0.2954 -0.0119 -0.0090 0.9999 0.0013
1319.0000 13.1248 7.1630 0.2945 -0.0120 -0.0094 0.9999 0.0016
1320.0000 12.9668 7.1695 0.3004 -0.0108 -0.0096 0.9999 0.0022
1321.0000 12.7427 7.1891 0.2783 -0.0101 -0.0088 0.9999 0.0021
1322.0000 12.5419 7.1910 0.2637 -0.0106 -0.0085 0.9999 0.0027
1323.0000 12.3249 7.2079 0.2855 -0.0116 -0.0092 0.9999 0.0029
1324.0000 12.1024 7.1991 0.3040 -0.0120 -0.0098 0.9999 0.0029
1325.0000 11.8920 7.2085 0.2799 -0.0118 -0.0094 0.9999 0.0029
1326.0000 11.6770 7.2122 0.2409 -0.0119 -0.0088 0.9999 0.0031
1327.0000 11.4696 7.1991 0.2454 -0.0126 -0.0086 0.9999 0.0037
1328.0000 11.2334 7.1992 0.2628 -0.0135 -0.0079 0.9999 0.0040
1329.0000 11.0321 7.1949 0.2686 -0.0134 -0.0072 0.9999 0.0051
1330.0000 10.8216 7.2046 0.2544 -0.0126 -0.0074 0.9999 0.0061
1331.0000 10.6015 7.2187 0.2358 -0.0121 -0.0089 0.9999 0.0068
1332.0000 10.3883 7.2442 0.2316 -0.0128 -0.0102 0.9998 0.0073
1333.0000 10.1887 7.2493 0.2427 -0.0140 -0.0100 0.9998 0.0081
1334.0000 9.9562 7.2139 0.2515 -0.0147 -0.0093 0.9998 0.0083
1335.0000 9.7504 7.1914 0.2511 -0.0144 -0.0093 0.9998 0.0092
1336.0000 9.5523 7.2005 0.2245 -0.0137 -0.0100 0.9998 0.0097
1337.0000 9.3645 7.2065 0.1934 -0.0137 -0.0110 0.9998 0.0106
1338.0000 9.1403 7.2399 0.1974 -0.0141 -0.0118 0.9998 0.0112
1339.0000 8.9214 7.2702 0.2292 -0.0148 -0.0117 0.9997 0.0125
1340.0000 8.7590 7.2618 0.2482 -0.0152 -0.0110 0.9997 0.0139
1341.0000 8.6131 7.2591 0.2197 -0.0150 -0.0096 0.9997 0.0149
1342.0000 8.4711 7.2537 0.1936 -0.0144 -0.0091 0.9997 0.0160
1343.0000 8.3198 7.2455 0.1922 -0.0142 -0.0097 0.9997 0.0168
1344.0000 8.1666 7.2667 0.2034 -0.0146 -0.0105 0.9997 0.0176
1345.0000 8.0065 7.2767 0.2143 -0.0150 -0.0104 0.9997 0.0180
1346.0000 7.8705 7.2752 0.2097 -0.0152 -0.0098 0.9997 0.0179
1347.0000 7.7530 7.2617 0.2011 -0.0150 -0.0093 0.9997 0.0181
1348.0000 7.6455 7.2764 0.1948 -0.0149 -0.0095 0.9997 0.0187
1349.0000 7.5340 7.2871 0.1943 -0.0149 -0.0098 0.9997 0.0188
1350.0000 7.4294 7.2975 0.1987 -0.0150 -0.0102 0.9997 0.0189
1351.0000 7.3331 7.2916 0.1926 -0.0152 -0.0100 0.9997 0.0188
1352.0000 7.2358 7.3027 0.1875 -0.0153 -0.0095 0.9997 0.0187
1353.0000 7.1354 7.3079 0.1869 -0.0154 -0.0094 0.9997 0.0185
1354.0000 7.0474 7.3166 0.1895 -0.0154 -0.0098 0.9997 0.0184
1355.0000 6.9887 7.3122 0.1928 -0.0154 -0.0103 0.9997 0.0184
1356.0000 6.9130 7.3181 0.1906 -0.0154 -0.0106 0.9997 0.0179
1357.0000 6.8278 7.3315 0.1848 -0.0156 -0.0105 0.9997 0.0172
1358.0000 6.7522 7.3389 0.1713 -0.0159 -0.0101 0.9997 0.0167
1359.0000 6.6802 7.3176 0.1638 -0.0159 -0.0099 0.9997 0.0165
1360.0000 6.6207 7.3033 0.1665 -0.0156 -0.0100 0.9997 0.0161
1361.0000 6.5452 7.3006 0.1705 -0.0154 -0.0104 0.9997 0.0155
1362.0000 6.4712 7.3202 0.1725 -0.0154 -0.0109 0.9997 0.0151
1363.0000 6.3968 7.3379 0.1788 -0.0154 -0.0114 0.9997 0.0148
1364.0000 6.3284 7.3400 0.1843 -0.0154 -0.0117 0.9997 0.0144
1365.0000 6.2499 7.3362 0.1720 -0.0153 -0.0116 0.9997 0.0140
1366.0000 6.1639 7.3151 0.1670 -0.0150 -0.0122 0.9997 0.0131
1367.0000 6.1023 7.3030 0.1610 -0.0149 -0.0124 0.9997 0.0128
1368.0000 6.0420 7.3187 0.1648 -0.0153 -0.0124 0.9997 0.0129
1369.0000 5.9698 7.3240 0.1742 -0.0155 -0.0123 0.9997 0.0126
1370.0000 5.8902 7.3215 0.1751 -0.0155 -0.0122 0.9997 0.0119
1371.0000 5.8087 7.3166 0.1652 -0.0152 -0.0120 0.9997 0.0112
1372.0000 5.7286 7.3378 0.1526 -0.0150 -0.0114 0.9998 0.0108
1373.0000 5.6589 7.3490 0.1570 -0.0152 -0.0108 0.9998 0.0102
1374.0000 5.5952 7.3366 0.1612 -0.0156 -0.0106 0.9998 0.0100
1375.0000 5.5487 7.3231 0.1644 -0.0158 -0.0110 0.9998 0.0094
1376.0000 5.5033 7.3233 0.1645 -0.0157 -0.0114 0.9998 0.0087
1377.0000 5.4366 7.3368 0.1527 -0.0155 -0.0113 0.9998 0.0080
1378.0000 5.3825 7.3500 0.1364 -0.0151 -0.0108 0.9998 0.0074
1379.0000 5.3323 7.3263 0.1269 -0.0151 -0.0104 0.9998 0.0072
1380.0000 5.2641 7.3442 0.1267 -0.0152 -0.0105 0.9998 0.0070
1381.0000 5.1865 7.3450 0.1322 -0.0150 -0.0109 0.9998 0.0069
1382.0000 5.1172 7.3485 0.1334 -0.0148 -0.0111 0.9998 0.0071
1383.0000 5.0390 7.3616 0.1252 -0.0146 -0.0112 0.9998 0.0076
1384.0000 4.9505 7.3465 0.1219 -0.0145 -0.0112 0.9998 0.0083
1385.0000 4.8508 7.3355 0.1176 -0.0142 -0.0111 0.9998 0.0098
1386.0000 4.7419 7.3340 0.1196 -0.0138 -0.0109 0.9998 0.0116
1387.0000 4.6400 7.3514 0.1155 -0.0137 -0.0108 0.9998 0.0136
1388.0000 4.5252 7.3629 0.1101 -0.0137 -0.0106 0.9997 0.0148
1389.0000 4.4158 7.3710 0.1156 -0.0138 -0.0104 0.9997 0.0162
1390.0000 4.3025 7.3888 0.1229 -0.0138 -0.0105 0.9997 0.0180
1391.0000 4.1734 7.3975 0.1211 -0.0137 -0.0103 0.9997 0.0197
1392.0000 4.0337 7.4159 0.1184 -0.0133 -0.0103 0.9996 0.0212
1393.0000 3.8986 7.4164 0.1054 -0.0131 -0.0101 0.9996 0.0226
1394.0000 3.7540 7.4042 0.1017 -0.0128 -0.0097 0.9996 0.0234
1395.0000 3.6198 7.4302 0.1084 -0.0116 -0.0089 0.9996 0.0241
1396.0000 3.4755 7.4524 0.1188 -0.0105 -0.0092 0.9996 0.0251
1397.0000 3.3279 7.4357 0.1110 -0.0109 -0.0120 0.9995 0.0254
1398.0000 3.1608 7.4305 0.0861 -0.0129 -0.0143 0.9995 0.0252
1399.0000 2.9843 7.4556 0.0787 -0.0145 -0.0137 0.9995 0.0253
1400.0000 2.8092 7.4753 0.0894 -0.0140 -0.0097 0.9995 0.0251
1401.0000 2.6218 7.4822 0.0928 -0.0128 -0.0060 0.9996 0.0243
1402.0000 2.4504 7.4791 0.0895 -0.0119 -0.0067 0.9996 0.0239
1403.0000 2.2932 7.4832 0.0702 -0.0117 -0.0102 0.9996 0.0239
1404.0000 2.1012 7.5123 0.0721 -0.0114 -0.0127 0.9996 0.0236
1405.0000 1.9112 7.5185 0.0906 -0.0108 -0.0122 0.9996 0.0230
1406.0000 1.7233 7.5149 0.0987 -0.0101 -0.0100 0.9996 0.0224
1407.0000 1.5432 7.5135 0.0822 -0.0089 -0.0084 0.9997 0.0214
1408.0000 1.3853 7.5078 0.0523 -0.0073 -0.0088 0.9997 0.0207
1409.0000 1.1898 7.5175 0.0527 -0.0064 -0.0108 0.9997 0.0198
1410.0000 0.9902 7.5428 0.0653 -0.0062 -0.0120 0.9997 0.0187
1411.0000 0.8026 7.5567 0.1048 -0.0068 -0.0126 0.9997 0.0176
1412.0000 0.6201 7.5708 0.1215 -0.0065 -0.0121 0.9998 0.0165
1413.0000 0.4121 7.5727 0.0793 -0.0033 -0.0103 0.9998 0.0146
1414.0000 0.2049 7.5757 0.0190 -0.0005 -0.0088 0.9999 0.0123
1415.0000 -0.0060 7.5613 -0.0113 -0.0011 -0.0074 0.9999 0.0107
1416.0000 -0.2274 7.5593 0.0281 -0.0038 -0.0076 0.9999 0.0093
1417.0000 -0.4386 7.5652 0.0743 -0.0069 -0.0088 0.9999 0.0072
1418.0000 -0.6537 7.5439 0.0882 -0.0080 -0.0102 0.9999 0.0044
1419.0000 -0.8987 7.5251 0.0447 -0.0079 -0.0104 0.9999 0.0017
1420.0000 -1.1526 7.5223 -0.0039 -0.0084 -0.0094 0.9999 -0.0008
1421.0000 -1.3893 7.5233 -0.0057 -0.0096 -0.0087 0.9999 -0.0032
1422.0000 -1.6147 7.5214 0.0323 -0.0106 -0.0089 0.9999 -0.0056
1423.0000 -1.8649 7.4921 0.0411 -0.0115 -0.0095 0.9999 -0.0082
1424.0000 -2.1190 7.4546 0.0158 -0.0121 -0.0097 0.9998 -0.0109
1425.0000 -2.3922 7.4471 -0.0040 -0.0126 -0.0094 0.9998 -0.0143
1426.0000 -2.6494 7.4823 0.0068 -0.0133 -0.0089 0.9997 -0.0177
1427.0000 -2.9052 7.4767 0.0458 -0.0133 -0.0087 0.9997 -0.0204
1428.0000 -3.1703 7.4532 0.0526 -0.0127 -0.0089 0.9996 -0.0232
1429.0000 -3.4435 7.4048 0.0122 -0.0123 -0.0090 0.9995 -0.0261
1430.0000 -3.7306 7.3624 -0.0241 -0.0124 -0.0090 0.9995 -0.0291
