0.016332
0.062796
0.069438
0.067447
0.068509
0.070837
0.067562
0.070438
0.070746
0.067085
0.064216
0.06897
0.071116
0.065484
0.070421
0.071316
0.069752
0.070771
0.067547
0.069545
0.068483
0.063446
0.069021
0.066091
0.070144
0.071044
0.067513
0.070641
0.070111
0.063047
0.07307
0.072341
0.070063
0.071837
0.065378
0.066766
0.065503
0.069107
0.068206
0.067673
0.068971
0.071313
0.071585
0.068127
0.068354
0.068994
0.068509
0.068093
0.07171
0.070285
0.069348
0.073026
0.064856
0.06925
0.064478
0.065514
0.064968
0.064064
0.063955
0.063928
0.05964
0.064303
0.06004
0.057503
0.061541
0.058146
0.05613
0.055476
0.048951
0.051638
0.052166
0.049901
0.05285
0.055646
0.052451
0.058615
0.055933
0.053863
0.054105
0.057747
0.055924
0.056344
0.059847
0.058616
0.057303
0.05736
0.055818
0.060196
0.058679
0.063858
0.057301
0.057902
0.061471
0.061529
0.061438
0.062959
0.061736
0.067929
0.068305
0.068229
0.072302
0.06703
0.07866
0.07697
0.073472
0.074783
0.073185
0.076543
0.070068
0.076717
0.075428
0.074717
0.076627
0.075007
0.072688
0.074972
0.073829
0.071953
0.068995
0.073454
0.069673
0.071401
0.066667
0.066176
0.069713
0.068019
0.070937
0.072601
0.072502
0.070052
0.071888
0.070387
0.070237
0.069795
0.066677
0.069155
0.068445
0.069715
0.07243
0.073868
0.072925
0.072998
0.074759
0.069862
0.070489
0.069546
0.07152
0.072531
0.073461
0.073621
0.073276
0.072977
0.074665
0.071702
0.074577
0.074587
0.074479
0.078354
0.078567
0.07885
0.077894
0.076895
0.076658
0.075375
0.07601
0.078582
0.082354
0.082573
0.083896
0.080023
0.080584
0.078044
0.079556
0.079489
0.082231
0.080435
0.0861
0.079911
0.083336
0.081847
0.089616
0.086189
0.086723
0.084741
0.085037
0.080264
0.082499
0.082967
0.087064
0.082136
0.087629
0.087397
0.090741
0.0853
0.08603
0.091453
0.08817
0.086809
0.089337
0.086287
0.083504
0.088929
0.088658
0.08943
0.090006
0.084879
0.090969
0.088899
0.087019
0.090673
0.084107
0.087998
0.088505
0.090932
0.093267
0.091634
0.095007
0.093554
0.092639
0.088995
0.091204
0.087401
0.08918
0.09022
0.092943
0.090646
0.093811
0.095968
0.094309
0.09593
0.096644
0.096615
0.091674
0.093447
0.087764
0.088663
0.091703
0.090058
0.087288
0.089191
0.095593
0.094274
0.094769
0.093928
0.092337
0.086587
0.092918
0.089052
0.090039
0.087599
0.083741
0.08495
0.08656
0.09163
0.089725
0.089198
0.090697
0.083371
0.089728
0.086311
0.085093
0.085792
0.082457
0.082226
0.082555
0.079793
0.079019
0.078782
0.081781
0.083126
0.08538
0.082961
0.084662
0.084001
0.08416
0.083333
0.084033
0.078812
0.079991
0.080652
0.07343
0.080499
0.076851
0.077164
0.083433
0.084069
0.087293
0.090205
0.084911
0.086751
0.077559
0.085463
0.081764
0.075706
0.076317
0.074161
0.077771
0.071076
0.08194
0.081891
0.083731
0.07765
0.080375
0.080011
0.080979
0.082967
0.078143
0.078395
0.077959
0.078146
0.071472
0.082655
0.079593
0.083338
0.079554
0.078056
0.078278
0.077544
0.075614
0.072776
0.076982
0.074712
0.075171
0.077181
0.077086
0.078735
0.072947
0.076932
0.0762
0.072919
0.075075
0.075921
0.072397
0.070616
0.077315
0.078043
0.071441
0.079678
0.07619
0.073703
0.074043
0.072768
0.07676
0.072298
0.074559
0.07735
0.076113
0.077732
0.075985
0.07574
0.072984
0.078774
0.0717
0.073099
0.079548
0.080144
0.075738
0.080738
0.081104
0.080219
0.07873
0.078538
0.076449
0.075786
0.07667
0.083384
0.082308
0.082752
0.079533
0.082204
0.084315
0.075647
0.082155
0.081609
0.078779
0.081373
0.082391
0.083816
0.078993
0.081543
0.083489
0.080104
0.079296
0.077845
0.080524
0.07999
0.080607
0.081392
0.087713
0.087554
0.086141
0.086405
0.086994
0.085753
0.079308
0.085516
0.078489
0.080215
0.077827
0.078737
0.078962
0.080668
0.083843
0.079913
0.078749
0.083564
0.07754
0.081997
0.080916
0.080443
0.08389
0.084748
0.083315
0.085732
0.08573
0.084549
0.08224
0.082357
0.082745
0.082015
0.083492
0.084956
0.085615
0.085752
0.082042
0.078964
0.08336
0.081391
0.081678
0.079672
0.077613
0.079061
0.078348
0.080757
0.078972
0.077569
0.077108
0.078232
0.075805
0.077786
0.076119
0.07733
0.081176
0.078212
0.08075
0.08126
0.079889
0.080097
0.080519
0.075138
0.078243
0.077523
0.079187
0.085826
0.083286
0.07963
0.083552
0.080576
0.078902
0.080178
0.076275
0.080664
0.079634
0.083302
0.078854
0.079399
0.078189
0.076869
0.077343
0.076049
0.075672
0.077442
0.075278
0.077817
0.078604
0.079959
0.074868
0.077761
0.075773
0.075062
0.0759
0.076073
0.074352
0.070831
0.069158
0.07601
0.076555
0.072282
0.077142
0.07428
0.074117
0.073651
0.074926
0.069191
0.06911
0.071388
0.064188
0.068951
0.066623
0.063544
0.067439
0.061096
0.069414
0.062681
0.067746
0.061054
0.061996
0.060285
0.061394
0.059674
0.061984
0.057783
0.055643
0.055367
0.06027
0.057332
0.056334
0.060983
0.057704
0.057913
0.05528
0.058054
0.054957
0.054122
0.055389
0.053641
0.05426
0.054255
0.052226
0.060925
0.057634
0.055386
0.056791
0.058224
0.055891
0.057211
0.057268
0.060465
0.058422
0.06351
0.059535
0.061499
0.061587
0.059185
0.060892
0.063719
0.064402
0.061463
0.064169
0.065776
0.063662
0.059886
0.0595
0.060413
0.065467
0.061836
0.0609
0.066098
0.063263
0.0648
0.063413
0.064064
0.059073
0.060592
0.05726
0.061129
0.058817
0.063115
0.061457
0.060325
0.0644
0.071637
0.067652
0.064149
0.070395
0.072574
0.065183
0.067342
0.065906
0.071708
0.066033
0.068499
0.072435
0.074464
0.074014
0.076772
0.07595
0.076082
0.073992
0.074092
0.075262
0.072732
0.075366
0.074474
0.071004
0.072625
0.072032
0.070893
0.071117
0.071991
0.068005
0.068305
0.07332
0.073448
0.075596
0.073904
0.076206
0.072231
0.071218
0.075895
0.069983
0.069518
0.07283
0.068529
0.070461
0.074183
0.06952
0.065607
0.064576
0.06322
0.063328
0.066438
0.064346
0.059698
0.060748
0.059187
0.057558
0.056732
0.060313
0.058262
0.05775
0.064024
0.064378
0.064884
0.067017
0.061779
0.066328
0.063795
0.0638
0.062819
0.064157
0.06231
0.0615
0.0634
0.061837
0.062513
0.063537
0.062076
0.061112
0.057028
0.061443
0.057308
0.058814
0.056836
0.057978
0.057115
0.067774
0.067253
0.066233
0.064884
0.064912
0.062832
0.0675
0.061914
0.065453
0.066506
0.061627
0.063579
0.063689
0.064924
0.063541
0.063058
0.06279
0.059913
0.062037
0.062343
0.061413
0.060693
0.062397
0.062473
0.064504
0.066021
0.066082
0.06487
0.063971
0.065356
0.064942
0.061164
0.060218
0.061139
0.058541
0.055642
0.058741
0.058881
0.062346
0.06117
0.055707
0.059367
0.058068
0.057293
0.057525
0.059038
0.05434
0.05637
0.057505
0.057148
0.057089
0.057063
0.056841
0.057758
0.057182
0.057821
0.055295
0.054645
0.054199
0.053755
0.053833
0.057495
0.052553
0.056384
0.052297
0.05688
0.052053
0.054917
0.053376
0.054239
0.049684
0.051501
0.050802
0.055393
0.054032
0.053009
0.05336
0.051942
0.050762
0.047831
0.052223
0.050769
0.052765
0.053363
0.052953
0.051185
0.052778
0.052114
0.050923
0.054044
0.052414
0.048519
0.055972
0.054204
0.052214
0.054392
0.051502
0.051199
0.052039
0.049319
0.050566
0.049494
0.051055
0.056815
0.053572
0.052377
0.053743
0.052321
0.054609
0.052179
0.049258
0.051578
0.052314
0.050568
0.049209
0.050011
0.050466
0.048387
0.047004
0.047559
0.048646
0.044539
0.048445
0.04581
0.0473
0.046762
0.04696
0.047331
0.048358
0.044746
0.048402
0.045267
0.047325
0.045528
0.046362
0.048184
0.047588
0.044514
0.046823
0.049809
0.04662
0.049179
0.046909
0.047397
0.048813
0.050854
0.047846
0.048737
0.045144
0.046325
0.047758
0.04883
0.044312
0.045343
0.046981
0.045997
0.046275
0.045279
0.046733
0.044866
0.043208
0.044824
0.045998
0.044418
0.047433
0.044402
0.0472
0.043953
0.044555
0.045905
0.045303
0.045952
0.046261
0.047307
0.047
0.046619
0.042454
0.044945
0.048758
0.048564
0.045673
0.043438
0.04559
0.045279
0.051613
0.048501
0.043641
0.043998
0.041206
0.044882
0.04775
0.047175
0.047564
0.04628
0.047767
0.044745
0.047228
0.047991
0.048281
0.046952
0.046267
0.045468
0.04249
0.043117
0.040405
0.041813
0.037862
0.037335
0.03725
0.036105
0.032363
0.033765
0.033034
0.03277
0.033541
0.032417
0.034748
0.032857
0.03279
0.034652
0.033393
0.033946
0.036052
0.031306
0.031712
0.031491
0.030849
0.032298
0.034957
0.03412
0.032049
0.032577
0.033649
0.031084
0.0322
0.031431
0.032428
0.031123
0.031664
0.033389
0.033596
0.03303
0.033854
0.035242
0.035015
0.035389
0.035247
0.036784
0.04006
0.040438
0.038822
0.041995
0.039021
0.044475
0.04662
0.046416
0.046012
0.046307
0.047253
0.048587
0.045833
0.05043
0.049245
0.047999
0.050126
0.052498
0.0514
0.051199
0.051919
0.048659
0.050631
0.049627
0.051209
0.047449
0.049797
0.052674
0.050371
0.048354
0.048311
0.054123
0.052766
0.051593
0.052948
0.053366
0.052518
0.048821
0.050766
0.050442
0.050576
0.051279
0.05152
0.048764
0.048086
0.047299
0.049413
0.046924
0.046304
0.047718
0.045954
0.045831
0.046741
0.045903
0.044607
0.04516
0.045112
0.045557
0.046599
0.04289
0.043726
0.04568
0.044079
0.044493
0.04214
0.045142
0.04823
0.046272
0.048495
0.045721
0.044792
0.042247
0.042626
0.040062
0.041515
0.040563
0.041987
0.039502
0.041124
0.040003
0.040211
0.040846
0.041597
0.039735
0.03693
0.0396
0.040536
0.040312
0.038654
0.041718
0.039974
0.040287
0.040388
0.039846
0.039108
0.037932
0.038513
0.037419
0.040171
0.040565
0.040155
0.040045
0.040753
0.043568
0.041983
0.041662
0.040423
0.041201
0.040602
0.037719
0.041529
0.040091
0.042662
0.041991
0.041708
0.04396
0.043211
0.049813
0.045475
0.046427
0.044139
0.044314
0.046025
0.043419
0.043576
0.047869
0.047564
0.046875
0.04868
0.049392
0.049197
0.051682
0.050828
0.050285
0.052767
0.05091
0.057733
0.053633
0.054252
0.048896
0.052158
0.04863
0.053326
0.052733
0.054002
0.056074
0.057841
0.055082
0.054195
0.05526
0.055232
0.053519
0.051112
0.05241
0.050328
0.051663
0.050588
0.050781
0.050605
0.049321
0.051229
0.054621
0.053011
0.051512
0.052098
0.054701
0.050878
0.051649
0.051592
0.050677
0.05165
0.052003
0.051208
0.051903
0.054954
0.053234
0.055306
0.052555
0.049983
0.051566
0.053499
0.050982
0.052049
0.052911
0.054534
0.054126
0.061167
0.056838
0.055336
0.054246
0.056231
0.05713
0.05665
0.054334
0.056197
0.05262
0.054788
0.05377
0.054806
0.051012
0.05237
0.053
0.055632
0.056301
0.055411
0.057366
0.058304
0.060885
0.057685
0.056273
0.057043
0.056191
0.055338
0.052687
0.054021
0.053927
0.053639
0.053264
0.053346
0.053252
0.053347
0.051967
0.053885
0.054661
0.05453
0.056236
0.055992
0.0549
0.054856
0.05998
0.059886
0.057205
0.056443
0.056271
0.056908
0.055574
0.055956
0.055677
0.061565
0.055145
0.058338
0.054312
0.058352
0.057059
0.055945
0.055905
0.054818
0.057133
0.055785
0.060248
0.059167
0.056888
0.057792
0.061142
0.059656
0.059154
0.059502
0.058756
0.058587
0.058396
0.060233
0.056685
0.059004
0.058555
0.056311
0.061203
0.059288
0.060581
0.057382
0.0587
0.058875
0.058837
0.0545
0.056707
0.056514
0.057179
0.054786
0.054827
0.052217
0.055532
0.057277
0.063134
0.060643
0.062464
0.063515
0.063953
0.062601
0.057785
0.063172
0.057964
0.060675
0.05617
0.061575
0.058623
0.061483
0.061424
0.058215
0.05384
0.054635
0.052795
0.053018
0.053809
0.052911
0.056372
0.052993
0.051833
0.058555
0.056203
0.053256
0.058303
0.053319
0.058023
0.051913
0.057243
0.054968
0.055419
0.054755
0.061386
0.059893
0.05981
0.057559
0.057335
0.058002
0.058293
0.058105
0.057154
0.055492
0.055408
0.053202
0.054796
0.054988
0.053548
0.054135
0.051268
0.058885
0.055008
0.052632
0.049796
0.053025
0.054151
0.051273
0.050278
0.053031
0.05014
0.053175
0.05053
0.049156
0.050572
0.049438
0.050478
0.048673
0.053717
0.04932
0.052921
0.049908
0.050199
0.053936
0.051585
0.051885
0.050984
0.05187
0.048918
0.051273
0.046668
0.051273
0.048854
0.048526
0.050757
0.049529
0.048771
0.047984
0.048366
0.049396
0.047928
0.048686
0.046521
0.046166
0.048906
0.045086
0.048141
0.046047
0.048262
0.050731
0.050653
0.048421
0.051875
0.052985
0.051861
0.05024
0.052858
0.050407
0.05406
0.050552
0.054432
0.049216
0.054638
0.053627
0.051331
0.050987
0.053474
0.051835
0.054367
0.056737
0.053383
0.053586
0.053343
0.055313
0.056375
0.053396
0.057604
0.057298
0.06255
0.060187
0.060007
0.059414
0.057315
0.05848
0.062126
0.060253
0.061589
0.060191
0.061461
0.062449
0.062889
0.059112
0.061013
0.061172
0.065727
0.064404
0.065578
0.063032
0.062635
0.058834
0.062189
0.061518
0.059995
0.056968
0.059134
0.059813
0.057745
0.056841
0.057247
0.061418
0.055848
0.06133
0.056771
0.05622
0.059379
0.054736
0.058819
0.058805
0.059529
0.058297
0.060643
0.054424
0.054259
0.056055
0.057954
0.057039
0.060728
0.05709
0.055964
0.057753
0.056461
0.053756
0.054635
0.055756
0.056853
0.05478
0.058227
0.059956
0.059448
0.060744
0.059571
0.060473
0.056514
0.059698
0.061058
0.058914
0.055322
0.054123
0.0595
0.054435
0.055736
0.058956
0.059618
0.058012
0.058382
0.056332
0.06267
0.061913
0.064372
0.063455
0.059564
0.063726
0.062915
0.061792
0.064532
0.062666
0.063438
0.061933
0.063213
0.060705
0.063128
0.062423
0.062388
0.062133
0.063992
0.059063
0.061073
0.059082
0.056244
0.06437
0.064448
0.062879
0.062791
0.063526
0.061129
0.062564
0.061896
0.062913
0.060835
0.061827
0.062265
0.062963
0.060794
0.059504
0.062701
0.063808
0.057234
0.061841
0.062803
0.060962
0.063261
0.058312
0.059224
0.06015
0.06131
0.060503
0.061137
0.056478
0.059986
0.054668
0.056921
0.057891
0.058815
0.059931
0.061603
0.061761
0.06212
0.057679
0.062501
0.063099
0.067189
0.065443
0.065187
0.064696
0.064566
0.059807
0.062706
0.06253
0.059431
0.057437
0.057158
0.063826
0.061136
0.058241
0.05795
0.06326
0.059538
0.058989
0.058507
0.064517
0.059078
0.058562
0.057879
0.060003
0.055073
0.058471
0.056349
0.058711
0.059028
0.059061
0.058243
0.058505
0.055926
0.058437
0.057102
0.056781
0.058121
0.059381
0.058312
0.057482
0.054826
0.055293
0.055287
0.057076
0.05422
0.054317
0.058954
0.059649
0.054705
0.055208
0.05261
0.054567
0.055915
0.053558
0.055514
0.051706
0.057863
0.055573
0.054793
0.054307
0.053454
0.055714
0.056591
0.055998
0.056764
0.056135
0.054163
0.052639
0.057254
0.056516
0.057096
0.051664
0.052297
0.056851
0.054761
0.054674
0.057808
0.057848
0.056162
0.055561
0.058348
0.052962
0.053087
0.056867
0.055309
0.052562
0.056549
0.055396
0.05633
0.056056
0.055871
0.056271
0.052819
0.056486
0.055074
0.054112
0.053244
0.053255
0.053755
0.054623
0.053244
0.05423
0.055593
0.052112
0.054958
0.054205
0.055912
0.056292
0.053466
0.055493
0.054071
0.054823
0.052454
0.054864
0.054655
0.056244
0.053301
0.055463
0.057007
0.054112
0.053978
0.054916
0.05372
0.052272
0.054776
0.055225
0.05674
0.055268
0.05387
0.054405
0.051065
0.053705
0.05318
0.05187
0.054683
0.055946
0.055125
0.05424
0.057158
0.05097
0.058494
0.054094
0.054217
0.055957
0.054869
0.054593
0.055739
0.052498
0.055802
0.055633
0.053668
0.056049
0.056166
0.054522
0.056124
0.054743
0.055235
0.055038
0.056915
0.056134
0.055227
0.054239
0.056488
0.053288
0.052776
0.052616
0.055128
0.055763
0.054429
0.055004
0.054528
0.053083
0.052323
0.054849
0.055726
0.053527
0.055428
0.05434
0.055381
0.054178
0.05756
0.055147
0.055204
0.051327
0.054004
0.054001
0.054645
0.054158
0.054626
0.055226
0.056485
0.055983
0.053843
0.05505
0.052138
0.055893
0.057495
0.054873
0.052244
0.056283
0.057069
0.055152
0.056824
0.052266
0.054256
0.054668
0.054915
0.056027
0.058714
0.057767
0.052899
0.05531
0.057694
0.058754
0.05657
0.056387
0.052961
0.05891
0.053695
0.056355
0.053737
0.056763
0.055877
0.05692
0.05843
0.053397
0.055641
0.054802
0.056453
0.053578
0.056615
0.058311
0.052513
0.05721
0.056154
0.055388
0.058221
0.056472
0.056269
0.054738
0.050956
0.055096
0.056909
0.054548
0.06075
0.058448
0.054595
0.05891
0.055046
0.054409
0.055412
0.057066
0.057969
0.056927
0.05678
0.056784
0.057391
0.055068
0.055958
0.057305
0.056767
0.058063
0.054182
0.054826
0.054371
0.055885
0.054855
0.056247
0.056451
0.054152
0.054891
0.058573
0.054882
0.061545
0.054886
0.054014
0.052217
0.054069
0.056015
0.057412
0.054233
0.057251
0.054638
0.055341
0.054379
0.055421
0.055158
0.055349
0.053911
0.055277
0.055789
0.053145
0.05503
0.058264
0.057126
0.052915
0.056349
0.054888
0.055419
0.056171
0.056301
0.056423
0.05449
0.053711
0.056315
0.058029
0.056856
0.054623
0.056939
0.057505
0.053373
0.055193
0.056603
0.058483
0.057383
0.057601
0.053604
0.058609
0.057018
0.055033
0.056256
0.054646
0.05608
0.056094
0.058422
0.058069
0.056021
0.060936
0.059148
0.057919
0.056856
0.058228
0.060321
0.059204
0.060687
0.060723
0.060525
0.056987
0.061123
0.055356
0.058759
0.06163
0.056819
0.05596
0.059096
0.060178
0.059143
0.059231
0.059762
0.058967
0.055822
0.061025
0.05971
0.06151
0.060126
0.061613
0.058206
0.060638
0.060226
0.061543
0.060255
0.062359
0.062229
0.062433
0.061368
0.061678
0.058277
0.058546
0.06363
0.063664
0.060115
0.059651
0.058724
0.05706
0.057287
0.059283
0.059693
0.060202
0.061669
0.061774
0.057517
0.057266
0.061682
0.056686
0.063663
0.058986
0.061588
0.060557
0.058494
0.062161
0.062996
0.062037
0.061505
0.06276
0.061337
0.057828
0.062084
0.061128
0.061815
0.062198
0.057688
0.062819
0.062707
0.063212
0.058817
0.059713
0.062947
0.063925
0.060431
0.063931
0.065624
0.064711
0.060755
0.063665
0.062481
0.064117
0.061627
0.065355
0.065634
0.061851
0.0656
0.064989
0.062282
0.066778
0.065894
0.066649
0.066875
0.068012
0.067869
0.067809
0.066902
0.065936
0.066384
0.065572
0.061601
0.061739
0.06367
0.062801
0.064291
0.064573
0.062102
0.060739
0.060789
0.065691
0.064288
0.064652
0.066668
0.065664
0.066818
0.064799
0.067246
0.065969
0.066298
0.064397
0.062795
0.065643
0.066602
0.063521
0.067361
0.065724
0.062383
0.068351
0.06141
0.062542
0.062198
0.064737
0.061522
0.067419
0.063622
0.062795
0.064692
0.064182
0.064615
0.06485
0.067488
0.067794
0.066863
0.067683
0.066667
0.067751
0.064396
0.065026
0.067994
0.063541
0.063549
0.06668
0.062126
0.062934
0.065446
0.065753
0.066926
0.06448
0.06823
0.063778
0.066627
0.060369
0.065435
0.059461
0.058249
0.062462
0.05893
0.059405
0.063924
0.0658
0.059696
0.066168
0.067537
0.06779
0.064625
0.061724
0.060255
0.057497
0.059135
0.058751
0.055878
0.057542
0.058924
0.06052
0.055874
0.057614
0.05848
0.05996
0.060808
0.05665
0.055522
0.05643
0.053514
0.061595
0.057472
0.060425
0.06897
0.060911
0.059916
0.057437
0.055948
0.056706
0.057284
0.054023
0.057733
0.059876
0.06167
0.06302
0.064396
0.060741
0.061759
0.064587
0.063115
0.061685
0.062728
0.059917
0.061216
0.060066
0.05378
0.056558
0.05718
0.058159
0.056864
0.057159
0.054871
0.05802
0.052656
0.055805
0.056359
0.056216
0.055644
0.052607
0.051908
0.051491
0.048689
0.048516
0.04961
0.04812
0.046374
0.048753
0.047506
0.045735
0.047541
0.047256
0.050127
0.047279
0.04482
0.045789
0.050527
0.048772
0.048338
0.043793
0.048752
0.047553
0.047818
0.045871
0.04498
0.049922
0.05049
0.05264
0.04959
0.049019
0.05245
0.053681
0.050893
0.05451
0.055153
0.050906
0.054002
0.053684
0.0535
0.05159
0.054596
0.05093
0.055947
0.055448
0.053549
0.052323
0.053984
0.052884
0.053805
0.053419
0.055411
0.053634
0.054795
0.056359
0.059169
0.059998
0.059227
0.059504
0.057302
0.057529
0.056474
0.057655
0.054014
0.053822
0.055532
0.053607
0.053538
0.054263
0.055849
0.055684
0.05699
0.056844
0.055884
0.05741
0.059363
0.05523
0.059321
0.058109
0.055919
0.05597
0.060817
0.062085
0.063054
0.0602
0.065378
0.062879
0.06188
0.06278
0.061214
0.058317
0.058858
0.059152
0.059701
0.056845
0.058723
0.058794
0.062313
0.059661
0.060459
0.056429
0.06076
0.058163
0.058314
0.059957
0.057134
0.058954
0.061443
0.062499
0.060941
0.062516
0.065654
0.067151
0.066855
0.067496
0.065699
0.066314
0.065785
0.061431
0.063369
0.069265
0.077006
0.066969
0.068544
0.068175
0.066451
0.067263
0.067384
0.066071
0.066569
0.069241
0.06821
0.069132
0.069774
0.069578
0.069736
0.066828
0.065307
0.064243
0.064911
0.064378
0.064417
0.064866
0.061007
0.064649
0.063499
0.065137
0.065976
0.061428
0.064453
0.065747
0.069898
0.065418
0.066738
0.065344
0.064104
0.066421
0.068079
0.064181
0.063675
0.068401
0.072073
0.069373
0.071622
0.067399
0.070457
0.071013
0.070919
0.07295
0.074191
0.073301
0.070061
0.072817
0.083409
0.075855
0.073917
0.07462
0.073648
0.069798
0.069355
0.068499
0.07209
0.07057
0.067526
0.068503
0.068572
0.065729
0.067656
0.065839
0.06937
0.065737
0.066133
0.063749
0.068411
0.0664
0.066545
0.063643
0.065312
0.062455
0.062158
0.060995
0.063621
0.060769
0.057371
0.058026
0.059094
0.061067
0.057623
0.058475
0.060632
0.060488
0.059269
0.057831
0.060541
0.059393
0.058443
0.058684
0.057982
0.057237
0.060492
0.060938
0.060698
0.062128
0.059362
0.062302
0.060216
0.059367
0.060441
0.056093
0.06104
0.0641
0.063225
0.064511
0.06376
0.062677
0.064319
0.069569
0.066149
0.061589
0.065139
0.06427
0.065708
0.06153
0.063268
0.065619
0.065465
0.065142
0.060344
0.062832
0.065257
0.066026
0.063926
0.063427
0.06387
0.060893
0.058062
0.060393
0.060998
0.061397
0.055885
0.058674
0.056516
0.059047
0.057756
0.06329
0.062738
0.064601
0.062165
0.067988
0.06229
0.066245
0.062938
0.066124
0.061909
0.062147
0.066679
0.063838
0.065827
0.063721
0.067658
0.065049
0.063837
0.063935
0.065195
0.065467
0.064866
0.06391
0.067557
0.067015
0.064838
0.070057
0.069647
0.068985
0.069362
0.065556
0.076907
0.073384
0.073913
0.076615
0.068966
0.068664
0.072675
0.070205
0.069349
0.068351
0.071553
0.066316
0.066919
0.073062
0.070075
0.070962
0.074221
0.073856
0.071984
0.072166
0.072806
0.07424
0.072509
0.073861
0.076376
0.073396
0.074561
0.07507
0.076171
0.074526
0.083621
0.081397
0.081447
0.080433
0.081158
0.083389
0.081601
0.079382
0.079081
0.07832
0.07582
0.077451
0.081921
0.077784
0.081327
0.084079
0.085172
0.07954
0.082041
0.080445
0.079136
0.077433
0.079217
0.079288
0.079404
0.081545
0.076796
0.077597
0.092447
0.08518
0.085135
0.086773
0.082998
0.08286
0.082726
0.075656
0.079689
0.081143
0.081238
0.078431
0.082353
0.092167
0.085337
0.08153
0.080193
0.083133
0.078135
0.07851
0.075489
0.079704
0.081241
0.079013
0.076568
0.081319
0.082914
0.086027
0.085246
0.093614
0.084982
0.093645
0.086294
0.083934
0.085134
0.086136
0.08628
0.084776
0.086198
0.084419
0.081522
0.085661
0.09025
0.085824
0.082525
0.082577
0.080783
0.078829
0.082412
0.078295
0.076416
0.078058
0.07933
0.075649
0.080469
0.079363
0.078778
0.083818
0.080005
0.077392
0.082052
0.079998
0.081841
0.083679
0.078116
0.080544
0.079798
0.083515
0.080656
0.082025
0.083393
0.081461
0.077531
0.076208
0.076497
0.077283
0.075469
0.075972
0.075493
0.07256
0.074879
0.074222
0.080134
0.079312
0.077215
0.078613
0.076799
0.077903
0.076256
0.073571
0.073301
0.073572
0.074172
0.073358
0.075742
0.074072
0.069652
0.079911
0.076701
0.071548
0.071619
0.072765
0.071824
0.070996
0.071761
0.075878
0.073946
0.0743
0.073751
0.074464
0.076657
0.072293
0.08516
0.076884
0.081573
0.081606
0.081201
0.081926
0.080994
0.077114
0.077903
0.080511
0.079878
0.083708
0.080359
0.082027
0.091273
0.086801
0.090592
0.086335
0.087066
0.086421
0.087967
0.085348
0.08486
0.084515
0.086935
0.086353
0.082
0.081144
0.08387
0.096902
0.087515
0.089397
0.088405
0.08948
0.090599
0.089022
0.08854
0.083292
0.088889
0.084703
0.085868
0.085263
0.091791
0.088961
0.089761
0.090178
0.09421
0.095556
0.092414
0.089154
0.085542
0.083615
0.091208
0.091823
0.088485
0.090768
0.091643
0.089018
0.089347
0.086649
0.083272
0.087026
0.085542
0.087872
0.085787
0.082246
0.085807
0.080103
0.079203
0.082123
0.08196
0.080403
0.078084
0.07869
0.077166
0.080426
0.075793
0.084399
0.078767
0.07683
0.077034
0.074336
0.076498
0.072427
0.073458
0.072817
0.075265
0.074268
0.075578
0.077268
0.071522
0.07186
0.080136
0.075361
0.075035
0.072901
0.075472
0.067577
0.072685
0.072668
0.074122
0.071676
0.072256
0.075244
0.069893
0.073223
0.07672
0.073495
0.07229
0.072493
0.066811
0.067902
0.070328
0.071465
0.071788
0.070048
0.069379
0.069397
0.070552
0.068019
0.069731
0.064653
0.066772
0.066419
0.067986
0.061224
0.062634
0.060391
0.065635
0.065958
0.068707
0.068479
0.067641
0.068643
0.066325
0.068411
0.068827
0.06814
0.067302
0.067431
0.067426
0.066247
0.068353
0.065834
0.065803
0.070447
0.065824
0.06778
0.067623
0.067651
0.067427
0.068382
0.0672
0.064568
0.066481
0.063156
0.064709
0.064768
0.066546
0.061246
0.062299
0.061089
0.063505
0.061688
0.06285
0.058894
0.061082
0.061099
0.060554
0.060561
0.06056
0.057981
0.063509
0.060008
0.059088
0.061015
0.059322
0.061998
0.060546
0.061146
0.063179
0.059542
