0.015504
0.062485
0.063574
0.066191
0.064521
0.065086
0.062707
0.063729
0.062571
0.062359
0.060372
0.062234
0.063691
0.061054
0.061127
0.069674
0.072453
0.071949
0.071171
0.069218
0.070842
0.06837
0.06994
0.067776
0.068903
0.069613
0.068394
0.068233
0.070048
0.067836
0.06923
0.068702
0.066795
0.07665
0.078793
0.07899
0.077613
0.077768
0.076452
0.074173
0.075151
0.076464
0.074521
0.07294
0.072501
0.071052
0.070917
0.066775
0.068398
0.064452
0.065434
0.068674
0.072864
0.069136
0.069959
0.064634
0.067179
0.064897
0.06537
0.064347
0.064054
0.067019
0.071093
0.06408
0.065464
0.074177
0.067251
0.066352
0.061567
0.062508
0.061824
0.058616
0.068963
0.06849
0.066062
0.062918
0.062978
0.065965
0.07211
0.067054
0.065194
0.067843
0.066729
0.073669
0.06938
0.069331
0.067713
0.067386
0.069753
0.065691
0.075465
0.071491
0.070048
0.068922
0.068055
0.078484
0.070626
0.07264
0.070405
0.067592
0.072273
0.071022
0.069106
0.069581
0.071913
0.069896
0.06391
0.06003
0.057941
0.061902
0.059803
0.056122
0.059433
0.058604
0.059732
0.065292
0.066194
0.061062
0.059432
0.074116
0.069077
0.069487
0.072394
0.067145
0.066189
0.073802
0.075377
0.073578
0.073461
0.06615
0.074904
0.080637
0.07726
0.07649
0.07292
0.07188
0.077208
0.079091
0.071726
0.071322
0.080131
0.077389
0.076746
0.078351
0.072217
0.069549
0.080817
0.076683
0.073209
0.070613
0.078633
0.075999
0.073552
0.072497
0.077874
0.077208
0.068687
0.077083
0.07379
0.073487
0.072591
0.070123
0.076159
0.072593
0.070694
0.068926
0.076742
0.073091
0.0721
0.073105
0.070917
0.068067
0.074253
0.072911
0.069492
0.067001
0.075693
0.07254
0.070116
0.071259
0.069544
0.072913
0.072456
0.069781
0.069589
0.067425
0.074471
0.070742
0.067309
0.066029
0.060826
0.065128
0.063762
0.069574
0.05946
0.061966
0.063518
0.061806
0.061181
0.059917
0.059259
0.060654
0.057996
0.05695
0.056316
0.058139
0.054282
0.058579
0.056014
0.057358
0.056254
0.052763
0.060579
0.055904
0.055614
0.060117
0.060102
0.058302
0.05919
0.055785
0.059768
0.056742
0.056249
0.054355
0.06067
0.057277
0.054647
0.052403
0.057436
0.05438
0.053046
0.053887
0.055727
0.053443
0.053963
0.054171
0.056115
0.057039
0.053571
0.052987
0.05144
0.055155
0.05346
0.05706
0.049569
0.055576
0.050854
0.051713
0.048223
0.050981
0.054448
0.052684
0.052174
0.051914
0.047174
0.0521
0.047606
0.044659
0.043443
0.042721
0.044388
0.042455
0.040516
0.039243
0.038606
0.040074
0.039091
0.038856
0.039182
0.040202
0.044807
0.040518
0.039801
0.039062
0.038664
0.041056
0.040062
0.039555
0.035893
0.038283
0.039937
0.040879
0.040155
0.038899
0.042282
0.04084
0.038631
0.039381
0.036782
0.038273
0.041946
0.039559
0.044009
0.040947
0.038548
0.039119
0.037733
0.038672
0.039817
0.038948
0.037558
0.041304
0.035526
0.036806
0.03714
0.038482
0.038891
0.037003
0.039477
0.037876
0.038105
0.037437
0.037197
0.035906
0.038162
0.037831
0.037398
0.037626
0.039663
0.049988
0.041962
0.04226
0.041951
0.04035
0.039682
0.037771
0.040076
0.039739
0.040723
0.041854
0.050949
0.044479
0.044501
0.045828
0.043781
0.044371
0.042611
0.043638
0.04337
0.042471
0.044668
0.046927
0.059486
0.050588
0.051066
0.047901
0.049591
0.048752
0.045199
0.045851
0.046536
0.050202
0.04657
0.04621
0.0498
0.05823
0.049252
0.050106
0.045502
0.046218
0.043113
0.043451
0.044706
0.044842
0.045442
0.045909
0.046013
0.057924
0.050761
0.049325
0.04941
0.046066
0.045535
0.04343
0.04856
0.048143
0.049615
0.048858
0.050103
0.048848
0.04973
0.056047
0.04681
0.047592
0.046726
0.045567
0.043815
0.044919
0.047165
0.042931
0.044748
0.045819
0.045142
0.051456
0.044517
0.043458
0.042593
0.039909
0.042736
0.043003
0.042802
0.040879
0.042956
0.042752
0.04867
0.041546
0.041903
0.039109
0.038227
0.03765
0.03991
0.037785
0.037735
0.036478
0.037085
0.03596
0.035251
0.035885
0.037505
0.033116
0.032382
0.033774
0.034314
0.033026
0.033247
0.033404
0.030894
0.034081
0.035675
0.036315
0.031353
0.03699
0.032362
0.034488
0.036324
0.032693
0.031782
0.039033
0.034132
0.032719
0.030315
0.037196
0.033478
0.032148
0.033095
0.029894
0.030482
0.03524
0.031251
0.037776
0.031421
0.033354
0.030777
0.033535
0.033768
0.034391
0.034808
0.035734
0.039333
0.031959
0.033972
0.032293
0.033764
0.035767
0.033782
0.034023
0.036981
0.035103
0.03508
0.034022
0.035996
0.036267
0.035686
0.03324
0.035455
0.036878
0.033226
0.032175
0.030433
0.031724
0.031778
0.033535
0.034324
0.032412
0.032607
0.031941
0.034676
0.031793
0.030561
0.031154
0.031876
0.033826
0.030567
0.032307
0.031593
0.031255
0.033246
0.031921
0.030727
0.032513
0.032957
0.033911
0.033983
0.036288
0.03464
0.034996
0.034616
0.035338
0.035912
0.035818
0.039012
0.037512
0.037132
0.036714
0.03899
0.039144
0.03836
0.037188
0.040015
0.038818
0.037239
0.036994
0.036237
0.037836
0.038528
0.036765
0.035232
0.040537
0.038167
0.036952
0.036848
0.036937
0.039176
0.039047
0.037603
0.037246
0.036557
0.039156
0.041937
0.040378
0.039992
0.038355
0.043821
0.041694
0.038607
0.039344
0.037495
0.041939
0.040597
0.03965
0.03936
0.038095
0.037926
0.040967
0.042717
0.040067
0.038667
0.046659
0.040764
0.042038
0.039426
0.040183
0.044093
0.04265
0.041797
0.042873
0.045821
0.043776
0.042196
0.04396
0.041612
0.046102
0.045302
0.044292
0.043985
0.048288
0.048522
0.047415
0.045268
0.04562
0.048902
0.050829
0.046689
0.045708
0.051125
0.049905
0.047291
0.04604
0.04455
0.043887
0.04706
0.04565
0.045174
0.044209
0.047478
0.047104
0.049733
0.047476
0.044172
0.05408
0.049246
0.052065
0.050562
0.0532
0.052763
0.051707
0.050448
0.051139
0.055114
0.055055
0.051105
0.052393
0.055774
0.055346
0.054875
0.053732
0.052716
0.057015
0.055449
0.056471
0.052297
0.060366
0.056398
0.057405
0.054202
0.054822
0.055712
0.055884
0.055753
0.0572
0.06804
0.064093
0.062592
0.062524
0.060931
0.057131
0.056808
0.056997
0.055302
0.059399
0.058638
0.060784
0.057339
0.070676
0.059142
0.061714
0.057879
0.057887
0.05553
0.05688
0.054067
0.055083
0.053241
0.055273
0.055367
0.069997
0.062771
0.062193
0.058799
0.058543
0.055102
0.056545
0.057044
0.0586
0.057996
0.06295
0.067031
0.065339
0.063175
0.061859
0.060199
0.060047
0.055725
0.057345
0.056611
0.057959
0.060374
0.071101
0.064603
0.067441
0.063185
0.06452
0.062472
0.062365
0.061983
0.06278
0.062502
0.075056
0.069068
0.069275
0.067995
0.068457
0.064437
0.065465
0.072689
0.064593
0.066138
0.063194
0.067876
0.063402
0.085892
0.068761
0.068387
0.067724
0.064721
0.062623
0.064259
0.062604
0.061192
0.059162
0.062117
0.058754
0.058432
0.058537
0.069649
0.06263
0.06336
0.064154
0.061059
0.057438
0.060826
0.059599
0.059057
0.056563
0.057599
0.057434
0.057882
0.068634
0.063111
0.058632
0.057884
0.05525
0.053781
0.053777
0.052598
0.049463
0.05128
0.05262
0.051254
0.051469
0.05104
0.063829
0.053175
0.052326
0.052817
0.050371
0.050559
0.051926
0.052417
0.049697
0.050479
0.051419
0.051151
0.049503
0.059211
0.051096
0.050939
0.049711
0.04947
0.047776
0.048964
0.04801
0.047693
0.044477
0.045639
0.046059
0.047811
0.046127
0.050386
0.046068
0.0425
0.049277
0.045893
0.044812
0.041851
0.044355
0.044061
0.041547
0.04452
0.040777
0.039492
0.040225
0.044167
0.040505
0.041949
0.04
0.039479
0.0452
0.041438
0.040145
0.039976
0.039174
0.039046
0.041525
0.040268
0.037897
0.03799
0.043699
0.040619
0.037682
0.037025
0.036333
0.038603
0.035398
0.033525
0.032821
0.033197
0.033552
0.03358
0.032824
0.034547
0.035361
0.034483
0.033393
0.032724
0.034534
0.031231
0.033924
0.032989
0.039544
0.03445
0.033316
0.03242
0.032505
0.033042
0.034262
0.033629
0.034738
0.033844
0.038656
0.034584
0.036129
0.035631
0.040203
0.038985
0.037709
0.037061
0.039586
0.03717
0.038435
0.038098
0.037784
0.040846
0.040167
0.039472
0.038608
0.043587
0.041532
0.04242
0.042058
0.041683
0.040621
0.046698
0.044668
0.044558
0.045296
0.0449
0.043135
0.047269
0.048079
0.045674
0.046701
0.043332
0.044655
0.050848
0.046288
0.045746
0.045983
0.044953
0.045784
0.047287
0.048388
0.051104
0.048388
0.047955
0.048329
0.046275
0.055946
0.052678
0.052547
0.050456
0.051019
0.050729
0.051349
0.054103
0.053497
0.053112
0.05117
0.051512
0.052411
0.058092
0.051573
0.053127
0.053785
0.052549
0.053452
0.059513
0.057422
0.05551
0.055089
0.054694
0.055279
0.060705
0.059348
0.059971
0.05694
0.057199
0.057476
0.057237
0.058356
0.060391
0.061646
0.059971
0.06256
0.060542
0.062087
0.067085
0.065574
0.063844
0.064914
0.062126
0.062253
0.060582
0.060434
0.063722
0.061693
0.063618
0.062692
0.060559
0.060074
0.067901
0.06561
0.062566
0.063581
0.060649
0.063199
0.059906
0.065759
0.063732
0.07053
0.062249
0.063322
0.060545
0.068604
0.065134
0.064996
0.062316
0.061862
0.06065
0.059551
0.059719
0.061568
0.061337
0.063729
0.059807
0.061159
0.058769
0.062809
0.059892
0.058615
0.059161
0.05757
0.057365
0.055364
0.060557
0.056909
0.057126
0.0587
0.055817
0.060611
0.063063
0.064595
0.064282
0.0625
0.060763
0.059643
0.06082
0.063898
0.058755
0.059377
0.058461
0.057702
0.060311
0.057141
0.065035
0.059005
0.060413
0.061694
0.061089
0.059602
0.058344
0.064227
0.064925
0.062048
0.060892
0.059246
0.070595
0.066881
0.065374
0.063233
0.065153
0.071269
0.071172
0.068141
0.068862
0.068238
0.064274
0.074781
0.074385
0.071185
0.070083
0.067486
0.069087
0.079941
0.074898
0.076184
0.077303
0.075476
0.076774
0.076703
0.074864
0.075533
0.075559
0.0785
0.0792
0.080942
0.075896
0.077996
0.077539
0.074771
0.080114
0.081556
0.080444
0.078968
0.082232
0.079153
0.077631
0.073611
0.073766
0.078207
0.076474
0.075065
0.077437
0.075502
0.074384
0.072855
0.077138
0.078123
0.069911
0.072448
0.06907
0.072906
0.069853
0.070547
0.072543
0.069343
0.072106
0.068686
0.074313
0.068318
0.063261
0.063285
0.068297
0.065738
0.06635
0.061545
0.062451
0.062544
0.060502
0.059501
0.064435
0.055926
0.053826
0.057665
0.057839
0.062767
0.066869
0.06529
0.064527
0.064566
0.062973
0.0642
0.061833
0.061854
0.06126
0.063223
0.062586
0.062426
0.062432
0.072006
0.066226
0.067226
0.067021
0.065926
0.066364
0.063867
0.064351
0.06865
0.068335
0.067735
0.066526
