0.0000 0.0000 0.0000 0.0000 0.0000 0.0000 0.0000 1.0000
1.0000 -0.0038 0.0001 0.0006 -0.0000 0.0000 0.0001 1.0000
2.0000 -0.0081 -0.0034 -0.0004 -0.0001 -0.0000 0.0001 1.0000
3.0000 -0.0223 -0.0012 0.0014 -0.0001 -0.0000 -0.0000 1.0000
4.0000 -0.0402 0.0044 0.0026 -0.0000 -0.0000 -0.0001 1.0000
5.0000 -0.0374 0.0042 0.0024 0.0000 -0.0000 -0.0001 1.0000
6.0000 -0.0111 0.0043 0.0011 -0.0000 -0.0000 -0.0000 1.0000
7.0000 0.0040 0.0027 0.0009 -0.0001 -0.0001 -0.0001 1.0000
8.0000 0.0130 0.0004 0.0024 -0.0001 -0.0002 -0.0001 1.0000
9.0000 0.0827 -0.0071 0.0157 -0.0002 -0.0005 -0.0000 1.0000
10.0000 0.1537 -0.0021 0.0191 -0.0002 -0.0007 0.0000 1.0000
11.0000 0.2278 0.0002 0.0125 -0.0002 -0.0005 0.0001 1.0000
12.0000 0.3450 -0.0078 0.0092 -0.0001 -0.0004 0.0000 1.0000
13.0000 0.4900 -0.0191 0.0096 -0.0000 -0.0004 -0.0001 1.0000
14.0000 0.6225 -0.0222 0.0143 0.0001 -0.0006 0.0000 1.0000
15.0000 0.7521 -0.0209 0.0251 0.0002 -0.0008 0.0002 1.0000
16.0000 0.9283 -0.0140 0.0310 0.0002 -0.0009 0.0004 1.0000
17.0000 1.1170 -0.0115 0.0280 0.0000 -0.0009 0.0005 1.0000
18.0000 1.3302 -0.0136 0.0242 -0.0001 -0.0009 0.0006 1.0000
19.0000 1.5700 -0.0185 0.0320 0.0000 -0.0011 0.0007 1.0000
20.0000 1.8258 -0.0212 0.0416 0.0003 -0.0013 0.0009 1.0000
21.0000 2.0894 -0.0279 0.0408 0.0005 -0.0013 0.0012 1.0000
22.0000 2.3748 -0.0357 0.0474 0.0007 -0.0013 0.0014 1.0000
23.0000 2.6752 -0.0322 0.0453 0.0007 -0.0014 0.0015 1.0000
24.0000 2.9960 -0.0244 0.0453 0.0006 -0.0015 0.0016 1.0000
25.0000 3.3243 -0.0262 0.0532 0.0006 -0.0019 0.0019 1.0000
26.0000 3.6848 -0.0204 0.0548 0.0019 -0.0046 0.0027 1.0000
27.0000 4.0474 -0.0215 0.0541 0.0030 -0.0063 0.0031 1.0000
28.0000 4.4247 -0.0175 0.0548 0.0027 -0.0061 0.0034 1.0000
29.0000 4.8152 -0.0100 0.0629 0.0017 -0.0051 0.0037 1.0000
30.0000 5.2262 -0.0020 0.0552 0.0015 -0.0050 0.0045 1.0000
31.0000 5.6642 0.0026 0.0589 0.0020 -0.0056 0.0059 1.0000
32.0000 6.1290 0.0113 0.0685 0.0026 -0.0055 0.0080 0.9999
33.0000 6.5732 0.0310 0.0666 0.0037 -0.0029 0.0107 0.9999
34.0000 7.0120 0.0468 0.0879 0.0039 -0.0013 0.0137 0.9999
35.0000 7.4664 0.0718 0.0863 0.0034 -0.0017 0.0171 0.9998
36.0000 7.9381 0.1065 0.0816 0.0028 -0.0025 0.0207 0.9998
37.0000 8.4096 0.1413 0.0724 0.0020 -0.0022 0.0245 0.9997
38.0000 8.8746 0.1634 0.0738 0.0019 -0.0016 0.0286 0.9996
39.0000 9.3398 0.1929 0.0920 0.0024 -0.0018 0.0330 0.9995
40.0000 9.8308 0.2325 0.1223 0.0032 -0.0023 0.0381 0.9993
41.0000 10.3384 0.2787 0.1248 0.0035 -0.0027 0.0438 0.9990
42.0000 10.8583 0.3464 0.1056 0.0028 -0.0024 0.0500 0.9987
43.0000 11.3880 0.4254 0.0670 0.0024 -0.0017 0.0568 0.9984
44.0000 11.9123 0.5020 0.0485 0.0023 0.0002 0.0643 0.9979
45.0000 12.4273 0.5796 0.0672 0.0043 0.0029 0.0719 0.9974
46.0000 12.9707 0.6712 0.1468 0.0048 0.0045 0.0802 0.9968
47.0000 13.5339 0.7878 0.1424 0.0040 0.0040 0.0895 0.9960
48.0000 14.0844 0.9172 0.0855 0.0046 0.0036 0.0998 0.9950
49.0000 14.6285 1.0501 0.0979 0.0030 0.0038 0.1109 0.9938
50.0000 15.1881 1.2039 0.0723 0.0020 0.0040 0.1227 0.9924
51.0000 15.7600 1.3757 0.0381 0.0051 0.0052 0.1356 0.9907
52.0000 16.3321 1.5599 0.0985 0.0099 0.0071 0.1499 0.9886
53.0000 16.8760 1.7624 0.2232 0.0106 0.0077 0.1656 0.9861
54.0000 17.4242 1.9909 0.1731 0.0054 0.0072 0.1813 0.9834
55.0000 18.0177 2.2621 0.0032 0.0026 0.0062 0.1973 0.9803
56.0000 18.5983 2.5449 -0.0602 0.0059 0.0053 0.2146 0.9767
57.0000 19.1246 2.8191 0.0923 0.0091 0.0071 0.2315 0.9728
58.0000 19.6641 3.1393 0.2255 0.0071 0.0079 0.2473 0.9689
59.0000 20.2300 3.5206 0.1645 0.0038 0.0039 0.2638 0.9646
60.0000 20.7702 3.8948 0.0433 -0.0004 -0.0014 0.2812 0.9597
61.0000 21.2668 4.2669 0.0108 -0.0033 -0.0053 0.2983 0.9545
62.0000 21.7710 4.6662 0.0644 -0.0043 -0.0089 0.3150 0.9490
63.0000 22.2822 5.1071 0.1018 -0.0034 -0.0099 0.3320 0.9432
64.0000 22.7804 5.5596 0.1474 -0.0020 -0.0087 0.3490 0.9371
65.0000 23.2577 6.0348 0.1671 -0.0025 -0.0076 0.3656 0.9307
66.0000 23.7485 6.5404 0.1262 -0.0033 -0.0075 0.3825 0.9239
67.0000 24.2283 7.0558 0.0813 -0.0022 -0.0057 0.4001 0.9165
68.0000 24.6715 7.5820 0.1024 0.0002 -0.0016 0.4179 0.9085
69.0000 25.0848 8.1194 0.1812 0.0025 0.0027 0.4351 0.9004
70.0000 25.4870 8.6965 0.2180 0.0027 0.0051 0.4520 0.8920
71.0000 25.8828 9.3030 0.1799 0.0017 0.0056 0.4685 0.8834
72.0000 26.2563 9.9210 0.1310 -0.0009 0.0053 0.4839 0.8751
73.0000 26.6090 10.5545 0.1134 -0.0042 0.0058 0.4978 0.8673
74.0000 26.9403 11.2098 0.1039 -0.0069 0.0059 0.5105 0.8598
75.0000 27.2612 11.8811 0.1135 -0.0065 0.0044 0.5225 0.8526
76.0000 27.5674 12.5577 0.1347 -0.0046 0.0027 0.5341 0.8454
77.0000 27.8626 13.2237 0.1690 -0.0044 0.0022 0.5448 0.8385
78.0000 28.1428 13.9184 0.1461 -0.0080 0.0034 0.5540 0.8325
79.0000 28.4171 14.6449 0.0634 -0.0121 0.0065 0.5615 0.8274
80.0000 28.6884 15.3908 0.0167 -0.0126 0.0086 0.5677 0.8231
81.0000 28.9542 16.1167 0.0572 -0.0105 0.0091 0.5732 0.8193
82.0000 29.2040 16.8282 0.1282 -0.0094 0.0097 0.5780 0.8159
83.0000 29.4451 17.5552 0.1260 -0.0118 0.0109 0.5819 0.8131
84.0000 29.6761 18.3062 0.0274 -0.0164 0.0123 0.5842 0.8113
85.0000 29.9250 19.0646 -0.0726 -0.0198 0.0129 0.5851 0.8106
86.0000 30.1833 19.8417 -0.0869 -0.0198 0.0126 0.5853 0.8105
87.0000 30.4384 20.6175 -0.0334 -0.0190 0.0111 0.5857 0.8102
88.0000 30.6701 21.3862 -0.0340 -0.0186 0.0093 0.5866 0.8096
89.0000 30.9071 22.1470 -0.1041 -0.0188 0.0084 0.5877 0.8088
90.0000 31.1597 22.9154 -0.1634 -0.0190 0.0081 0.5886 0.8081
91.0000 31.4148 23.7003 -0.1750 -0.0184 0.0081 0.5895 0.8075
92.0000 31.6631 24.5028 -0.1713 -0.0180 0.0082 0.5904 0.8069
93.0000 31.9095 25.3107 -0.1714 -0.0186 0.0084 0.5913 0.8062
94.0000 32.1552 26.1192 -0.2350 -0.0193 0.0091 0.5924 0.8053
95.0000 32.4051 26.9114 -0.2759 -0.0203 0.0103 0.5936 0.8044
96.0000 32.6475 27.7142 -0.2971 -0.0205 0.0114 0.5949 0.8035
97.0000 32.8829 28.5378 -0.2975 -0.0205 0.0116 0.5962 0.8025
98.0000 33.1219 29.3659 -0.3239 -0.0204 0.0114 0.5975 0.8015
99.0000 33.3688 30.1969 -0.3679 -0.0208 0.0113 0.5988 0.8005
100.0000 33.6178 31.0232 -0.4184 -0.0219 0.0117 0.6001 0.7995
101.0000 33.8533 31.8564 -0.4651 -0.0223 0.0127 0.6014 0.7985
102.0000 34.0859 32.6970 -0.4810 -0.0221 0.0134 0.6028 0.7975
103.0000 34.3081 33.5464 -0.5014 -0.0222 0.0134 0.6041 0.7965
104.0000 34.5435 34.4012 -0.5447 -0.0225 0.0132 0.6054 0.7955
105.0000 34.7796 35.2690 -0.5934 -0.0230 0.0138 0.6068 0.7944
106.0000 35.0133 36.1380 -0.6306 -0.0243 0.0152 0.6085 0.7931
107.0000 35.2341 37.0203 -0.6730 -0.0249 0.0165 0.6104 0.7916
108.0000 35.4507 37.8858 -0.7023 -0.0251 0.0172 0.6124 0.7899
109.0000 35.6627 38.7399 -0.7328 -0.0255 0.0168 0.6145 0.7883
110.0000 35.8760 39.6195 -0.7880 -0.0263 0.0163 0.6165 0.7867
111.0000 36.0922 40.5305 -0.8675 -0.0272 0.0171 0.6185 0.7851
112.0000 36.3037 41.4291 -0.9097 -0.0276 0.0184 0.6205 0.7835
113.0000 36.5032 42.3018 -0.9393 -0.0275 0.0193 0.6226 0.7819
114.0000 36.6924 43.1822 -0.9618 -0.0279 0.0194 0.6246 0.7802
115.0000 36.8822 44.0719 -1.0398 -0.0292 0.0200 0.6266 0.7785
116.0000 37.0693 44.9743 -1.1220 -0.0298 0.0209 0.6285 0.7770
117.0000 37.2491 45.8710 -1.1788 -0.0289 0.0217 0.6304 0.7754
118.0000 37.4341 46.7557 -1.1967 -0.0283 0.0216 0.6323 0.7739
119.0000 37.6130 47.6585 -1.2304 -0.0291 0.0217 0.6344 0.7722
120.0000 37.7903 48.5631 -1.3166 -0.0301 0.0227 0.6363 0.7705
121.0000 37.9531 49.4839 -1.3943 -0.0309 0.0239 0.6383 0.7688
122.0000 38.1038 50.3816 -1.4457 -0.0316 0.0245 0.6400 0.7673
123.0000 38.2641 51.2827 -1.4953 -0.0324 0.0243 0.6417 0.7659
124.0000 38.4136 52.1950 -1.5709 -0.0326 0.0242 0.6432 0.7646
125.0000 38.5644 53.1094 -1.6431 -0.0324 0.0241 0.6448 0.7633
126.0000 38.7198 54.0261 -1.7037 -0.0326 0.0238 0.6464 0.7619
127.0000 38.8709 54.9490 -1.7636 -0.0339 0.0244 0.6482 0.7603
128.0000 39.0068 55.8777 -1.8384 -0.0342 0.0260 0.6501 0.7586
129.0000 39.1269 56.8143 -1.9023 -0.0327 0.0271 0.6521 0.7569
130.0000 39.2585 57.7381 -1.9548 -0.0330 0.0252 0.6546 0.7549
131.0000 39.3912 58.6734 -2.0393 -0.0352 0.0226 0.6574 0.7523
132.0000 39.5227 59.6239 -2.1367 -0.0369 0.0226 0.6604 0.7497
133.0000 39.6107 60.5780 -2.2077 -0.0348 0.0258 0.6630 0.7474
134.0000 39.7043 61.5345 -2.2416 -0.0328 0.0271 0.6656 0.7451
135.0000 39.8147 62.4870 -2.2979 -0.0334 0.0253 0.6683 0.7427
136.0000 39.9098 63.4352 -2.4016 -0.0345 0.0237 0.6713 0.7400
137.0000 40.0060 64.4013 -2.4989 -0.0346 0.0233 0.6742 0.7374
138.0000 40.0788 65.3852 -2.5626 -0.0327 0.0243 0.6767 0.7351
139.0000 40.1439 66.3750 -2.6039 -0.0317 0.0246 0.6792 0.7328
140.0000 40.2149 67.3571 -2.6736 -0.0330 0.0234 0.6817 0.7305
141.0000 40.2856 68.3634 -2.7679 -0.0350 0.0220 0.6841 0.7282
142.0000 40.3403 69.3638 -2.8553 -0.0351 0.0232 0.6862 0.7262
143.0000 40.3620 70.3709 -2.9202 -0.0335 0.0255 0.6881 0.7244
144.0000 40.4036 71.3673 -2.9822 -0.0328 0.0263 0.6900 0.7226
145.0000 40.4508 72.3743 -3.0489 -0.0335 0.0251 0.6922 0.7205
146.0000 40.4909 73.3892 -3.1274 -0.0340 0.0239 0.6945 0.7183
147.0000 40.5178 74.4385 -3.2109 -0.0338 0.0235 0.6966 0.7162
148.0000 40.5389 75.4725 -3.2896 -0.0333 0.0235 0.6986 0.7143
149.0000 40.5514 76.4838 -3.3671 -0.0327 0.0237 0.7006 0.7124
150.0000 40.5536 77.5051 -3.4308 -0.0329 0.0233 0.7027 0.7104
151.0000 40.5446 78.5683 -3.5041 -0.0336 0.0226 0.7046 0.7085
152.0000 40.5367 79.6342 -3.5900 -0.0340 0.0223 0.7061 0.7069
153.0000 40.5379 80.6671 -3.6623 -0.0333 0.0220 0.7072 0.7059
154.0000 40.5254 81.7083 -3.7185 -0.0325 0.0208 0.7084 0.7048
155.0000 40.5104 82.7397 -3.7750 -0.0331 0.0179 0.7101 0.7030
156.0000 40.4855 83.7969 -3.8478 -0.0321 0.0174 0.7122 0.7010
157.0000 40.4666 84.9040 -3.9005 -0.0298 0.0176 0.7143 0.6990
158.0000 40.4539 85.9864 -3.9536 -0.0298 0.0155 0.7164 0.6968
159.0000 40.4242 86.9930 -4.0065 -0.0292 0.0143 0.7187 0.6946
160.0000 40.3682 88.0194 -4.0502 -0.0267 0.0147 0.7210 0.6923
161.0000 40.3072 89.1214 -4.0870 -0.0268 0.0130 0.7233 0.6899
162.0000 40.2543 90.2105 -4.1575 -0.0267 0.0121 0.7255 0.6876
163.0000 40.1864 91.2356 -4.2213 -0.0252 0.0132 0.7276 0.6854
164.0000 40.1098 92.2903 -4.2716 -0.0255 0.0121 0.7298 0.6831
165.0000 40.0308 93.3578 -4.3040 -0.0250 0.0108 0.7319 0.6808
166.0000 39.9445 94.3962 -4.3180 -0.0227 0.0103 0.7340 0.6787
167.0000 39.8529 95.3755 -4.3451 -0.0202 0.0089 0.7362 0.6764
168.0000 39.7575 96.4022 -4.4055 -0.0191 0.0074 0.7384 0.6740
169.0000 39.6553 97.5007 -4.4671 -0.0199 0.0071 0.7407 0.6715
170.0000 39.5225 98.7035 -4.4976 -0.0192 0.0101 0.7428 0.6692
171.0000 39.3748 99.7993 -4.5102 -0.0157 0.0144 0.7446 0.6671
172.0000 39.2693 100.7093 -4.5043 -0.0111 0.0153 0.7465 0.6651
173.0000 39.1931 101.5445 -4.5156 -0.0121 0.0081 0.7487 0.6627
174.0000 39.0867 102.5493 -4.6022 -0.0181 -0.0007 0.7509 0.6602
175.0000 38.9162 103.7658 -4.6779 -0.0214 -0.0005 0.7525 0.6582
176.0000 38.7013 104.9974 -4.6437 -0.0164 0.0094 0.7541 0.6564
177.0000 38.5139 106.0407 -4.5923 -0.0090 0.0172 0.7559 0.6544
178.0000 38.4084 106.9199 -4.6289 -0.0079 0.0132 0.7580 0.6521
179.0000 38.3216 107.7666 -4.7298 -0.0143 0.0025 0.7601 0.6496
180.0000 38.1695 108.7595 -4.7993 -0.0188 -0.0024 0.7618 0.6475
181.0000 37.9482 109.8314 -4.7877 -0.0160 0.0035 0.7632 0.6460
182.0000 37.7138 110.9831 -4.7582 -0.0105 0.0123 0.7647 0.6442
183.0000 37.5128 112.1372 -4.7657 -0.0092 0.0143 0.7667 0.6418
184.0000 37.3464 113.1595 -4.8057 -0.0110 0.0115 0.7688 0.6393
185.0000 37.1567 114.1745 -4.8582 -0.0140 0.0065 0.7709 0.6368
186.0000 36.9482 115.1563 -4.8942 -0.0156 0.0038 0.7730 0.6342
187.0000 36.7243 116.2066 -4.9149 -0.0149 0.0044 0.7749 0.6318
188.0000 36.4956 117.2569 -4.9152 -0.0126 0.0079 0.7769 0.6294
189.0000 36.2672 118.2994 -4.9203 -0.0102 0.0107 0.7790 0.6269
190.0000 36.0320 119.2815 -4.9356 -0.0072 0.0124 0.7810 0.6244
191.0000 35.7711 120.4380 -4.9639 -0.0095 0.0070 0.7835 0.6213
192.0000 35.5344 121.4563 -5.0054 -0.0119 0.0033 0.7856 0.6186
193.0000 35.2591 122.5658 -5.0330 -0.0127 0.0040 0.7876 0.6160
194.0000 35.0002 123.5895 -5.0314 -0.0097 0.0090 0.7895 0.6136
195.0000 34.7102 124.6259 -5.0298 -0.0083 0.0115 0.7916 0.6108
196.0000 34.4117 125.6625 -5.0680 -0.0122 0.0092 0.7937 0.6081
197.0000 34.1350 126.5963 -5.1018 -0.0140 0.0080 0.7955 0.6057
198.0000 33.8449 127.5948 -5.1071 -0.0105 0.0085 0.7977 0.6030
199.0000 33.5633 128.6088 -5.1246 -0.0117 0.0032 0.7999 0.6000
200.0000 33.2736 129.5710 -5.1659 -0.0173 -0.0007 0.8022 0.5968
201.0000 32.9350 130.5774 -5.1899 -0.0162 0.0067 0.8047 0.5934
202.0000 32.5856 131.6186 -5.1758 -0.0097 0.0165 0.8070 0.5902
203.0000 32.2703 132.6776 -5.1747 -0.0076 0.0156 0.8093 0.5871
204.0000 31.9426 133.6786 -5.2342 -0.0108 0.0078 0.8115 0.5843
205.0000 31.6095 134.6443 -5.3048 -0.0153 0.0005 0.8135 0.5813
206.0000 31.2552 135.5975 -5.3264 -0.0144 0.0019 0.8156 0.5785
207.0000 30.8979 136.5666 -5.3079 -0.0116 0.0066 0.8174 0.5759
208.0000 30.5464 137.5375 -5.3068 -0.0123 0.0080 0.8189 0.5737
209.0000 30.1699 138.5045 -5.3314 -0.0149 0.0082 0.8207 0.5710
210.0000 29.7998 139.4549 -5.3605 -0.0141 0.0102 0.8228 0.5681
211.0000 29.3768 140.5356 -5.3856 -0.0089 0.0129 0.8250 0.5649
212.0000 28.9405 141.6875 -5.4060 -0.0077 0.0074 0.8272 0.5618
213.0000 28.5003 142.8540 -5.4577 -0.0114 -0.0003 0.8291 0.5589
214.0000 28.0428 143.9925 -5.5106 -0.0145 0.0001 0.8309 0.5562
215.0000 27.5462 145.1173 -5.4915 -0.0114 0.0106 0.8328 0.5533
216.0000 27.0437 146.2287 -5.4648 -0.0087 0.0172 0.8346 0.5505
217.0000 26.5606 147.3208 -5.4890 -0.0096 0.0148 0.8360 0.5484
218.0000 26.1526 148.2457 -5.5579 -0.0132 0.0065 0.8367 0.5475
219.0000 25.7394 149.1774 -5.6243 -0.0155 -0.0004 0.8370 0.5470
220.0000 25.3393 150.1155 -5.6453 -0.0155 -0.0015 0.8373 0.5466
221.0000 24.9000 151.0804 -5.6396 -0.0140 0.0042 0.8379 0.5456
222.0000 24.4431 152.0424 -5.6246 -0.0101 0.0142 0.8387 0.5443
223.0000 23.9802 153.0487 -5.6056 -0.0053 0.0185 0.8395 0.5430
224.0000 23.6340 153.7752 -5.6398 -0.0067 0.0094 0.8397 0.5429
225.0000 23.2367 154.6325 -5.7434 -0.0138 -0.0041 0.8399 0.5425
226.0000 22.7059 155.8020 -5.8035 -0.0172 -0.0057 0.8405 0.5416
227.0000 22.1326 157.0278 -5.7481 -0.0113 0.0070 0.8415 0.5402
228.0000 21.5815 158.2637 -5.6902 -0.0064 0.0151 0.8422 0.5389
229.0000 21.1037 159.2715 -5.7287 -0.0103 0.0089 0.8429 0.5379
230.0000 20.6408 160.2155 -5.8265 -0.0166 0.0006 0.8433 0.5372
231.0000 20.1812 161.1698 -5.8872 -0.0190 -0.0006 0.8435 0.5367
232.0000 19.6208 162.3796 -5.8837 -0.0164 0.0057 0.8442 0.5357
233.0000 19.0626 163.5926 -5.8502 -0.0092 0.0154 0.8450 0.5345
234.0000 18.5109 164.7583 -5.8579 -0.0062 0.0143 0.8458 0.5333
235.0000 18.1285 165.5240 -5.9214 -0.0107 0.0026 0.8462 0.5327
236.0000 17.7354 166.2877 -5.9970 -0.0165 -0.0064 0.8464 0.5323
237.0000 17.1896 167.3692 -6.0072 -0.0162 -0.0028 0.8468 0.5316
238.0000 16.5612 168.6689 -5.9734 -0.0129 0.0062 0.8474 0.5308
239.0000 15.9516 169.9503 -5.9774 -0.0116 0.0104 0.8479 0.5300
240.0000 15.5089 170.8364 -6.0187 -0.0128 0.0082 0.8481 0.5297
241.0000 15.0681 171.7196 -6.0771 -0.0150 0.0038 0.8484 0.5292
242.0000 14.5761 172.7017 -6.1192 -0.0168 0.0020 0.8489 0.5284
243.0000 14.0923 173.6650 -6.1190 -0.0147 0.0065 0.8492 0.5279
244.0000 13.5933 174.6620 -6.1193 -0.0122 0.0104 0.8492 0.5279
245.0000 13.0940 175.6438 -6.1357 -0.0124 0.0089 0.8495 0.5274
246.0000 12.5342 176.7847 -6.1816 -0.0135 0.0053 0.8498 0.5270
247.0000 11.9786 177.9332 -6.2193 -0.0143 0.0023 0.8498 0.5269
248.0000 11.4595 178.9603 -6.2381 -0.0138 0.0034 0.8497 0.5272
249.0000 10.9281 179.9894 -6.2483 -0.0151 0.0047 0.8495 0.5274
250.0000 10.4344 180.9396 -6.2563 -0.0156 0.0073 0.8492 0.5277
251.0000 9.8894 182.0399 -6.2753 -0.0148 0.0085 0.8490 0.5281
252.0000 9.3530 183.1212 -6.3280 -0.0145 0.0057 0.8486 0.5288
253.0000 8.8102 184.2264 -6.3621 -0.0126 0.0027 0.8484 0.5291
254.0000 8.2761 185.3416 -6.3687 -0.0134 -0.0022 0.8482 0.5295
255.0000 7.6941 186.5342 -6.3888 -0.0151 -0.0038 0.8480 0.5297
256.0000 7.1806 187.5495 -6.3871 -0.0128 0.0044 0.8480 0.5298
257.0000 6.6869 188.5293 -6.3849 -0.0103 0.0099 0.8479 0.5299
258.0000 6.2335 189.4535 -6.4057 -0.0096 0.0083 0.8477 0.5304
259.0000 5.7654 190.4258 -6.4415 -0.0116 0.0021 0.8475 0.5307
260.0000 5.3090 191.3586 -6.4572 -0.0131 -0.0021 0.8473 0.5310
261.0000 4.8384 192.3270 -6.4676 -0.0146 -0.0025 0.8472 0.5310
262.0000 4.2459 193.5280 -6.4723 -0.0107 0.0071 0.8473 0.5310
263.0000 3.6983 194.6587 -6.4954 -0.0082 0.0111 0.8474 0.5308
264.0000 3.1503 195.8117 -6.5035 -0.0077 0.0066 0.8476 0.5305
265.0000 2.6624 196.8288 -6.5065 -0.0081 0.0028 0.8477 0.5304
266.0000 2.2305 197.7011 -6.5140 -0.0086 0.0031 0.8477 0.5305
267.0000 1.8248 198.5087 -6.5274 -0.0092 0.0038 0.8477 0.5304
268.0000 1.4077 199.3475 -6.5514 -0.0126 0.0000 0.8476 0.5304
269.0000 0.9226 200.3270 -6.5679 -0.0142 -0.0007 0.8474 0.5308
270.0000 0.4305 201.3341 -6.5687 -0.0131 0.0028 0.8473 0.5309
271.0000 -0.0812 202.3981 -6.5850 -0.0111 0.0061 0.8475 0.5307
272.0000 -0.5642 203.3837 -6.5888 -0.0088 0.0066 0.8478 0.5301
273.0000 -1.0938 204.4574 -6.5961 -0.0103 0.0003 0.8479 0.5300
274.0000 -1.5947 205.4740 -6.6186 -0.0132 -0.0039 0.8479 0.5300
275.0000 -2.0819 206.4719 -6.6480 -0.0138 -0.0015 0.8480 0.5298
276.0000 -2.5532 207.4143 -6.6520 -0.0100 0.0046 0.8483 0.5294
277.0000 -3.0205 208.3599 -6.6418 -0.0090 0.0023 0.8485 0.5292
278.0000 -3.4813 209.3022 -6.6494 -0.0116 -0.0025 0.8484 0.5291
279.0000 -3.9836 210.3326 -6.6838 -0.0150 -0.0016 0.8485 0.5290
280.0000 -4.4847 211.3120 -6.7174 -0.0131 0.0061 0.8488 0.5285
281.0000 -4.9596 212.2215 -6.7100 -0.0070 0.0121 0.8492 0.5279
282.0000 -5.4290 213.1914 -6.6919 -0.0076 0.0027 0.8493 0.5279
283.0000 -5.8865 214.1451 -6.7349 -0.0124 -0.0073 0.8492 0.5278
284.0000 -6.3495 215.0924 -6.7815 -0.0137 -0.0048 0.8494 0.5276
285.0000 -6.8768 216.1412 -6.7826 -0.0112 0.0049 0.8495 0.5274
286.0000 -7.4012 217.1654 -6.7628 -0.0075 0.0109 0.8495 0.5275
287.0000 -7.8624 218.0725 -6.7607 -0.0070 0.0052 0.8493 0.5278
288.0000 -8.3084 218.9908 -6.7874 -0.0093 -0.0048 0.8490 0.5282
289.0000 -8.7920 219.9777 -6.8254 -0.0142 -0.0097 0.8486 0.5287
290.0000 -9.2562 220.9409 -6.8435 -0.0143 0.0000 0.8484 0.5291
291.0000 -9.7476 221.8835 -6.8472 -0.0099 0.0135 0.8481 0.5295
292.0000 -10.2355 222.8494 -6.8461 -0.0083 0.0137 0.8478 0.5301
293.0000 -10.7060 223.8333 -6.8479 -0.0099 0.0031 0.8476 0.5305
294.0000 -11.1822 224.8158 -6.8840 -0.0148 -0.0069 0.8473 0.5309
295.0000 -11.6985 225.8334 -6.9288 -0.0165 -0.0063 0.8469 0.5315
296.0000 -12.1318 226.7360 -6.9350 -0.0115 0.0038 0.8468 0.5318
297.0000 -12.5884 227.6703 -6.9171 -0.0073 0.0066 0.8465 0.5323
298.0000 -12.9886 228.4950 -6.9146 -0.0088 0.0010 0.8463 0.5327
299.0000 -13.4242 229.4111 -6.9444 -0.0138 -0.0056 0.8460 0.5330
300.0000 -13.9453 230.4859 -6.9604 -0.0130 -0.0006 0.8458 0.5333
301.0000 -14.4902 231.5931 -6.9656 -0.0115 0.0050 0.8455 0.5339
302.0000 -15.0061 232.6925 -6.9821 -0.0115 0.0065 0.8451 0.5345
303.0000 -15.5018 233.7155 -7.0089 -0.0116 0.0062 0.8448 0.5349
304.0000 -15.9075 234.5591 -7.0223 -0.0104 0.0062 0.8447 0.5350
305.0000 -16.2994 235.3895 -7.0323 -0.0104 0.0047 0.8444 0.5355
306.0000 -16.7098 236.2528 -7.0514 -0.0100 0.0050 0.8441 0.5361
307.0000 -17.1290 237.1369 -7.0718 -0.0097 0.0057 0.8440 0.5362
308.0000 -17.5799 238.0965 -7.0866 -0.0102 0.0050 0.8439 0.5363
309.0000 -18.0858 239.1555 -7.0909 -0.0107 0.0041 0.8435 0.5369
310.0000 -18.5675 240.1694 -7.0884 -0.0101 0.0052 0.8431 0.5376
311.0000 -19.0757 241.2725 -7.0924 -0.0110 0.0062 0.8428 0.5381
312.0000 -19.5165 242.1818 -7.1069 -0.0115 0.0095 0.8427 0.5381
313.0000 -19.9309 243.0619 -7.1505 -0.0122 0.0106 0.8426 0.5384
314.0000 -20.3559 243.9685 -7.1676 -0.0115 0.0088 0.8423 0.5389
315.0000 -20.7930 244.9634 -7.1877 -0.0111 0.0043 0.8418 0.5396
316.0000 -21.2247 245.9381 -7.1978 -0.0104 0.0026 0.8415 0.5402
317.0000 -21.6849 246.9113 -7.2052 -0.0093 0.0046 0.8412 0.5406
318.0000 -22.1261 247.8479 -7.2297 -0.0089 0.0067 0.8412 0.5407
319.0000 -22.5529 248.8046 -7.2456 -0.0087 0.0075 0.8409 0.5411
320.0000 -22.9817 249.7410 -7.2602 -0.0070 0.0069 0.8406 0.5416
321.0000 -23.4159 250.6831 -7.2483 -0.0047 0.0031 0.8401 0.5425
322.0000 -23.8368 251.6240 -7.2108 -0.0039 -0.0014 0.8396 0.5431
323.0000 -24.2688 252.5556 -7.2237 -0.0033 -0.0007 0.8395 0.5434
324.0000 -24.7099 253.5152 -7.2482 -0.0028 0.0006 0.8392 0.5438
325.0000 -25.1107 254.4329 -7.2534 -0.0013 0.0008 0.8389 0.5443
326.0000 -25.5029 255.3372 -7.2193 0.0009 -0.0011 0.8386 0.5448
327.0000 -25.9007 256.2235 -7.1829 0.0034 -0.0026 0.8383 0.5451
328.0000 -26.3092 257.1415 -7.1770 0.0045 -0.0048 0.8381 0.5454
329.0000 -26.7267 258.0638 -7.1763 0.0054 -0.0050 0.8379 0.5458
330.0000 -27.1122 258.9671 -7.1649 0.0052 -0.0042 0.8376 0.5463
331.0000 -27.5012 259.8445 -7.1432 0.0055 -0.0034 0.8373 0.5467
332.0000 -27.8950 260.7237 -7.1173 0.0069 -0.0047 0.8371 0.5469
333.0000 -28.3106 261.6402 -7.0594 0.0089 -0.0056 0.8370 0.5471
334.0000 -28.6915 262.5055 -7.0146 0.0100 -0.0055 0.8368 0.5474
335.0000 -29.0712 263.3502 -6.9890 0.0109 -0.0058 0.8365 0.5479
336.0000 -29.4249 264.1920 -6.9695 0.0113 -0.0079 0.8361 0.5483
337.0000 -29.7868 265.0330 -6.9056 0.0126 -0.0081 0.8361 0.5484
338.0000 -30.1938 265.9220 -6.8610 0.0132 -0.0071 0.8360 0.5486
339.0000 -30.5654 266.7674 -6.8434 0.0133 -0.0059 0.8358 0.5489
340.0000 -30.9045 267.5813 -6.8251 0.0123 -0.0066 0.8355 0.5493
341.0000 -31.2574 268.4058 -6.7851 0.0113 -0.0075 0.8354 0.5495
342.0000 -31.6200 269.2246 -6.7394 0.0118 -0.0069 0.8352 0.5498
343.0000 -31.9717 270.0345 -6.6917 0.0121 -0.0061 0.8350 0.5500
344.0000 -32.3274 270.8393 -6.6671 0.0122 -0.0051 0.8350 0.5500
345.0000 -32.6731 271.6206 -6.6429 0.0116 -0.0047 0.8352 0.5499
346.0000 -33.0017 272.4115 -6.6162 0.0120 -0.0052 0.8353 0.5496
347.0000 -33.3435 273.2076 -6.5736 0.0142 -0.0047 0.8354 0.5494
348.0000 -33.6836 273.9929 -6.5313 0.0153 -0.0052 0.8354 0.5494
349.0000 -34.0119 274.7362 -6.4860 0.0143 -0.0054 0.8355 0.5492
350.0000 -34.3507 275.5011 -6.4722 0.0131 -0.0043 0.8358 0.5489
351.0000 -34.6853 276.2542 -6.4512 0.0128 -0.0036 0.8359 0.5487
352.0000 -35.0009 276.9849 -6.4106 0.0128 -0.0039 0.8359 0.5487
353.0000 -35.3240 277.7236 -6.3741 0.0125 -0.0049 0.8359 0.5487
354.0000 -35.6583 278.4613 -6.3421 0.0121 -0.0054 0.8360 0.5485
355.0000 -35.9764 279.1880 -6.3172 0.0122 -0.0055 0.8362 0.5483
356.0000 -36.2800 279.8903 -6.2838 0.0125 -0.0057 0.8363 0.5481
357.0000 -36.5914 280.5985 -6.2454 0.0124 -0.0060 0.8364 0.5480
358.0000 -36.9029 281.2957 -6.2202 0.0121 -0.0059 0.8365 0.5479
359.0000 -37.2054 281.9832 -6.2094 0.0119 -0.0055 0.8366 0.5477
360.0000 -37.5093 282.6779 -6.1758 0.0121 -0.0052 0.8367 0.5476
361.0000 -37.8151 283.3764 -6.1461 0.0120 -0.0048 0.8368 0.5474
362.0000 -38.1027 284.0570 -6.1135 0.0118 -0.0047 0.8368 0.5473
363.0000 -38.4028 284.7279 -6.0869 0.0111 -0.0041 0.8369 0.5473
364.0000 -38.6967 285.3820 -6.0718 0.0101 -0.0029 0.8370 0.5471
365.0000 -38.9872 286.0454 -6.0517 0.0093 -0.0017 0.8371 0.5470
366.0000 -39.2651 286.6866 -6.0278 0.0087 -0.0010 0.8371 0.5470
367.0000 -39.5494 287.3205 -6.0013 0.0090 -0.0008 0.8372 0.5469
368.0000 -39.8251 287.9502 -5.9808 0.0090 -0.0015 0.8372 0.5469
369.0000 -40.1133 288.5955 -5.9634 0.0083 -0.0022 0.8371 0.5469
370.0000 -40.4057 289.2313 -5.9533 0.0071 -0.0022 0.8371 0.5470
371.0000 -40.6762 289.8331 -5.9369 0.0060 -0.0013 0.8372 0.5469
372.0000 -40.9395 290.4310 -5.9164 0.0061 -0.0009 0.8373 0.5467
373.0000 -41.2030 291.0365 -5.8920 0.0069 -0.0014 0.8373 0.5467
374.0000 -41.4556 291.6224 -5.8768 0.0074 -0.0019 0.8372 0.5468
375.0000 -41.7129 292.1857 -5.8723 0.0072 -0.0021 0.8372 0.5468
376.0000 -41.9706 292.7477 -5.8633 0.0064 -0.0020 0.8373 0.5467
377.0000 -42.2249 293.3181 -5.8475 0.0054 -0.0015 0.8374 0.5465
378.0000 -42.4643 293.8671 -5.8344 0.0044 -0.0005 0.8375 0.5464
379.0000 -42.7013 294.4110 -5.8216 0.0037 -0.0000 0.8375 0.5464
380.0000 -42.9446 294.9414 -5.8089 0.0029 -0.0002 0.8376 0.5463
381.0000 -43.1767 295.4511 -5.7963 0.0022 -0.0003 0.8376 0.5462
382.0000 -43.3943 295.9638 -5.7944 0.0022 -0.0004 0.8377 0.5462
383.0000 -43.6136 296.4653 -5.7810 0.0019 -0.0003 0.8377 0.5462
384.0000 -43.8484 296.9578 -5.7709 0.0013 0.0000 0.8377 0.5462
385.0000 -44.0676 297.4522 -5.7686 0.0004 -0.0003 0.8376 0.5463
386.0000 -44.2770 297.9350 -5.7746 -0.0003 -0.0006 0.8374 0.5465
387.0000 -44.4786 298.3968 -5.7721 -0.0008 0.0000 0.8373 0.5468
388.0000 -44.6736 298.8354 -5.7616 -0.0014 0.0011 0.8372 0.5469
389.0000 -44.8665 299.2755 -5.7491 -0.0017 0.0020 0.8370 0.5472
390.0000 -45.0548 299.7001 -5.7388 -0.0018 0.0020 0.8368 0.5476
391.0000 -45.2402 300.1175 -5.7416 -0.0022 0.0011 0.8365 0.5480
392.0000 -45.4090 300.5085 -5.7425 -0.0025 0.0008 0.8362 0.5485
393.0000 -45.5771 300.8837 -5.7413 -0.0027 0.0012 0.8359 0.5488
394.0000 -45.7272 301.2525 -5.7372 -0.0028 0.0021 0.8358 0.5491
395.0000 -45.8775 301.6114 -5.7261 -0.0030 0.0027 0.8356 0.5493
396.0000 -46.0228 301.9357 -5.7215 -0.0032 0.0031 0.8354 0.5497
397.0000 -46.1719 302.2594 -5.7238 -0.0036 0.0032 0.8351 0.5500
398.0000 -46.3079 302.5640 -5.7277 -0.0047 0.0030 0.8350 0.5502
399.0000 -46.4267 302.8360 -5.7306 -0.0054 0.0028 0.8348 0.5505
400.0000 -46.5351 303.0949 -5.7208 -0.0055 0.0031 0.8348 0.5506
401.0000 -46.6421 303.3325 -5.7237 -0.0055 0.0035 0.8347 0.5507
402.0000 -46.7320 303.5550 -5.7165 -0.0059 0.0039 0.8345 0.5510
403.0000 -46.8124 303.7487 -5.7077 -0.0060 0.0041 0.8343 0.5512
404.0000 -46.8909 303.9321 -5.7133 -0.0061 0.0040 0.8342 0.5514
405.0000 -46.9702 304.1090 -5.7103 -0.0064 0.0042 0.8342 0.5514
406.0000 -47.0312 304.2471 -5.7044 -0.0066 0.0043 0.8341 0.5515
407.0000 -47.0799 304.3707 -5.7035 -0.0062 0.0043 0.8339 0.5518
408.0000 -47.1277 304.4757 -5.7101 -0.0059 0.0039 0.8338 0.5520
409.0000 -47.1843 304.5909 -5.7165 -0.0058 0.0036 0.8338 0.5520
410.0000 -47.2255 304.6929 -5.7191 -0.0059 0.0034 0.8338 0.5521
411.0000 -47.2529 304.7806 -5.7148 -0.0056 0.0032 0.8336 0.5523
412.0000 -47.2877 304.8596 -5.7089 -0.0052 0.0032 0.8335 0.5525
413.0000 -47.3227 304.9392 -5.7136 -0.0049 0.0031 0.8335 0.5525
414.0000 -47.3524 305.0059 -5.7190 -0.0050 0.0031 0.8335 0.5525
415.0000 -47.3739 305.0530 -5.7154 -0.0052 0.0031 0.8334 0.5526
416.0000 -47.3837 305.0836 -5.7144 -0.0052 0.0032 0.8334 0.5526
417.0000 -47.3878 305.1023 -5.7119 -0.0050 0.0032 0.8334 0.5526
418.0000 -47.3993 305.1207 -5.7143 -0.0049 0.0032 0.8334 0.5527
419.0000 -47.4097 305.1434 -5.7166 -0.0049 0.0032 0.8334 0.5527
420.0000 -47.4109 305.1431 -5.7165 -0.0049 0.0032 0.8334 0.5527
421.0000 -47.4025 305.1294 -5.7140 -0.0049 0.0032 0.8334 0.5527
422.0000 -47.3979 305.1230 -5.7050 -0.0048 0.0030 0.8334 0.5526
423.0000 -47.4010 305.1245 -5.6994 -0.0043 0.0028 0.8334 0.5527
424.0000 -47.4051 305.1321 -5.7070 -0.0039 0.0027 0.8333 0.5528
425.0000 -47.4084 305.1388 -5.7142 -0.0040 0.0027 0.8333 0.5528
426.0000 -47.4025 305.1344 -5.7106 -0.0042 0.0028 0.8333 0.5527
427.0000 -47.4058 305.1300 -5.7109 -0.0042 0.0027 0.8334 0.5527
428.0000 -47.4092 305.1273 -5.7130 -0.0040 0.0027 0.8333 0.5527
429.0000 -47.4084 305.1300 -5.7137 -0.0039 0.0026 0.8333 0.5528
430.0000 -47.4045 305.1325 -5.7154 -0.0039 0.0027 0.8333 0.5528
431.0000 -47.4018 305.1323 -5.7155 -0.0040 0.0027 0.8333 0.5527
432.0000 -47.4029 305.1283 -5.7123 -0.0041 0.0028 0.8334 0.5527
433.0000 -47.4046 305.1299 -5.7114 -0.0041 0.0028 0.8334 0.5527
434.0000 -47.4056 305.1322 -5.7131 -0.0040 0.0027 0.8333 0.5527
435.0000 -47.4035 305.1319 -5.7177 -0.0040 0.0027 0.8333 0.5527
436.0000 -47.4031 305.1324 -5.7174 -0.0040 0.0027 0.8333 0.5527
437.0000 -47.4036 305.1289 -5.7153 -0.0040 0.0027 0.8333 0.5527
438.0000 -47.4075 305.1243 -5.7127 -0.0040 0.0028 0.8334 0.5527
439.0000 -47.4033 305.1261 -5.7146 -0.0040 0.0027 0.8333 0.5527
440.0000 -47.4013 305.1266 -5.7146 -0.0040 0.0027 0.8334 0.5527
441.0000 -47.4029 305.1301 -5.7188 -0.0040 0.0027 0.8333 0.5527
442.0000 -47.4047 305.1304 -5.7165 -0.0040 0.0026 0.8333 0.5527
443.0000 -47.4059 305.1300 -5.7105 -0.0040 0.0027 0.8333 0.5527
444.0000 -47.4049 305.1301 -5.7119 -0.0040 0.0027 0.8333 0.5528
445.0000 -47.4002 305.1257 -5.7193 -0.0039 0.0027 0.8333 0.5528
446.0000 -47.4032 305.1281 -5.7179 -0.0040 0.0027 0.8333 0.5528
447.0000 -47.4060 305.1316 -5.7150 -0.0040 0.0027 0.8333 0.5527
448.0000 -47.4069 305.1331 -5.7161 -0.0040 0.0027 0.8333 0.5527
449.0000 -47.4054 305.1264 -5.7129 -0.0040 0.0027 0.8333 0.5527
450.0000 -47.4054 305.1322 -5.7131 -0.0040 0.0028 0.8334 0.5527
451.0000 -47.4008 305.1301 -5.7142 -0.0040 0.0027 0.8334 0.5527
452.0000 -47.4039 305.1343 -5.7168 -0.0040 0.0027 0.8333 0.5527
453.0000 -47.4064 305.1302 -5.7170 -0.0040 0.0027 0.8333 0.5527
454.0000 -47.4067 305.1286 -5.7169 -0.0039 0.0027 0.8333 0.5528
455.0000 -47.4047 305.1309 -5.7131 -0.0040 0.0027 0.8333 0.5527
456.0000 -47.4007 305.1312 -5.7143 -0.0040 0.0027 0.8333 0.5527
457.0000 -47.4012 305.1294 -5.7153 -0.0040 0.0027 0.8333 0.5527
458.0000 -47.4007 305.1267 -5.7153 -0.0040 0.0026 0.8333 0.5527
459.0000 -47.4005 305.1230 -5.7105 -0.0041 0.0025 0.8333 0.5527
460.0000 -47.4034 305.1299 -5.7100 -0.0041 0.0024 0.8334 0.5527
461.0000 -47.4012 305.1336 -5.7128 -0.0041 0.0024 0.8333 0.5527
462.0000 -47.3998 305.1347 -5.7159 -0.0040 0.0025 0.8333 0.5528
463.0000 -47.4015 305.1318 -5.7125 -0.0040 0.0025 0.8333 0.5528
464.0000 -47.3985 305.1244 -5.7114 -0.0040 0.0026 0.8333 0.5528
465.0000 -47.3957 305.1254 -5.7123 -0.0041 0.0026 0.8333 0.5527
466.0000 -47.3978 305.1282 -5.7153 -0.0040 0.0025 0.8333 0.5527
467.0000 -47.4000 305.1307 -5.7157 -0.0040 0.0024 0.8333 0.5527
468.0000 -47.4012 305.1331 -5.7123 -0.0041 0.0024 0.8333 0.5528
469.0000 -47.3984 305.1295 -5.7111 -0.0041 0.0024 0.8333 0.5528
470.0000 -47.3988 305.1267 -5.7128 -0.0040 0.0025 0.8333 0.5527
471.0000 -47.4016 305.1332 -5.7122 -0.0041 0.0025 0.8333 0.5527
472.0000 -47.4011 305.1331 -5.7116 -0.0041 0.0025 0.8333 0.5527
473.0000 -47.3976 305.1264 -5.7132 -0.0040 0.0025 0.8333 0.5527
474.0000 -47.3960 305.1259 -5.7124 -0.0040 0.0024 0.8333 0.5528
475.0000 -47.3980 305.1305 -5.7134 -0.0041 0.0024 0.8333 0.5527
476.0000 -47.4008 305.1351 -5.7139 -0.0041 0.0025 0.8333 0.5527
477.0000 -47.3995 305.1313 -5.7104 -0.0040 0.0026 0.8333 0.5527
478.0000 -47.4010 305.1306 -5.7121 -0.0040 0.0027 0.8333 0.5527
479.0000 -47.4029 305.1326 -5.7154 -0.0040 0.0026 0.8333 0.5527
480.0000 -47.3997 305.1307 -5.7181 -0.0039 0.0026 0.8333 0.5527
481.0000 -47.3997 305.1294 -5.7164 -0.0039 0.0026 0.8333 0.5527
482.0000 -47.4023 305.1293 -5.7156 -0.0040 0.0027 0.8333 0.5528
483.0000 -47.4028 305.1329 -5.7161 -0.0039 0.0027 0.8333 0.5528
484.0000 -47.4032 305.1344 -5.7157 -0.0039 0.0027 0.8333 0.5528
485.0000 -47.3996 305.1294 -5.7127 -0.0040 0.0027 0.8333 0.5528
486.0000 -47.3994 305.1308 -5.7179 -0.0040 0.0027 0.8333 0.5527
487.0000 -47.3991 305.1282 -5.7168 -0.0040 0.0027 0.8333 0.5527
488.0000 -47.4031 305.1320 -5.7151 -0.0040 0.0027 0.8333 0.5528
489.0000 -47.4036 305.1318 -5.7157 -0.0040 0.0027 0.8333 0.5528
490.0000 -47.4060 305.1317 -5.7144 -0.0040 0.0027 0.8333 0.5527
491.0000 -47.4033 305.1319 -5.7136 -0.0040 0.0027 0.8333 0.5527
492.0000 -47.4023 305.1316 -5.7172 -0.0040 0.0027 0.8333 0.5527
493.0000 -47.4009 305.1312 -5.7166 -0.0040 0.0026 0.8333 0.5528
494.0000 -47.4037 305.1286 -5.7162 -0.0040 0.0027 0.8333 0.5528
495.0000 -47.4038 305.1229 -5.7141 -0.0040 0.0027 0.8333 0.5527
496.0000 -47.4031 305.1289 -5.7150 -0.0040 0.0027 0.8334 0.5527
497.0000 -47.4025 305.1322 -5.7153 -0.0040 0.0026 0.8334 0.5527
498.0000 -47.4025 305.1329 -5.7184 -0.0040 0.0027 0.8333 0.5527
499.0000 -47.4055 305.1279 -5.7187 -0.0040 0.0027 0.8333 0.5528
500.0000 -47.4058 305.1265 -5.7142 -0.0040 0.0027 0.8333 0.5527
501.0000 -47.4046 305.1266 -5.7128 -0.0040 0.0027 0.8334 0.5527
502.0000 -47.4036 305.1298 -5.7146 -0.0040 0.0027 0.8333 0.5527
503.0000 -47.4043 305.1341 -5.7147 -0.0040 0.0027 0.8333 0.5527
504.0000 -47.4046 305.1310 -5.7161 -0.0040 0.0027 0.8333 0.5528
505.0000 -47.4053 305.1310 -5.7152 -0.0040 0.0027 0.8333 0.5528
506.0000 -47.4030 305.1264 -5.7185 -0.0040 0.0027 0.8333 0.5527
507.0000 -47.4035 305.1297 -5.7163 -0.0040 0.0027 0.8334 0.5527
508.0000 -47.4047 305.1311 -5.7173 -0.0039 0.0027 0.8334 0.5527
509.0000 -47.4033 305.1305 -5.7162 -0.0039 0.0027 0.8333 0.5527
510.0000 -47.4046 305.1256 -5.7169 -0.0040 0.0027 0.8333 0.5528
511.0000 -47.4042 305.1237 -5.7146 -0.0040 0.0026 0.8333 0.5527
512.0000 -47.4027 305.1251 -5.7156 -0.0040 0.0026 0.8334 0.5527
513.0000 -47.3991 305.1262 -5.7138 -0.0040 0.0027 0.8333 0.5527
514.0000 -47.4012 305.1331 -5.7144 -0.0040 0.0027 0.8333 0.5528
515.0000 -47.4061 305.1311 -5.7152 -0.0040 0.0027 0.8333 0.5528
516.0000 -47.4071 305.1293 -5.7151 -0.0040 0.0027 0.8333 0.5527
517.0000 -47.4039 305.1311 -5.7147 -0.0040 0.0027 0.8334 0.5527
518.0000 -47.3997 305.1277 -5.7160 -0.0040 0.0026 0.8333 0.5527
519.0000 -47.4010 305.1275 -5.7134 -0.0039 0.0026 0.8333 0.5527
520.0000 -47.4066 305.1365 -5.7125 -0.0038 0.0026 0.8333 0.5528
521.0000 -47.4117 305.1541 -5.7111 -0.0038 0.0025 0.8333 0.5528
522.0000 -47.4188 305.1676 -5.7118 -0.0036 0.0025 0.8333 0.5528
523.0000 -47.4332 305.1885 -5.7122 -0.0033 0.0024 0.8333 0.5528
524.0000 -47.4537 305.2308 -5.7155 -0.0023 0.0019 0.8333 0.5529
525.0000 -47.4711 305.2672 -5.7218 -0.0016 0.0015 0.8333 0.5529
526.0000 -47.4888 305.3142 -5.7216 -0.0017 0.0015 0.8332 0.5529
527.0000 -47.5171 305.3759 -5.7178 -0.0020 0.0017 0.8332 0.5530
528.0000 -47.5518 305.4573 -5.7165 -0.0019 0.0015 0.8332 0.5530
529.0000 -47.5865 305.5450 -5.7151 -0.0016 0.0013 0.8331 0.5531
530.0000 -47.6192 305.6283 -5.7191 -0.0013 0.0012 0.8331 0.5531
531.0000 -47.6659 305.7376 -5.7226 -0.0013 0.0011 0.8330 0.5532
532.0000 -47.7196 305.8604 -5.7259 -0.0015 0.0012 0.8330 0.5533
533.0000 -47.7750 305.9843 -5.7205 -0.0015 0.0012 0.8329 0.5534
534.0000 -47.8263 306.1206 -5.7184 -0.0012 0.0011 0.8328 0.5535
535.0000 -47.8869 306.2680 -5.7188 -0.0009 0.0010 0.8327 0.5537
536.0000 -47.9504 306.4314 -5.7248 -0.0007 0.0012 0.8327 0.5537
537.0000 -48.0192 306.6086 -5.7207 -0.0003 0.0016 0.8327 0.5538
538.0000 -48.0967 306.7994 -5.7074 0.0001 0.0018 0.8326 0.5539
539.0000 -48.1850 306.9799 -5.7068 -0.0001 0.0014 0.8325 0.5541
540.0000 -48.2676 307.1692 -5.7213 -0.0006 0.0007 0.8324 0.5542
541.0000 -48.3645 307.3776 -5.7366 -0.0011 -0.0001 0.8322 0.5544
542.0000 -48.4570 307.5980 -5.7437 -0.0009 -0.0001 0.8320 0.5547
543.0000 -48.5456 307.8336 -5.7414 -0.0006 0.0011 0.8318 0.5551
544.0000 -48.6374 308.0858 -5.7147 -0.0008 0.0024 0.8316 0.5553
545.0000 -48.7386 308.3322 -5.6964 -0.0013 0.0027 0.8315 0.5556
546.0000 -48.8576 308.5950 -5.7128 -0.0022 0.0025 0.8313 0.5559
547.0000 -48.9720 308.8608 -5.7361 -0.0030 0.0025 0.8311 0.5562
548.0000 -49.0752 309.1369 -5.7418 -0.0032 0.0028 0.8309 0.5564
549.0000 -49.1869 309.4321 -5.7255 -0.0035 0.0036 0.8307 0.5567
550.0000 -49.3099 309.7144 -5.7054 -0.0045 0.0042 0.8305 0.5570
551.0000 -49.4447 310.0236 -5.7138 -0.0052 0.0039 0.8302 0.5574
552.0000 -49.5698 310.3339 -5.7356 -0.0045 0.0031 0.8301 0.5576
553.0000 -49.6844 310.6395 -5.7472 -0.0036 0.0030 0.8299 0.5579
554.0000 -49.8103 310.9670 -5.7398 -0.0037 0.0038 0.8297 0.5581
555.0000 -49.9497 311.3015 -5.7230 -0.0047 0.0047 0.8296 0.5584
556.0000 -50.0975 311.6356 -5.7230 -0.0060 0.0052 0.8293 0.5587
557.0000 -50.2420 311.9577 -5.7419 -0.0071 0.0058 0.8291 0.5590
558.0000 -50.3703 312.2792 -5.7559 -0.0076 0.0058 0.8290 0.5592
559.0000 -50.4829 312.5822 -5.7588 -0.0078 0.0060 0.8289 0.5594
560.0000 -50.6001 312.8827 -5.7555 -0.0083 0.0069 0.8288 0.5594
561.0000 -50.7235 313.1993 -5.7471 -0.0086 0.0075 0.8286 0.5597
562.0000 -50.8475 313.5103 -5.7423 -0.0084 0.0075 0.8283 0.5601
563.0000 -50.9855 313.8185 -5.7541 -0.0083 0.0072 0.8282 0.5603
564.0000 -51.1142 314.1362 -5.7711 -0.0086 0.0071 0.8281 0.5605
565.0000 -51.2413 314.4468 -5.7742 -0.0088 0.0069 0.8281 0.5605
566.0000 -51.3683 314.7449 -5.7794 -0.0088 0.0066 0.8279 0.5608
567.0000 -51.4958 315.0529 -5.7898 -0.0089 0.0067 0.8278 0.5610
568.0000 -51.6250 315.3699 -5.7899 -0.0089 0.0068 0.8277 0.5611
569.0000 -51.7446 315.6888 -5.7857 -0.0087 0.0065 0.8276 0.5612
570.0000 -51.8754 316.0119 -5.7867 -0.0083 0.0060 0.8276 0.5612
571.0000 -52.0144 316.3253 -5.7995 -0.0081 0.0055 0.8277 0.5611
572.0000 -52.1401 316.6439 -5.8119 -0.0081 0.0052 0.8276 0.5613
573.0000 -52.2607 316.9636 -5.8146 -0.0081 0.0051 0.8274 0.5615
574.0000 -52.3937 317.2908 -5.8143 -0.0082 0.0050 0.8274 0.5616
575.0000 -52.5317 317.6189 -5.8224 -0.0084 0.0051 0.8273 0.5616
576.0000 -52.6543 317.9495 -5.8382 -0.0089 0.0065 0.8273 0.5616
577.0000 -52.7780 318.2920 -5.8360 -0.0100 0.0087 0.8273 0.5616
578.0000 -52.9078 318.6283 -5.8223 -0.0109 0.0101 0.8273 0.5616
579.0000 -53.0531 318.9621 -5.8239 -0.0112 0.0093 0.8273 0.5615
580.0000 -53.2040 319.2958 -5.8542 -0.0115 0.0083 0.8275 0.5613
581.0000 -53.3303 319.6386 -5.8610 -0.0128 0.0071 0.8276 0.5611
582.0000 -53.4612 319.9868 -5.8762 -0.0135 0.0069 0.8277 0.5610
583.0000 -53.6090 320.3291 -5.8938 -0.0116 0.0084 0.8278 0.5608
584.0000 -53.7393 320.6685 -5.8781 -0.0089 0.0098 0.8281 0.5604
585.0000 -53.8701 321.0181 -5.8556 -0.0074 0.0117 0.8282 0.5603
586.0000 -54.0092 321.3867 -5.8526 -0.0082 0.0121 0.8282 0.5603
587.0000 -54.1670 321.7428 -5.8884 -0.0102 0.0112 0.8283 0.5601
588.0000 -54.3176 322.0775 -5.9322 -0.0112 0.0087 0.8286 0.5597
589.0000 -54.4474 322.4022 -5.9567 -0.0108 0.0076 0.8287 0.5595
590.0000 -54.5806 322.7525 -5.9338 -0.0103 0.0089 0.8288 0.5593
591.0000 -54.7206 323.1124 -5.9052 -0.0104 0.0108 0.8289 0.5591
592.0000 -54.8596 323.4518 -5.8969 -0.0108 0.0117 0.8291 0.5588
593.0000 -54.9938 323.7639 -5.9274 -0.0108 0.0107 0.8294 0.5584
594.0000 -55.1304 324.0754 -5.9568 -0.0104 0.0088 0.8295 0.5583
595.0000 -55.2703 324.3969 -5.9704 -0.0104 0.0076 0.8297 0.5581
596.0000 -55.4099 324.7284 -5.9772 -0.0104 0.0084 0.8298 0.5578
597.0000 -55.5319 325.0586 -5.9660 -0.0104 0.0100 0.8300 0.5576
598.0000 -55.6560 325.3691 -5.9573 -0.0104 0.0108 0.8301 0.5574
599.0000 -55.7950 325.6835 -5.9764 -0.0107 0.0101 0.8302 0.5573
600.0000 -55.9388 326.0049 -5.9961 -0.0113 0.0092 0.8303 0.5571
601.0000 -56.0814 326.3199 -6.0119 -0.0119 0.0090 0.8306 0.5567
602.0000 -56.2055 326.6296 -6.0158 -0.0123 0.0098 0.8307 0.5566
603.0000 -56.3231 326.9371 -6.0014 -0.0121 0.0105 0.8307 0.5564
604.0000 -56.4502 327.2475 -5.9982 -0.0115 0.0103 0.8309 0.5562
605.0000 -56.5715 327.5475 -6.0199 -0.0111 0.0097 0.8310 0.5561
606.0000 -56.7017 327.8534 -6.0378 -0.0110 0.0093 0.8311 0.5559
607.0000 -56.8276 328.1517 -6.0456 -0.0115 0.0095 0.8312 0.5558
608.0000 -56.9511 328.4518 -6.0505 -0.0118 0.0101 0.8314 0.5554
609.0000 -57.0710 328.7478 -6.0480 -0.0114 0.0101 0.8316 0.5551
610.0000 -57.1919 329.0482 -6.0510 -0.0109 0.0098 0.8318 0.5549
611.0000 -57.3122 329.3482 -6.0622 -0.0109 0.0102 0.8319 0.5547
612.0000 -57.4334 329.6380 -6.0735 -0.0111 0.0112 0.8322 0.5542
613.0000 -57.5686 329.9114 -6.0728 -0.0102 0.0123 0.8327 0.5536
614.0000 -57.6845 330.1951 -6.0680 -0.0089 0.0128 0.8331 0.5530
615.0000 -57.7993 330.4877 -6.0738 -0.0084 0.0127 0.8333 0.5525
616.0000 -57.9219 330.7911 -6.0861 -0.0087 0.0123 0.8336 0.5522
617.0000 -58.0473 331.0701 -6.1016 -0.0090 0.0116 0.8339 0.5517
618.0000 -58.1710 331.3367 -6.1119 -0.0090 0.0111 0.8343 0.5511
619.0000 -58.2757 331.6039 -6.1172 -0.0085 0.0117 0.8346 0.5507
620.0000 -58.3963 331.8853 -6.1162 -0.0068 0.0138 0.8349 0.5501
621.0000 -58.5155 332.1649 -6.0994 -0.0062 0.0151 0.8352 0.5496
622.0000 -58.6375 332.4403 -6.1070 -0.0069 0.0148 0.8355 0.5493
623.0000 -58.7566 332.7071 -6.1303 -0.0075 0.0138 0.8359 0.5486
624.0000 -58.8677 332.9656 -6.1449 -0.0071 0.0133 0.8364 0.5479
625.0000 -58.9806 333.2227 -6.1355 -0.0064 0.0131 0.8367 0.5475
626.0000 -59.1051 333.4861 -6.1269 -0.0065 0.0132 0.8368 0.5473
627.0000 -59.2354 333.7479 -6.1434 -0.0072 0.0130 0.8371 0.5468
628.0000 -59.3502 334.0057 -6.1733 -0.0073 0.0130 0.8375 0.5462
629.0000 -59.4499 334.2578 -6.1711 -0.0064 0.0134 0.8379 0.5457
630.0000 -59.5523 334.5037 -6.1529 -0.0054 0.0137 0.8382 0.5452
631.0000 -59.6733 334.7604 -6.1432 -0.0055 0.0133 0.8385 0.5447
632.0000 -59.7968 335.0073 -6.1656 -0.0061 0.0123 0.8387 0.5445
633.0000 -59.9037 335.2442 -6.1866 -0.0066 0.0117 0.8386 0.5446
634.0000 -60.0104 335.5031 -6.1944 -0.0067 0.0121 0.8383 0.5450
635.0000 -60.1276 335.7605 -6.1835 -0.0070 0.0134 0.8380 0.5454
636.0000 -60.2420 336.0022 -6.1802 -0.0077 0.0141 0.8379 0.5455
637.0000 -60.3450 336.2339 -6.1950 -0.0078 0.0135 0.8380 0.5455
638.0000 -60.4418 336.4646 -6.2082 -0.0074 0.0130 0.8380 0.5455
639.0000 -60.5362 336.7123 -6.2038 -0.0071 0.0132 0.8379 0.5457
640.0000 -60.6424 336.9582 -6.1966 -0.0072 0.0134 0.8376 0.5461
641.0000 -60.7647 337.1781 -6.1933 -0.0075 0.0127 0.8375 0.5463
642.0000 -60.8804 337.4045 -6.2076 -0.0083 0.0111 0.8375 0.5463
643.0000 -60.9728 337.6424 -6.2371 -0.0093 0.0105 0.8375 0.5463
644.0000 -61.0594 337.8767 -6.2396 -0.0094 0.0122 0.8374 0.5464
645.0000 -61.1629 338.1114 -6.2280 -0.0093 0.0148 0.8373 0.5465
646.0000 -61.2735 338.3402 -6.2109 -0.0091 0.0154 0.8372 0.5466
647.0000 -61.3738 338.5613 -6.2253 -0.0087 0.0138 0.8371 0.5467
648.0000 -61.4649 338.7844 -6.2616 -0.0083 0.0124 0.8371 0.5468
649.0000 -61.5611 339.0226 -6.2726 -0.0081 0.0129 0.8371 0.5468
650.0000 -61.6643 339.2555 -6.2478 -0.0084 0.0144 0.8369 0.5471
651.0000 -61.7810 339.4808 -6.2307 -0.0093 0.0147 0.8366 0.5475
652.0000 -61.8855 339.6983 -6.2483 -0.0099 0.0135 0.8365 0.5476
653.0000 -61.9714 339.9112 -6.2787 -0.0099 0.0122 0.8367 0.5475
654.0000 -62.0484 340.1201 -6.2946 -0.0090 0.0122 0.8367 0.5475
655.0000 -62.1394 340.3297 -6.2816 -0.0078 0.0133 0.8365 0.5477
656.0000 -62.2340 340.5349 -6.2608 -0.0068 0.0137 0.8364 0.5479
657.0000 -62.3244 340.7275 -6.2717 -0.0068 0.0132 0.8363 0.5481
658.0000 -62.4057 340.9132 -6.2946 -0.0076 0.0126 0.8363 0.5480
659.0000 -62.4732 341.0905 -6.3107 -0.0080 0.0127 0.8364 0.5479
660.0000 -62.5392 341.2557 -6.2982 -0.0078 0.0134 0.8363 0.5481
661.0000 -62.6100 341.4169 -6.2816 -0.0077 0.0139 0.8361 0.5484
662.0000 -62.6905 341.5632 -6.2851 -0.0077 0.0139 0.8361 0.5483
663.0000 -62.7475 341.6979 -6.2985 -0.0080 0.0136 0.8362 0.5483
664.0000 -62.7993 341.8254 -6.3123 -0.0083 0.0134 0.8361 0.5484
665.0000 -62.8544 341.9522 -6.3171 -0.0084 0.0135 0.8360 0.5485
666.0000 -62.9083 342.0660 -6.3093 -0.0084 0.0138 0.8360 0.5485
667.0000 -62.9451 342.1592 -6.3036 -0.0083 0.0140 0.8360 0.5485
668.0000 -62.9812 342.2507 -6.3078 -0.0080 0.0141 0.8360 0.5486
669.0000 -63.0191 342.3398 -6.3118 -0.0078 0.0140 0.8359 0.5486
670.0000 -63.0617 342.4192 -6.3135 -0.0078 0.0139 0.8359 0.5486
671.0000 -63.0962 342.4943 -6.3218 -0.0078 0.0139 0.8359 0.5487
672.0000 -63.1199 342.5609 -6.3208 -0.0079 0.0138 0.8358 0.5488
673.0000 -63.1428 342.6266 -6.3203 -0.0077 0.0140 0.8359 0.5487
674.0000 -63.1687 342.6838 -6.3195 -0.0076 0.0142 0.8359 0.5487
675.0000 -63.1944 342.7418 -6.3170 -0.0075 0.0143 0.8358 0.5488
676.0000 -63.2274 342.8037 -6.3206 -0.0074 0.0143 0.8358 0.5488
677.0000 -63.2548 342.8578 -6.3295 -0.0073 0.0144 0.8358 0.5488
678.0000 -63.2728 342.9022 -6.3289 -0.0073 0.0144 0.8358 0.5489
679.0000 -63.2845 342.9449 -6.3239 -0.0075 0.0145 0.8358 0.5489
680.0000 -63.3023 342.9932 -6.3212 -0.0075 0.0146 0.8357 0.5489
681.0000 -63.3217 343.0349 -6.3266 -0.0073 0.0146 0.8357 0.5489
682.0000 -63.3361 343.0621 -6.3303 -0.0073 0.0146 0.8357 0.5490
683.0000 -63.3494 343.0930 -6.3308 -0.0074 0.0146 0.8357 0.5490
684.0000 -63.3570 343.1215 -6.3335 -0.0074 0.0145 0.8357 0.5489
685.0000 -63.3649 343.1428 -6.3313 -0.0073 0.0145 0.8357 0.5489
686.0000 -63.3729 343.1553 -6.3278 -0.0073 0.0146 0.8357 0.5490
687.0000 -63.3772 343.1574 -6.3294 -0.0073 0.0146 0.8357 0.5490
688.0000 -63.3815 343.1583 -6.3332 -0.0073 0.0146 0.8357 0.5490
689.0000 -63.3782 343.1594 -6.3333 -0.0074 0.0146 0.8357 0.5490
690.0000 -63.3697 343.1497 -6.3305 -0.0073 0.0145 0.8357 0.5490
691.0000 -63.3677 343.1425 -6.3311 -0.0071 0.0143 0.8357 0.5490
692.0000 -63.3716 343.1443 -6.3316 -0.0071 0.0143 0.8357 0.5490
693.0000 -63.3754 343.1499 -6.3331 -0.0071 0.0143 0.8356 0.5490
694.0000 -63.3746 343.1579 -6.3332 -0.0071 0.0144 0.8356 0.5490
695.0000 -63.3740 343.1600 -6.3305 -0.0071 0.0144 0.8357 0.5490
696.0000 -63.3752 343.1552 -6.3310 -0.0071 0.0144 0.8357 0.5490
697.0000 -63.3717 343.1477 -6.3324 -0.0071 0.0144 0.8357 0.5490
698.0000 -63.3719 343.1467 -6.3336 -0.0071 0.0143 0.8357 0.5490
699.0000 -63.3744 343.1512 -6.3352 -0.0071 0.0143 0.8357 0.5490
700.0000 -63.3724 343.1537 -6.3341 -0.0071 0.0144 0.8356 0.5490
701.0000 -63.3739 343.1543 -6.3355 -0.0071 0.0144 0.8357 0.5490
702.0000 -63.3736 343.1549 -6.3340 -0.0071 0.0144 0.8357 0.5490
703.0000 -63.3706 343.1504 -6.3337 -0.0071 0.0143 0.8357 0.5490
704.0000 -63.3699 343.1516 -6.3325 -0.0071 0.0143 0.8357 0.5490
705.0000 -63.3759 343.1545 -6.3342 -0.0071 0.0143 0.8357 0.5490
706.0000 -63.3779 343.1571 -6.3343 -0.0071 0.0144 0.8356 0.5490
707.0000 -63.3742 343.1584 -6.3341 -0.0071 0.0144 0.8357 0.5490
708.0000 -63.3720 343.1524 -6.3338 -0.0071 0.0144 0.8357 0.5490
709.0000 -63.3721 343.1494 -6.3342 -0.0071 0.0143 0.8357 0.5490
710.0000 -63.3730 343.1530 -6.3327 -0.0071 0.0143 0.8357 0.5490
711.0000 -63.3727 343.1509 -6.3330 -0.0071 0.0143 0.8357 0.5490
712.0000 -63.3749 343.1491 -6.3346 -0.0071 0.0143 0.8356 0.5490
713.0000 -63.3744 343.1482 -6.3339 -0.0071 0.0144 0.8357 0.5490
714.0000 -63.3736 343.1505 -6.3333 -0.0071 0.0144 0.8357 0.5490
715.0000 -63.3692 343.1525 -6.3342 -0.0071 0.0143 0.8357 0.5490
716.0000 -63.3700 343.1534 -6.3332 -0.0071 0.0143 0.8357 0.5490
717.0000 -63.3734 343.1530 -6.3308 -0.0071 0.0143 0.8357 0.5490
718.0000 -63.3749 343.1482 -6.3326 -0.0071 0.0144 0.8357 0.5490
719.0000 -63.3730 343.1499 -6.3345 -0.0071 0.0143 0.8356 0.5490
720.0000 -63.3720 343.1589 -6.3354 -0.0071 0.0143 0.8357 0.5490
721.0000 -63.3719 343.1537 -6.3344 -0.0071 0.0143 0.8357 0.5490
722.0000 -63.3715 343.1516 -6.3341 -0.0071 0.0144 0.8357 0.5490
723.0000 -63.3760 343.1531 -6.3357 -0.0071 0.0144 0.8357 0.5490
724.0000 -63.3714 343.1503 -6.3356 -0.0071 0.0143 0.8357 0.5490
725.0000 -63.3684 343.1460 -6.3311 -0.0071 0.0143 0.8356 0.5491
726.0000 -63.3713 343.1529 -6.3336 -0.0071 0.0143 0.8357 0.5490
727.0000 -63.3763 343.1556 -6.3347 -0.0071 0.0144 0.8357 0.5490
728.0000 -63.3735 343.1544 -6.3335 -0.0071 0.0144 0.8357 0.5490
729.0000 -63.3731 343.1543 -6.3326 -0.0071 0.0144 0.8357 0.5490
730.0000 -63.3701 343.1495 -6.3342 -0.0071 0.0144 0.8357 0.5490
731.0000 -63.3690 343.1483 -6.3331 -0.0071 0.0143 0.8357 0.5490
732.0000 -63.3733 343.1494 -6.3339 -0.0071 0.0143 0.8357 0.5490
733.0000 -63.3786 343.1518 -6.3357 -0.0071 0.0144 0.8356 0.5490
734.0000 -63.3786 343.1554 -6.3359 -0.0071 0.0144 0.8357 0.5490
735.0000 -63.3749 343.1586 -6.3325 -0.0071 0.0143 0.8357 0.5490
736.0000 -63.3697 343.1519 -6.3316 -0.0071 0.0143 0.8357 0.5490
737.0000 -63.3669 343.1462 -6.3341 -0.0071 0.0144 0.8357 0.5490
738.0000 -63.3742 343.1521 -6.3344 -0.0071 0.0144 0.8357 0.5490
739.0000 -63.3750 343.1537 -6.3333 -0.0071 0.0143 0.8357 0.5490
740.0000 -63.3711 343.1528 -6.3351 -0.0071 0.0143 0.8357 0.5490
741.0000 -63.3710 343.1474 -6.3350 -0.0071 0.0144 0.8357 0.5490
742.0000 -63.3689 343.1478 -6.3346 -0.0071 0.0143 0.8357 0.5490
743.0000 -63.3681 343.1490 -6.3346 -0.0071 0.0143 0.8357 0.5490
744.0000 -63.3693 343.1505 -6.3360 -0.0071 0.0143 0.8356 0.5490
745.0000 -63.3691 343.1538 -6.3350 -0.0071 0.0144 0.8357 0.5490
746.0000 -63.3697 343.1547 -6.3334 -0.0071 0.0144 0.8356 0.5490
747.0000 -63.3693 343.1484 -6.3325 -0.0071 0.0143 0.8356 0.5490
748.0000 -63.3685 343.1468 -6.3343 -0.0071 0.0143 0.8357 0.5490
749.0000 -63.3747 343.1531 -6.3353 -0.0071 0.0143 0.8357 0.5490
750.0000 -63.3774 343.1594 -6.3340 -0.0071 0.0144 0.8357 0.5490
751.0000 -63.3757 343.1599 -6.3312 -0.0071 0.0144 0.8357 0.5490
752.0000 -63.3724 343.1545 -6.3316 -0.0071 0.0144 0.8357 0.5490
753.0000 -63.3705 343.1509 -6.3334 -0.0071 0.0143 0.8356 0.5490
754.0000 -63.3712 343.1489 -6.3339 -0.0071 0.0143 0.8356 0.5490
755.0000 -63.3765 343.1504 -6.3361 -0.0071 0.0143 0.8356 0.5491
756.0000 -63.3758 343.1541 -6.3344 -0.0071 0.0144 0.8357 0.5490
757.0000 -63.3727 343.1600 -6.3340 -0.0071 0.0143 0.8357 0.5490
758.0000 -63.3707 343.1543 -6.3325 -0.0071 0.0143 0.8357 0.5490
759.0000 -63.3742 343.1581 -6.3316 -0.0071 0.0144 0.8357 0.5490
760.0000 -63.3742 343.1556 -6.3322 -0.0071 0.0143 0.8357 0.5490
761.0000 -63.3754 343.1553 -6.3351 -0.0071 0.0143 0.8357 0.5490
762.0000 -63.3752 343.1498 -6.3365 -0.0071 0.0143 0.8357 0.5490
763.0000 -63.3708 343.1457 -6.3339 -0.0071 0.0144 0.8357 0.5490
764.0000 -63.3701 343.1520 -6.3329 -0.0071 0.0144 0.8357 0.5490
765.0000 -63.3693 343.1563 -6.3323 -0.0071 0.0144 0.8357 0.5490
766.0000 -63.3749 343.1581 -6.3325 -0.0071 0.0144 0.8357 0.5490
767.0000 -63.3740 343.1539 -6.3345 -0.0071 0.0143 0.8357 0.5490
768.0000 -63.3714 343.1499 -6.3344 -0.0071 0.0143 0.8357 0.5490
769.0000 -63.3694 343.1490 -6.3337 -0.0071 0.0143 0.8357 0.5490
770.0000 -63.3708 343.1528 -6.3370 -0.0071 0.0144 0.8357 0.5490
771.0000 -63.3713 343.1516 -6.3333 -0.0071 0.0144 0.8357 0.5490
772.0000 -63.3735 343.1518 -6.3325 -0.0071 0.0143 0.8356 0.5491
773.0000 -63.3735 343.1547 -6.3327 -0.0071 0.0143 0.8356 0.5491
774.0000 -63.3704 343.1528 -6.3344 -0.0071 0.0143 0.8357 0.5490
775.0000 -63.3762 343.1508 -6.3344 -0.0071 0.0143 0.8357 0.5490
776.0000 -63.3793 343.1506 -6.3340 -0.0071 0.0144 0.8357 0.5490
777.0000 -63.3754 343.1502 -6.3316 -0.0071 0.0144 0.8357 0.5490
778.0000 -63.3705 343.1529 -6.3329 -0.0071 0.0144 0.8356 0.5491
779.0000 -63.3716 343.1555 -6.3345 -0.0071 0.0144 0.8357 0.5490
780.0000 -63.3719 343.1514 -6.3341 -0.0071 0.0143 0.8357 0.5490
781.0000 -63.3691 343.1491 -6.3335 -0.0071 0.0143 0.8357 0.5490
782.0000 -63.3707 343.1497 -6.3344 -0.0071 0.0143 0.8357 0.5490
