0.0000 0.0000 0.0000 0.0000 0.0000 0.0000 0.0000 1.0000
1.0000 -0.0003 0.0000 -0.0002 -0.0000 -0.0000 -0.0000 1.0000
2.0000 -0.0011 -0.0002 -0.0003 0.0000 -0.0000 0.0000 1.0000
3.0000 -0.0022 -0.0002 -0.0005 0.0000 -0.0001 0.0000 1.0000
4.0000 -0.0010 -0.0000 -0.0013 -0.0000 -0.0005 -0.0000 1.0000
5.0000 0.0053 0.0000 -0.0021 -0.0001 -0.0009 0.0000 1.0000
6.0000 0.0179 -0.0000 -0.0024 -0.0001 -0.0011 -0.0000 1.0000
7.0000 0.0368 -0.0001 -0.0025 -0.0000 -0.0013 -0.0001 1.0000
8.0000 0.0640 -0.0003 -0.0029 -0.0000 -0.0018 -0.0001 1.0000
9.0000 0.1034 -0.0003 -0.0036 -0.0000 -0.0026 -0.0001 1.0000
10.0000 0.1587 -0.0002 -0.0044 -0.0001 -0.0035 -0.0000 1.0000
11.0000 0.2317 -0.0004 -0.0043 -0.0000 -0.0039 0.0001 1.0000
12.0000 0.3219 -0.0009 -0.0039 0.0002 -0.0039 0.0001 1.0000
13.0000 0.4285 -0.0016 -0.0041 0.0004 -0.0039 0.0002 1.0000
14.0000 0.5518 -0.0029 -0.0047 0.0008 -0.0038 0.0003 1.0000
15.0000 0.6905 -0.0045 -0.0047 0.0013 -0.0043 0.0004 1.0000
16.0000 0.8464 -0.0048 -0.0040 0.0014 -0.0048 0.0004 1.0000
17.0000 1.0215 -0.0047 -0.0036 0.0015 -0.0050 0.0006 1.0000
18.0000 1.2164 -0.0042 -0.0038 0.0015 -0.0051 0.0008 1.0000
19.0000 1.4301 -0.0045 -0.0038 0.0017 -0.0053 0.0009 1.0000
20.0000 1.6618 -0.0053 -0.0028 0.0021 -0.0058 0.0011 1.0000
21.0000 1.9125 -0.0059 -0.0012 0.0024 -0.0058 0.0014 1.0000
22.0000 2.1805 -0.0072 0.0009 0.0031 -0.0059 0.0016 1.0000
23.0000 2.4649 -0.0074 0.0040 0.0031 -0.0059 0.0018 1.0000
24.0000 2.7653 -0.0059 0.0067 0.0032 -0.0058 0.0019 1.0000
25.0000 3.0795 -0.0044 0.0096 0.0031 -0.0063 0.0022 1.0000
26.0000 3.4079 -0.0053 0.0110 0.0038 -0.0076 0.0027 1.0000
27.0000 3.7540 -0.0051 0.0131 0.0042 -0.0082 0.0030 1.0000
28.0000 4.1168 -0.0035 0.0152 0.0044 -0.0091 0.0032 0.9999
29.0000 4.4965 -0.0003 0.0193 0.0042 -0.0097 0.0038 0.9999
30.0000 4.8937 0.0037 0.0244 0.0040 -0.0098 0.0043 0.9999
31.0000 5.3069 0.0075 0.0290 0.0042 -0.0098 0.0052 0.9999
32.0000 5.7366 0.0122 0.0338 0.0046 -0.0095 0.0066 0.9999
33.0000 6.1763 0.0208 0.0394 0.0047 -0.0077 0.0086 0.9999
34.0000 6.6217 0.0322 0.0454 0.0049 -0.0066 0.0112 0.9999
35.0000 7.0716 0.0478 0.0517 0.0047 -0.0060 0.0142 0.9999
36.0000 7.5265 0.0676 0.0583 0.0047 -0.0054 0.0174 0.9998
37.0000 7.9860 0.0923 0.0635 0.0041 -0.0052 0.0211 0.9998
38.0000 8.4520 0.1198 0.0684 0.0041 -0.0048 0.0250 0.9997
39.0000 8.9235 0.1511 0.0704 0.0042 -0.0054 0.0291 0.9996
40.0000 9.4037 0.1853 0.0746 0.0050 -0.0058 0.0337 0.9994
41.0000 9.8924 0.2291 0.0801 0.0049 -0.0060 0.0388 0.9992
42.0000 10.3923 0.2784 0.0852 0.0051 -0.0056 0.0443 0.9990
43.0000 10.9021 0.3386 0.0886 0.0042 -0.0048 0.0505 0.9987
44.0000 11.4217 0.4028 0.0903 0.0049 -0.0039 0.0574 0.9983
45.0000 11.9511 0.4766 0.0924 0.0053 -0.0023 0.0647 0.9979
46.0000 12.4867 0.5582 0.0965 0.0063 -0.0009 0.0724 0.9974
47.0000 13.0257 0.6579 0.1002 0.0049 -0.0002 0.0811 0.9967
48.0000 13.5703 0.7648 0.1000 0.0059 0.0004 0.0904 0.9959
49.0000 14.1201 0.8838 0.0963 0.0061 0.0008 0.1004 0.9949
50.0000 14.6721 1.0252 0.0940 0.0039 0.0004 0.1114 0.9938
51.0000 15.2317 1.1727 0.0965 0.0062 0.0011 0.1234 0.9923
52.0000 15.8079 1.3223 0.0980 0.0094 0.0026 0.1366 0.9906
53.0000 16.3739 1.5040 0.0943 0.0109 0.0024 0.1512 0.9884
54.0000 16.9377 1.7216 0.0923 0.0077 0.0024 0.1660 0.9861
55.0000 17.5040 1.9576 0.0901 0.0074 0.0032 0.1811 0.9834
56.0000 18.0694 2.2054 0.0868 0.0083 0.0026 0.1982 0.9801
57.0000 18.6366 2.4712 0.0870 0.0107 0.0029 0.2149 0.9766
58.0000 19.1973 2.7739 0.0873 0.0087 0.0037 0.2307 0.9730
59.0000 19.7445 3.0968 0.0846 0.0071 0.0010 0.2473 0.9689
60.0000 20.2848 3.4392 0.0841 0.0055 -0.0022 0.2646 0.9643
61.0000 20.8257 3.8021 0.0915 0.0028 -0.0043 0.2813 0.9596
62.0000 21.3449 4.1908 0.0956 0.0004 -0.0089 0.2981 0.9545
63.0000 21.8582 4.5988 0.1022 -0.0008 -0.0119 0.3150 0.9490
64.0000 22.3693 5.0243 0.1142 0.0000 -0.0124 0.3321 0.9432
65.0000 22.8684 5.4737 0.1273 -0.0005 -0.0127 0.3489 0.9371
66.0000 23.3540 5.9471 0.1405 -0.0011 -0.0123 0.3656 0.9307
67.0000 23.8305 6.4376 0.1522 -0.0003 -0.0110 0.3829 0.9237
68.0000 24.2988 6.9471 0.1625 0.0015 -0.0080 0.4004 0.9163
69.0000 24.7524 7.4781 0.1707 0.0033 -0.0046 0.4178 0.9085
70.0000 25.1852 8.0301 0.1779 0.0042 -0.0025 0.4350 0.9004
71.0000 25.5991 8.6046 0.1836 0.0045 -0.0004 0.4520 0.8920
72.0000 25.9991 9.1933 0.1867 0.0036 0.0009 0.4682 0.8836
73.0000 26.3732 9.8110 0.1861 0.0017 0.0020 0.4832 0.8755
74.0000 26.7267 10.4482 0.1857 -0.0016 0.0023 0.4972 0.8676
75.0000 27.0650 11.0951 0.1840 -0.0027 0.0014 0.5102 0.8601
76.0000 27.3898 11.7522 0.1817 -0.0023 -0.0002 0.5224 0.8527
77.0000 27.7031 12.4243 0.1753 -0.0017 -0.0009 0.5339 0.8455
78.0000 27.9996 13.1153 0.1678 -0.0037 -0.0010 0.5441 0.8390
79.0000 28.2850 13.8211 0.1652 -0.0065 0.0008 0.5531 0.8331
80.0000 28.5630 14.5326 0.1626 -0.0082 0.0029 0.5609 0.8279
81.0000 28.8340 15.2450 0.1533 -0.0076 0.0039 0.5675 0.8233
82.0000 29.0976 15.9643 0.1405 -0.0069 0.0049 0.5732 0.8194
83.0000 29.3622 16.6860 0.1275 -0.0079 0.0060 0.5778 0.8161
84.0000 29.6109 17.4277 0.1123 -0.0108 0.0073 0.5814 0.8135
85.0000 29.8566 18.1760 0.0932 -0.0135 0.0082 0.5836 0.8119
86.0000 30.1046 18.9273 0.0726 -0.0150 0.0086 0.5848 0.8110
87.0000 30.3531 19.6828 0.0493 -0.0157 0.0079 0.5856 0.8104
88.0000 30.6008 20.4442 0.0235 -0.0160 0.0065 0.5863 0.8099
89.0000 30.8493 21.2121 -0.0010 -0.0162 0.0052 0.5871 0.8093
90.0000 31.1009 21.9859 -0.0226 -0.0161 0.0048 0.5880 0.8087
91.0000 31.3607 22.7557 -0.0411 -0.0155 0.0044 0.5889 0.8081
92.0000 31.6133 23.5398 -0.0618 -0.0151 0.0041 0.5898 0.8074
93.0000 31.8653 24.3305 -0.0819 -0.0152 0.0042 0.5908 0.8067
94.0000 32.1158 25.1279 -0.1033 -0.0162 0.0046 0.5918 0.8059
95.0000 32.3683 25.9288 -0.1241 -0.0162 0.0057 0.5928 0.8051
96.0000 32.6186 26.7353 -0.1469 -0.0168 0.0066 0.5940 0.8042
97.0000 32.8661 27.5455 -0.1719 -0.0172 0.0068 0.5953 0.8033
98.0000 33.1127 28.3602 -0.1973 -0.0173 0.0071 0.5965 0.8024
99.0000 33.3588 29.1801 -0.2245 -0.0174 0.0073 0.5978 0.8014
100.0000 33.6029 30.0070 -0.2527 -0.0181 0.0078 0.5991 0.8004
101.0000 33.8456 30.8392 -0.2813 -0.0186 0.0084 0.6005 0.7994
102.0000 34.0942 31.6690 -0.3077 -0.0187 0.0088 0.6018 0.7984
103.0000 34.3337 32.5109 -0.3390 -0.0189 0.0089 0.6031 0.7974
104.0000 34.5712 33.3586 -0.3711 -0.0192 0.0090 0.6044 0.7964
105.0000 34.8082 34.2113 -0.4036 -0.0194 0.0095 0.6058 0.7953
106.0000 35.0440 35.0699 -0.4376 -0.0200 0.0103 0.6073 0.7942
107.0000 35.2760 35.9348 -0.4735 -0.0212 0.0113 0.6089 0.7929
108.0000 35.5059 36.8029 -0.5102 -0.0215 0.0123 0.6108 0.7914
109.0000 35.7306 37.6742 -0.5487 -0.0220 0.0124 0.6128 0.7898
110.0000 35.9500 38.5500 -0.5905 -0.0226 0.0122 0.6148 0.7883
111.0000 36.1720 39.4260 -0.6299 -0.0233 0.0130 0.6168 0.7867
112.0000 36.3864 40.3097 -0.6716 -0.0238 0.0139 0.6189 0.7850
113.0000 36.5964 41.1952 -0.7159 -0.0242 0.0144 0.6209 0.7834
114.0000 36.8020 42.0833 -0.7617 -0.0244 0.0148 0.6229 0.7818
115.0000 37.0030 42.9741 -0.8081 -0.0250 0.0155 0.6249 0.7802
116.0000 37.1990 43.8665 -0.8561 -0.0258 0.0162 0.6268 0.7785
117.0000 37.3914 44.7582 -0.9046 -0.0259 0.0167 0.6288 0.7769
118.0000 37.5802 45.6497 -0.9536 -0.0253 0.0170 0.6308 0.7754
119.0000 37.7638 46.5447 -1.0053 -0.0253 0.0172 0.6328 0.7737
120.0000 37.9427 47.4443 -1.0569 -0.0261 0.0180 0.6347 0.7721
121.0000 38.1190 48.3466 -1.1084 -0.0266 0.0192 0.6366 0.7705
122.0000 38.2896 49.2476 -1.1640 -0.0276 0.0194 0.6386 0.7688
123.0000 38.4547 50.1542 -1.2217 -0.0283 0.0198 0.6404 0.7673
124.0000 38.6163 51.0636 -1.2797 -0.0291 0.0200 0.6420 0.7659
125.0000 38.7756 51.9736 -1.3388 -0.0290 0.0200 0.6436 0.7646
126.0000 38.9314 52.8862 -1.3990 -0.0289 0.0197 0.6452 0.7632
127.0000 39.0843 53.8036 -1.4602 -0.0293 0.0202 0.6468 0.7618
128.0000 39.2333 54.7262 -1.5217 -0.0303 0.0212 0.6486 0.7602
129.0000 39.3786 55.6498 -1.5833 -0.0304 0.0218 0.6506 0.7585
130.0000 39.5169 56.5742 -1.6462 -0.0300 0.0207 0.6528 0.7566
131.0000 39.6478 57.5050 -1.7122 -0.0304 0.0199 0.6552 0.7546
132.0000 39.7763 58.4430 -1.7773 -0.0307 0.0209 0.6579 0.7522
133.0000 39.9005 59.3865 -1.8391 -0.0313 0.0217 0.6606 0.7498
134.0000 40.0154 60.3330 -1.9074 -0.0309 0.0212 0.6633 0.7474
135.0000 40.1236 61.2859 -1.9761 -0.0308 0.0208 0.6660 0.7450
136.0000 40.2274 62.2446 -2.0427 -0.0303 0.0210 0.6688 0.7425
137.0000 40.3237 63.2085 -2.1090 -0.0301 0.0209 0.6716 0.7400
138.0000 40.4136 64.1769 -2.1757 -0.0294 0.0207 0.6743 0.7376
139.0000 40.4975 65.1506 -2.2410 -0.0286 0.0205 0.6770 0.7351
140.0000 40.5734 66.1310 -2.3071 -0.0286 0.0202 0.6796 0.7327
141.0000 40.6451 67.1187 -2.3734 -0.0292 0.0204 0.6820 0.7305
142.0000 40.7101 68.1129 -2.4398 -0.0296 0.0210 0.6843 0.7283
143.0000 40.7686 69.1120 -2.5086 -0.0301 0.0211 0.6863 0.7264
144.0000 40.8222 70.1162 -2.5790 -0.0301 0.0213 0.6884 0.7244
145.0000 40.8704 71.1255 -2.6494 -0.0301 0.0213 0.6905 0.7224
146.0000 40.9132 72.1395 -2.7205 -0.0298 0.0212 0.6926 0.7203
147.0000 40.9487 73.1587 -2.7914 -0.0298 0.0206 0.6948 0.7183
148.0000 40.9797 74.1834 -2.8618 -0.0296 0.0205 0.6969 0.7163
149.0000 41.0044 75.2127 -2.9314 -0.0295 0.0202 0.6989 0.7143
150.0000 41.0236 76.2460 -3.0006 -0.0292 0.0199 0.7010 0.7123
151.0000 41.0351 77.2847 -3.0709 -0.0298 0.0195 0.7030 0.7103
152.0000 41.0449 78.3297 -3.1399 -0.0305 0.0191 0.7047 0.7086
153.0000 41.0467 79.3750 -3.2092 -0.0305 0.0182 0.7062 0.7071
154.0000 41.0450 80.4222 -3.2778 -0.0297 0.0167 0.7077 0.7057
155.0000 41.0390 81.4737 -3.3437 -0.0289 0.0154 0.7092 0.7042
156.0000 41.0288 82.5298 -3.4071 -0.0284 0.0144 0.7109 0.7026
157.0000 41.0157 83.5882 -3.4661 -0.0269 0.0138 0.7126 0.7009
158.0000 40.9950 84.6482 -3.5229 -0.0257 0.0125 0.7147 0.6989
159.0000 40.9680 85.7090 -3.5756 -0.0245 0.0117 0.7169 0.6967
160.0000 40.9351 86.7681 -3.6238 -0.0230 0.0108 0.7192 0.6944
161.0000 40.8986 87.8301 -3.6708 -0.0218 0.0099 0.7214 0.6921
162.0000 40.8515 88.8903 -3.7135 -0.0209 0.0095 0.7236 0.6899
163.0000 40.7972 89.9513 -3.7543 -0.0206 0.0092 0.7258 0.6875
164.0000 40.7338 91.0109 -3.7954 -0.0207 0.0083 0.7280 0.6852
165.0000 40.6647 92.0688 -3.8338 -0.0201 0.0076 0.7302 0.6829
166.0000 40.5883 93.1234 -3.8696 -0.0192 0.0060 0.7324 0.6806
167.0000 40.5054 94.1746 -3.9032 -0.0177 0.0039 0.7345 0.6783
168.0000 40.4173 95.2260 -3.9316 -0.0163 0.0028 0.7367 0.6760
169.0000 40.3279 96.2785 -3.9572 -0.0146 0.0038 0.7388 0.6737
170.0000 40.2311 97.3322 -3.9811 -0.0143 0.0053 0.7409 0.6715
171.0000 40.1268 98.3813 -4.0054 -0.0138 0.0058 0.7430 0.6691
172.0000 40.0153 99.4226 -4.0282 -0.0120 0.0047 0.7451 0.6668
173.0000 39.8968 100.4587 -4.0502 -0.0098 0.0026 0.7472 0.6646
174.0000 39.7674 101.4970 -4.0671 -0.0102 0.0012 0.7491 0.6624
175.0000 39.6347 102.5378 -4.0806 -0.0113 0.0024 0.7510 0.6602
176.0000 39.4986 103.5746 -4.0958 -0.0115 0.0030 0.7529 0.6580
177.0000 39.3572 104.6051 -4.1127 -0.0103 0.0024 0.7547 0.6559
178.0000 39.2101 105.6348 -4.1311 -0.0089 0.0017 0.7566 0.6538
179.0000 39.0555 106.6694 -4.1470 -0.0088 0.0015 0.7585 0.6517
180.0000 38.8935 107.7078 -4.1601 -0.0093 0.0017 0.7602 0.6496
181.0000 38.7258 108.7460 -4.1751 -0.0092 0.0015 0.7620 0.6475
182.0000 38.5529 109.7852 -4.1909 -0.0089 0.0014 0.7638 0.6454
183.0000 38.3724 110.8275 -4.2063 -0.0095 0.0015 0.7656 0.6433
184.0000 38.1890 111.8715 -4.2217 -0.0091 0.0024 0.7674 0.6411
185.0000 37.9960 112.9157 -4.2376 -0.0094 0.0021 0.7693 0.6388
186.0000 37.7971 113.9605 -4.2547 -0.0090 0.0021 0.7713 0.6364
187.0000 37.5894 115.0070 -4.2707 -0.0093 0.0018 0.7734 0.6339
188.0000 37.3757 116.0544 -4.2865 -0.0089 0.0019 0.7754 0.6314
189.0000 37.1546 117.1021 -4.3015 -0.0085 0.0016 0.7776 0.6287
190.0000 36.9263 118.1495 -4.3162 -0.0074 0.0010 0.7797 0.6262
191.0000 36.6924 119.1991 -4.3280 -0.0062 0.0010 0.7818 0.6235
192.0000 36.4484 120.2518 -4.3390 -0.0060 0.0011 0.7839 0.6209
193.0000 36.1981 121.3075 -4.3489 -0.0060 0.0021 0.7860 0.6182
194.0000 35.9367 122.3612 -4.3590 -0.0061 0.0013 0.7881 0.6155
195.0000 35.6682 123.4166 -4.3715 -0.0059 0.0010 0.7902 0.6128
196.0000 35.3867 124.4766 -4.3842 -0.0081 0.0008 0.7923 0.6101
197.0000 35.0980 125.5370 -4.3958 -0.0097 0.0008 0.7943 0.6074
198.0000 34.8031 126.5924 -4.4108 -0.0092 -0.0008 0.7965 0.6046
199.0000 34.5011 127.6493 -4.4265 -0.0083 -0.0019 0.7987 0.6017
200.0000 34.1891 128.7135 -4.4398 -0.0095 -0.0011 0.8010 0.5986
201.0000 33.8679 129.7796 -4.4518 -0.0110 0.0002 0.8034 0.5953
202.0000 33.5415 130.8414 -4.4679 -0.0100 0.0007 0.8058 0.5921
203.0000 33.2081 131.9032 -4.4871 -0.0082 0.0015 0.8082 0.5889
204.0000 32.8625 132.9659 -4.5024 -0.0078 0.0017 0.8105 0.5856
205.0000 32.5060 134.0286 -4.5167 -0.0076 0.0018 0.8128 0.5824
206.0000 32.1391 135.0896 -4.5307 -0.0075 0.0009 0.8151 0.5793
207.0000 31.7606 136.1492 -4.5425 -0.0076 -0.0006 0.8170 0.5766
208.0000 31.3744 137.2123 -4.5574 -0.0084 -0.0009 0.8190 0.5737
209.0000 30.9809 138.2794 -4.5697 -0.0097 0.0003 0.8211 0.5708
210.0000 30.5817 139.3458 -4.5862 -0.0099 0.0015 0.8231 0.5678
211.0000 30.1780 140.4090 -4.6035 -0.0082 0.0023 0.8251 0.5650
212.0000 29.7661 141.4684 -4.6193 -0.0056 0.0018 0.8271 0.5621
213.0000 29.3454 142.5288 -4.6311 -0.0036 0.0019 0.8291 0.5591
214.0000 28.9118 143.5930 -4.6399 -0.0042 0.0025 0.8310 0.5562
215.0000 28.4675 144.6572 -4.6475 -0.0056 0.0029 0.8329 0.5534
216.0000 28.0132 145.7189 -4.6598 -0.0068 0.0024 0.8347 0.5507
217.0000 27.5510 146.7796 -4.6758 -0.0079 0.0014 0.8362 0.5484
218.0000 27.0831 147.8416 -4.6915 -0.0088 0.0010 0.8373 0.5467
219.0000 26.6120 148.9022 -4.7078 -0.0087 -0.0004 0.8382 0.5453
220.0000 26.1405 149.9649 -4.7225 -0.0074 -0.0007 0.8390 0.5441
221.0000 25.6670 151.0346 -4.7362 -0.0069 0.0009 0.8397 0.5430
222.0000 25.1867 152.1069 -4.7482 -0.0079 0.0019 0.8404 0.5420
223.0000 24.7049 153.1761 -4.7630 -0.0067 0.0021 0.8411 0.5409
224.0000 24.2156 154.2414 -4.7772 -0.0057 -0.0003 0.8418 0.5397
225.0000 23.7233 155.3118 -4.7881 -0.0048 -0.0006 0.8424 0.5389
226.0000 23.2248 156.3877 -4.7949 -0.0060 -0.0002 0.8429 0.5380
227.0000 22.7249 157.4631 -4.8024 -0.0060 -0.0002 0.8436 0.5370
228.0000 22.2207 158.5384 -4.8128 -0.0059 -0.0009 0.8443 0.5359
229.0000 21.7120 159.6170 -4.8235 -0.0065 -0.0010 0.8449 0.5348
230.0000 21.1973 160.6983 -4.8342 -0.0080 -0.0007 0.8455 0.5339
231.0000 20.6792 161.7801 -4.8482 -0.0090 -0.0008 0.8461 0.5330
232.0000 20.1607 162.8662 -4.8660 -0.0096 0.0005 0.8467 0.5320
233.0000 19.6400 163.9519 -4.8830 -0.0096 0.0011 0.8473 0.5311
234.0000 19.1189 165.0335 -4.9011 -0.0074 0.0005 0.8479 0.5301
235.0000 18.5917 166.1149 -4.9149 -0.0060 -0.0007 0.8485 0.5292
236.0000 18.0599 167.1995 -4.9230 -0.0057 -0.0010 0.8490 0.5284
237.0000 17.5227 168.2839 -4.9294 -0.0064 -0.0019 0.8495 0.5276
238.0000 16.9838 169.3707 -4.9392 -0.0071 -0.0019 0.8500 0.5268
239.0000 16.4420 170.4589 -4.9489 -0.0083 -0.0015 0.8504 0.5260
240.0000 15.9014 171.5465 -4.9621 -0.0081 -0.0007 0.8508 0.5254
241.0000 15.3578 172.6335 -4.9762 -0.0083 -0.0005 0.8512 0.5247
242.0000 14.8140 173.7229 -4.9913 -0.0084 0.0008 0.8516 0.5241
243.0000 14.2672 174.8104 -5.0061 -0.0086 0.0012 0.8520 0.5234
244.0000 13.7198 175.8968 -5.0222 -0.0083 0.0017 0.8523 0.5229
245.0000 13.1693 176.9804 -5.0375 -0.0081 0.0010 0.8527 0.5224
246.0000 12.6182 178.0622 -5.0520 -0.0076 0.0006 0.8529 0.5220
247.0000 12.0680 179.1420 -5.0640 -0.0068 0.0001 0.8531 0.5216
248.0000 11.5158 180.2188 -5.0738 -0.0069 -0.0009 0.8532 0.5216
249.0000 10.9648 181.2974 -5.0836 -0.0080 -0.0004 0.8531 0.5217
250.0000 10.4115 182.3732 -5.0939 -0.0101 -0.0012 0.8529 0.5220
251.0000 9.8640 183.4485 -5.1089 -0.0106 -0.0010 0.8526 0.5224
252.0000 9.3149 184.5194 -5.1255 -0.0114 -0.0029 0.8523 0.5229
253.0000 8.7737 185.5884 -5.1392 -0.0096 -0.0036 0.8521 0.5233
254.0000 8.2348 186.6558 -5.1498 -0.0078 -0.0048 0.8519 0.5237
255.0000 7.6965 187.7237 -5.1542 -0.0071 -0.0054 0.8516 0.5240
256.0000 7.1618 188.7942 -5.1570 -0.0074 -0.0040 0.8515 0.5242
257.0000 6.6284 189.8599 -5.1596 -0.0078 -0.0034 0.8514 0.5245
258.0000 6.0998 190.9191 -5.1655 -0.0070 -0.0031 0.8512 0.5248
259.0000 5.5718 191.9729 -5.1705 -0.0063 -0.0040 0.8511 0.5250
260.0000 5.0404 193.0227 -5.1737 -0.0072 -0.0063 0.8510 0.5252
261.0000 4.5171 194.0732 -5.1752 -0.0063 -0.0055 0.8508 0.5254
262.0000 3.9957 195.1246 -5.1772 -0.0067 -0.0041 0.8508 0.5255
263.0000 3.4771 196.1720 -5.1792 -0.0065 -0.0026 0.8507 0.5255
264.0000 2.9626 197.2125 -5.1824 -0.0046 -0.0023 0.8510 0.5252
265.0000 2.4530 198.2507 -5.1847 -0.0018 -0.0010 0.8511 0.5250
266.0000 1.9366 199.2853 -5.1824 -0.0018 -0.0012 0.8512 0.5249
267.0000 1.4140 200.3132 -5.1786 -0.0034 -0.0034 0.8512 0.5248
268.0000 0.8944 201.3381 -5.1766 -0.0043 -0.0048 0.8512 0.5248
269.0000 0.3773 202.3627 -5.1761 -0.0057 -0.0051 0.8511 0.5250
270.0000 -0.1381 203.3850 -5.1760 -0.0072 -0.0050 0.8509 0.5252
271.0000 -0.6468 204.4046 -5.1798 -0.0073 -0.0043 0.8510 0.5251
272.0000 -1.1523 205.4186 -5.1824 -0.0064 -0.0043 0.8512 0.5248
273.0000 -1.6557 206.4270 -5.1851 -0.0047 -0.0049 0.8513 0.5246
274.0000 -2.1631 207.4326 -5.1850 -0.0047 -0.0059 0.8514 0.5244
275.0000 -2.6699 208.4381 -5.1815 -0.0057 -0.0056 0.8515 0.5243
276.0000 -3.1762 209.4371 -5.1799 -0.0063 -0.0065 0.8516 0.5241
277.0000 -3.6770 210.4313 -5.1785 -0.0050 -0.0070 0.8518 0.5238
278.0000 -4.1765 211.4248 -5.1780 -0.0039 -0.0070 0.8519 0.5236
279.0000 -4.6794 212.4219 -5.1755 -0.0053 -0.0059 0.8520 0.5234
280.0000 -5.1829 213.4208 -5.1748 -0.0073 -0.0042 0.8522 0.5231
281.0000 -5.6841 214.4133 -5.1787 -0.0071 -0.0039 0.8524 0.5228
282.0000 -6.1825 215.3989 -5.1833 -0.0042 -0.0050 0.8526 0.5226
283.0000 -6.6844 216.3851 -5.1857 -0.0028 -0.0064 0.8527 0.5223
284.0000 -7.1885 217.3772 -5.1808 -0.0036 -0.0055 0.8529 0.5221
285.0000 -7.6899 218.3701 -5.1758 -0.0039 -0.0038 0.8530 0.5219
286.0000 -8.1959 219.3593 -5.1753 -0.0048 -0.0042 0.8531 0.5218
287.0000 -8.6991 220.3449 -5.1750 -0.0039 -0.0050 0.8530 0.5218
288.0000 -9.2007 221.3287 -5.1749 -0.0023 -0.0064 0.8528 0.5221
289.0000 -9.7002 222.3162 -5.1703 -0.0012 -0.0064 0.8525 0.5227
290.0000 -10.2028 223.3103 -5.1648 -0.0033 -0.0051 0.8522 0.5232
291.0000 -10.6999 224.3091 -5.1612 -0.0048 -0.0016 0.8520 0.5235
292.0000 -11.1998 225.3002 -5.1644 -0.0059 -0.0022 0.8518 0.5238
293.0000 -11.6994 226.2859 -5.1703 -0.0052 -0.0041 0.8515 0.5244
294.0000 -12.1965 227.2737 -5.1747 -0.0043 -0.0053 0.8512 0.5249
295.0000 -12.6962 228.2660 -5.1752 -0.0055 -0.0059 0.8508 0.5254
296.0000 -13.1893 229.2608 -5.1730 -0.0055 -0.0047 0.8505 0.5259
297.0000 -13.6786 230.2526 -5.1729 -0.0039 -0.0049 0.8503 0.5262
298.0000 -14.1672 231.2436 -5.1725 -0.0021 -0.0055 0.8501 0.5266
299.0000 -14.6572 232.2390 -5.1687 -0.0022 -0.0050 0.8499 0.5270
300.0000 -15.1514 233.2348 -5.1630 -0.0039 -0.0053 0.8496 0.5274
301.0000 -15.6421 234.2303 -5.1618 -0.0045 -0.0049 0.8492 0.5280
302.0000 -16.1311 235.2265 -5.1625 -0.0053 -0.0046 0.8489 0.5285
303.0000 -16.6174 236.2232 -5.1646 -0.0059 -0.0038 0.8486 0.5290
304.0000 -17.1010 237.2167 -5.1667 -0.0058 -0.0038 0.8484 0.5293
305.0000 -17.5796 238.2079 -5.1701 -0.0044 -0.0034 0.8481 0.5298
306.0000 -18.0603 239.1959 -5.1704 -0.0045 -0.0042 0.8478 0.5302
307.0000 -18.5368 240.1813 -5.1678 -0.0040 -0.0042 0.8476 0.5307
308.0000 -19.0108 241.1632 -5.1663 -0.0036 -0.0047 0.8474 0.5310
309.0000 -19.4854 242.1422 -5.1634 -0.0042 -0.0055 0.8471 0.5314
310.0000 -19.9564 243.1186 -5.1603 -0.0045 -0.0059 0.8468 0.5318
311.0000 -20.4259 244.0929 -5.1587 -0.0054 -0.0062 0.8466 0.5322
312.0000 -20.8917 245.0678 -5.1579 -0.0066 -0.0050 0.8463 0.5327
313.0000 -21.3550 246.0397 -5.1595 -0.0079 -0.0042 0.8460 0.5331
314.0000 -21.8164 247.0046 -5.1639 -0.0082 -0.0049 0.8458 0.5334
315.0000 -22.2715 247.9651 -5.1682 -0.0066 -0.0054 0.8456 0.5338
316.0000 -22.7230 248.9233 -5.1706 -0.0050 -0.0056 0.8453 0.5342
317.0000 -23.1726 249.8799 -5.1675 -0.0039 -0.0056 0.8449 0.5348
318.0000 -23.6192 250.8351 -5.1630 -0.0032 -0.0051 0.8447 0.5352
319.0000 -24.0622 251.7892 -5.1592 -0.0028 -0.0040 0.8445 0.5356
320.0000 -24.5045 252.7376 -5.1536 -0.0026 -0.0042 0.8442 0.5361
321.0000 -24.9438 253.6773 -5.1461 -0.0007 -0.0059 0.8437 0.5367
322.0000 -25.3823 254.6113 -5.1388 0.0011 -0.0088 0.8434 0.5372
323.0000 -25.8177 255.5456 -5.1223 0.0019 -0.0099 0.8430 0.5377
324.0000 -26.2485 256.4788 -5.1022 0.0024 -0.0102 0.8428 0.5382
325.0000 -26.6747 257.4066 -5.0811 0.0037 -0.0106 0.8424 0.5387
326.0000 -27.0963 258.3292 -5.0572 0.0055 -0.0111 0.8422 0.5390
327.0000 -27.5159 259.2458 -5.0306 0.0072 -0.0123 0.8419 0.5394
328.0000 -27.9316 260.1560 -5.0003 0.0094 -0.0136 0.8416 0.5398
329.0000 -28.3439 261.0618 -4.9645 0.0112 -0.0145 0.8414 0.5401
330.0000 -28.7536 261.9649 -4.9282 0.0119 -0.0145 0.8411 0.5405
331.0000 -29.1602 262.8638 -4.8878 0.0118 -0.0141 0.8409 0.5409
332.0000 -29.5623 263.7532 -4.8464 0.0128 -0.0146 0.8407 0.5412
333.0000 -29.9595 264.6350 -4.8065 0.0146 -0.0153 0.8404 0.5415
334.0000 -30.3559 265.5115 -4.7643 0.0150 -0.0163 0.8402 0.5418
335.0000 -30.7473 266.3809 -4.7170 0.0158 -0.0167 0.8399 0.5423
336.0000 -31.1350 267.2418 -4.6690 0.0168 -0.0179 0.8397 0.5425
337.0000 -31.5184 268.0960 -4.6219 0.0178 -0.0188 0.8394 0.5429
338.0000 -31.8962 268.9451 -4.5704 0.0186 -0.0186 0.8393 0.5431
339.0000 -32.2705 269.7876 -4.5181 0.0189 -0.0183 0.8390 0.5434
340.0000 -32.6414 270.6231 -4.4675 0.0191 -0.0181 0.8388 0.5437
341.0000 -33.0104 271.4518 -4.4165 0.0184 -0.0181 0.8387 0.5440
342.0000 -33.3761 272.2731 -4.3673 0.0178 -0.0182 0.8385 0.5443
343.0000 -33.7355 273.0872 -4.3186 0.0181 -0.0178 0.8384 0.5445
344.0000 -34.0924 273.8946 -4.2711 0.0178 -0.0177 0.8383 0.5447
345.0000 -34.4471 274.6951 -4.2265 0.0174 -0.0173 0.8382 0.5448
346.0000 -34.7990 275.4870 -4.1800 0.0170 -0.0174 0.8383 0.5446
347.0000 -35.1444 276.2705 -4.1336 0.0180 -0.0173 0.8385 0.5444
348.0000 -35.4858 277.0455 -4.0904 0.0197 -0.0175 0.8385 0.5443
349.0000 -35.8283 277.8146 -4.0448 0.0196 -0.0180 0.8386 0.5442
350.0000 -36.1681 278.5785 -3.9974 0.0188 -0.0176 0.8387 0.5439
351.0000 -36.5038 279.3345 -3.9508 0.0184 -0.0171 0.8389 0.5438
352.0000 -36.8383 280.0811 -3.9071 0.0179 -0.0176 0.8389 0.5437
353.0000 -37.1713 280.8206 -3.8646 0.0173 -0.0180 0.8390 0.5436
354.0000 -37.5001 281.5528 -3.8223 0.0169 -0.0184 0.8391 0.5434
355.0000 -37.8260 282.2776 -3.7798 0.0166 -0.0189 0.8392 0.5432
356.0000 -38.1483 282.9943 -3.7389 0.0169 -0.0195 0.8393 0.5431
357.0000 -38.4681 283.7050 -3.6972 0.0168 -0.0198 0.8394 0.5430
358.0000 -38.7847 284.4091 -3.6562 0.0166 -0.0199 0.8395 0.5428
359.0000 -39.0979 285.1066 -3.6150 0.0164 -0.0198 0.8395 0.5427
360.0000 -39.4077 285.7968 -3.5741 0.0165 -0.0197 0.8396 0.5426
361.0000 -39.7141 286.4810 -3.5344 0.0165 -0.0191 0.8397 0.5424
362.0000 -40.0180 287.1580 -3.4961 0.0164 -0.0189 0.8398 0.5423
363.0000 -40.3182 287.8292 -3.4572 0.0163 -0.0180 0.8399 0.5422
364.0000 -40.6172 288.4950 -3.4208 0.0154 -0.0173 0.8401 0.5420
365.0000 -40.9134 289.1544 -3.3868 0.0147 -0.0164 0.8401 0.5419
366.0000 -41.2079 289.8070 -3.3531 0.0137 -0.0158 0.8402 0.5418
367.0000 -41.4980 290.4526 -3.3198 0.0134 -0.0152 0.8403 0.5418
368.0000 -41.7860 291.0902 -3.2899 0.0134 -0.0155 0.8403 0.5418
369.0000 -42.0722 291.7227 -3.2610 0.0131 -0.0155 0.8403 0.5418
370.0000 -42.3580 292.3491 -3.2326 0.0120 -0.0159 0.8403 0.5418
371.0000 -42.6398 292.9688 -3.2035 0.0109 -0.0157 0.8403 0.5417
372.0000 -42.9154 293.5785 -3.1748 0.0106 -0.0156 0.8404 0.5416
373.0000 -43.1873 294.1784 -3.1481 0.0106 -0.0159 0.8404 0.5416
374.0000 -43.4546 294.7687 -3.1219 0.0110 -0.0161 0.8404 0.5416
375.0000 -43.7183 295.3500 -3.0959 0.0111 -0.0164 0.8404 0.5416
376.0000 -43.9785 295.9230 -3.0704 0.0107 -0.0164 0.8405 0.5415
377.0000 -44.2344 296.4874 -3.0451 0.0102 -0.0163 0.8405 0.5414
378.0000 -44.4863 297.0444 -3.0209 0.0094 -0.0155 0.8406 0.5414
379.0000 -44.7337 297.5914 -2.9971 0.0086 -0.0150 0.8407 0.5413
380.0000 -44.9790 298.1285 -2.9750 0.0076 -0.0150 0.8407 0.5412
381.0000 -45.2253 298.6576 -2.9513 0.0068 -0.0146 0.8408 0.5412
382.0000 -45.4612 299.1761 -2.9322 0.0065 -0.0147 0.8408 0.5411
383.0000 -45.6923 299.6859 -2.9143 0.0064 -0.0146 0.8408 0.5411
384.0000 -45.9215 300.1867 -2.8959 0.0055 -0.0148 0.8408 0.5410
385.0000 -46.1462 300.6780 -2.8794 0.0050 -0.0147 0.8407 0.5412
386.0000 -46.3655 301.1592 -2.8635 0.0044 -0.0150 0.8407 0.5413
387.0000 -46.5785 301.6318 -2.8478 0.0037 -0.0143 0.8406 0.5415
388.0000 -46.7858 302.0922 -2.8328 0.0031 -0.0138 0.8405 0.5417
389.0000 -46.9869 302.5400 -2.8186 0.0026 -0.0132 0.8403 0.5420
390.0000 -47.1808 302.9732 -2.8052 0.0025 -0.0129 0.8401 0.5423
391.0000 -47.3777 303.3939 -2.7894 0.0019 -0.0130 0.8399 0.5426
392.0000 -47.5607 303.8005 -2.7781 0.0016 -0.0132 0.8396 0.5430
393.0000 -47.7363 304.1941 -2.7676 0.0015 -0.0131 0.8394 0.5434
394.0000 -47.9038 304.5738 -2.7561 0.0013 -0.0126 0.8392 0.5437
395.0000 -48.0636 304.9384 -2.7460 0.0012 -0.0120 0.8390 0.5440
396.0000 -48.2169 305.2863 -2.7362 0.0009 -0.0117 0.8388 0.5443
397.0000 -48.3631 305.6171 -2.7274 0.0006 -0.0114 0.8386 0.5447
398.0000 -48.5026 305.9302 -2.7194 -0.0002 -0.0115 0.8384 0.5450
399.0000 -48.6344 306.2245 -2.7122 -0.0008 -0.0118 0.8382 0.5453
400.0000 -48.7556 306.5012 -2.7048 -0.0011 -0.0114 0.8380 0.5455
401.0000 -48.8694 306.7594 -2.6983 -0.0017 -0.0115 0.8379 0.5456
402.0000 -48.9736 307.0005 -2.6928 -0.0019 -0.0106 0.8378 0.5459
403.0000 -49.0691 307.2213 -2.6873 -0.0018 -0.0105 0.8377 0.5461
404.0000 -49.1575 307.4238 -2.6824 -0.0019 -0.0104 0.8375 0.5464
405.0000 -49.2386 307.6085 -2.6784 -0.0024 -0.0102 0.8374 0.5465
406.0000 -49.3111 307.7745 -2.6736 -0.0026 -0.0102 0.8374 0.5466
407.0000 -49.3755 307.9229 -2.6707 -0.0022 -0.0102 0.8372 0.5468
408.0000 -49.4341 308.0572 -2.6680 -0.0020 -0.0105 0.8371 0.5470
409.0000 -49.4879 308.1796 -2.6659 -0.0020 -0.0107 0.8371 0.5470
410.0000 -49.5371 308.2898 -2.6639 -0.0019 -0.0111 0.8370 0.5471
411.0000 -49.5806 308.3883 -2.6617 -0.0016 -0.0115 0.8368 0.5473
412.0000 -49.6190 308.4770 -2.6598 -0.0013 -0.0118 0.8368 0.5475
413.0000 -49.6531 308.5576 -2.6584 -0.0010 -0.0118 0.8367 0.5475
414.0000 -49.6839 308.6292 -2.6569 -0.0009 -0.0117 0.8367 0.5476
415.0000 -49.7104 308.6903 -2.6555 -0.0009 -0.0117 0.8366 0.5477
416.0000 -49.7315 308.7400 -2.6543 -0.0008 -0.0117 0.8366 0.5477
417.0000 -49.7477 308.7787 -2.6532 -0.0007 -0.0117 0.8366 0.5477
418.0000 -49.7599 308.8076 -2.6525 -0.0006 -0.0116 0.8365 0.5478
419.0000 -49.7682 308.8273 -2.6518 -0.0005 -0.0116 0.8365 0.5478
420.0000 -49.7727 308.8375 -2.6513 -0.0006 -0.0116 0.8365 0.5478
421.0000 -49.7731 308.8382 -2.6509 -0.0005 -0.0116 0.8365 0.5478
422.0000 -49.7705 308.8331 -2.6503 -0.0002 -0.0119 0.8365 0.5478
423.0000 -49.7688 308.8292 -2.6496 0.0003 -0.0122 0.8365 0.5478
424.0000 -49.7686 308.8289 -2.6490 0.0006 -0.0124 0.8365 0.5478
425.0000 -49.7687 308.8295 -2.6488 0.0006 -0.0123 0.8365 0.5478
426.0000 -49.7684 308.8289 -2.6489 0.0006 -0.0124 0.8365 0.5478
427.0000 -49.7684 308.8288 -2.6484 0.0007 -0.0124 0.8365 0.5478
428.0000 -49.7684 308.8290 -2.6482 0.0006 -0.0124 0.8365 0.5478
429.0000 -49.7682 308.8288 -2.6481 0.0006 -0.0124 0.8365 0.5478
430.0000 -49.7682 308.8286 -2.6476 0.0007 -0.0124 0.8365 0.5478
431.0000 -49.7684 308.8282 -2.6492 0.0006 -0.0124 0.8365 0.5478
432.0000 -49.7683 308.8281 -2.6489 0.0006 -0.0124 0.8365 0.5478
433.0000 -49.7683 308.8279 -2.6486 0.0006 -0.0124 0.8365 0.5478
434.0000 -49.7683 308.8279 -2.6484 0.0006 -0.0124 0.8365 0.5478
435.0000 -49.7682 308.8282 -2.6482 0.0007 -0.0124 0.8365 0.5478
436.0000 -49.7680 308.8280 -2.6480 0.0007 -0.0124 0.8365 0.5478
437.0000 -49.7681 308.8278 -2.6478 0.0007 -0.0124 0.8365 0.5478
438.0000 -49.7680 308.8278 -2.6475 0.0007 -0.0124 0.8365 0.5478
439.0000 -49.7679 308.8278 -2.6473 0.0007 -0.0124 0.8365 0.5478
440.0000 -49.7678 308.8276 -2.6470 0.0007 -0.0124 0.8365 0.5478
441.0000 -49.7678 308.8276 -2.6467 0.0007 -0.0124 0.8365 0.5478
442.0000 -49.7678 308.8275 -2.6465 0.0007 -0.0124 0.8365 0.5478
443.0000 -49.7676 308.8274 -2.6462 0.0007 -0.0124 0.8365 0.5478
444.0000 -49.7675 308.8274 -2.6460 0.0007 -0.0124 0.8365 0.5478
445.0000 -49.7675 308.8273 -2.6457 0.0007 -0.0124 0.8365 0.5478
446.0000 -49.7674 308.8272 -2.6454 0.0007 -0.0124 0.8365 0.5478
447.0000 -49.7674 308.8272 -2.6452 0.0007 -0.0124 0.8365 0.5478
448.0000 -49.7673 308.8271 -2.6449 0.0007 -0.0124 0.8365 0.5478
449.0000 -49.7673 308.8270 -2.6447 0.0007 -0.0124 0.8365 0.5478
450.0000 -49.7672 308.8269 -2.6444 0.0007 -0.0124 0.8365 0.5478
451.0000 -49.7671 308.8269 -2.6442 0.0007 -0.0124 0.8365 0.5478
452.0000 -49.7670 308.8268 -2.6439 0.0007 -0.0124 0.8365 0.5478
453.0000 -49.7670 308.8267 -2.6436 0.0007 -0.0124 0.8365 0.5478
454.0000 -49.7669 308.8267 -2.6434 0.0007 -0.0124 0.8365 0.5478
455.0000 -49.7669 308.8266 -2.6431 0.0007 -0.0124 0.8365 0.5478
456.0000 -49.7669 308.8266 -2.6429 0.0007 -0.0124 0.8365 0.5478
457.0000 -49.7668 308.8266 -2.6427 0.0007 -0.0125 0.8365 0.5478
458.0000 -49.7667 308.8264 -2.6425 0.0007 -0.0125 0.8365 0.5478
459.0000 -49.7666 308.8264 -2.6423 0.0008 -0.0125 0.8365 0.5478
460.0000 -49.7666 308.8263 -2.6420 0.0007 -0.0125 0.8365 0.5478
461.0000 -49.7665 308.8262 -2.6418 0.0008 -0.0125 0.8365 0.5478
462.0000 -49.7664 308.8261 -2.6415 0.0008 -0.0125 0.8365 0.5478
463.0000 -49.7664 308.8261 -2.6413 0.0007 -0.0125 0.8365 0.5478
464.0000 -49.7663 308.8260 -2.6410 0.0008 -0.0125 0.8365 0.5478
465.0000 -49.7662 308.8259 -2.6407 0.0008 -0.0125 0.8365 0.5478
466.0000 -49.7661 308.8259 -2.6405 0.0008 -0.0125 0.8365 0.5478
467.0000 -49.7661 308.8258 -2.6402 0.0008 -0.0125 0.8365 0.5478
468.0000 -49.7660 308.8257 -2.6400 0.0008 -0.0125 0.8365 0.5478
469.0000 -49.7659 308.8257 -2.6397 0.0008 -0.0125 0.8365 0.5478
470.0000 -49.7659 308.8256 -2.6395 0.0008 -0.0125 0.8365 0.5478
471.0000 -49.7658 308.8255 -2.6393 0.0008 -0.0125 0.8365 0.5478
472.0000 -49.7658 308.8255 -2.6390 0.0008 -0.0125 0.8365 0.5478
473.0000 -49.7657 308.8254 -2.6388 0.0008 -0.0125 0.8365 0.5478
474.0000 -49.7657 308.8253 -2.6385 0.0008 -0.0125 0.8365 0.5478
475.0000 -49.7656 308.8252 -2.6383 0.0008 -0.0125 0.8365 0.5478
476.0000 -49.7655 308.8252 -2.6380 0.0008 -0.0125 0.8365 0.5478
477.0000 -49.7654 308.8251 -2.6378 0.0008 -0.0125 0.8365 0.5478
478.0000 -49.7654 308.8250 -2.6375 0.0008 -0.0125 0.8365 0.5478
479.0000 -49.7653 308.8249 -2.6373 0.0008 -0.0125 0.8365 0.5478
480.0000 -49.7653 308.8249 -2.6370 0.0008 -0.0125 0.8365 0.5478
481.0000 -49.7652 308.8248 -2.6368 0.0008 -0.0125 0.8365 0.5478
482.0000 -49.7652 308.8247 -2.6365 0.0008 -0.0125 0.8365 0.5478
483.0000 -49.7651 308.8246 -2.6363 0.0008 -0.0125 0.8365 0.5478
484.0000 -49.7650 308.8246 -2.6360 0.0008 -0.0125 0.8365 0.5478
485.0000 -49.7650 308.8245 -2.6358 0.0008 -0.0125 0.8365 0.5478
486.0000 -49.7649 308.8244 -2.6355 0.0008 -0.0125 0.8365 0.5478
487.0000 -49.7649 308.8244 -2.6353 0.0008 -0.0125 0.8365 0.5478
488.0000 -49.7648 308.8243 -2.6350 0.0008 -0.0125 0.8365 0.5478
489.0000 -49.7648 308.8242 -2.6348 0.0008 -0.0125 0.8365 0.5478
490.0000 -49.7647 308.8242 -2.6345 0.0008 -0.0125 0.8365 0.5478
491.0000 -49.7646 308.8241 -2.6343 0.0008 -0.0125 0.8365 0.5478
492.0000 -49.7645 308.8240 -2.6340 0.0008 -0.0125 0.8365 0.5478
493.0000 -49.7644 308.8239 -2.6338 0.0008 -0.0125 0.8365 0.5478
494.0000 -49.7644 308.8238 -2.6336 0.0008 -0.0125 0.8365 0.5478
495.0000 -49.7643 308.8238 -2.6333 0.0008 -0.0125 0.8365 0.5478
496.0000 -49.7643 308.8237 -2.6331 0.0008 -0.0125 0.8365 0.5478
497.0000 -49.7642 308.8236 -2.6328 0.0008 -0.0125 0.8365 0.5478
498.0000 -49.7707 308.8288 -2.6392 0.0008 -0.0125 0.8365 0.5478
499.0000 -49.7706 308.8288 -2.6390 0.0008 -0.0125 0.8365 0.5478
500.0000 -49.7705 308.8287 -2.6387 0.0008 -0.0125 0.8365 0.5478
501.0000 -49.7705 308.8287 -2.6385 0.0008 -0.0125 0.8365 0.5478
502.0000 -49.7705 308.8286 -2.6383 0.0008 -0.0125 0.8365 0.5478
503.0000 -49.7704 308.8286 -2.6381 0.0008 -0.0125 0.8365 0.5478
504.0000 -49.7704 308.8285 -2.6378 0.0008 -0.0125 0.8365 0.5478
505.0000 -49.7703 308.8284 -2.6376 0.0008 -0.0125 0.8365 0.5478
506.0000 -49.7702 308.8284 -2.6374 0.0008 -0.0125 0.8365 0.5478
507.0000 -49.7702 308.8284 -2.6371 0.0008 -0.0125 0.8365 0.5478
508.0000 -49.7701 308.8283 -2.6369 0.0008 -0.0125 0.8365 0.5478
509.0000 -49.7700 308.8283 -2.6367 0.0008 -0.0125 0.8365 0.5478
510.0000 -49.7700 308.8282 -2.6364 0.0008 -0.0125 0.8365 0.5478
511.0000 -49.7700 308.8282 -2.6362 0.0008 -0.0125 0.8365 0.5478
512.0000 -49.7699 308.8281 -2.6360 0.0008 -0.0125 0.8365 0.5478
513.0000 -49.7699 308.8281 -2.6357 0.0008 -0.0125 0.8365 0.5478
514.0000 -49.7698 308.8280 -2.6355 0.0008 -0.0125 0.8365 0.5478
515.0000 -49.7697 308.8279 -2.6353 0.0008 -0.0125 0.8365 0.5478
516.0000 -49.7697 308.8279 -2.6350 0.0008 -0.0125 0.8365 0.5478
517.0000 -49.7696 308.8278 -2.6348 0.0008 -0.0125 0.8365 0.5478
518.0000 -49.7698 308.8282 -2.6347 0.0008 -0.0125 0.8365 0.5478
519.0000 -49.7704 308.8299 -2.6347 0.0009 -0.0126 0.8365 0.5478
520.0000 -49.7722 308.8342 -2.6347 0.0011 -0.0127 0.8365 0.5478
521.0000 -49.7757 308.8421 -2.6345 0.0012 -0.0128 0.8365 0.5478
522.0000 -49.7811 308.8545 -2.6344 0.0013 -0.0129 0.8365 0.5478
523.0000 -49.7887 308.8724 -2.6339 0.0015 -0.0130 0.8365 0.5479
524.0000 -49.7995 308.8970 -2.6335 0.0017 -0.0132 0.8364 0.5479
525.0000 -49.8139 308.9300 -2.6329 0.0020 -0.0134 0.8364 0.5479
526.0000 -49.8325 308.9722 -2.6320 0.0021 -0.0136 0.8364 0.5480
527.0000 -49.8552 309.0239 -2.6309 0.0022 -0.0138 0.8363 0.5481
528.0000 -49.8818 309.0853 -2.6299 0.0023 -0.0139 0.8363 0.5481
529.0000 -49.9124 309.1570 -2.6289 0.0026 -0.0140 0.8363 0.5481
530.0000 -49.9475 309.2395 -2.6277 0.0028 -0.0140 0.8362 0.5482
531.0000 -49.9908 309.3574 -2.6332 0.0028 -0.0141 0.8362 0.5483
532.0000 -50.0358 309.4613 -2.6298 0.0026 -0.0141 0.8361 0.5483
533.0000 -50.0848 309.5758 -2.6261 0.0028 -0.0141 0.8361 0.5483
534.0000 -50.1382 309.7013 -2.6235 0.0031 -0.0142 0.8360 0.5485
535.0000 -50.1966 309.8381 -2.6210 0.0033 -0.0142 0.8359 0.5486
536.0000 -50.2596 309.9863 -2.6185 0.0034 -0.0140 0.8359 0.5487
537.0000 -50.3255 310.1451 -2.6150 0.0039 -0.0136 0.8359 0.5487
538.0000 -50.3954 310.3137 -2.6107 0.0045 -0.0132 0.8357 0.5489
539.0000 -50.4715 310.4918 -2.6065 0.0046 -0.0133 0.8357 0.5491
540.0000 -50.5550 310.6794 -2.6037 0.0041 -0.0139 0.8356 0.5492
541.0000 -50.6429 310.8760 -2.6000 0.0035 -0.0148 0.8355 0.5493
542.0000 -50.7320 311.1000 -2.6050 0.0035 -0.0149 0.8353 0.5495
543.0000 -50.8229 311.3187 -2.6012 0.0034 -0.0142 0.8352 0.5498
544.0000 -50.9172 311.5480 -2.5972 0.0033 -0.0132 0.8350 0.5501
545.0000 -51.0164 311.7861 -2.5931 0.0032 -0.0128 0.8348 0.5504
546.0000 -51.1220 312.0332 -2.5887 0.0027 -0.0128 0.8346 0.5507
547.0000 -51.2319 312.2902 -2.5831 0.0019 -0.0125 0.8344 0.5510
548.0000 -51.3438 312.5573 -2.5783 0.0015 -0.0121 0.8343 0.5512
549.0000 -51.4585 312.8343 -2.5733 0.0012 -0.0115 0.8341 0.5515
550.0000 -51.5785 313.1203 -2.5675 0.0004 -0.0110 0.8339 0.5519
551.0000 -51.7037 313.4129 -2.5627 -0.0002 -0.0113 0.8336 0.5522
552.0000 -51.8296 313.7126 -2.5568 -0.0001 -0.0115 0.8335 0.5525
553.0000 -51.9564 314.0199 -2.5530 0.0005 -0.0114 0.8333 0.5527
554.0000 -52.0856 314.3355 -2.5503 0.0005 -0.0107 0.8331 0.5530
555.0000 -52.2187 314.6568 -2.5472 0.0001 -0.0103 0.8329 0.5533
556.0000 -52.3541 314.9804 -2.5432 -0.0006 -0.0099 0.8327 0.5536
557.0000 -52.4896 315.3014 -2.5385 -0.0020 -0.0096 0.8325 0.5539
558.0000 -52.6219 315.6194 -2.5357 -0.0026 -0.0094 0.8324 0.5541
559.0000 -52.7524 315.9346 -2.5326 -0.0029 -0.0091 0.8322 0.5543
560.0000 -52.8810 316.2484 -2.5271 -0.0037 -0.0083 0.8321 0.5546
561.0000 -53.0081 316.5596 -2.5233 -0.0039 -0.0078 0.8319 0.5548
562.0000 -53.1346 316.8676 -2.5216 -0.0038 -0.0076 0.8317 0.5551
563.0000 -53.2610 317.1745 -2.5201 -0.0038 -0.0077 0.8316 0.5553
564.0000 -53.3882 317.4817 -2.5186 -0.0043 -0.0078 0.8314 0.5556
565.0000 -53.5147 317.7892 -2.5174 -0.0041 -0.0079 0.8313 0.5557
566.0000 -53.6430 318.0988 -2.5160 -0.0043 -0.0086 0.8312 0.5559
567.0000 -53.7723 318.4119 -2.5145 -0.0047 -0.0085 0.8310 0.5562
568.0000 -53.9012 318.7260 -2.5124 -0.0049 -0.0085 0.8310 0.5562
569.0000 -54.0295 319.0397 -2.5102 -0.0046 -0.0088 0.8309 0.5563
570.0000 -54.1590 319.3539 -2.5076 -0.0043 -0.0093 0.8309 0.5564
571.0000 -54.2897 319.6712 -2.5061 -0.0042 -0.0098 0.8309 0.5563
572.0000 -54.4121 319.9914 -2.5085 -0.0041 -0.0102 0.8308 0.5564
573.0000 -54.5432 320.3110 -2.5060 -0.0039 -0.0104 0.8307 0.5566
574.0000 -54.6748 320.6321 -2.5039 -0.0040 -0.0106 0.8307 0.5566
575.0000 -54.8078 320.9548 -2.5038 -0.0041 -0.0108 0.8306 0.5567
576.0000 -54.9400 321.2826 -2.5036 -0.0045 -0.0097 0.8306 0.5568
577.0000 -55.0704 321.6153 -2.5029 -0.0049 -0.0077 0.8306 0.5568
578.0000 -55.2037 321.9489 -2.5012 -0.0055 -0.0065 0.8306 0.5568
579.0000 -55.3413 322.2810 -2.4991 -0.0061 -0.0067 0.8306 0.5568
580.0000 -55.4815 322.6142 -2.4964 -0.0068 -0.0072 0.8307 0.5566
581.0000 -55.6193 322.9633 -2.4959 -0.0077 -0.0070 0.8308 0.5565
582.0000 -55.7601 323.3026 -2.4955 -0.0085 -0.0072 0.8309 0.5563
583.0000 -55.8999 323.6428 -2.4968 -0.0080 -0.0073 0.8310 0.5562
584.0000 -56.0355 323.9857 -2.4996 -0.0062 -0.0068 0.8313 0.5557
585.0000 -56.1706 324.3327 -2.5019 -0.0046 -0.0054 0.8314 0.5556
586.0000 -56.3106 324.6811 -2.5019 -0.0042 -0.0044 0.8314 0.5556
587.0000 -56.4571 325.0293 -2.5007 -0.0053 -0.0046 0.8316 0.5554
588.0000 -56.6039 325.3744 -2.5011 -0.0056 -0.0054 0.8318 0.5550
589.0000 -56.7501 325.7180 -2.5016 -0.0060 -0.0063 0.8319 0.5548
590.0000 -56.8929 326.0627 -2.5016 -0.0061 -0.0058 0.8320 0.5548
591.0000 -57.0338 326.4051 -2.5009 -0.0063 -0.0052 0.8321 0.5545
592.0000 -57.1716 326.7573 -2.5007 -0.0061 -0.0046 0.8324 0.5542
593.0000 -57.3100 327.0893 -2.4997 -0.0062 -0.0046 0.8326 0.5539
594.0000 -57.4486 327.4157 -2.5005 -0.0059 -0.0055 0.8327 0.5537
595.0000 -57.5877 327.7393 -2.5006 -0.0060 -0.0065 0.8328 0.5535
596.0000 -57.7256 328.0629 -2.5000 -0.0065 -0.0067 0.8330 0.5532
597.0000 -57.8585 328.3859 -2.5013 -0.0060 -0.0060 0.8332 0.5529
598.0000 -57.9904 328.7072 -2.5024 -0.0058 -0.0054 0.8334 0.5526
599.0000 -58.1257 329.0252 -2.5026 -0.0062 -0.0055 0.8334 0.5526
600.0000 -58.2618 329.3407 -2.5019 -0.0067 -0.0058 0.8336 0.5524
601.0000 -58.3969 329.6715 -2.5001 -0.0073 -0.0062 0.8338 0.5520
602.0000 -58.5298 329.9842 -2.4993 -0.0077 -0.0059 0.8338 0.5519
603.0000 -58.6613 330.2945 -2.4989 -0.0078 -0.0058 0.8340 0.5517
604.0000 -58.7908 330.6019 -2.4994 -0.0074 -0.0058 0.8342 0.5515
605.0000 -58.9203 330.9077 -2.5006 -0.0072 -0.0058 0.8343 0.5513
606.0000 -59.0489 331.2113 -2.5016 -0.0068 -0.0058 0.8344 0.5511
607.0000 -59.1780 331.5136 -2.5026 -0.0070 -0.0059 0.8345 0.5509
608.0000 -59.3062 331.8146 -2.5034 -0.0072 -0.0055 0.8346 0.5507
609.0000 -59.4333 332.1127 -2.5040 -0.0070 -0.0056 0.8348 0.5505
610.0000 -59.5593 332.4087 -2.5046 -0.0066 -0.0055 0.8350 0.5502
611.0000 -59.6835 332.7186 -2.5062 -0.0065 -0.0048 0.8352 0.5499
612.0000 -59.8081 333.0128 -2.5064 -0.0066 -0.0041 0.8354 0.5496
613.0000 -59.9317 333.3030 -2.5064 -0.0060 -0.0039 0.8357 0.5491
614.0000 -60.0549 333.5900 -2.5049 -0.0053 -0.0037 0.8361 0.5486
615.0000 -60.1769 333.8760 -2.5047 -0.0047 -0.0032 0.8364 0.5481
616.0000 -60.2991 334.1601 -2.5064 -0.0043 -0.0029 0.8366 0.5477
617.0000 -60.4235 334.4400 -2.5068 -0.0042 -0.0035 0.8370 0.5472
618.0000 -60.5477 334.7181 -2.5060 -0.0042 -0.0038 0.8373 0.5466
619.0000 -60.6692 334.9958 -2.5065 -0.0040 -0.0036 0.8377 0.5461
620.0000 -60.7868 335.2728 -2.5082 -0.0031 -0.0026 0.8380 0.5456
621.0000 -60.9054 335.5471 -2.5086 -0.0025 -0.0020 0.8383 0.5452
622.0000 -61.0304 335.8370 -2.5111 -0.0027 -0.0019 0.8386 0.5447
623.0000 -61.1502 336.1072 -2.5087 -0.0028 -0.0014 0.8390 0.5441
624.0000 -61.2679 336.3742 -2.5081 -0.0023 -0.0013 0.8394 0.5435
625.0000 -61.3862 336.6379 -2.5082 -0.0018 -0.0016 0.8396 0.5432
626.0000 -61.5072 336.8987 -2.5062 -0.0022 -0.0022 0.8399 0.5428
627.0000 -61.6279 337.1579 -2.5051 -0.0027 -0.0029 0.8403 0.5421
628.0000 -61.7457 337.4169 -2.5061 -0.0029 -0.0028 0.8406 0.5416
629.0000 -61.8590 337.6740 -2.5071 -0.0020 -0.0021 0.8409 0.5412
630.0000 -61.9721 337.9284 -2.5058 -0.0013 -0.0019 0.8412 0.5407
631.0000 -62.0894 338.1915 -2.5052 -0.0013 -0.0022 0.8415 0.5403
632.0000 -62.2065 338.4400 -2.5043 -0.0016 -0.0030 0.8418 0.5398
633.0000 -62.3214 338.6871 -2.5033 -0.0018 -0.0034 0.8419 0.5396
634.0000 -62.4340 338.9338 -2.5019 -0.0020 -0.0033 0.8418 0.5398
635.0000 -62.5448 339.1800 -2.5008 -0.0023 -0.0027 0.8416 0.5401
636.0000 -62.6559 339.4246 -2.5003 -0.0031 -0.0024 0.8415 0.5403
637.0000 -62.7670 339.6663 -2.5017 -0.0034 -0.0027 0.8414 0.5404
638.0000 -62.8750 339.9066 -2.5034 -0.0030 -0.0025 0.8413 0.5405
639.0000 -62.9800 340.1465 -2.5017 -0.0027 -0.0017 0.8413 0.5406
640.0000 -63.0870 340.3827 -2.4987 -0.0029 -0.0019 0.8411 0.5409
641.0000 -63.1956 340.6140 -2.4959 -0.0030 -0.0029 0.8410 0.5411
642.0000 -63.3038 340.8434 -2.4942 -0.0034 -0.0040 0.8410 0.5411
643.0000 -63.4094 341.0741 -2.4935 -0.0040 -0.0041 0.8408 0.5413
644.0000 -63.5114 341.3063 -2.4948 -0.0043 -0.0031 0.8407 0.5414
645.0000 -63.6127 341.5391 -2.4974 -0.0046 -0.0021 0.8407 0.5414
646.0000 -63.7157 341.7702 -2.5000 -0.0047 -0.0018 0.8406 0.5416
647.0000 -63.8195 341.9988 -2.5013 -0.0045 -0.0022 0.8405 0.5417
648.0000 -63.9214 342.2270 -2.5016 -0.0040 -0.0022 0.8405 0.5418
649.0000 -64.0211 342.4561 -2.5007 -0.0036 -0.0016 0.8405 0.5418
650.0000 -64.1214 342.6837 -2.4985 -0.0036 -0.0011 0.8404 0.5420
651.0000 -64.2256 342.9075 -2.4957 -0.0043 -0.0018 0.8401 0.5424
652.0000 -64.3294 343.1296 -2.4923 -0.0051 -0.0023 0.8400 0.5425
653.0000 -64.4288 343.3495 -2.4913 -0.0053 -0.0027 0.8401 0.5424
654.0000 -64.5244 343.5658 -2.4924 -0.0050 -0.0025 0.8400 0.5425
655.0000 -64.6162 343.7770 -2.4958 -0.0041 -0.0022 0.8399 0.5427
656.0000 -64.7060 343.9822 -2.4998 -0.0031 -0.0026 0.8399 0.5427
657.0000 -64.7950 344.1805 -2.5015 -0.0026 -0.0027 0.8398 0.5429
658.0000 -64.8813 344.3725 -2.5008 -0.0029 -0.0027 0.8397 0.5430
659.0000 -64.9621 344.5576 -2.5000 -0.0028 -0.0022 0.8398 0.5429
660.0000 -65.0398 344.7343 -2.4998 -0.0029 -0.0019 0.8397 0.5431
661.0000 -65.1143 344.9019 -2.4993 -0.0029 -0.0018 0.8395 0.5433
662.0000 -65.1851 345.0601 -2.4979 -0.0032 -0.0018 0.8396 0.5433
663.0000 -65.2511 345.2088 -2.4968 -0.0033 -0.0017 0.8396 0.5433
664.0000 -65.3136 345.3478 -2.4958 -0.0036 -0.0017 0.8395 0.5434
665.0000 -65.3714 345.4770 -2.4952 -0.0038 -0.0016 0.8394 0.5435
666.0000 -65.4243 345.5954 -2.4945 -0.0040 -0.0016 0.8394 0.5435
667.0000 -65.4719 345.7042 -2.4939 -0.0038 -0.0015 0.8394 0.5436
668.0000 -65.5154 345.8046 -2.4936 -0.0037 -0.0013 0.8393 0.5436
669.0000 -65.5558 345.8977 -2.4935 -0.0035 -0.0012 0.8393 0.5436
670.0000 -65.5936 345.9840 -2.4936 -0.0032 -0.0012 0.8393 0.5436
671.0000 -65.6293 346.0647 -2.4934 -0.0031 -0.0013 0.8393 0.5437
672.0000 -65.6508 346.1431 -2.4928 -0.0031 -0.0013 0.8392 0.5438
673.0000 -65.6818 346.2141 -2.4927 -0.0030 -0.0012 0.8393 0.5437
674.0000 -65.7107 346.2808 -2.4926 -0.0029 -0.0011 0.8392 0.5438
675.0000 -65.7379 346.3433 -2.4924 -0.0028 -0.0010 0.8392 0.5439
676.0000 -65.7636 346.4026 -2.4922 -0.0027 -0.0010 0.8392 0.5439
677.0000 -65.7881 346.4590 -2.4921 -0.0027 -0.0009 0.8392 0.5439
678.0000 -65.8114 346.5121 -2.4920 -0.0027 -0.0009 0.8391 0.5439
679.0000 -65.8331 346.5617 -2.4917 -0.0027 -0.0008 0.8391 0.5439
680.0000 -65.8532 346.6077 -2.4916 -0.0027 -0.0008 0.8391 0.5439
681.0000 -65.8715 346.6498 -2.4916 -0.0026 -0.0007 0.8391 0.5439
682.0000 -65.8879 346.6877 -2.4914 -0.0026 -0.0007 0.8391 0.5440
683.0000 -65.9023 346.7212 -2.4913 -0.0026 -0.0006 0.8391 0.5440
684.0000 -65.9148 346.7498 -2.4912 -0.0026 -0.0006 0.8391 0.5440
685.0000 -65.9251 346.7735 -2.4910 -0.0026 -0.0006 0.8391 0.5440
686.0000 -65.9331 346.7927 -2.4908 -0.0026 -0.0006 0.8391 0.5440
687.0000 -65.9390 346.8067 -2.4906 -0.0026 -0.0006 0.8391 0.5440
688.0000 -65.9425 346.8148 -2.4905 -0.0026 -0.0006 0.8390 0.5441
689.0000 -65.9434 346.8174 -2.4903 -0.0026 -0.0006 0.8391 0.5440
690.0000 -65.9424 346.8155 -2.4901 -0.0025 -0.0007 0.8391 0.5440
691.0000 -65.9413 346.8134 -2.4898 -0.0023 -0.0008 0.8390 0.5441
692.0000 -65.9232 346.8112 -2.4902 -0.0021 -0.0009 0.8391 0.5440
693.0000 -65.9232 346.8118 -2.4900 -0.0022 -0.0009 0.8390 0.5441
694.0000 -65.9228 346.8116 -2.4901 -0.0021 -0.0009 0.8391 0.5440
695.0000 -65.9225 346.8116 -2.4897 -0.0021 -0.0009 0.8391 0.5440
696.0000 -65.9224 346.8119 -2.4896 -0.0021 -0.0009 0.8391 0.5440
697.0000 -65.9222 346.8120 -2.4896 -0.0021 -0.0009 0.8391 0.5440
698.0000 -65.9219 346.8122 -2.4893 -0.0020 -0.0009 0.8391 0.5440
699.0000 -65.9218 346.8124 -2.4892 -0.0021 -0.0009 0.8390 0.5441
700.0000 -65.9215 346.8125 -2.4891 -0.0020 -0.0009 0.8390 0.5441
701.0000 -65.9085 346.8128 -2.4924 -0.0020 -0.0009 0.8390 0.5441
702.0000 -65.9083 346.8130 -2.4923 -0.0020 -0.0009 0.8390 0.5441
703.0000 -65.9082 346.8132 -2.4922 -0.0020 -0.0009 0.8391 0.5440
704.0000 -65.9079 346.8132 -2.4920 -0.0020 -0.0010 0.8391 0.5440
705.0000 -65.9077 346.8134 -2.4918 -0.0020 -0.0009 0.8391 0.5440
706.0000 -65.9075 346.8136 -2.4917 -0.0020 -0.0009 0.8391 0.5440
707.0000 -65.9072 346.8136 -2.4915 -0.0020 -0.0009 0.8390 0.5441
708.0000 -65.9070 346.8138 -2.4913 -0.0020 -0.0009 0.8390 0.5441
709.0000 -65.9068 346.8139 -2.4912 -0.0020 -0.0009 0.8390 0.5441
710.0000 -65.9065 346.8140 -2.4910 -0.0020 -0.0009 0.8391 0.5440
711.0000 -65.9064 346.8142 -2.4908 -0.0020 -0.0009 0.8391 0.5440
712.0000 -65.9061 346.8143 -2.4907 -0.0020 -0.0009 0.8391 0.5440
713.0000 -65.9059 346.8144 -2.4905 -0.0020 -0.0010 0.8391 0.5440
714.0000 -65.9056 346.8146 -2.4904 -0.0020 -0.0009 0.8390 0.5441
715.0000 -65.9054 346.8147 -2.4902 -0.0020 -0.0009 0.8390 0.5441
716.0000 -65.9052 346.8148 -2.4900 -0.0020 -0.0010 0.8390 0.5441
717.0000 -65.9049 346.8150 -2.4899 -0.0020 -0.0009 0.8391 0.5440
718.0000 -65.9047 346.8151 -2.4897 -0.0020 -0.0010 0.8391 0.5440
719.0000 -65.9044 346.8152 -2.4895 -0.0020 -0.0009 0.8391 0.5440
720.0000 -65.9042 346.8153 -2.4894 -0.0020 -0.0010 0.8391 0.5440
721.0000 -65.9039 346.8155 -2.4892 -0.0020 -0.0009 0.8390 0.5441
722.0000 -65.9036 346.8156 -2.4891 -0.0020 -0.0009 0.8390 0.5441
723.0000 -65.9034 346.8157 -2.4889 -0.0020 -0.0010 0.8390 0.5441
724.0000 -65.9032 346.8159 -2.4887 -0.0020 -0.0009 0.8391 0.5440
725.0000 -65.9029 346.8160 -2.4886 -0.0020 -0.0009 0.8391 0.5440
726.0000 -65.9027 346.8161 -2.4884 -0.0020 -0.0010 0.8391 0.5440
727.0000 -65.9025 346.8162 -2.4883 -0.0020 -0.0010 0.8391 0.5440
728.0000 -65.9022 346.8163 -2.4881 -0.0020 -0.0010 0.8391 0.5440
729.0000 -65.9019 346.8165 -2.4879 -0.0020 -0.0010 0.8390 0.5441
730.0000 -65.9017 346.8166 -2.4878 -0.0020 -0.0010 0.8390 0.5441
731.0000 -65.9015 346.8167 -2.4876 -0.0020 -0.0010 0.8391 0.5440
732.0000 -65.9012 346.8168 -2.4874 -0.0020 -0.0010 0.8391 0.5440
733.0000 -65.9009 346.8170 -2.4873 -0.0020 -0.0010 0.8391 0.5440
734.0000 -65.9007 346.8171 -2.4871 -0.0020 -0.0010 0.8391 0.5440
735.0000 -65.9005 346.8171 -2.4870 -0.0020 -0.0010 0.8390 0.5441
736.0000 -65.9003 346.8172 -2.4868 -0.0020 -0.0010 0.8390 0.5441
737.0000 -65.9000 346.8173 -2.4867 -0.0020 -0.0010 0.8390 0.5441
738.0000 -65.8998 346.8174 -2.4865 -0.0020 -0.0010 0.8391 0.5440
739.0000 -65.8995 346.8176 -2.4863 -0.0020 -0.0010 0.8391 0.5440
740.0000 -65.8992 346.8177 -2.4862 -0.0020 -0.0010 0.8391 0.5440
741.0000 -65.8990 346.8178 -2.4860 -0.0020 -0.0010 0.8391 0.5440
742.0000 -65.8987 346.8179 -2.4858 -0.0020 -0.0010 0.8391 0.5440
743.0000 -65.8984 346.8180 -2.4857 -0.0020 -0.0010 0.8390 0.5441
744.0000 -65.8981 346.8182 -2.4855 -0.0020 -0.0010 0.8390 0.5441
745.0000 -65.8979 346.8183 -2.4853 -0.0020 -0.0010 0.8390 0.5441
746.0000 -65.8976 346.8184 -2.4852 -0.0020 -0.0010 0.8391 0.5440
747.0000 -65.8974 346.8185 -2.4850 -0.0020 -0.0010 0.8391 0.5440
748.0000 -65.8971 346.8186 -2.4849 -0.0020 -0.0010 0.8391 0.5440
749.0000 -65.8968 346.8188 -2.4847 -0.0020 -0.0010 0.8391 0.5440
750.0000 -65.8966 346.8189 -2.4845 -0.0020 -0.0010 0.8391 0.5440
751.0000 -65.8963 346.8190 -2.4844 -0.0020 -0.0010 0.8390 0.5441
752.0000 -65.8960 346.8192 -2.4842 -0.0020 -0.0010 0.8390 0.5441
753.0000 -65.8958 346.8193 -2.4841 -0.0020 -0.0010 0.8390 0.5441
754.0000 -65.8955 346.8194 -2.4839 -0.0020 -0.0010 0.8390 0.5441
755.0000 -65.8953 346.8195 -2.4837 -0.0020 -0.0010 0.8391 0.5440
756.0000 -65.8950 346.8196 -2.4836 -0.0020 -0.0010 0.8391 0.5440
757.0000 -65.8948 346.8198 -2.4834 -0.0020 -0.0010 0.8391 0.5440
758.0000 -65.8945 346.8199 -2.4832 -0.0020 -0.0010 0.8391 0.5440
759.0000 -65.8943 346.8200 -2.4831 -0.0020 -0.0010 0.8390 0.5441
760.0000 -65.8940 346.8201 -2.4829 -0.0020 -0.0010 0.8390 0.5441
761.0000 -65.8936 346.8202 -2.4828 -0.0020 -0.0010 0.8391 0.5440
762.0000 -65.8933 346.8204 -2.4826 -0.0020 -0.0009 0.8391 0.5440
763.0000 -65.8930 346.8206 -2.4825 -0.0020 -0.0009 0.8391 0.5440
764.0000 -65.8928 346.8207 -2.4823 -0.0020 -0.0009 0.8391 0.5440
765.0000 -65.8926 346.8208 -2.4821 -0.0020 -0.0010 0.8390 0.5441
766.0000 -65.9330 346.7922 -2.4947 -0.0020 -0.0010 0.8390 0.5441
767.0000 -65.9328 346.7922 -2.4946 -0.0020 -0.0010 0.8390 0.5441
768.0000 -65.9327 346.7922 -2.4945 -0.0020 -0.0010 0.8390 0.5441
769.0000 -65.9326 346.7923 -2.4943 -0.0020 -0.0010 0.8391 0.5440
770.0000 -65.9324 346.7923 -2.4942 -0.0020 -0.0010 0.8391 0.5440
771.0000 -65.9323 346.7924 -2.4941 -0.0020 -0.0010 0.8391 0.5440
772.0000 -65.9321 346.7924 -2.4939 -0.0020 -0.0010 0.8391 0.5440
773.0000 -65.9320 346.7924 -2.4938 -0.0020 -0.0010 0.8390 0.5441
774.0000 -65.9318 346.7925 -2.4937 -0.0020 -0.0010 0.8390 0.5441
775.0000 -65.9316 346.7925 -2.4936 -0.0020 -0.0010 0.8390 0.5441
776.0000 -65.9315 346.7926 -2.4935 -0.0020 -0.0010 0.8391 0.5440
777.0000 -65.9314 346.7926 -2.4933 -0.0020 -0.0010 0.8391 0.5440
778.0000 -65.9313 346.7927 -2.4932 -0.0020 -0.0010 0.8391 0.5440
779.0000 -65.9311 346.7928 -2.4931 -0.0020 -0.0010 0.8391 0.5440
780.0000 -65.9310 346.7928 -2.4929 -0.0020 -0.0010 0.8390 0.5441
781.0000 -65.9309 346.7928 -2.4928 -0.0020 -0.0010 0.8390 0.5441
782.0000 -65.9305 346.7929 -2.4927 -0.0020 -0.0010 0.8390 0.5441
