1.0 0.0 0.0 0.0 0.0 1.0 0.0 0.0 0.0 0.0 1.0 0.0
0.9999998202766847 -0.00011008537155379035 0.0005893452378396999 1.2848104136671392 0.00011021022470337332 0.9999999714925034 -0.0002118223283723209 -0.01908585644651555 -0.0005893219024992203 0.00021188724217399997 0.9999998039017267 0.009906723065153373
0.9999997542847596 -5.2083864159970134e-05 0.0006990834652847608 2.603943675835475 5.272922365832242e-05 0.9999995724936792 -0.0009231641716725287 -0.006394568752876938 -0.0006990350844648459 0.0009232008069654193 0.9999993295248856 0.02134748883650284
0.999999804442061 -0.0004551810589989116 0.0004288659968359989 3.943908045544287 0.00045589281253605136 0.9999985166457718 -0.0016609840455638078 0.00045645878793372074 -0.00042810931219896913 0.0016611792376706898 0.9999985286018961 0.049554710159872825
0.9999999344224884 2.2582021809035966e-05 0.0003614485735299713 5.246911615206995 -2.1837157707897097e-05 0.9999978766281987 -0.002060646071619504 0.0014982072464356602 -0.0003614943395947926 0.0020606380434779587 0.9999978115439534 0.056059163386029
0.9999995804662256 -0.00022668277995948314 0.0008875146702752829 6.55964088097673 0.00022873450471882036 0.9999973003652314 -0.0023123457300878196 -0.00013579528644945375 -0.0008869881053514976 0.002312547765209224 0.9999969326827631 0.06815381078920446
0.9999979652436555 -0.00018486386126780383 0.0020088140535047035 7.915003540940922 0.0001918613827885046 0.9999939132316539 -0.003483775086511574 -0.005082412886746066 -0.0020081578022046282 0.0034841534117201842 0.9999919139559305 0.09114715935720819
0.9999972650441523 9.549917670506595e-06 0.0023387631377368018 9.236895053525878 -3.030361729462789e-07 0.9999921840301691 -0.003953717046109472 0.005596442606979619 -0.0023387826157069583 0.003953705524138085 0.9999894490985917 0.09770941818913834
0.9999990492285176 -0.0003970702588728772 0.0013205594536100402 10.565467847381127 0.0004012254130062876 0.9999949653772914 -0.00314773541419013 0.01848848973835461 -0.0013193029329756512 0.003148262263425238 0.9999941739252743 0.11745511073179424
0.9999994686832008 -0.0002724939056694528 -0.0009941732180355324 11.903444354166446 0.00027213927892259814 0.9999998993087635 -0.00035682303128016117 0.026666040395141623 0.0009942703500324284 0.00035655228811141 0.9999994421483128 0.12991050073193283
0.9999974124804438 -0.0005642231112964675 -0.0022037887143931613 13.241144611319536 0.0005698152784729513 0.9999966176352986 0.0025377211254948963 0.026852114477445014 0.002202349419466975 -0.0025389703115718436 0.9999943516274437 0.15249380804037294
0.9999972751129297 -0.0003790649359690411 -0.0023034922378670853 14.574834558146815 0.0003910442182563209 0.9999863916732776 0.0052022641875881445 0.04199398018242254 0.002301488895250948 -0.005203150779327139 0.9999838150544401 0.16838317147775278
0.999998755709448 9.56541286464274e-05 -0.0015746205394949141 15.92847744691498 -8.623116666288882e-05 0.9999820964496676 0.0059832553274580605 0.05308362298221114 0.0015751646712716479 -0.005983112101183814 0.99998086042976 0.19188360236308388
0.9999996046026904 1.0863823911833137e-05 0.000889199887644033 17.280424570244634 -1.458106165726663e-05 0.9999912614394668 0.004180530121470224 0.04829943279195769 -0.000889146700773891 -0.004180541433978249 0.9999908662040186 0.2098924307288514
0.9999951239165996 0.0003447537583511888 0.0031037538353774633 18.628394730942702 -0.00034428577402308185 0.9999999292858184 -0.0001513131324790202 0.050781315142143554 -0.0031038057816691607 0.0001502438163719766 0.9999951718965774 0.22516061134423865
0.9999989662475283 -0.0001798804327537169 0.0014265857509145829 19.97992606711004 0.00018266322201633612 0.9999980805565718 -0.0019507735182356567 0.05054418167348277 -0.0014262321066792739 0.001951032086368455 0.9999970796636237 0.2520352992584486
0.9999994132658919 0.0003190929626269374 -0.001035204111789732 21.328439119358293 -0.00032185810552697155 0.9999963782906987 -0.0026720428226218807 0.051251753503141526 0.001034347732520835 0.0026723744436774727 0.9999958942613719 0.2633833436604654
0.999997631464703 0.00043153622066604267 -0.002133270136276233 22.69342988172134 -0.0004325349782187381 0.9999997970653023 -0.0004677422868472636 0.05804936035466522 0.002133067855622991 0.0004686638929350762 0.9999976151849957 0.3020239152056857
0.9999988200559584 0.0011048601348398316 -0.00106731943358511 24.05751144082806 -0.0011030428148485958 0.9999979436080064 0.0017017862107096566 0.06779579114708148 0.0010691974745002054 -0.0017006069036647929 0.9999979823744245 0.29266484897035067
0.9999933962401354 0.0020215551279468354 0.0030200647318088295 25.43680285391631 -0.0020259275140534615 0.9999969031817986 0.0014454219178015 0.06481366300456082 -0.00301713337912742 -0.0014515308048166458 0.9999943949665394 0.30444856822014055
0.9999893463624429 0.001793591129868481 0.004253256690238203 26.81175611786446 -0.001792829211485467 0.999998376146214 -0.00018294358007452354 0.06477342411743077 -0.004253577909553712 0.000175316268221723 0.999990938128528 0.31510688619546423
0.999991513472842 0.0021778792571385884 0.0034971165602906205 28.18634763017324 -0.002164986191786778 0.9999908618495196 -0.0036863331705683784 0.060441628551971986 -0.003505112991660328 0.0036787306773377144 0.9999870904784318 0.35528302007734286
0.9999979893088364 0.001904053481288029 0.0006292524332029415 29.542011782850874 -0.001901349253454945 0.9999890736281709 -0.004270538056133695 0.05946738532153838 -0.0006373768906096363 0.0042693330407564565 0.9999906832296421 0.3443184093566189
0.9999951954314164 0.0028798214411712656 -0.0011470582158068458 30.927411995916497 -0.0028845847358505857 0.9999871332089343 -0.004172839258680961 0.0628523434586841 0.0011350264248807323 0.004176127996609002 0.9999906357911412 0.38366770022941465
0.9999919289668476 0.00316687883041991 -0.0024724238383766117 32.298201262026915 -0.0031711436008844034 0.999993487668357 -0.001722924588598471 0.07031408810073855 0.0024669514437265718 0.0017307510938507395 0.9999954593153038 0.3798233384688504
0.9999841951533656 0.0036804402894852935 -0.0042501532620935 33.69370555676411 -0.003680302761433422 0.999993226855682 4.017890857562312e-05 0.0793160297755205 0.004250272351265991 -2.4536422767137165e-05 0.9999909672506567 0.42027540002981956
0.999982771919683 0.003962853532555667 -0.004330318199242058 35.095496386231886 -0.0039592101585831894 0.9999918013729289 0.0008496127618228857 0.07565780945943326 0.004333649587512537 -0.00083245348482165 0.9999902632038216 0.43248794665626994
0.9999905454042102 0.0033005174579369277 -0.0028311988097088426 36.47830637779296 -0.0033009962539303815 0.9999945381737351 -0.00016445798843678832 0.07929669294650313 0.0028306405497308894 0.0001738022102179643 0.9999959786253493 0.456722735949644
0.9999928958221592 0.00342822789576465 -0.0015670222420269514 37.878838180946396 -0.0034260532343367276 0.9999931672972375 0.001388350847122028 0.07657214619595194 0.0015717711181329615 -0.0013829722824101305 0.9999978084592077 0.47671713340274274
0.9999950017430954 0.0029937406693451942 -0.001016860674509932 39.26847540879005 -0.0029894939480172435 0.9999869099072332 0.004152461934542903 0.0834232768091165 0.0010292787578807206 -0.004149401280638943 0.9999908614853692 0.49796942158018703
0.9999937819538954 0.003334318847083006 -0.0011482035407257625 40.6554463009002 -0.003327056223075924 0.9999748081554457 0.006270067891820419 0.08664993160390293 0.0011690810209048347 -0.00626620876651366 0.9999796837322551 0.5205826472366941
0.9999931044494881 0.0035695284763634836 -0.0010244608004590418 42.0849389754101 -0.0035609837030805224 0.9999598354285208 0.008224775062693167 0.08794399771865327 0.0010537782222279615 -0.008221070260126393 0.9999656511876978 0.5371238166615333
0.9999949335785298 0.0030801584127052926 -0.0008033936921021101 43.477486126942715 -0.003072244994327712 0.9999485061321939 0.009671938517620606 0.09481151895370118 0.0008331434250457502 -0.009669421293254607 0.9999529029728784 0.5566235923208994
0.9999954297403659 0.002864634844673875 -0.0009666258778102828 44.90337775306827 -0.0028562631231207132 0.9999593366141791 0.008553764031253783 0.08818911690407893 0.0009910899820263167 -0.008550964000482667 0.9999629486912552 0.5778124162914169
0.9999970296695077 0.0021426801094628946 -0.001161711715677057 46.28330005853039 -0.0021329515498334905 0.9999631809396747 0.008311876003243812 0.09607112181587016 0.0011794786339277895 -0.008309373439420658 0.9999647809514075 0.6008009534949017
0.999998217434635 0.0016241666839022127 -0.000962917512266979 47.72981775686377 -0.0016165343605427853 0.9999676871342633 0.007874738345704272 0.09440413348513088 0.0009756762853082297 -0.00787316771922349 0.9999685301477498 0.6207425378695219
0.999999877967663 0.0004312754175808651 -0.0002409692373524366 49.127458570843146 -0.00042936873342982974 0.9999690382413781 0.0078573660411158 0.10171552130661175 0.0002443504653415423 -0.00785726161760682 0.9999691013889992 0.6371613805445724
0.9999997986879016 -0.0006274617832523427 -9.442386872959609e-05 50.55438443479579 0.000628234838318556 0.9999643305617331 0.008422762326756835 0.10920146985807135 8.913553921378202e-05 -0.008422819951516782 0.9999645234501672 0.6585183720271081
0.999998621734862 -0.0016545186233113945 -0.00013819009200785007 51.99995154823199 0.0016556789297847332 0.9999593163861527 0.00886703444335396 0.12918597286296118 0.00012351379631543659 -0.00886725102065315 0.9999606775287111 0.6790157205032644
0.999995369530984 -0.0029460791319912767 0.0007625839880054493 53.411265408105905 0.0029391100701997882 0.9999553237269393 0.008983995889767452 0.13666038222890675 -0.0007890174814077088 -0.008981712971374326 0.9999593523156398 0.6975155785209789
0.9999924145136871 -0.0034900421774660463 0.0017293122001311226 54.85963920216513 0.003476156157922176 0.9999622068215979 0.007968768213824182 0.14937230135188354 -0.0017570581810953272 -0.00796269640758851 0.9999667535535713 0.7146401517078242
0.9999897427269231 -0.004096249702295796 0.0019326612011734108 56.2647627311326 0.004084699885527078 0.999973999481989 0.005942691885026273 0.16431854091664042 -0.001956953700845915 -0.0059347365882256005 0.9999804744262966 0.7333808802590845
0.9999888425518974 -0.004469257619439919 0.0015298719056824031 57.68626415479188 0.00446347255232111 0.9999829541036015 0.003764161926512419 0.16518379866913224 -0.0015466688370152672 -0.0037572913868114937 0.9999917452544012 0.7558663660230284
0.9999879987508031 -0.004532688298589406 0.0018593254560766365 59.15656082175118 0.004528296672511593 0.9999869638083891 0.0023593945250990956 0.17781129205711263 -0.0018699956175093969 -0.0023509466321415783 0.9999954880729829 0.7675947379783332
0.9999887397134732 -0.004097976484101674 0.002393122436313796 60.54551488379846 0.004094891660645741 0.9999907805881454 0.001292517311030604 0.18651892190536715 -0.002398397078678335 -0.0012827031798079754 0.9999963011751621 0.7865679496937932
0.9999885785500933 -0.0035640276389549536 0.003184411460970729 61.99793535353753 0.0035648497483374477 0.9999936140175192 -0.0002525281225707917 0.18530377360120825 -0.0031834911081664715 0.00026387718672873407 0.9999948978635814 0.804546029367185
0.9999911941914116 -0.0032178082155254273 0.002693928344025686 63.41973682679025 0.0032244575405902753 0.9999917569529753 -0.0024675695877817254 0.1993662094916966 -0.00268596597215572 0.0024762343163989603 0.9999933269029383 0.8217058240951326
0.9999941105181629 -0.002758316112890228 0.002042209883799891 64.82758322039841 0.0027641875755191306 0.9999920386348614 -0.002877834939859043 0.20214863259340754 -0.002034255646536465 0.0028834630420898366 0.9999937737030413 0.844644787655327
0.9999963380765187 -0.0020604810648706252 0.0017544946093741031 66.27026915029776 0.0020656392316086903 0.999993535174501 -0.002943253942301653 0.20709711198378214 -0.0017484187478553962 0.0029468673172276996 0.9999941294852169 0.8685639527323772
0.9999971600494743 -0.0016341810757526342 0.0017347464361735837 67.64937607346768 0.0016371882371970686 0.9999971573177328 -0.0017334852550772999 0.21245795319294317 -0.001731908676041708 0.0017363204385247612 0.9999969928373148 0.8838897096074269
0.9999959462017934 -0.0008308295557297362 0.002723472457953787 69.08927906944945 0.0008280941953816745 0.9999991517765858 0.001005338804784726 0.2255428982623114 -0.0027243054130332177 -0.0010030794376103688 0.9999957859869503 0.9071928919204997
0.9999927076797823 -0.0004130624814772115 0.0037965730131122753 70.49189126222132 0.00039648473596094356 0.9999903894220792 0.004366218424750047 0.2469986882974917 -0.0037983400468686993 -0.004364681301638492 0.9999832609449137 0.9263138130620491
0.9999896803435887 0.0005158347477923301 0.004513659362445678 71.91233242481243 -0.0005498501777296706 0.9999714368252233 0.007538116374836475 0.2528809845326909 -0.004509642015645384 -0.007540520420468151 0.9999614010954019 0.9421975326993051
0.999991136104453 0.0008008759795680664 0.004133559022288547 73.29977158336922 -0.000850121448250721 0.9999285261146198 0.011925600855606067 0.2641630059276905 -0.004123712653497605 -0.011929009175508206 0.9999203436944575 0.9593597361880648
0.9999917632814298 0.0018565665121128895 0.0036092284609075234 74.70093590472426 -0.0019149835167832955 0.9998661270498552 0.01624994819848035 0.28398745878535203 -0.0035785761731968475 -0.016256725965241203 0.9998614467282273 0.9805890152117614
0.999990075322599 0.002681875241594788 0.0035576398765684325 76.11912644493412 -0.002744238894926578 0.9998406016847146 0.01764200599806141 0.29323253070194594 -0.003509759135667447 -0.017651593920566592 0.9998380382956397 0.9914849792398479
0.9999886834642164 0.0028624124034457455 0.0037999393068431754 77.48751878956483 -0.0029292444310298218 0.999839048727885 0.017700174179408862 0.2939487973384211 -0.0037486625036634888 -0.017711104825807206 0.9998361187191044 1.0116334438590073
0.9999872563048458 0.0031079800265321625 0.003978402702258867 78.8884678625752 -0.003172610040663566 0.9998614055165054 0.01634332597999034 0.29481084052190537 -0.0039270565868783 -0.016355739625985233 0.9998585239961953 1.024819254755614
0.9999913311506329 0.0028009958577608646 0.0030809163880270323 80.2532450624567 -0.0028526876280675515 0.999853054129211 0.01690361860033902 0.29520263471014135 -0.0030331166944048468 -0.01691226095747885 0.9998523769199252 1.0450764335638838
0.9999923449057507 0.002425351605199375 0.0030704721932085506 81.64861421445495 -0.0024746294947028983 0.999866546925709 0.01614820571217975 0.2989969365132457 -0.0030308973526097173 -0.016155680377195048 0.9998648946996729 1.060265257312223
0.9999929164663353 0.0022291591833847532 0.003032798458215456 83.03648590344865 -0.002274866100302366 0.9998826165133825 0.01515183746539454 0.3000255798296876 -0.0029986666001270853 -0.015158629347245416 0.9998806048498661 1.070678285929063
0.9999944823190536 0.00181082341746956 0.0027850044880763543 84.41195449331002 -0.0018525445066305093 0.9998850002685896 0.015051721387715749 0.30648867433731175 -0.002757428203746146 -0.015056797681884764 0.9998828378531497 1.094441839157298
0.999995038895906 0.00105063682552275 0.002969569974964264 85.81345006785993 -0.001096968344633345 0.999877026960928 0.015643772442305946 0.30257077033185936 -0.0029527688745017208 -0.015646952356182145 0.9998732189822553 1.107257622280406
0.9999933404345517 7.330821533302602e-05 0.003648796027792102 87.1605955319116 -0.00012859336311492933 0.9998851680379565 0.015153686068235445 0.3062835537107088 -0.0036472661397037548 -0.015154054362223824 0.999878518664189 1.1267557994094448
0.9999891044854469 -0.000789732348201591 0.004600786151532602 88.56226264962984 0.0007295993194433283 0.9999144847824929 0.013057212834099049 0.3111074989294233 -0.004610704417656591 -0.01305371383860153 0.9999041663878558 1.1440377250081113
0.9999847069805939 -0.0017870802371894967 0.005233750964803897 89.9215359951322 0.001731645050519976 0.9999425592869987 0.010577312134289174 0.3199655993860763 -0.00525235283989458 -0.010568087376295582 0.9999303617346821 1.1608890338415294
0.9999820133999181 -0.002841583022212738 0.0052818824839187106 91.28228349674555 0.002796808666424721 0.9999602590693009 0.008465113309350241 0.33214111947610286 -0.005305726899253913 -0.008450188636036438 0.999950220548046 1.1740393963415752
0.9999843105494093 -0.002712997824925084 0.004900846643649911 92.64425157204718 0.0026784820339836157 0.9999716618610217 0.007035709551994614 0.3381220975881988 -0.0049197956274879785 -0.007022472335890902 0.9999632395709731 1.1928939767059363
0.999984204555221 -0.0033920783001313657 0.0044815672334309635 93.99695648734017 0.003361925985822927 0.9999717787886154 0.006718562346080575 0.3383959498275134 -0.004504230647716954 -0.006703389526060759 0.9999673877057862 1.2114253399520534
0.9999864513880856 -0.003377329276412481 0.0039611472104061456 95.36184313703751 0.0033532622671378362 0.9999759747837401 0.006066752630240882 0.35341784294983364 -0.003981541464258644 -0.006053387668688681 0.9999737515681604 1.2223415640297406
0.9999882379451114 -0.0035352119513198514 0.0033205794510342505 96.7255510926547 0.0035141609928882947 0.9999738276999482 0.006324127420461331 0.36551577474307884 -0.0033428496746709968 -0.006312383984946878 0.9999744892568405 1.242600047662318
0.9999905796748874 -0.003341133624843786 0.002770809914737938 98.05508985801058 0.0033209292472604623 0.999968097356345 0.007264688463111384 0.3766393556115958 -0.0027949938134747086 -0.007255418363699767 0.9999697730001395 1.2644728684742952
0.9999911701548634 -0.0030276324613899273 0.0029142844723422344 99.41562054550275 0.0030016686229560733 0.9999561317679875 0.008872684209479093 0.392474990885316 -0.002941019854567132 -0.00886385814879258 0.9999563902595618 1.2767261570641832
0.9999872951125216 -0.002788546341511529 0.004199240746113287 100.76119564318859 0.002749088303352752 0.9999522925563182 0.009373106468170031 0.4028937465130436 -0.004225177752822299 -0.009361443300288928 0.9999472542350885 1.2952210871954517
0.9999828575528413 -0.002575447293757387 0.005258485684192765 102.09585448722372 0.002524266376065219 0.9999496069757345 0.0097165625782262 0.4091966858107415 -0.0052832451879928 -0.00970312219396401 0.9999389665074426 1.3081657991741142
0.999986240022829 -0.0028475828521351935 0.004405795831084464 103.44628953338211 0.00280618194814734 0.9999521186914058 0.00937473559321516 0.41468032544948336 -0.004432280212133213 -0.009362243132339002 0.999946350208676 1.326596761053502
0.9999942270512763 -0.0025627877425524045 0.0022311394190027657 104.77675185916392 0.002540486180732214 0.9999473529424163 0.00994169368972128 0.42487920910084603 -0.0022565004068055244 -0.00993596811797212 0.9999480910244655 1.3385018320880886
0.9999967554521642 -0.0022375251208103047 0.0012176068652787484 106.1150747411554 0.0022258932759376014 0.9999526623773981 0.009471979913272654 0.43560205827642906 -0.0012387430196642403 -0.009469238918046565 0.9999543984752726 1.3576709089810244
0.9999948622466314 -0.002473599627612143 0.0020388195660580853 107.43346679368003 0.00245717535756653 0.9999648260094379 0.008019291313865109 0.44220775969113063 -0.002058584368645601 -0.008014240375527905 0.9999657665048342 1.3740182551235534
0.9999914144225585 -0.001859375498836461 0.0037032153495822153 108.77033409948817 0.0018404414878626886 0.9999852516650909 0.005109718919330302 0.4519999849618882 -0.003712661619486543 -0.005102859498274955 0.9999800882860819 1.3896866098062886
0.9999893226249476 -0.000943286987806908 0.0045238087666412165 110.12336158125724 0.0009333985153725055 0.9999971718308678 0.002187486566243596 0.4522030138072358 -0.004525859400158842 -0.002183240693242494 0.9999873749486867 1.4082459088627517
0.9999935838120375 -0.00022851092370792676 0.003574929022397027 111.43789327468315 0.00022144448114292967 0.9999980213382714 0.0019769375012243687 0.4565502106847958 -0.0035753737006363057 -0.0019761331685192833 0.9999916557654874 1.4245108143505043
0.9999985085735872 0.0009201529418140379 0.0014615639448333558 112.74963103011554 -0.0009251641641900252 0.9999936837202915 0.0034317037737570093 0.4675750852634165 -0.0014583970208638115 -0.0034330508422087923 0.9999930435958264 1.437627651171135
0.9999984468628158 0.0017316070014131296 -0.00032834303534818584 114.09623163928198 -0.0017295005900282625 0.9999785926026458 0.006310559732768242 0.47411187582398884 0.00033926341579445694 -0.0063099820621299015 0.9999800343140408 1.4585862031049683
0.9999939469208692 0.003398249039385263 -0.000747010768461668 115.41899579773857 -0.0033915396612713227 0.9999554701227149 0.008806544747306189 0.491172622089413 0.0007769043363916544 -0.00880395792394533 0.9999609426095228 1.478283128442045
0.9999879705624359 0.004829456862449881 0.000857366219649496 116.77350694652402 -0.004837852168568984 0.9999375331239562 0.010075963297474557 0.49273060532020047 -0.0008086512325673474 -0.010079989900328162 0.9999488686361885 1.5000174519651661
0.9999803932671844 0.005655269843899274 0.0026890526584709565 118.07623201286547 -0.00568044005270675 0.9999392452819165 0.009446604990094648 0.49099766325820243 -0.002635466185507069 -0.009461694775459608 0.9999517641616325 1.5170326836095767
0.9999714380380992 0.0065520622571203346 0.003767437882021503 119.42871277240428 -0.0065870040348607614 0.9999347015988397 0.009338303715563335 0.49597776787843484 -0.0037060067270310673 -0.009362853123818356 0.9999492999625136 1.531570651711547
0.9999650238766079 0.007728286943383559 0.003197593528860003 120.76206798636237 -0.007758702274299644 0.9999237082049658 0.009611467559600516 0.4888616882285488 -0.0031230693994622814 -0.009635940563909824 0.999948696227449 1.5489348408492376
0.9999541163616095 0.009129617714044705 0.002900905353212082 122.07402499175971 -0.009161359242410691 0.9998961594909285 0.011123836214327448 0.4792535463452452 -0.0027990477495729808 -0.011149902048318082 0.9999339203247425 1.5608320574315144
0.9999453224192056 0.010116931073190914 0.002645728181636009 123.42535282587832 -0.010149138355989221 0.9998708977468013 0.012457240048929777 0.48500493127186356 -0.0025193575732291923 -0.01248341077854829 0.9999189053582056 1.5740291906438597
0.9999345397440874 0.011324483503134305 0.0016347171521071797 124.73562074151185 -0.01134677996961761 0.999832741033034 0.014343658622925895 0.477044738015519 -0.0014720092055551222 -0.014361268459199236 0.9998957881485158 1.592700426714491
0.9999219332708567 0.01245197718560408 0.00103712489206062 126.0989233213838 -0.012466149122985912 0.9998095942186158 0.015012342736904948 0.47158178159300357 -0.0008499940682227446 -0.015024099725974287 0.9998867705583008 1.6069886748399016
0.999910270923264 0.01337412143418851 0.0007635299786361985 127.45441116433558 -0.013383821681965887 0.9998044710581513 0.014556543865756676 0.45925463271441 -0.0005686997011046844 -0.014565456669598038 0.9998937563824749 1.6284449351194021
0.9998918960475995 0.014611349624700405 0.001644591280880156 128.7550897856221 -0.014633195251826644 0.9997926031763208 0.014164047113659053 0.44508739759476235 -0.0014372943533938498 -0.014186581549506652 0.9998983323762876 1.6455259799649111
0.9998823108506071 0.015167697515600806 0.002303345420296233 130.12100260101718 -0.015195420240687376 0.9998059381282001 0.012537355674093488 0.43382061545331196 -0.002112735610262417 -0.012570880464989432 0.9999187513556169 1.6584220030848107
0.9998753285312241 0.015550030001547498 0.0027429840553132084 131.44296889615575 -0.01558205371791982 0.9998057666669667 0.012067665118437022 0.429923062043181 -0.0025547987217373635 -0.0121089019497993 0.9999234208163451 1.6761661986248149
0.999875259710128 0.01547728621385479 0.003149385822401166 132.7879117214224 -0.015507710722860741 0.9998309642174096 0.009876937795747562 0.4031608694146251 -0.0029959852703227725 -0.009924545507952348 0.9999462622904896 1.6990245818631198
0.999877988644178 0.015224536266879482 0.0034959005036539386 134.14109477091625 -0.015249170619802134 0.9998582917859581 0.007131559596191889 0.39209114244403015 -0.0033868304181254617 -0.007183999048186503 0.9999684592712885 1.7108339331958105
0.9998844056785009 0.014780005665833165 0.0035674519574816375 135.46770392370797 -0.014798123737654633 0.9998774600252422 0.005106903887397064 0.3713043769525801 -0.0034915347336182245 -0.005159105153802191 0.9999805962213547 1.7258563514853225
0.9998984811745742 0.013760768074492273 0.0036971078939680656 136.815202373442 -0.013779522814921822 0.9998920711414725 0.005096157317975984 0.36700765027851145 -0.0036265818304094225 -0.005146584344645038 0.9999801800904909 1.747013499533611
0.9999112411663311 0.012629965733533303 0.004241904616678633 138.1482052746984 -0.012644169257592257 0.99991448629717 0.0033384243067957685 0.3461609845447626 -0.004199377691108983 -0.0033917633520958524 0.9999854304780499 1.754947328279347
0.9999245995476418 0.0114552782212283 0.004424005013848304 139.50404534084944 -0.011464707216500447 0.9999320479200442 0.0021118785160112413 0.3352037469676911 -0.004399512237535535 -0.002162439201623909 0.9999879840021935 1.7707321809221177
0.999936357759782 0.01037644360011057 0.004428300838358841 140.8148909964734 -0.010381748976445145 0.9999454157719442 0.0011767603255569271 0.3256456792420089 -0.00441584853582699 -0.0012226589415896322 0.9999895026383133 1.7794899807071642
0.9999491031001951 0.00928045801988397 0.003957816071584989 142.16984819608547 -0.009285582678982182 0.9999560708388355 0.0012784157655363444 0.3168924216767348 -0.0039457779242009034 -0.0013151013264981238 0.9999913506351312 1.7996942057416372
0.9999611327698773 0.008176067084152711 0.0032992236388558467 143.51676842062858 -0.008178148221608944 0.9999663675425248 0.0006177988942139641 0.3108861788189739 -0.0032940615126535026 -0.0006447564220169723 0.9999943667080866 1.8020221879404075
0.9999701679069662 0.007568070517014167 0.001545187614247082 144.8542994721181 -0.007568435796148505 0.9999713323705179 0.00023068751764300697 0.2972678641011883 -0.0015433974579801592 -0.00024237528900295186 0.9999987795885082 1.8219735478031065
0.9999785121636353 0.006528073323544692 0.0005995579077669288 146.21151111728264 -0.006525835011905082 0.9999720001756434 -0.0036622864607368903 0.2934267509055141 -0.0006234487947983351 0.003658295150138531 0.9999931140703894 1.8563375065709393
0.9999813362809017 0.005399044163134696 0.0028596174546110715 147.56113036898765 -0.005357189362731356 0.9998812806557485 -0.014447322116989044 0.2771751304441136 -0.0029372796928507066 0.014431732964018007 0.9998915428543544 1.86620445742761
0.9999841343288717 0.0037822435163432718 0.004174413074934808 148.89035746666454 -0.003687684060596535 0.999741569349547 -0.022432019542922184 0.2653468717970835 -0.004258177639123296 0.02241626972731859 0.9997396554977229 1.8674065906266528
0.9999954193915758 0.0027404907336978923 0.001284876027079179 150.22419822269185 -0.002706780295735421 0.999670077725461 -0.025542299050816675 0.26037489396542357 -0.001354450551723928 0.025538704174433907 0.9996729165346002 1.8929510404619192
0.9999930909638057 0.003196348105669894 -0.0018977311298547259 151.56177573044837 -0.003236350815367989 0.9997643770303933 -0.021464306521043697 0.26456191023700315 0.0018286765853223386 0.021470299947062513 0.9997678141259246 1.9268116692654025
0.9999828734988776 0.0037927178319381518 -0.004457353516951143 152.90774303829843 -0.0038793334556911307 0.9998006340073213 -0.01958680705214239 0.25972131111765456 0.0043821776398651245 0.019603763159291576 0.9997982241378143 1.9359803622276786
0.9999795547455179 0.004723106323671776 -0.004310725879840947 154.26014972637927 -0.0048003830431740425 0.9998247323488064 -0.018095880920153153 0.2593767228843531 0.004224501579434662 0.018116204080680022 0.9998269633972233 1.9734206760178328
0.9999841471654843 0.0054159565954788255 -0.0015403999074720613 155.62098991747982 -0.005449002972790487 0.9997359034114712 -0.022325586143524038 0.2525779478317225 0.0014190786875895782 0.02233362586337654 0.9997495663272243 1.9818407080481453
0.9999818416107256 0.005783939542358283 0.0016918901241091016 156.96228826056577 -0.005731313898747917 0.9995450692485282 -0.029610919978092853 0.23733531919281314 -0.0018623882022104309 0.029600685538097655 0.9995600686931521 2.000329826577123
0.9999778613191125 0.005915518513700443 0.00304688568345113 158.31391121856745 -0.005812785339211103 0.9994486603081625 -0.03268924800021235 0.2203245935905409 -0.003238579666181553 0.032670813410951405 0.9994609194724987 2.0217281570709944
0.9999769569914638 0.006049539247229566 0.0030803507898005933 159.6498741451098 -0.005941393039047408 0.9994047240211525 -0.0339837822050388 0.21163731272635664 -0.003284103355187685 0.033964697541715015 0.9994176374199388 2.038012952915532
0.9999709191794285 0.006772836851630893 0.003505634953904376 160.99275757482408 -0.006656857648605175 0.999462481027326 -0.03210039353260626 0.20769793989942323 -0.0037211613368748732 0.032076123513965556 0.9994785016490458 2.0463502279960486
0.9999650108870962 0.007846096954805587 0.002900993647927024 162.3518287851234 -0.007754480426735486 0.9995093274111231 -0.030347527930224428 0.20742365166299034 -0.003137679856342691 0.03032397039868239 0.9995351978716802 2.0530807175602073
0.9999604046088382 0.008846405319349828 0.000964534838420303 163.68872583572391 -0.008819853363190687 0.9996552901906531 -0.024728748057532595 0.20832064005719828 -0.0011829628821570608 0.024719261857241756 0.999693732446119 2.085852580411096
0.9999552273548827 0.009456260891465576 0.0003498794041150603 165.0457258207395 -0.009446252049364907 0.9997124067581249 -0.022042506574738302 0.2025258677183868 -0.0005582184740355362 0.022038214624375784 0.999756973213143 2.097848830071234
0.9999521627758587 0.009719484191204752 0.0010971722469070382 166.41849360709782 -0.009693367059066081 0.999717089911617 -0.021720469002901283 0.1950363554786641 -0.0013079736009089463 0.02170879466264085 0.9997634807489992 2.1070195611821574
0.9999515567427899 0.009789193588446425 0.001027548811019498 167.761642866188 -0.009765862114345459 0.999738541431238 -0.0206755100083294 0.18125215969246453 -0.0012296767195894337 0.02066447351927594 0.9997857107547279 2.120773846815035
0.9999572482481136 0.009189173224016198 -0.0010299376288977332 169.1107568631647 -0.009206033704453323 0.9997996084026823 -0.01777616328895391 0.18078605957237015 0.0008663829943305458 0.01778488496735661 0.9998414610563042 2.1440338160267665
0.9999537188520483 0.008811095395073796 -0.0038632566440266027 170.49166738175666 -0.008860264926520587 0.9998775267338293 -0.012900668125031817 0.18146278872911747 0.00374911448085751 0.012934300544646863 0.9999093198935742 2.173380433962602
0.99995082684936 0.008539240230428544 -0.005042346633102105 171.85210113632075 -0.008577583428194565 0.9999340850039388 -0.007632215266100548 0.1892030497234159 0.004976840947196068 0.0076750911149488605 0.9999581611400367 2.195871915128137
0.9999500967852564 0.008966128957538424 -0.004405958541937499 173.22526802569112 -0.008980199222550092 0.9999546076582999 -0.003184123876168624 0.1858486296590358 0.004377209279871342 0.003223531363623956 0.9999852243330738 2.2217915826499044
0.9999524368260762 0.009412031985997688 -0.0025569003669829423 174.60136801880438 -0.009415265170099697 0.9999548873424008 -0.0012554130090216401 0.18632360968285777 0.002544969031015622 0.0012794271925630155 0.9999959430911158 2.2397257071336707
0.9999566895401972 0.009297636459870211 -0.0004159327707371951 175.99195090548275 -0.00929812790184736 0.999956056668491 -0.0011956377054426538 0.18177887492127337 0.00040479788854264596 0.0011994533179247575 0.9999991987248827 2.256078155662922
0.9999626518214595 0.008604256918879907 0.0008134648538684037 177.36574366700313 -0.008602036413950622 0.999959370475938 -0.002694877900550835 0.1660779008175639 -0.0008366192249999009 0.0026877797974754155 0.9999960379461674 2.2791566844652342
0.999975647857367 0.0069220398538404155 0.0008882885234322549 178.7404594527099 -0.006917079552532171 0.999961111955101 -0.005470702695454563 0.16645229707674541 -0.000926122401714721 0.005464425109740039 0.99998464105981 2.282460396650566
0.9999827939134612 0.005216330551430576 -0.002683611858348054 180.1126821412733 -0.005232037103649916 0.9999690286133301 -0.005879421898358861 0.16356383232715366 0.002652859735094358 0.005893361493331552 0.9999791150946777 2.3077314909313227
0.9999700324025489 0.0037856162007715894 -0.006753029455413868 181.50543152948558 -0.003803468521837443 0.9999893011466148 -0.0026327209324883065 0.16328127192992833 0.00674299073472768 0.002658326971127908 0.9999737323418381 2.338718556093101
0.9999635306516388 0.0031694109104884976 -0.007930460339066648 182.90168755749218 -0.0031655907964736013 0.9999948673837126 0.0004942075883103882 0.1762540337315372 0.007931985981979183 -0.0004690849726205391 0.999968431280543 2.355940775304976
0.9999708080834673 0.0029910584941035727 -0.007031112997411261 184.2864490277549 -0.0029581445708349264 0.9999846409141108 0.004686930400047938 0.186683267622449 0.007045023888927173 -0.004665994530826686 0.9999642974293846 2.3865245212930297
0.9999875365569185 0.002973181818483601 -0.0040108503711608085 185.68668737987426 -0.002951423991223344 0.9999809572673418 0.005419796962501885 0.19011678870323545 0.004026888035398242 -0.005407891693160278 0.9999772691817477 2.405287216639005
0.9999926880105932 0.003337506964182856 -0.0018668081349219041 187.0999476139067 -0.0033272104865522327 0.9999793850809078 0.005491728652043876 0.19392845171683581 0.001885098333444841 -0.005485477232979254 0.9999831778304071 2.4276931827678077
0.9999933110576629 0.0035340371933690077 -0.0009425608989013277 188.49060993175405 -0.003528971857616443 0.9999796079361416 0.00532259988246106 0.19188167664834935 0.0009613519440893256 -0.00531923800901105 0.999985390648005 2.4445654780996264
0.9999942981454749 0.003372186341348281 -0.00017898552532953134 189.8923680103641 -0.0033711884840152803 0.9999802203230695 0.005309807042677144 0.19034997014878668 0.00019688764383817586 -0.005309173372988033 0.9999858868570852 2.467888891575186
0.9999940699504765 0.0034379453788538337 0.0002014831346817185 191.29649995749173 -0.0034385952036185903 0.9999885805705011 0.003318853961842506 0.18581604415796266 -0.00019007079521805962 -0.0033195270998146774 0.9999944722911854 2.488744543120933
0.9999931786869457 0.0036612344878470798 0.00048779258233498624 192.72796822831185 -0.00366197374516456 0.999992134658476 0.0015233415486896444 0.18479293289673318 -0.0004822114350649004 -0.001525117441129649 0.999998720743643 2.50822136478212
0.9999906592849227 0.0040537466472857905 0.0014994935896153407 194.12534234234562 -0.00404790346611081 0.9999842818839655 -0.003879492562040947 0.18365824742811274 -0.0015151965003676498 0.0038733865195074656 0.9999913504908109 2.5180515757570223
0.9999863452193434 0.004463808136800393 0.002717313338218028 195.55811019190065 -0.0044413627918431405 0.9999564270573656 -0.00821086373158104 0.16916828342717932 -0.002753846657215013 0.008198683039683644 0.9999625982630567 2.5364085797295215
0.9999848635137305 0.004768580240954175 0.002744701424825044 196.96816210518446 -0.004735179415187339 0.9999161878639333 -0.012049702218938438 0.16568347263510824 -0.002801931357446376 0.012036523175098582 0.9999236327292818 2.5502763388832026
0.9999866153268044 0.00506360536125803 -0.0010625761088703882 198.409879866215 -0.005074174396406314 0.999935190516752 -0.010191541611638811 0.16545213754069799 0.0010109012991176818 0.010196796897670843 0.9999475003276878 2.570165780895918
0.9999673942552472 0.005532314542638693 -0.005882509853147821 199.82171826691257 -0.005544564802002639 0.9999824899728579 -0.002068223595160983 0.1673545190044516 0.005870964786767691 0.0021007721162695447 0.9999805590755192 2.606110280432255
0.9999562667427381 0.006767970204827268 -0.006454392398400483 201.2591454206134 -0.006715010374303016 0.9999438990386234 0.00819191132204965 0.17328642452026918 0.00650947291253005 -0.008148211751169254 0.9999456152249777 2.6226298768710583
0.9999646926115773 0.007814754956661368 -0.0030891965300239564 202.70736119104302 -0.007773192315480982 0.9998820706532681 0.013244707145105712 0.19357794664763225 0.0031923363639069875 -0.0132202265903578 0.999907513021799 2.6351711899105696
0.9999617148639518 0.008721011338755542 -0.0007160779106382351 204.1290395268327 -0.008709459088337396 0.9998525110428337 0.014802077007254607 0.19680869401427847 0.0008450613784713453 -0.014795273656455823 0.9998901868448841 2.6537262812632267
0.9999665117191924 0.008180192521564253 -0.00024472527551404636 205.60362688073891 -0.008175713655606986 0.9998586087127731 0.014694226389273729 0.1832960500103806 0.00036489227431203355 -0.014691733501117262 0.9998920040786207 2.679935969201239
0.9999751263425878 0.00704976764376103 -0.000217881377272734 207.03826669281605 -0.007046826086445811 0.9999101935941284 0.011399429312909657 0.17396064839911346 0.00029822513805682633 -0.011397610395237116 0.9999350006570654 2.696782787732548
0.9999815817125636 0.006053909011957478 -0.0004317653465979363 208.46094351352525 -0.006050182861863248 0.9999483692728302 0.008164194751826745 0.16515560801392748 0.00048116834642258455 -0.008161432122040785 0.9999665791928947 2.721301398941834
0.9999824093515701 0.005789712329792884 -0.0012884946903751957 209.9375523224034 -0.0057769890798123865 0.9999365724937812 0.009668370419092057 0.16560808131765647 0.001344390047794631 -0.009660756726431432 0.9999524300659868 2.7445295299967962
0.9999842249484944 0.0054954217185619585 -0.0011619786117875051 211.36456261470542 -0.0054832180311688026 0.9999323612532262 0.010257057988049323 0.16336149686431514 0.0012182668762465015 -0.010250524800355279 0.9999467198641814 2.7605104968111256
0.9999852480231582 0.0054224173071304805 -0.0003180041038539937 212.83491152405708 -0.005418593141575205 0.9999248637914707 0.010995709161977861 0.16256482411166656 0.0003776035338954153 -0.010993823818674808 0.9999394947962678 2.7761712141304513
0.9999861348215798 0.005236155467969586 -0.0005593214750362289 214.30190736552774 -0.005229995266384831 0.9999312034969535 0.010499305817420111 0.16129026824964574 0.0006142589932404369 -0.010496234994004837 0.9999447243407207 2.8010488355655587
0.9999860814168067 0.005042966662288148 -0.0015509545134312997 215.7428105446167 -0.005024443752998388 0.9999186539349522 0.011723501093378039 0.15875854862351807 0.001609949574563768 -0.01171554523513656 0.9999300745863237 2.823976808198546
0.9999867741524351 0.004810270473677665 -0.0018201148800932395 217.22426746084616 -0.00479129916568587 0.9999356006846505 0.010287756593742115 0.15803995851840685 0.0018694845577243643 -0.010278899814535178 0.9999454231337285 2.8444303818966823
0.9999882793111754 0.004419112616679905 -0.0019780505443148222 218.6958512397805 -0.004397628787452915 0.9999326888165825 0.010736791750206151 0.1537033669802324 0.0020253644912778257 -0.010727967175594355 0.9999404025335494 2.8622903163213027
0.9999889904723127 0.004152348740620154 -0.002185619843670914 220.16707115197318 -0.0041286287677831995 0.9999337193711655 0.010747617831178561 0.15543744529019007 0.0022301028367792434 -0.01073847589202046 0.9999398540796611 2.8825209805262055
0.9999891449723252 0.003966889539254178 -0.0024441204760510143 221.6443953102925 -0.00393985785107244 0.9999320970141452 0.01096717288125837 0.15876510771707145 0.0024874600763507577 -0.010957424345046695 0.9999368717044547 2.909817345590232
0.9999900821345008 0.0035236152787760954 -0.0027239251093914853 223.13243602170905 -0.0034911939271413113 0.9999240828034666 0.011816945231709612 0.16503416399123153 0.002765356685400526 -0.011807318282036296 0.9999264673151668 2.9315520396606836
0.9999914140128306 0.0029387625110756203 -0.0029215707287537068 224.614230478078 -0.002902894489884675 0.999921286390006 0.012206319172303746 0.16906716732441898 0.0029572122345565837 -0.01219773335743364 0.9999212319961711 2.9577882723766957
0.9999918600966968 0.002854956947666841 -0.0028511333141956045 226.11258212743002 -0.0028202016175264332 0.9999225667338595 0.012120519758112855 0.16792971551919156 0.002885516103723642 -0.012112380327469563 0.9999224790150574 2.9774401099412158
0.9999933115472337 0.0025032255527496212 -0.0026665938253177188 227.6049799176803 -0.002471131648402586 0.9999252843257064 0.011971602838860666 0.17636452851267762 0.0026963622110955992 -0.011964933262965365 0.9999247821725589 3.0008940204857235
0.9999920106149286 0.002721858932325101 -0.002927488730150621 229.1046192820449 -0.0026888424544032515 0.9999333993204789 0.011223504338980034 0.1740155277231629 0.002957842552948945 -0.011215543114099603 0.9999327291173581 3.0243739444008857
0.9999925359543421 0.0027478568110774686 -0.0027161219688189285 230.595898645055 -0.002721456016416989 0.9999494791996869 0.009676400437432816 0.1781992619146466 0.0027425741110120284 -0.009668936405864782 0.9999494937025695 3.047415011973214
0.9999932645164743 0.0030679283057712813 -0.0020146308831397466 232.08940358440748 -0.003051264147563167 0.999961533704069 0.008223192768488301 0.16420133085896962 0.002039781553610263 -0.008216990210324583 0.9999641595392792 3.0722340113940745
0.9999938792200589 0.0030747970578362694 -0.0016694746093673522 233.5961620445128 -0.0030616527037487396 0.9999647392117088 0.007819630169061223 0.16557926741920567 0.001693459518213791 -0.00781447095537413 0.9999680326083168 3.0975229923520513
0.9999938823406094 0.002948849311040292 -0.0018813742573920442 235.089094206833 -0.002934555671514468 0.9999671508547914 0.007555500933861648 0.16505819992061704 0.0019035924895792536 -0.007549933714383138 0.9999696869588308 3.120955440804454
0.9999918168719572 0.003356925369707819 -0.0022577070634513074 236.5737246002814 -0.003337589286762525 0.999958181895004 0.008514397159577367 0.16749523372363548 0.0022861948462530313 -0.008506792186267579 0.9999612031473144 3.1453581727744795
0.9999915364012252 0.003658567897205559 -0.001882022013312085 238.1011921822145 -0.003639312565816608 0.9999420184671012 0.010134846224174992 0.1716268611593781 0.0019189919138296854 -0.010127911180540716 0.9999468700311801 3.1705195934917136
0.999991476885607 0.004126604762189441 -0.00013148870406803876 239.61987702593257 -0.0041252953050644435 0.9999531563051484 0.008755977045283136 0.16919878220147652 0.00016761500122399579 -0.008755359987355596 0.9999616570532608 3.1857594359105246
0.9999887923264804 0.00471416807731322 0.00043799630833019114 241.1338562365709 -0.004717879591787034 0.9999492724639488 0.008899107313475348 0.16427718454960893 -0.00039602220224289994 -0.008901073989030311 0.9999603062363311 3.207940885019112
0.9999868492562322 0.005062907209161791 -0.0008174871161201219 242.64240380982247 -0.0050549197985029284 0.9999421564392826 0.009493764342336236 0.1688250146423773 0.0008655058776853822 -0.009489507160465682 0.9999545990460903 3.22843672619524
0.9999807051229755 0.005946607444219228 -0.001796452521213932 244.14092200794855 -0.005926464607885731 0.9999217463072119 0.011017181090792125 0.1625515300588401 0.0018618267932590442 -0.0110063219033511 0.999937695298638 3.2516903751121666
0.9999801784464589 0.0060489357057997946 -0.0017473096506530456 245.6460682438607 -0.006027445583332926 0.9999091934924265 0.012052994195025764 0.16689050348236928 0.0018200587705141092 -0.012042223472119452 0.9999258333696152 3.2718259027578718
0.9999816586080319 0.005984549614215017 -0.0009314576987950563 247.19621704629094 -0.005973664558861945 0.9999185323539929 0.011280247638021382 0.16860045153984965 0.0009988890167793511 -0.011274476526734585 0.9999359421481859 3.2970726302443727
0.9999833353653148 0.005767637947210347 -0.00025168267759354755 248.7390852025579 -0.005764424090097008 0.9999194723278099 0.01130576289260251 0.15923910460461715 0.0003168699572549272 -0.011304123680504288 0.9999360561462148 3.320567090194623
0.9999852101720359 0.0054375271627235 -0.00011285186662338465 250.22197551817652 -0.005435817188188774 0.99991561551805 0.01179888700920243 0.15683022637611022 0.00017699911227952618 -0.011798099063577086 0.9999303843417302 3.3449106296205002
0.9999835834660993 0.005729989280864899 4.597830854149935e-06 251.74724839503517 -0.005729551977146391 0.9998966882563456 0.013182755710912555 0.16208190098012581 7.093969307156209e-05 -0.013182565639267382 0.9999131036898788 3.3629642045834367
0.9999834922684949 0.005745254449849095 8.509883397885465e-05 253.287020588446 -0.005745883509674145 0.9998829784376436 0.014177949547093756 0.15536392511050734 -3.6329478551713756e-06 -0.01417820446929619 0.9998994842007013 3.3859271865596887
0.9999823986074993 0.005930545268825073 0.0001763746206737495 254.83023884091972 -0.0059325867835278625 0.9998585147144247 0.01574023402369212 0.14559472588613992 -8.30014958407685e-05 -0.015741003331398575 0.9998760992867429 3.399556266551236
0.9999827675849664 0.005836445229315248 0.0006328034420140515 256.34843389283964 -0.005844284866673197 0.999895936883743 0.013189379734430493 0.1474435121463071 -0.0005557584980872534 -0.013192850733144615 0.9999128161104971 3.429589377564259
0.9999831160977335 0.005685541384282676 0.0012008907670537678 257.87907911417255 -0.005699106457778512 0.9999163396298418 0.01161180118851807 0.1425327268719345 -0.0011347709238842944 -0.01161844914032727 0.9999318596457081 3.4441290596038296
0.9999821278937563 0.005645826647500969 0.0019668590548628023 259.422439663512 -0.00566000092907546 0.999957503105161 0.007277112969776653 0.13597626104050872 -0.0019256901511387448 -0.0072881153365183925 0.9999715871424965 3.4657708407366554
0.9999854006488671 0.00524006456021796 0.0013191711524961583 260.9598351369477 -0.005248173472435779 0.9999668807857406 0.006220450694258981 0.1345153425984299 -0.0012865318993525443 -0.006227283118763223 0.9999797826859455 3.4830195699726394
0.9999850940490748 0.005438855982037775 0.00048013047150794055 262.4984493925051 -0.005441935828796737 0.9999629808446241 0.006665003733621602 0.12154179136276445 -0.0004438627020565031 -0.006667517224618428 0.999977673350741 3.513293554597997
0.9999823580513233 0.0056580406074302585 0.0018083590903958426 264.04198439836483 -0.005666415067409465 0.9999730882026374 0.004659893857618025 0.11334429338938974 -0.0017819445555297252 -0.004670058561206856 0.9999875075352871 3.532405271773914
0.9999759154733003 0.005980418110679104 0.003521799618986447 265.5855330745111 -0.005984363258177396 0.9999814766579425 0.0011107373204430398 0.10754317300080234 -0.003515091709900062 -0.001131786297102915 0.9999931815717789 3.5344970698305285
0.9999763360880815 0.00611483340903603 0.003152154221486659 267.13045336317555 -0.0061180020374360464 0.9999807882692998 0.000996565793007227 0.10581739013924872 -0.0031459998293432473 -0.0010158270963114484 0.9999945353752611 3.5579587476117394
0.9999770174997534 0.0063734038101283755 0.0023117517537375037 268.65625970877363 -0.0063748300236900046 0.9999794944513117 0.0006100975889369797 0.09684100600175904 -0.0023078159517014815 -0.0006248205918560353 0.9999971417882958 3.5766976510608277
0.9999718184483827 0.007234680051730599 0.0020054210490503127 270.19807828629126 -0.007237413349257646 0.9999728860280303 0.0013590646725245826 0.08948013833131042 -0.001995534276044876 -0.0013735404330446413 0.9999970656105106 3.5897412768321466
0.99996376729284 0.008247538784580542 0.00210765402945069 271.74799351017896 -0.008252474092574437 0.9999632010934739 0.0023437427853588494 0.0865406651271731 -0.002088246360563743 -0.002361051225487001 0.9999950323197851 3.60332374039791
0.9999591629264928 0.008888692229619292 0.001632063048738109 273.2831973064276 -0.008896453540681743 0.9999488500091442 0.0048114945483224815 0.0895135088175275 -0.0015892116745235604 -0.004825817634054493 0.9999870928619111 3.628630870040862
0.9999490309186976 0.009979162819410553 0.001533582140362942 274.8309821629617 -0.009989196528994495 0.9999277905513309 0.006680541582763709 0.0786400625133829 -0.0014668051890658557 -0.006695520335090074 0.9999765089690756 3.6494680880432844
0.9999418476891317 0.010700371759138136 0.0013428642006919724 276.3545914328024 -0.010708357803637363 0.9999241317381677 0.006087843692202042 0.07752485715650549 -0.001277620129201103 -0.006101869540365841 0.999980567248643 3.661539160744351
0.9999289835059417 0.011890592372956624 0.0008010978680784697 277.8974017921596 -0.011895869421349068 0.9999051544127788 0.006940494900730794 0.06592879520832876 -0.0007184952917495764 -0.006949531766748298 0.9999755935885328 3.687981084366327
0.9999215741082841 0.012522139477336026 0.00020409733359196618 279.44949470059726 -0.01252326612708037 0.9998967996704384 0.007039731125936962 0.05371373605676211 -0.00011592377563795041 -0.007041734993970369 0.9999751999574554 3.711775362487578
0.9999103397470954 0.01338450407008382 0.00040928919605969036 280.98076713225333 -0.01338679171376473 0.9998910489296796 0.006219652556004054 0.04572238554429644 -0.0003259976386133656 -0.006224573969601251 0.9999805740135338 3.72964288311077
0.999898018114269 0.014223651718857856 0.0012810553998617575 282.5124666424776 -0.01422917206910054 0.9998890419874787 0.004408443669817818 0.031830693956879784 -0.001218209089118967 -0.004426222446133915 0.9999894622052137 3.746551780449084
0.9998948465854907 0.014407795758564145 0.0016465701192732531 284.056314615506 -0.014412575728278913 0.9998918435858896 0.0029289573721135247 0.009203722697124156 -0.0016041922125506188 -0.002952380698780842 0.9999943549918443 3.765961684728516
0.9998970473468902 0.014344627189303986 -0.00035549651279332534 285.6283474161307 -0.014343916886100731 0.9998952658609396 0.0019259691704724647 0.0008190363821946543 0.0003830865899006395 -0.0019206716744037508 0.9999980821306528 3.793444321154499
0.9998986488492144 0.014050764140363589 -0.0022952247356971666 287.16843333905683 -0.014043109349019796 0.9998958860773131 0.0033178434978869513 -0.023926838571468365 0.0023416040072899336 -0.0032852751386863435 0.9999918618958538 3.8198965438373937
0.9999038033746266 0.013603187026306637 -0.0027087450384708487 288.69252208279573 -0.013596826901894616 0.9999047909466215 0.0023527303698035683 -0.04207720507588867 0.002740491772662802 -0.0023156737076721256 0.9999935636593485 3.838906554514866
0.9999132601864008 0.012890899474004904 -0.0027012615856657194 290.2622431161485 -0.01288988198894232 0.999916844497114 0.00039374261302650053 -0.061033730640046094 0.0027061126573432936 -0.00035888951680514624 0.999996274069359 3.859022041248588
0.9999274209993634 0.01159850124967187 -0.0032599850188786963 291.80413168750874 -0.011595868783822976 0.9999324251084921 0.000825253778025992 -0.06740994185163926 0.003269336432720459 -0.0007873915234153652 0.9999943457109538 3.8834646626454625
0.9999321686881149 0.011114948313005465 -0.003480796845918627 293.36362024973556 -0.011111319225926439 0.9999377053281457 0.0010602113666544322 -0.0740501050616874 0.0034923642053625438 -0.0010214632062109567 0.9999933799806754 3.9110085109199897
0.9999382338923914 0.010602648010224452 -0.003333504962711488 294.91607073816016 -0.010599699414315862 0.9999434157207427 0.0009009600768418278 -0.09196340700478699 0.003342868901301791 -0.0008655702774438986 0.999994037990029 3.931428988530448
0.9999472328566734 0.009821950051608304 -0.003010116188039027 296.4745320764481 -0.009820680912695641 0.9999516808472447 0.00043611601780238886 -0.09850327445759101 0.0030142542515186875 -0.00040653161461309947 0.9999953744909791 3.955940587947988
0.999959890525895 0.008730278368965295 -0.0019998947573801385 298.063458912499 -0.008729237954149557 0.999961759881493 0.0005283743437446307 -0.10512063484989 0.0020044311362715245 -0.000510895593707145 0.9999978606184676 3.979713332200257
0.9999648855936963 0.008362137881513023 -0.0005497541598979922 299.63531226280764 -0.008361632962444236 0.9999646228427207 0.0009144163257595813 -0.11073179789342279 0.0005573811865557205 -0.000909787374068544 0.9999994308064114 4.00149234368913
0.9999578051732988 0.009176192558956487 -0.0004305381746926086 301.22985666736815 -0.009175602995817614 0.9999569893882534 0.0013519183568590021 -0.12621300867184784 0.000442925120148861 -0.001347910865532697 0.9999989934763117 4.024440476618003
0.9999511700075512 0.009869697172573445 -0.0004966671432522318 302.81164576282106 -0.00986794563185053 0.9999454845652256 0.0034134361899775547 -0.12996143293169093 0.0005303296487399606 -0.003408368427547434 0.9999940508698668 4.046714091600004
0.9999466149825 0.010310296900096667 -0.0006818818604661888 304.3876784529381 -0.01030887111599221 0.9999447352704739 0.0020624211925963564 -0.14209168943659484 0.0007031083512783213 -0.0020552816579890187 0.9999976407251933 4.068318442214832
0.9999447720832494 0.010365121369114995 -0.0017369635523059325 306.0036340910744 -0.010366192759391855 0.9999460841577542 -0.0006089542255009176 -0.16395391536860623 0.0017305580179975072 0.0006269262932268881 0.9999983060647499 4.082520563855753
0.9999352951840035 0.010822019316859935 -0.0035056159495001136 307.5918517432637 -0.010828149324903367 0.9999398697287678 -0.0017343900981084473 -0.18700538788074217 0.003486635552717534 0.001772237207693233 0.9999923512446494 4.110688679736755
0.9999292732172451 0.010971968434034906 -0.004589604766706464 309.1904155101282 -0.01098242697143728 0.9999371378653499 -0.002259782173000256 -0.19678874000118984 0.004564521995683675 0.0023100273450555467 0.9999869143706912 4.133483627837309
0.9999446477432344 0.009057856191879626 -0.00535319445434213 310.79158470474323 -0.00906634032137035 0.9999576787700125 -0.0015627354432522064 -0.20375924076071747 0.005338812867657528 0.001611182825048233 0.9999844504626402 4.160901778207424
0.9999635550920947 0.0070492947011523855 -0.004816215505520482 312.4051994902093 -0.007048973879663073 0.9999751521817282 8.358452794379616e-05 -0.20172341293068868 0.004816685045042775 -4.963210441613078e-05 0.9999883984736179 4.19509688228351
0.9999732812400206 0.006887235913127419 -0.0024500586816625963 314.0258007939387 -0.006884995597945857 0.9999758734030454 0.0009216547253730357 -0.20973733257139382 0.002456347223608361 -0.0009047614566636885 0.9999965738766426 4.2173911974581815
0.9999734854656408 0.00724385385623672 0.0007449476540540419 315.65282414150323 -0.007243375574655644 0.9999735598481951 -0.0006427400816813323 -0.22390258454340345 -0.0007495838727442272 0.0006373271040855805 0.999999515968973 4.234017788276604
0.9999703102289178 0.0074896355135390825 0.001812186678072619 317.27965861016287 -0.007485983734630878 0.9999699523123756 -0.002013583847311288 -0.23162717323311788 -0.0018272132351457105 0.0019999580644716403 0.9999963307230351 4.256075427609427
0.999970297709571 0.007656535900714678 0.0008838306585800866 318.8772023601563 -0.007654500082827821 0.9999680949027099 -0.0022842515463673586 -0.2462521258933442 -0.0009012919138479613 0.0022774184170152086 0.9999970005146215 4.279806001219867
0.9999669367177006 0.008093545248659321 0.0007873987083326588 320.51278533700406 -0.00809120802126914 0.9999629802927877 -0.0029275239917484802 -0.2542718309472967 -0.0008110636069567691 0.002921056191451505 0.999995404792718 4.296886447896254
0.9999649336042844 0.008312647377875937 0.0010156059029541131 322.1406662936138 -0.008309594072850124 0.999961050735769 -0.002974501262585777 -0.263612244187928 -0.0010402923259723669 0.0029659576847559078 0.9999950604312448 4.314699783506234
0.9999605895395841 0.008811251144251553 0.001086839877939966 323.748670041845 -0.008807758755674707 0.9999561630224472 -0.0031773289295941674 -0.2709610627070335 -0.0011147884773311833 0.003167631086147217 0.9999943616640811 4.341181718337482
0.9999570736671267 0.009263001594526244 0.00021823046583980253 325.4047563608739 -0.009262540902373283 0.9999550511495209 -0.002025096686789598 -0.28308733905309663 -0.00023697913047002536 0.002022988388199135 0.9999979256772851 4.362616862609601
0.9999530246685552 0.009687649233222373 -0.00031290340678430276 327.01164006334454 -0.009688086040326097 0.9999520525911397 -0.0014260110945357924 -0.2865355783785668 0.00029907370859017765 0.00142897554231922 0.9999989342913402 4.387802733114456
0.9999434862532779 0.010583991232273809 0.0010017131504257766 328.644695834121 -0.010582086229163415 0.9999422251927446 -0.0018883134329399703 -0.30672101156721937 -0.001021641169459607 0.0018776065023381968 0.999997715418962 4.413592957255387
0.9999416198437646 0.010618261786138691 0.0020023538321371696 330.26355430723004 -0.010611460929815202 0.9999379944365369 -0.00337700742839774 -0.31734994042404835 -0.002038087623988017 0.003355562378719073 0.9999922931702822 4.433021579795881
0.9999445343598353 0.010476034214827512 0.0010866973000327575 331.8798494976545 -0.010472311233758547 0.9999394618916833 -0.0033768697330991554 -0.33188258304092266 -0.0011220077162968627 0.003365302200514828 0.9999937079000967 4.459299524861262
0.9999429528752777 0.010601876102202623 0.00130046844783165 333.5048483695298 -0.010597967981936173 0.9999394110628553 -0.0029761179284282717 -0.3413194554777414 -0.001331942087373346 0.0029621658264859818 0.9999947257380373 4.486544040124079
0.9999465431319786 0.01031496605217705 -0.0007157888994175825 335.1056565743154 -0.01031624538924283 0.999945152963361 -0.0018072482258103776 -0.3533121644542641 0.0006971079364204991 0.0018145358699137764 0.9999981107482663 4.490416113636017
0.9999426622406132 0.010134249910937572 -0.003459654592217932 336.7200462128805 -0.010131450960373942 0.9999483347118509 0.000825595805325332 -0.3577022190490866 0.0034678426423831177 -0.000790497146670807 0.9999936745708289 4.535186254996756
0.9999556371119859 0.008990490792240706 -0.0028097834929114553 338.3305407831388 -0.008985485356601751 0.9999580293733954 0.0017890065908031957 -0.3569058282775691 0.0028257496118195085 -0.0017636799568733741 0.9999944522706818 4.558822560920875
0.9999662595016241 0.008214395378431221 -5.972350780006375e-05 339.9456929183211 -0.008214252827863507 0.9999640835840039 0.0020874847264714877 -0.37104676868820563 7.6868787635386e-05 -0.002086923709703628 0.9999978194179322 4.584014105440046
0.9999681253443795 0.007527283039209005 0.0026623871422147135 341.5608349520857 -0.007536139736219385 0.9999660504099296 0.0033323603410002015 -0.37283216556262366 -0.002637213135787283 -0.0033523182446975725 0.9999909034932581 4.597900065584934
0.9999793754480355 0.006116431612094775 0.001959066841992124 343.1574360210797 -0.0061244329351453995 0.9999728212943504 0.004104630779996243 -0.3722376920103788 -0.0019339079036323312 -0.0041165442973146735 0.9999896569781452 4.622899938434312
0.9999891037670605 0.0046329502762950305 0.0005728166272832943 344.77684838414416 -0.004635269283333251 0.999980787688914 0.004115644752680489 -0.3749901523605804 -0.0005537380446579924 -0.004118255066973997 0.9999913666374232 4.649525253694946
0.9999956744400255 0.002522759279595042 0.0015122125696393589 346.364937810188 -0.002527095291638173 0.9999926817860275 0.0028723098328240363 -0.37157451122141455 -0.0015049553566595735 -0.002876118913740281 0.9999947315108058 4.6633980242928095
0.9999962739037105 0.0018069215376631488 0.0020462681280784874 347.96554787586115 -0.0018089065237721347 0.9999978948170483 0.0009686168798303568 -0.37437542669832 -0.0020445136056078 -0.0009723147784368631 0.9999974372807603 4.69580040282426
0.9999976295890016 0.0016478940368739854 0.0014231168683846499 349.55538704936083 -0.0016487387013506324 0.9999984652641443 0.000592562275871228 -0.37443491455408523 -0.0014221382044352804 -0.0005949072191125428 0.9999988118034582 4.712442899935236
0.999999310129373 0.0009701810543729502 0.0006621853968380989 351.15104605494446 -0.0009702982940048423 0.9999995136399866 0.00017675126849527083 -0.37119209029246386 -0.0006620135940455699 -0.00017739366392062936 0.9999997651347171 4.741521246476237
0.9999990085090987 0.0013251624196329236 0.0004763668556114413 352.7391370375021 -0.001325189143115213 0.9999991203803706 5.578727376809941e-05 -0.3688234419607619 -0.00047629250939111307 -5.641849464072128e-05 0.9999998849811929 4.756599843842497
0.9999994738276148 0.0008858375494038138 0.0005173357997650857 354.33337973272893 -0.0008855375801073457 0.9999994398411653 -0.0005797762928754307 -0.35964559462489065 -0.0005178490975853502 0.0005793178675209289 0.9999996981115147 4.779492210155406
0.9999994931638008 0.001006766530257003 -9.658935396586854e-06 355.921406549048 -0.0010067774303907505 0.9999987683271048 -0.0012040529386416977 -0.36426583602967383 8.44672330065588e-06 0.0012040620527822416 0.9999992750813502 4.806904084617657
0.9999988990338934 0.0013691861518825908 -0.0005720666767307752 357.5059260930094 -0.0013699996541255862 0.9999980475504441 -0.0014240773319637745 -0.3650862892438726 0.0005701157328373116 0.0014248594952521569 0.9999988223710415 4.829873341808021
0.9999995099491936 0.0008690589922598184 -0.0004741706872962191 359.1046554662319 -0.0008699413022534955 0.9999978848709136 -0.0018637209635035512 -0.3610925189070233 0.00047255000090161057 0.001864132550850787 0.999998150851455 4.853972954672673
0.99999804086301 0.0013804018809037456 -0.001418718008975994 360.6900051129669 -0.0013828630783977646 0.9999975382269405 -0.0017352895335054604 -0.358176183315696 0.001416319119478257 0.001737248026588818 0.9999974880015678 4.873557103219034
0.9999972650436015 0.0011684095951439246 -0.0020260119286282623 362.2823257820903 -0.0011739839290629045 0.9999955230739708 -0.0027523796521900343 -0.3523629993722616 0.0020227869515276257 0.0027547506299959927 0.9999941598239038 4.906211326993302
0.9999987307897328 0.0010961768545182597 -0.0011562072596239814 363.8740279694352 -0.00110118757879338 0.9999899668873033 -0.0043420629482025 -0.3503750174349272 0.0011514359903615642 0.004343330638284433 0.9999899047861066 4.920198892050811
0.999998926550838 0.001458238267695879 -0.00014296267479380558 365.4623744859025 -0.0014592075004033571 0.9999742126311333 -0.007031698672146314 -0.35411651584604703 0.00013270509607194646 0.007031899736182604 0.9999752670818702 4.951712942236576
0.999998943383043 0.0012750979465899807 -0.0006981103238808913 367.0633744713074 -0.0012800286114204565 0.9999739144595486 -0.007108581236869453 -0.3496419086708881 0.0006890279759574979 0.007109467327010473 0.999974490032008 4.980488118654893
0.9999973113459175 0.0019494520522286118 -0.001255761773660185 368.66194986454553 -0.0019564871299987048 0.9999822623111465 -0.005625586297574631 -0.35322777455892024 0.0012447726885957736 0.005628028054067576 0.9999833877826053 5.003539917120159
0.9999980802990714 0.0018627861102435328 -0.000607804310074721 370.2624046872777 -0.001865384603264809 0.9999890020858284 -0.004303027732989179 -0.34421227028490914 0.0005997820052020807 0.004304153261264656 0.9999905572185418 5.0171191098780055
0.9999963798723192 0.0026899082303193512 6.808794851166742e-05 371.86932900757336 -0.002689673891282953 0.9999911499113652 -0.0032350816533884314 -0.3484966978273969 -7.67894186924928e-05 0.003234886807602366 0.9999947647916599 5.040135326445982
0.9999959600413686 0.0028373899260902133 -0.00017064392403060726 373.46167977297245 -0.0028378449770482895 0.9999922514114302 -0.002728324208206733 -0.34540435745425124 0.00016290128215757418 0.002728797446892473 0.9999962635568526 5.063625635263637
0.9999955292964362 0.0029332102075220103 -0.0005810895101481286 375.06053884518064 -0.0029346945338505235 0.9999923907492179 -0.0025702162664871407 -0.33908644627166906 0.0005735461039039198 0.002571910096021228 0.9999965281556354 5.08988047623077
0.9999932451080905 0.003569059000351348 -0.0008783826286768095 376.6740617653864 -0.0035709633075056376 0.9999912565071983 -0.002176035434229737 -0.34669489176992296 0.0008706085496929975 0.002179157407482543 0.9999972466530829 5.110161024756886
0.9999936748732272 0.00341353589939491 -0.0009989925935072455 378.26550699956164 -0.0034153925774229755 0.9999924325367211 -0.0018627836249224912 -0.3402953440179505 0.0009926263548910004 0.0018661837944686783 0.9999977660229871 5.136267159149945
0.9999900399518934 0.004385176215113104 -0.0008307987561095086 379.88058680604826 -0.004385695126930422 0.9999901882246307 -0.0006238050346600264 -0.3430427439320192 0.0008280551094978775 0.0006274424515880013 0.9999994603202071 5.155447481893943
0.999991434723577 0.0041108580204567945 -0.0004809634265238353 381.4812467837097 -0.004110732981797211 0.9999915169252682 0.00026067576277213195 -0.33380623557206784 0.00048203094752527535 -0.0002586964177917173 0.9999998503611534 5.175930545317392
0.9999895797105426 0.004521377208870342 -0.000630569954403792 383.0837917763531 -0.0045204978689859275 0.9999888177735098 0.0013890381401563162 -0.34563749508552166 0.0006368432686168983 -0.0013861731758416996 0.999998836476612 5.20048076320303
0.9999848085700035 0.005388187517709368 -0.0011619227545407414 384.70294484164947 -0.005385426693576994 0.9999826988402178 0.0023662627838772475 -0.3438265625073164 0.0011746525195252182 -0.0023599693871436344 0.9999965253619385 5.228501527652383
0.999986436136373 0.005078452966738104 -0.0011562260766171434 386.3136384822495 -0.005074371294135975 0.9999809786543365 0.0035061496665952604 -0.3491484115893977 0.0011740098998174234 -0.003500234989246609 0.9999931850046655 5.2564788679268855
0.9999828125160275 0.005834712580740448 -0.0005751535755428909 387.94386820360853 -0.0058319758442929095 0.9999721808356686 0.004650334666275611 -0.35134461302268627 0.0006022709414330288 -0.004646900456963743 0.9999890217326669 5.276319445796066
0.9999828612841428 0.0058545350730859445 -3.945955791664234e-05 389.5515343688592 -0.005854252526350992 0.999969476275181 0.005174383566955295 -0.3414238885222662 6.975196353829433e-05 -0.005174063878448983 0.9999866120092035 5.29303258885798
0.9999804340772344 0.006251421981472398 -0.00022624304526019698 391.1772975833553 -0.006249819811010671 0.9999593509504837 0.006498938299232515 -0.3477725948685287 0.0002668614544355025 -0.006497397163241323 0.999978856084001 5.315190716648114
0.9999755924761212 0.006986641543421206 -3.5944039926566326e-05 392.8014486055124 -0.00698627206215299 0.9999554032427058 0.0063548035682563795 -0.3593323139876959 8.034117154920287e-05 -0.006354397348394603 0.9999798073859466 5.34076632179365
