0.027551
0.089986
0.105547
0.104043
0.105722
0.109082
0.109884
0.102318
0.109521
0.096499
0.1078
0.100048
0.103087
0.103119
0.104113
0.104095
0.101853
0.10194
0.103259
0.101505
0.101303
0.106581
0.102863
0.100337
0.103011
0.1025
0.113075
0.113839
0.115249
0.11381
0.11506
0.112331
0.117557
0.116234
0.115418
0.12296
0.123122
0.127362
0.124932
0.123627
0.121458
0.121558
0.125575
0.121551
0.122936
0.117809
0.12169
0.113442
0.116969
0.12017
0.124987
0.118164
0.128206
0.127703
0.153
0.131684
0.132252
0.132839
0.138506
0.135243
0.127625
0.13042
0.1397
0.139089
0.135502
0.137446
0.137534
0.140167
0.13687
0.137868
0.136665
0.140225
0.140926
0.145305
0.145018
0.144095
0.156781
0.158039
0.158322
0.155188
0.15908
0.1553
0.149594
0.149079
0.152187
0.159037
0.157051
0.154787
0.164193
0.156865
0.155853
0.147353
0.159881
0.161654
0.165083
0.167569
0.168
0.163539
0.165938
0.161462
0.157145
0.154564
0.163694
0.155838
0.161759
0.163916
0.164589
0.16245
0.162853
0.156738
0.151768
0.153921
0.148123
0.148413
0.15243
0.143755
0.142797
0.140078
0.139258
0.147971
0.147591
0.150884
0.150066
0.149582
0.148202
0.144491
0.145599
0.141022
0.135222
0.140252
0.137155
0.136293
0.131834
0.13111
0.129215
0.131748
0.125385
0.124399
0.13126
0.132052
0.133488
0.131848
0.123868
0.125703
0.126751
0.121593
0.124057
0.11785
0.117845
0.117161
0.11579
0.108634
0.110947
0.111007
0.110588
0.103524
0.100816
0.102305
0.099883
0.09983
0.097751
0.097946
0.088414
0.092495
0.087436
0.08854
0.08268
0.085055
0.08362
0.082066
0.079679
0.073768
0.07811
0.081773
0.085004
0.081868
0.084705
0.07711
0.082519
0.07738
0.080855
0.077591
0.073444
0.075062
0.07746
0.075697
0.076798
0.075191
0.072429
0.075793
0.072456
0.077103
0.071245
0.071737
0.073709
0.073654
0.067523
0.07259
0.072673
0.070206
0.073259
0.071879
0.064874
0.074935
0.068849
0.066808
0.071544
0.06987
0.070591
0.070294
0.065927
0.068657
0.070408
0.069039
0.067718
0.066119
0.068292
0.065698
0.06633
0.068436
0.066536
0.061945
0.066181
0.06664
0.066006
0.066985
0.063546
0.064129
0.067633
0.065099
0.067888
0.065275
0.065143
0.066061
0.065636
0.067319
0.063256
0.066823
0.067461
0.067922
0.065562
0.066982
0.068869
0.067964
0.066957
0.065651
0.062782
0.067674
0.066191
0.063279
0.066019
0.066493
0.063998
0.065106
0.06208
0.067873
0.068757
0.067103
0.067045
0.06888
0.066506
0.065785
0.065999
0.064917
0.066547
0.067296
0.066834
0.066491
0.066219
0.064823
0.067519
0.069527
0.067924
0.067827
0.066469
0.067004
0.063004
0.065687
0.06317
0.07066
0.066769
0.065916
0.068083
0.068117
0.06858
0.067187
0.064501
0.06668
0.066503
0.066813
0.06339
0.067768
0.068233
0.06816
0.069144
0.066692
0.068635
0.065765
0.069313
0.067029
0.067214
0.066977
0.065666
0.067175
0.068082
0.067377
0.068206
0.067995
0.066899
0.068006
0.068537
0.063121
0.066055
0.067865
0.067241
0.068486
0.067567
0.069146
0.069064
0.067139
0.066622
0.067796
0.067525
0.067903
0.066814
0.064653
0.067332
0.068436
0.064871
0.071285
0.062734
0.068346
0.066487
0.065916
0.065844
0.065939
0.06711
0.065147
0.063698
0.063277
0.063141
0.062722
0.065122
0.066579
0.064815
0.063471
0.065215
0.063918
0.063631
0.064944
0.062509
0.059005
0.06718
0.06416
0.068734
0.06873
0.066191
0.068062
0.066431
0.06622
0.066582
0.065605
0.066124
0.062786
0.065621
0.066064
0.0602
0.063859
0.064048
0.062563
0.058845
0.063798
0.062259
0.060013
0.06307
0.06272
0.062968
0.060149
0.063053
0.061321
0.064478
0.058935
0.060426
0.060246
0.063569
0.06156
0.063333
0.060279
0.060217
0.060158
0.061027
0.059957
0.06126
0.057051
0.058766
0.059002
0.058978
0.059132
0.057937
0.060082
0.055746
0.059279
0.057694
0.058163
0.058857
0.058457
0.059403
0.059288
0.058916
0.054828
0.060117
0.063104
0.059378
0.058389
0.058268
0.058274
0.06103
0.058846
0.059685
0.059928
0.060415
0.059702
0.060116
0.05932
0.05722
0.060102
0.059739
0.057902
0.059945
0.058582
0.059179
0.057359
0.059428
0.059314
0.060237
0.058052
0.061999
0.060132
0.061432
0.056506
0.058691
0.056679
0.060602
0.058763
0.055599
0.055687
0.059553
0.058534
0.057938
0.058627
0.057017
0.059107
0.060045
0.059016
0.057381
0.05754
0.062105
0.056151
0.059942
0.060163
0.06008
0.059708
0.057405
0.058606
0.056031
0.058643
0.0555
0.0574
0.060182
0.060287
0.05517
0.059482
0.060765
0.059956
0.060694
0.06032
0.059031
0.057372
0.053956
0.05583
0.06019
0.057879
0.061847
0.056201
0.059299
0.054202
0.058834
0.052419
0.053145
0.057972
0.053681
0.058199
0.056408
0.055929
0.058551
0.057652
0.056509
0.057521
0.059295
0.057922
0.056691
0.060623
0.058174
0.057987
0.056308
0.054428
0.058524
0.055515
0.056826
0.054897
0.057301
0.054989
0.057098
0.056326
0.056404
0.057783
0.060155
0.053406
0.059272
0.05625
0.05762
0.056274
0.058072
0.056831
0.053615
0.059551
0.054997
0.05843
0.056958
0.057577
0.054918
0.055966
0.058255
0.057717
0.057568
0.057887
0.058759
0.054678
0.058298
0.05853
0.057318
0.057385
0.057752
0.058323
0.056871
0.055387
0.058232
0.057735
0.055555
0.057015
0.058131
0.057919
0.056599
0.05694
0.056329
0.05708
0.057152
0.059831
0.0577
0.058304
0.057208
0.057799
0.055417
0.059327
0.058188
0.059299
0.05734
0.057925
0.055664
0.057957
0.05704
0.057907
0.059613
0.057541
0.058687
0.054675
0.055975
0.059454
0.059081
0.058187
0.058795
0.058258
0.054206
0.059516
0.058982
0.059052
0.057445
0.053857
0.05909
0.058903
0.059088
0.056793
0.05916
0.059991
0.05747
0.060345
0.058895
0.058794
0.060355
0.058022
0.056997
0.055303
0.053735
0.058181
0.059071
0.056812
0.058462
0.057847
0.059289
0.056443
0.060282
0.057047
0.056251
0.059552
0.060625
0.056163
0.060342
0.057541
0.074798
0.061429
0.061906
0.060378
0.061241
0.061595
0.061489
0.059635
0.060503
0.062637
0.061333
0.061886
0.062915
0.061538
0.059258
0.057574
0.06313
0.063148
0.062581
0.0604
0.058971
0.060281
0.060258
0.061137
0.061543
0.058721
0.060707
0.059129
0.060535
0.056916
0.058627
0.058757
0.056743
0.058529
0.056238
0.055352
0.058767
0.058064
0.057025
0.058508
0.058673
0.052456
0.052866
0.056725
0.056479
0.052489
0.057354
0.057128
0.055973
0.059409
0.058038
0.056505
0.057495
0.056621
0.056179
0.057794
0.055185
0.056945
0.052301
0.05398
0.051241
0.057422
0.056788
0.057138
0.052825
0.055212
0.060002
0.058041
0.060279
0.059144
0.059208
0.058845
0.058232
0.058496
0.058744
0.058978
0.054924
0.060341
0.056359
0.059722
0.058024
0.056721
0.056584
0.05659
0.060022
0.057325
0.059597
0.054979
0.058908
0.058709
0.058897
0.05606
0.055131
0.056648
0.056701
0.056787
0.057113
0.05799
0.058017
0.057955
0.055555
0.056434
0.058306
0.058792
0.057705
0.055204
0.059066
0.054779
0.053294
0.058016
0.058924
0.057665
0.054465
0.05875
0.055944
0.056409
0.055089
0.055945
0.052638
0.054241
0.05279
0.055597
0.056264
0.056618
0.054707
0.054399
0.054471
0.053472
0.054823
0.051219
0.056864
0.050621
0.055322
0.054761
0.056109
0.055553
0.056297
0.054856
0.056373
0.055625
0.056507
0.054879
0.055522
0.056873
0.054388
0.057966
0.053592
0.051757
0.057202
0.057398
0.056719
0.053171
0.051701
0.055834
0.053881
0.051872
0.054839
0.054938
0.056183
0.054532
0.052317
0.056435
0.054344
0.05622
0.057353
0.056095
0.053844
0.055031
0.053387
0.05053
0.051448
0.055229
0.055574
0.05385
0.054251
0.056013
0.05491
0.055267
0.051203
0.053895
0.055726
0.056062
0.055079
0.057056
0.052583
0.055022
0.053562
0.055092
0.055885
0.053732
0.051654
0.052737
0.050859
0.052052
0.054116
0.049387
0.052911
0.053994
0.05419
0.055761
0.053096
0.05397
0.05176
0.052204
0.051241
0.053336
0.052408
0.054868
0.054444
0.053968
0.055964
0.053499
0.049507
0.055482
0.054191
0.051695
0.051625
0.054018
0.055281
0.053261
0.055057
0.05276
0.052494
0.054817
0.0541
0.051938
0.053499
0.05217
0.052663
0.056705
0.055491
0.054945
0.056085
0.054256
0.056083
0.055254
0.05511
0.054663
0.052134
0.05151
0.054072
0.056825
0.053791
0.056268
0.058863
0.054843
0.056146
0.054024
0.052179
0.053023
0.053638
0.056043
0.052712
0.054292
0.056901
0.056483
0.056233
0.056346
0.055128
0.055747
0.055528
0.053915
0.053777
0.050474
0.051241
0.050873
0.052868
0.052821
0.04991
0.051673
0.053618
0.055733
0.054777
0.055823
0.05453
0.056104
0.051014
0.053785
0.051959
0.056848
0.053346
0.055791
0.051298
0.055248
0.053527
0.053982
0.056361
0.054683
0.052575
0.054297
0.055545
0.054309
0.053803
0.057967
0.054986
0.057708
0.055041
0.054064
0.058184
0.056379
0.057995
0.057192
0.058685
0.055814
0.055421
0.056219
0.05434
0.056739
0.058901
0.055819
0.056062
0.056424
0.057444
0.056659
0.059232
0.053782
0.057734
0.057224
0.055446
0.055617
0.057168
0.055375
0.057136
0.05646
0.056581
0.052976
0.052693
0.056047
0.057073
0.057548
0.05517
0.056974
0.05565
0.051732
0.057355
0.054234
0.055287
0.05858
0.060502
0.057695
0.053381
0.057111
0.05626
0.057993
0.055262
0.05808
0.05793
0.05569
0.058403
0.057763
0.05637
0.05744
0.056793
0.056721
0.056132
0.052769
0.055165
0.05688
0.055412
0.055114
0.057734
0.056083
0.057682
0.053946
0.052673
0.056701
0.05923
0.055093
0.052389
0.054434
0.055763
0.055688
0.056352
0.052147
0.058031
0.056061
0.054071
0.05705
0.056354
0.057819
0.05842
0.057694
0.053834
0.061127
0.058343
0.060047
0.052472
0.057666
0.056783
0.057519
0.059967
0.058255
0.05753
0.059213
0.054764
0.058145
0.05788
0.058407
0.054312
0.057609
0.05771
0.056964
0.056091
0.058423
0.06265
0.057029
0.055775
0.055157
0.056882
0.056923
0.058058
0.057397
0.058644
0.057532
0.057068
0.058053
0.059557
0.058498
0.058969
0.056505
0.059348
0.058463
0.05611
0.055639
0.057551
0.058296
0.05829
0.056606
0.058209
0.058418
0.05732
0.05728
0.05799
0.058901
0.056748
0.058045
0.056471
0.057811
0.056364
0.056029
0.055032
0.056009
0.05412
0.056632
0.057152
0.057979
0.056834
0.055205
0.053626
0.057024
0.056417
0.05753
0.056725
0.057678
0.055713
0.056271
0.056666
0.057043
0.056743
0.057479
0.054594
0.05526
0.057283
0.056515
0.055857
0.056809
0.058039
0.05805
0.055185
0.056616
0.055492
0.05791
0.055453
0.055582
0.057095
0.057444
0.052886
0.05791
0.055459
0.056705
0.055017
0.052005
0.057025
0.054982
0.056323
0.05723
0.064242
0.061695
0.059286
0.059582
0.057093
0.059782
0.05952
0.059966
0.062082
0.060587
0.061748
0.061086
0.061957
0.06017
0.061896
0.061195
0.060663
0.058246
0.061472
0.059515
0.060168
0.060235
0.060172
0.060756
0.057351
0.055632
0.059697
0.060556
0.058443
0.057948
0.057161
0.056521
0.060715
0.05307
0.057256
0.05751
0.053543
0.057453
0.060345
0.057337
0.057199
0.056486
0.057394
0.058101
0.059275
0.054411
0.057745
0.05636
0.055514
0.055749
0.056362
0.056678
0.053104
0.055981
0.057397
0.054991
0.056073
0.055688
0.057135
0.055353
0.056963
0.056244
0.056269
0.05767
0.055877
0.057409
0.057361
0.057358
0.058197
0.058759
0.055553
0.054759
0.053584
0.054058
0.057743
0.056589
0.057175
0.057178
0.05825
0.058053
0.056444
0.058819
0.05748
0.057217
0.056039
0.057072
0.057393
0.058745
0.055005
0.056309
0.057978
0.057126
0.057931
0.056196
0.056235
0.058138
0.056917
0.056992
0.05751
0.056373
0.056622
0.056151
0.056736
0.056359
0.056723
0.055319
0.059016
0.058735
0.055572
0.058923
0.060432
0.057855
0.057069
0.057916
0.056927
0.05836
0.059019
0.057725
0.058575
0.054623
0.057012
0.058627
0.058512
0.059249
0.056503
0.056029
0.058152
0.056377
0.055739
0.056521
0.057815
0.058144
0.05611
0.056998
0.057458
0.057663
0.057951
0.056954
0.058417
0.054825
0.057078
0.055077
0.055983
0.052935
0.056375
0.056976
0.055359
0.055046
0.055347
0.052313
0.052297
0.054422
0.054507
0.054797
0.053354
0.05734
0.057237
0.056792
0.056475
0.057703
0.054629
0.057131
0.058309
0.054147
0.056087
0.053959
0.057306
0.058102
0.059754
0.05865
0.061401
0.058268
0.059573
0.057453
0.059036
0.060615
0.057888
0.059927
0.057509
0.057638
0.056588
0.05681
0.059604
0.057805
0.057181
0.052873
0.059751
0.058206
0.054495
0.055884
0.058012
0.055511
0.05655
0.058154
0.052883
0.054466
0.055662
0.056248
0.055567
0.056374
0.056764
0.056604
0.058977
0.054507
0.055105
0.055458
0.053541
0.055398
0.055821
0.055447
0.055827
0.05539
0.057175
0.05965
0.062582
0.060026
0.061513
0.058923
0.060798
0.058088
0.059417
0.062853
0.057703
0.053787
0.057787
0.05689
0.058012
0.057112
0.059149
0.053157
0.053379
0.057614
0.058681
0.055957
0.057476
0.054055
0.058922
0.057418
0.058425
0.055669
0.056321
0.05393
0.059029
0.056659
0.056871
0.059077
0.054999
0.055647
0.058611
0.057497
0.055823
0.05704
0.060189
0.061567
0.061534
0.057537
0.061819
0.056572
0.058303
0.059014
0.056371
0.058943
0.059071
0.059641
0.059
0.059975
0.057864
0.059446
0.057979
0.057271
0.058421
0.058918
0.058703
0.057307
0.057242
0.05787
0.057728
0.056406
0.057296
0.05469
0.054047
0.057166
0.058842
0.056127
0.057292
0.056721
0.057521
0.056852
0.058285
0.056153
0.057331
0.055034
0.056248
0.056356
0.056739
0.056128
0.056569
0.055394
0.054496
0.054803
0.057411
0.057046
0.058347
0.056469
0.060746
0.060811
0.058248
0.056323
0.059499
0.057136
0.054548
0.056858
0.05898
0.060847
0.05809
0.056358
0.057102
0.057626
0.053171
0.056428
0.057055
0.05873
0.056875
0.059187
0.056217
0.056661
0.053057
0.054901
0.051082
0.056026
0.055044
0.056714
0.055102
0.054942
0.052767
0.057157
0.055343
0.055351
0.05468
0.054806
0.05526
0.056896
0.051294
0.055275
0.052435
0.055287
0.05537
0.056035
0.053631
0.054672
0.056388
0.055466
0.053444
0.055617
0.053932
0.054188
0.055086
0.053098
0.051624
0.051624
0.053651
0.051323
0.05275
0.053414
0.052025
0.053033
0.049624
0.049443
0.049916
0.052159
0.052831
0.051902
0.050448
0.048661
0.048847
0.054465
0.053795
0.05036
0.050341
0.052311
0.052929
0.051677
0.052279
0.054775
0.049123
0.050518
0.053836
0.048263
0.051283
0.0523
0.050835
0.048438
0.050758
0.052984
0.051773
0.051228
0.050408
0.053115
0.053237
0.048535
0.053281
0.052591
0.049599
0.050445
0.051211
0.050771
0.052929
0.049539
0.050078
0.053367
0.051201
0.049585
0.048562
0.052447
0.053214
0.04906
0.050407
0.051051
0.050232
0.05119
0.05118
0.052426
0.050827
0.050701
0.051588
0.052167
0.050077
0.052148
0.049989
0.051068
0.050709
0.056413
0.051661
0.052341
0.050985
0.050142
0.050333
0.051453
0.053103
0.053487
0.051595
0.051078
0.052527
0.053755
0.05379
0.053267
0.052635
0.050987
0.051708
0.050614
0.049251
0.054818
0.053763
0.05525
0.054196
0.055424
0.053271
0.054437
0.051121
0.051236
0.049488
0.052388
0.054725
0.053501
0.053663
0.053056
0.049824
0.053601
0.050912
0.054404
0.05426
0.05548
0.049247
0.050472
0.057264
0.052208
0.053717
0.051402
0.054778
0.052017
0.0554
0.052365
0.055244
0.053417
0.053582
0.055707
0.056155
0.055577
0.055106
0.052707
0.052846
0.054673
0.053348
0.053015
0.052952
0.049321
0.05368
0.05527
0.052685
0.05456
0.05026
0.054888
0.051586
0.05011
0.051047
0.05214
0.052476
0.055134
0.050118
0.051852
0.053737
0.053835
0.056836
0.053769
0.051724
0.053484
0.057126
0.054551
0.055312
0.053376
0.052666
0.05509
0.058834
0.05485
0.057256
0.054766
0.054824
0.055403
0.051314
0.055503
0.053336
0.053894
0.055044
0.051019
0.055403
0.053129
0.053212
0.054893
0.053042
0.054899
0.05346
0.050924
0.054225
0.051495
0.051685
0.052996
0.054694
0.051697
0.054554
0.05447
0.053806
0.053825
0.054793
0.053628
0.054338
0.05258
0.052359
0.054045
0.054944
0.053493
0.056333
0.052745
0.055685
0.050374
0.053712
0.051954
0.054724
0.054893
0.054131
0.054712
0.053677
0.053915
0.053501
0.052215
0.053727
0.051155
0.05373
0.054861
0.054003
0.053723
0.053584
0.055973
0.054349
0.055282
0.051725
0.055528
0.05402
0.054191
0.053229
0.054196
0.054826
0.052853
0.052092
0.052252
0.054577
0.052367
0.051798
0.058406
0.055162
0.060043
0.054581
0.054467
0.055552
0.055974
0.053645
0.05092
0.054838
0.05385
0.053852
0.053599
0.053965
0.055752
0.054477
0.055121
0.054123
0.053269
0.053978
0.052373
0.052238
0.055146
0.053974
0.054014
0.053854
0.052704
0.049448
0.052895
0.055383
0.052907
0.053039
0.055624
0.055259
0.051768
0.055157
0.051356
0.054297
0.053175
0.054089
0.051114
0.052967
0.05319
0.053798
0.050722
0.049098
0.049208
0.054407
0.0532
0.051842
0.053753
0.049395
0.055124
0.053474
0.054238
0.054524
0.050088
0.052706
0.052579
0.053281
0.050794
0.050569
0.052078
0.053608
0.05205
0.052919
0.05002
0.0549
0.053194
0.054756
0.052007
0.052169
0.051321
0.053388
0.053448
0.053134
0.051873
0.053367
0.053405
0.052824
0.05338
0.05483
0.057283
0.053433
0.055734
0.0544
0.057089
0.053826
0.055257
0.053822
0.055175
0.055806
0.056024
0.053932
0.054258
0.058381
0.054674
0.052399
0.051933
0.050908
0.051052
0.057333
0.054926
0.05579
0.055145
0.053192
0.054875
0.054534
0.054955
0.055503
0.053417
0.050431
0.056105
0.05496
0.053277
0.05289
0.053745
0.055429
0.056063
0.053654
0.055206
0.053917
0.055111
0.051781
0.052784
0.055297
0.05332
0.056257
0.05296
0.055496
0.049277
0.051697
0.053478
0.056775
0.051849
0.054223
0.054983
0.053074
0.056378
0.053281
0.053429
0.055498
0.056904
0.057743
0.055459
0.056806
0.058939
0.055378
0.056045
0.055161
0.057893
0.057672
0.053186
0.052446
0.050294
0.05745
0.052786
0.05738
0.0543
0.053349
0.054898
0.056948
0.053739
0.055753
0.055137
0.056031
0.055624
0.054174
0.056617
0.051796
0.055391
0.053695
0.055013
0.054902
0.056742
0.054852
0.054914
0.057424
0.055901
0.056221
0.052159
0.053841
0.055542
0.052156
0.053876
0.055397
0.05462
0.052237
0.05316
0.055731
0.054813
0.05502
0.056821
0.053338
0.05679
0.054896
0.057189
0.054907
0.054463
0.052471
0.049374
0.05643
0.058573
0.057465
0.059647
0.060148
0.058446
0.058816
0.055114
0.059374
0.059163
0.058706
0.059434
0.055405
0.058267
0.056885
0.057229
0.058469
0.057011
0.056553
0.056793
0.058104
0.056529
0.057928
0.060803
0.055991
0.055851
0.058384
0.05558
0.054282
0.054054
0.054216
0.058181
0.055021
0.054436
0.054002
0.055525
0.057014
0.054229
0.054209
0.05217
0.055696
0.057366
0.054805
0.055717
0.058029
0.056673
0.055997
0.054495
0.055752
0.055622
0.053729
0.053236
0.057381
0.056365
0.052996
0.051828
0.054767
0.053839
0.052826
0.053335
0.052561
0.051927
0.052773
0.051505
0.054101
0.052019
0.049477
0.054429
0.052773
0.04959
0.052068
0.051797
0.053506
0.051783
0.05064
0.04981
0.051791
0.050209
0.05387
0.051228
0.052959
0.05334
0.051993
0.051366
0.052749
0.054364
0.053266
0.05546
0.055343
0.054489
0.054411
0.054565
0.052753
0.053356
0.053174
0.055299
0.054571
0.054198
0.053596
0.051798
0.055783
0.05477
0.053796
0.055074
0.055806
0.055742
0.055719
0.052126
0.055777
0.053287
0.053485
0.05369
0.054453
0.052897
0.055227
0.056637
0.056485
0.054335
0.053355
0.052698
0.051098
0.052791
0.053869
0.05046
0.055904
0.052957
0.052624
0.055153
0.054224
0.056432
0.053554
0.054659
0.052904
0.053993
0.052888
0.052376
0.053033
0.05264
0.052651
0.055194
0.053316
0.050074
0.051345
0.051413
0.053687
0.052435
0.051524
0.053863
0.05304
0.052927
0.055498
0.052569
0.054463
0.053415
0.05489
0.053278
0.055274
0.050924
0.052617
0.054032
0.054309
0.055082
0.054738
0.053521
0.057393
0.052901
0.054334
0.051899
0.054313
0.053772
0.053218
0.05157
0.054038
0.051288
0.053289
0.054497
0.049314
0.053472
0.05389
0.051686
0.051124
0.051196
0.053613
0.053337
0.049876
0.052664
0.050223
0.05368
0.054123
0.054652
0.050781
0.051375
0.052639
0.053163
0.053499
0.05276
0.053799
0.054568
0.05402
0.055284
0.053687
0.054815
0.052933
0.052362
0.054381
0.053225
0.053899
0.054803
0.052645
0.054178
0.052492
0.053975
0.054537
0.057996
0.052676
0.054411
0.051437
0.053091
0.054648
0.054336
0.054467
0.053532
0.053459
0.051427
0.05303
0.054279
0.054304
0.054196
0.05528
0.054572
0.054524
0.055279
0.053394
0.053668
0.050782
0.054993
0.055342
0.054998
0.054069
0.052489
0.051585
0.053134
0.053755
0.052939
0.054829
0.054105
0.054611
0.053829
0.052044
0.054278
0.0496
0.052338
0.052393
0.050947
0.052812
0.050234
0.051206
0.053494
0.052184
0.051438
0.05319
0.054647
0.051843
0.053568
0.049846
0.055062
0.053423
0.05454
0.050173
0.051112
0.050878
0.050404
0.050064
0.051983
0.053739
0.049323
0.049245
0.054622
0.053605
0.051898
0.055084
0.050434
0.050536
0.055778
0.054116
0.052146
0.054857
0.052086
0.051722
0.051638
0.051311
0.053399
0.051938
0.051208
0.051318
0.051479
0.052259
0.053085
0.051695
0.053396
0.051275
0.054812
0.052753
0.051193
0.056081
0.051204
0.052109
0.052677
0.050349
0.052154
0.050514
0.052751
0.052705
0.048271
0.050426
0.052703
0.054185
0.053342
0.050109
0.054907
0.053947
0.052429
0.050089
0.049726
0.053729
0.053425
0.053028
0.053934
0.050897
0.056204
0.049952
0.051508
0.049954
0.050545
0.055039
0.053696
0.051866
0.049628
0.052796
0.052276
0.053265
0.051263
0.051751
0.053796
0.052763
0.053428
0.052493
0.052643
0.052651
0.050616
0.054305
0.054043
0.054283
0.052995
0.05066
0.053885
0.054291
0.057072
0.053465
0.053815
0.053673
0.052807
0.053777
0.053185
0.053905
0.05307
0.053479
0.053734
0.053811
0.052445
0.052688
0.052101
0.050706
0.04999
0.049339
0.05641
0.050556
0.051839
0.053843
0.05198
0.050741
0.053274
0.053039
0.05168
0.053771
0.054441
0.055658
0.054677
0.052704
0.051474
0.05124
0.04903
0.048598
0.05372
0.052999
0.05077
0.050216
0.0559
0.05817
0.056717
0.057438
0.055797
0.054529
0.054133
0.050004
0.056713
0.051823
0.053533
0.050767
0.051444
0.052433
0.053505
0.052552
0.054076
0.054967
0.053965
0.052826
0.054431
0.056309
0.052742
0.053974
0.054146
0.053945
0.053905
0.053183
0.055181
0.053816
0.052995
0.053034
0.054036
0.053516
0.05087
0.053731
0.054591
0.053218
0.050569
0.052781
0.050468
0.049238
0.052758
0.052136
0.053327
0.05194
0.051753
0.055157
0.053549
0.052409
0.052904
0.053452
0.051818
0.049898
0.050689
0.049999
0.051205
0.049977
0.054332
0.053476
0.052625
0.052664
0.054423
0.052312
0.05396
0.054194
0.053208
0.055272
0.051773
0.053952
0.052593
0.055908
0.05389
0.054413
0.052223
0.054682
0.054421
0.053701
0.05171
0.053689
0.053152
0.054847
0.051269
0.053188
0.050485
0.053232
0.051926
0.051214
0.052034
0.053339
0.054153
0.054496
0.054199
0.05623
0.053125
0.054542
0.052816
0.054661
0.054633
0.05525
0.054765
0.054153
0.054897
0.054801
0.056431
0.055136
0.054633
0.056265
0.05367
0.055471
0.054146
0.05596
0.055188
0.055483
0.053629
0.053941
0.051918
0.053714
0.054547
0.056563
0.054392
0.056026
0.052673
0.060467
0.054674
0.054581
0.053846
0.053269
0.053489
0.055969
0.056497
0.056526
0.055462
0.051251
0.055609
0.056239
0.052635
0.055035
0.056224
0.059069
0.055143
0.05574
0.053765
0.053967
0.054708
0.053609
0.057641
0.056949
0.057371
0.053508
0.057351
0.055688
0.054746
0.056542
0.053456
0.055686
0.053914
0.05734
0.05626
0.052583
0.055504
0.057562
0.055751
0.057027
0.057786
0.057391
0.053468
0.057448
0.053455
0.056989
0.054442
0.058476
0.055711
0.057935
0.053259
0.057157
0.056216
0.058396
0.056645
0.053567
0.058218
0.055509
0.053018
0.053634
0.054388
0.057096
0.056929
0.055808
0.060237
0.060422
0.056569
0.059425
0.057185
0.055745
0.05312
0.058954
0.056242
0.056817
0.0594
0.05712
0.058867
0.057308
0.059857
0.055774
0.057245
0.054707
0.055686
0.05688
0.055263
0.058688
0.059248
0.061033
0.061805
0.060643
0.059004
0.060204
0.057663
0.059294
0.059827
0.056293
0.062035
0.058302
0.064691
0.060561
0.060547
0.060618
0.060165
0.060481
0.057616
0.059143
0.05913
0.059469
0.060497
0.059094
0.060163
0.058951
0.060916
0.058027
0.059346
0.059195
0.059562
0.063143
0.056569
0.059035
0.059995
0.061135
0.060999
0.060319
0.059849
0.058447
0.058838
0.060519
0.059771
0.059502
0.060405
0.055722
0.057655
0.057642
0.056656
0.062081
0.058397
0.060141
0.059394
0.063119
0.061199
0.061763
0.059052
0.06325
0.058728
0.059418
0.060895
0.060261
0.05926
0.06005
0.057811
0.062624
0.062212
0.062765
0.064479
0.060091
0.060342
0.056458
0.05928
0.061242
0.058772
0.059387
0.059265
0.059334
0.059421
0.059879
0.058628
0.059441
0.059601
0.062316
0.062412
0.060262
0.061955
0.061498
0.05814
0.061887
0.061588
0.059502
0.062202
0.058559
0.05647
0.061172
0.061309
0.060584
0.058695
0.058832
0.057602
0.05869
0.05564
0.06171
0.056637
0.057057
0.057791
0.059943
0.057337
0.057492
0.057012
0.05603
0.058627
0.057204
0.056068
0.055149
0.056664
0.053513
0.053866
0.056646
0.056426
0.054058
0.054423
0.05597
0.056603
0.054596
0.055375
0.058145
0.055611
0.054458
0.056126
0.053185
0.062226
0.055886
0.056171
0.056076
0.058121
0.055865
0.057009
0.056832
0.055462
0.054219
0.057803
0.05582
0.057827
0.055294
0.057484
0.053639
0.058463
0.056685
0.057312
0.059124
0.060295
0.061587
0.058109
0.058824
0.057304
0.063028
0.058487
0.064446
0.063336
0.063259
0.060565
0.061687
0.057537
0.058742
0.060706
0.063156
0.060584
0.060127
0.059313
0.05721
0.057729
0.056112
0.06003
0.059457
0.05872
0.058467
0.057193
0.059399
0.059615
0.062386
0.060979
0.062348
0.059829
0.061747
0.061527
0.061967
0.060559
0.060583
0.062266
0.058833
0.062364
0.063255
0.062275
0.061679
0.058303
0.061709
0.060488
0.061437
0.05716
0.061752
0.061335
0.061175
0.062381
0.062085
0.061032
0.056914
0.061408
0.062693
0.06085
0.061562
0.061762
0.061997
0.061831
0.060891
0.060036
0.061515
0.062599
0.062496
0.062169
0.060719
0.062
0.061605
0.059053
0.056638
0.060715
0.060364
0.061531
0.059371
0.058427
0.061365
0.061191
0.060667
0.060096
0.06048
0.061571
0.062395
0.059144
0.060655
0.06063
0.061746
0.061074
0.061266
0.058985
0.059855
0.061435
0.061564
0.061136
0.062162
0.060101
0.062127
0.063327
0.060678
0.060753
0.062358
0.060463
0.060898
0.061581
0.061004
0.06231
0.060373
0.06069
0.059652
0.06076
0.060962
0.062104
0.059319
0.058128
0.060353
0.059532
0.060128
0.058517
0.059277
0.064975
0.06231
0.061967
0.060009
0.059813
0.061936
0.059285
0.060789
0.0595
0.057349
0.060729
0.058059
0.060132
0.057808
0.063027
0.059368
0.062175
0.058946
0.061676
0.061117
0.060951
0.059489
0.059564
0.060428
0.059783
0.056822
0.061497
0.05924
0.06106
0.061669
0.059866
0.061214
0.059679
0.062283
0.059485
0.058178
0.058392
0.06007
0.061136
0.061212
0.05922
0.062371
0.061488
0.06243
0.061824
0.057429
0.058874
0.056113
0.060266
0.061324
0.059749
0.06132
0.058961
0.062608
0.058394
0.058402
0.060783
0.060082
0.056363
0.059931
0.059285
0.062023
0.05687
0.062377
0.056107
0.061945
0.060089
0.069977
0.059542
0.060266
0.061208
0.060773
0.063533
0.060782
0.062413
0.05992
0.059158
0.060666
0.056433
0.062093
0.060828
0.061699
0.056706
0.064042
0.061346
0.061379
0.061128
0.06151
0.057774
0.059468
0.06114
0.062104
0.059607
0.0601
0.059997
0.059693
0.066027
0.05899
0.061799
0.061609
0.057227
0.061926
0.056629
0.060828
0.05781
0.058385
0.059478
0.061627
0.061058
0.061612
0.060384
0.062291
0.060617
0.061713
0.061292
0.061582
0.060729
0.060742
0.061659
0.058881
0.062085
0.058248
0.060908
0.061897
0.059606
0.061912
0.060493
0.062482
0.05871
0.061882
0.060583
0.059997
0.0613
0.061527
0.056522
0.060982
0.060385
0.062236
0.060328
0.06104
0.057173
0.062397
0.061898
0.060267
0.061408
0.061211
0.062624
0.059245
0.062365
0.061033
0.060541
0.059753
0.059969
0.059908
0.060782
0.061226
0.059284
0.05814
0.061655
0.060546
0.061366
0.06006
0.059963
0.061036
0.060485
0.06189
0.062416
0.060797
0.061162
0.058572
0.060584
0.062716
0.057461
0.058679
0.060482
0.059882
0.060468
0.059329
0.060646
0.061173
0.059028
0.060662
0.054724
0.058844
0.05674
0.058432
0.059085
0.058389
0.060587
0.057403
0.062235
0.059401
0.058011
0.058763
0.056528
0.059356
0.059791
0.059347
0.06006
0.060763
0.058887
0.059601
0.059961
0.061478
0.058772
0.057989
0.057143
0.059512
0.057573
0.058059
0.060886
0.059011
0.061218
0.061158
0.062379
0.057792
0.060415
0.057886
0.059842
0.060222
0.056937
0.058006
0.062278
0.055088
0.056065
0.059908
0.060401
0.060633
0.058428
0.058507
0.05896
0.059616
0.057122
0.058833
0.057699
0.058135
0.05821
0.059003
0.057435
0.05391
0.059736
0.057076
0.059374
0.058566
0.059801
0.057104
0.05917
0.054834
0.060826
0.060669
0.057291
0.060613
0.059511
0.060663
0.059185
0.060381
0.058673
0.05974
0.060533
0.060675
0.060506
0.060409
0.057787
0.063154
0.060515
0.05826
0.060681
0.060823
0.062616
0.061754
0.060966
0.062979
0.058619
0.06304
0.060888
0.064085
0.063293
0.061886
0.061572
0.058528
0.059712
0.059256
0.06261
0.060398
0.063078
0.059076
0.062341
0.060925
0.061616
0.062712
0.062081
0.058681
0.058859
0.061239
0.05853
0.0586
0.058574
0.060061
0.062405
0.059855
0.062782
0.061174
0.058926
0.060486
0.060203
0.06232
0.060406
0.057867
0.06079
0.060926
0.060726
0.060413
0.057814
0.059751
0.060594
0.060407
0.058826
0.058554
0.058019
0.057246
0.059274
0.058959
0.062193
0.05881
0.063179
0.061349
0.060799
0.0629
0.062956
0.062129
0.061223
0.061154
0.06181
0.059638
0.061747
0.061312
0.060091
0.060399
0.060052
0.062222
0.060148
0.062563
0.059234
0.059351
0.059838
0.058661
0.060746
0.060628
0.059217
0.059436
0.058109
0.06239
0.059919
0.059667
0.059618
0.060148
0.058358
0.059607
0.059053
0.058362
0.057815
0.059501
0.058843
0.058222
0.058707
0.059125
0.057439
0.059891
0.062683
0.059413
0.061112
0.061233
0.05873
0.060198
0.061265
0.063119
0.058576
0.061906
0.061588
0.060034
0.059406
0.059473
0.061056
0.06128
0.058761
0.057236
0.060072
0.060522
0.060047
0.059293
0.061176
0.058812
0.058237
0.060128
0.06213
0.057872
0.062189
0.059788
0.056984
0.05929
0.061136
0.0604
0.061839
0.057191
0.060712
0.058812
0.063057
0.060858
0.061634
0.061085
0.060656
0.059722
0.057777
0.058275
0.059193
0.062984
0.063392
0.061182
0.061293
0.054869
0.058819
0.060195
0.058032
0.058884
0.057874
0.060174
0.056225
0.059829
0.056721
0.058197
0.059225
0.057921
0.057901
0.057853
0.059149
0.058287
0.059084
0.058662
0.057741
0.057947
0.055391
0.063759
0.060189
0.059484
0.058985
0.059954
0.057478
0.058507
0.056677
0.054975
0.058687
0.055681
0.058211
0.057693
0.057192
0.056032
0.058561
0.057639
0.058501
0.054192
0.058433
0.056859
0.057191
0.055565
0.052829
0.053171
0.053285
0.056491
0.056028
0.05335
0.055091
0.054765
0.054838
0.054938
0.053364
0.053874
0.050518
0.056774
0.053717
0.051858
0.052695
0.051698
0.051565
0.055009
0.054651
0.050487
0.051006
0.056422
0.055555
0.056108
0.053295
0.049894
0.059549
0.053561
0.055279
0.056325
0.055901
0.053057
0.052592
0.054047
0.053705
0.053004
0.052087
0.05314
0.051058
0.052471
0.053413
0.050792
0.052144
0.057602
0.055654
0.053913
0.054703
0.057839
0.055227
0.059401
0.056816
0.055473
0.052521
0.053274
0.051222
0.055953
0.05483
0.057792
0.050096
0.05168
0.052227
0.054783
0.052189
0.053811
0.052188
0.050109
0.050418
0.052154
0.056501
0.052379
0.053152
0.054715
0.053038
0.051847
0.058144
0.054207
0.052567
0.056318
0.05481
0.056159
0.054857
0.054716
0.055547
0.051753
0.05256
0.053367
0.053678
0.05385
0.053988
0.053421
0.054596
0.053329
0.050582
0.054354
0.055418
0.052213
0.056019
0.051119
0.053825
0.053669
0.05032
0.055136
0.053785
0.053303
0.051333
0.054148
0.050619
0.051564
0.053538
0.054634
0.052912
0.053176
0.053266
0.054123
0.051524
0.050757
0.051055
0.053219
0.056311
0.053367
0.055043
0.051638
0.05382
0.053298
0.053176
0.052193
0.054882
0.05496
0.054394
0.055099
0.051592
0.053179
0.049615
0.050373
0.051481
0.050814
0.05505
0.048626
0.053841
0.052589
0.050567
0.051127
0.053591
0.051338
0.052365
0.053732
0.052196
0.049809
0.050796
0.052257
0.050155
0.050602
0.050266
0.052016
0.052125
0.05274
0.053323
0.049976
0.053106
0.053745
0.051202
0.051949
0.053453
0.05387
0.055242
0.053253
0.053418
0.050646
0.051194
0.055093
0.0535
0.053999
0.055381
0.052643
0.050584
0.05284
0.054642
0.050984
0.055668
0.054064
0.052759
0.052875
0.051232
0.053159
0.048988
0.05132
0.050839
0.050488
0.051429
0.050691
0.05355
0.050271
0.055058
0.052991
0.057575
0.054341
0.051637
0.05171
0.054244
0.049599
0.050773
0.052165
0.05506
0.054159
0.054785
0.051672
0.053934
0.054387
0.05335
0.052153
0.055945
0.056794
0.055532
0.057862
0.055183
0.053209
0.052704
0.056041
0.05607
0.05248
0.053286
0.05525
0.052433
0.054909
0.050928
0.051873
0.053274
0.0543
0.051023
0.055191
0.05361
0.053389
0.053355
0.053393
0.053471
0.056441
0.05338
0.053521
0.053528
0.054562
0.052044
0.052359
0.054055
0.050636
0.052331
0.055947
0.055315
0.05518
0.052914
0.054322
0.055221
0.055964
0.05455
0.052611
0.049724
0.054098
0.048299
0.050221
0.054654
0.050649
0.049359
0.052578
0.054079
0.050965
0.05032
0.054085
0.051393
0.053111
0.053035
0.055378
0.053351
0.052382
0.056571
0.054753
0.055132
0.056111
0.053393
0.055276
0.052608
0.049184
0.05305
0.051429
0.051476
0.0556
0.053973
0.051864
0.051433
0.054406
0.052025
0.056962
0.05512
0.056295
0.054863
0.052464
0.053707
0.052675
0.053062
0.050132
0.053969
0.054462
0.053744
0.050107
0.054779
0.055277
0.054284
0.055955
0.051178
0.052379
0.05402
0.054241
0.052818
0.053305
0.054479
0.050995
0.05613
0.052291
0.051568
0.053624
0.053103
0.05143
0.051425
0.052366
0.051099
0.053091
0.05426
0.05444
0.04993
0.052419
0.050778
0.0513
0.049359
0.053186
0.054559
0.055275
0.054988
0.049803
0.05469
0.052829
0.055568
0.053164
0.052103
0.056205
0.054252
0.052129
0.052609
0.053141
0.052392
0.053962
0.053297
0.052683
0.056425
0.054811
0.054051
0.050641
0.051732
0.053138
0.049965
0.051866
0.050422
0.054081
0.05405
0.053041
0.05134
0.05222
0.053819
0.051292
0.054119
0.050999
0.053441
0.048909
0.052812
0.051083
0.050468
0.053944
0.0532
0.050943
0.053032
0.052911
0.053726
0.05283
0.053385
0.056979
0.053336
0.051138
0.053512
0.050007
0.052899
0.053088
0.051525
0.053927
0.053554
0.052619
0.051976
0.053221
0.055641
0.055216
0.051895
0.052433
0.053747
0.0534
0.053423
0.05528
0.052785
0.055269
0.055518
0.053889
0.052907
0.050856
0.054074
0.053133
0.049162
0.052747
0.050482
0.053666
0.05129
0.052712
0.052519
0.052601
0.053761
0.051565
0.051624
0.054606
0.048932
0.052363
0.050352
0.056439
0.053944
0.055676
0.055018
0.053505
0.055252
0.054926
0.051575
0.053944
0.054516
0.050343
0.052902
0.055622
0.057238
0.054579
0.054198
0.055981
0.053983
0.055949
0.053574
0.053784
0.054068
0.055952
0.055484
0.056098
0.052645
0.05416
0.057869
0.051498
0.052733
0.05442
0.052578
0.059474
0.059628
0.05934
0.06239
0.062153
0.056439
0.057263
0.058888
0.06005
0.060606
0.058973
0.05825
0.06005
0.055699
0.057124
0.057085
0.055938
0.060705
0.056714
0.054479
0.059324
0.057621
0.059089
0.054122
0.058532
0.057203
0.060755
0.058217
0.061238
0.057332
0.060583
0.058321
0.05425
0.05627
0.057967
0.060542
0.060261
0.054662
0.059807
0.060677
0.057865
0.059116
0.057407
0.060114
0.057692
0.053864
0.060259
0.059789
0.059704
0.056903
0.059748
0.057519
0.057741
0.057153
0.057848
0.058066
0.058502
0.055535
0.058685
0.054504
0.053336
0.053851
0.053133
0.054867
0.053908
0.053769
0.061121
0.056129
0.057404
0.05556
0.059351
0.05651
0.058341
0.059706
0.059556
0.060089
0.059577
0.056332
0.05637
0.058433
0.060647
0.058193
0.058458
0.056277
0.057121
0.056356
0.058174
0.056945
0.056824
0.058058
0.060021
0.058306
0.05995
0.052969
0.0592
0.057156
0.057999
0.057611
0.057634
0.058504
0.059455
0.056713
0.055546
0.056434
0.056925
0.056725
0.056974
0.05677
0.052762
0.054711
0.051267
0.054674
0.054784
0.056414
0.055165
0.052015
0.053306
0.055875
0.051909
0.057036
0.054335
0.05649
0.057251
0.059722
0.055383
0.057962
0.056145
0.053229
0.055491
0.056091
0.059296
0.056874
0.054845
0.054347
0.054643
0.05501
0.052385
0.05498
0.05437
0.053974
0.054058
0.053962
0.054321
0.055147
0.050159
0.052164
0.054043
0.052352
0.055035
0.05467
0.056661
0.055685
0.054141
0.054077
0.055182
0.05434
0.053188
0.054154
0.056396
0.054419
0.053283
0.056442
0.055541
0.053505
0.053629
0.056224
0.055689
0.056183
0.052657
0.054194
0.053631
0.054698
0.057066
0.058657
0.05738
0.057225
0.058084
0.054384
0.053132
0.053326
0.053863
0.05932
0.057116
0.057341
0.054574
0.052681
0.057388
0.055445
0.057932
0.056746
0.057638
0.057383
0.056957
0.054672
0.053215
0.054042
0.055144
0.055951
0.055004
0.058145
0.052381
0.054004
0.053495
0.052458
0.055826
0.056138
0.0561
0.054672
0.054814
0.053274
0.056696
0.051508
0.053772
0.056539
0.055105
0.056529
0.056006
0.054101
0.054938
0.053283
0.056535
0.058137
0.055648
0.054134
0.051016
0.05536
0.052436
0.053585
0.055803
0.055988
0.050571
0.054123
0.05544
0.057297
0.056103
0.056956
0.054236
0.057814
0.057188
0.05409
0.055356
0.054335
0.053592
0.061497
0.054004
0.054978
0.053679
0.052298
0.054074
0.055149
0.05467
0.057521
0.056004
0.056371
0.054322
0.055978
0.056461
0.051734
0.052318
0.05642
0.051647
0.053408
0.056843
0.057757
0.053691
0.057013
0.054969
0.053105
0.056054
0.057686
0.05621
0.053486
0.056504
0.050819
0.051234
0.053898
0.055469
0.052386
0.053367
0.057164
0.052068
0.055511
0.055056
0.056361
0.054972
0.056119
0.054554
0.058179
0.057397
0.056435
0.057721
0.057243
0.05566
0.055407
0.05616
0.058479
0.055465
0.051634
0.054228
0.055455
0.052616
0.052535
0.054819
0.056889
0.054037
0.057144
0.052837
0.056655
0.055166
0.053647
0.055358
0.05489
0.051739
0.057552
0.057948
0.056078
0.055385
0.056429
0.056112
0.057286
0.055695
0.056296
0.055143
0.054114
0.055573
0.054196
0.058683
0.055682
0.056823
0.055766
0.056728
0.054691
0.053388
0.05755
0.055409
0.054498
0.057758
0.056556
0.053378
0.052315
0.056129
0.055979
0.056368
0.056734
0.054989
0.056676
0.057524
0.053991
0.054036
0.05356
0.054497
0.055196
0.056722
0.056087
0.052501
0.0533
0.054505
0.053827
0.056285
0.055163
0.056311
0.054088
0.054387
0.055576
0.055894
0.057142
0.05576
0.058164
0.056063
0.053451
0.052103
0.05491
0.055941
0.054589
0.053682
0.05637
0.056994
0.055758
0.057219
0.053211
0.052149
0.055724
0.053295
0.055206
0.053141
0.057548
0.055464
0.057909
0.05325
0.054212
0.056722
0.055882
0.057213
0.057168
0.056258
0.053442
0.058004
0.056957
0.057873
0.056583
0.055236
0.057806
0.057291
0.057731
0.054047
0.053965
0.052682
0.053448
0.057516
0.058032
0.056704
0.055961
0.05517
0.057275
0.054634
0.055885
0.05305
0.053202
0.055918
0.057579
0.054103
0.057094
0.057108
0.053784
0.055737
0.056812
0.051564
0.05844
0.055182
0.055399
0.056685
0.055647
0.054695
0.05351
0.056283
0.057709
0.054087
0.054864
0.053524
0.05413
0.056559
0.05532
0.057035
0.055991
0.056076
0.051722
0.05345
0.051747
0.052721
0.052231
0.053054
0.053632
0.054251
0.051288
0.053303
0.055798
0.052657
0.056983
0.054036
0.051018
0.054636
0.053897
0.053182
0.053385
0.051935
0.053668
0.059016
0.052017
0.052944
0.053211
0.053011
0.055883
0.053008
0.05448
0.055713
0.055284
0.052922
0.05573
0.05656
0.056346
0.050849
0.053442
0.053012
0.056172
0.055479
0.052454
0.053934
0.057121
0.055954
0.054302
0.05112
0.05594
0.055012
0.052439
0.051441
0.050888
0.055465
0.054509
0.054136
0.055518
0.057494
0.054636
0.055863
0.053432
0.053318
0.055051
0.057856
0.053884
0.056033
0.054299
0.055223
0.052549
0.052269
0.054075
0.053507
0.056451
0.053845
0.052952
0.055657
0.053434
0.054186
0.05584
0.057724
0.053285
0.056411
0.05702
0.057699
0.056809
0.053583
0.054001
0.055344
0.053249
0.052691
0.056485
0.055552
0.056021
0.054269
0.053366
0.057335
0.054542
0.055542
0.052864
0.051817
0.055651
0.054321
0.054704
0.055413
0.056261
0.053953
0.0545
0.052275
0.055763
0.053542
0.052751
0.054164
0.056197
0.056252
0.054972
0.053743
0.053606
0.052344
0.05234
0.055829
0.055442
0.052885
0.054779
0.056391
0.056023
0.054661
0.052033
0.055357
0.054592
0.057966
0.057805
0.055778
0.05181
0.056928
0.055677
0.05484
0.057071
0.056639
0.056094
0.055736
0.056162
0.056787
0.054593
0.056572
0.056331
0.054358
0.053687
0.053345
0.057285
0.055492
0.055167
0.056729
0.051887
0.055658
0.050519
0.053763
0.054673
0.053126
0.052812
0.053913
0.052802
0.052198
0.054043
0.054474
0.052746
0.054437
0.055493
0.055815
0.055211
0.053002
0.057187
0.056821
0.056653
0.054439
0.054525
0.056781
0.054797
0.056755
0.057142
0.055157
0.05352
0.052277
0.05554
0.053962
0.052964
0.055153
0.056629
0.054963
0.056668
0.050449
0.057555
0.057316
0.052803
0.056775
0.055714
0.057761
0.055628
0.055436
0.057095
0.05852
0.054902
0.052563
0.057796
0.056128
0.055304
0.056958
0.056073
0.056233
0.055219
0.057573
0.058738
0.054665
0.055618
0.055601
0.053286
0.056102
0.054046
0.060098
0.057815
0.058481
0.057279
0.057545
0.056722
0.058665
0.055931
0.056557
0.058553
0.0577
0.056505
0.058042
0.057483
0.059108
0.05563
0.058841
0.055292
0.059214
0.065073
0.061819
0.06115
0.060957
0.058105
0.060944
0.062009
0.061782
0.059441
0.05945
0.061733
0.059529
0.06059
0.059835
0.058995
0.058961
0.060068
0.061174
0.061085
0.061209
0.062191
0.060578
0.059726
0.062272
0.0598
0.06137
0.058275
0.063385
0.063007
0.064463
0.064319
0.062333
0.065791
0.059912
0.064823
0.063905
0.065979
0.065435
0.067005
0.065365
0.066243
0.065855
0.066694
0.06637
0.068436
0.064781
0.067912
0.069254
0.070668
0.069092
0.065908
0.071907
0.078831
0.077184
0.077421
0.077732
0.07919
0.090208
0.083042
0.08186
0.082471
0.083841
0.081089
0.079412
0.094465
0.091328
0.091065
0.091167
0.09546
0.096402
0.105406
0.105907
0.105762
0.104601
0.108726
0.102913
0.108075
0.116946
0.111055
0.107753
0.110695
0.113448
0.113235
0.123183
0.119467
0.11608
0.119391
0.11935
0.118763
0.118101
0.129738
0.125605
0.12191
0.124472
0.1261
0.122874
0.12083
0.122972
0.125433
0.130222
0.128088
0.125257
0.13197
0.133381
0.133805
0.133493
0.129399
0.130989
0.132819
0.12643
0.12931
0.126917
0.131666
0.133792
0.135388
0.129894
0.135396
0.128943
0.136211
0.134899
0.128043
0.131759
0.131958
0.132686
0.130936
0.126203
0.129759
0.129531
0.127573
0.13016
0.130813
0.132457
0.130557
0.135585
0.132617
0.138621
0.134877
0.137342
0.135508
0.131927
0.139135
0.137591
0.132288
0.132999
0.133713
0.135633
0.133462
0.131592
0.127921
0.132872
0.132882
0.134785
0.133171
0.126541
0.134838
0.131309
0.130006
0.131683
0.131535
0.140322
0.14232
0.14178
0.136319
0.144331
0.144295
0.137913
0.135984
0.135945
0.139466
0.137208
0.140868
0.127256
0.134964
0.133906
0.13495
0.133725
0.126295
0.135715
0.138283
0.128777
0.133599
0.134377
0.13218
0.133984
0.129549
0.128023
0.133028
0.134535
0.13682
0.134276
0.138873
0.1339
0.138587
0.135095
0.135883
0.136005
0.134706
0.140445
0.129973
0.13826
0.138745
0.139075
0.139761
0.135556
0.139679
0.134798
