0.025579
0.079211
0.092681
0.092421
0.094292
0.092101
0.09499
0.097033
0.09552
0.093052
0.092534
0.097145
0.096094
0.093928
0.096336
0.091376
0.093816
0.097178
0.089209
0.090993
0.087823
0.09024
0.091128
0.092151
0.091633
0.085081
0.0891
0.08886
0.0883
0.083527
0.085966
0.08635
0.084388
0.091164
0.079739
0.09218
0.095936
0.096067
0.096308
0.092955
0.0896
0.094906
0.094463
0.093129
0.091128
0.090284
0.084829
0.086867
0.079179
0.083169
0.086789
0.085791
0.083002
0.082866
0.084599
0.085462
0.084916
0.101881
0.093609
0.093802
0.09308
0.092776
0.094542
0.092161
0.093492
0.092893
0.094072
0.089827
0.097487
0.09125
0.092677
0.095743
0.090286
0.093706
0.096433
0.095077
0.090351
0.084691
0.099627
0.09342
0.100425
0.099302
0.097442
0.091939
0.092367
0.100763
0.095372
0.094631
0.099272
0.099706
0.096135
0.097646
0.108107
0.107701
0.109556
0.107671
0.108452
0.11124
0.107245
0.107183
0.106645
0.105317
0.102902
0.10452
0.105762
0.103594
0.104091
0.105562
0.099903
0.100238
0.10628
0.110588
0.115456
0.108423
0.105574
0.109368
0.108753
0.109699
0.110123
0.107124
0.105693
0.10689
0.107471
0.109616
0.11022
0.115067
0.109117
0.110783
0.107251
0.105502
0.101611
0.10906
0.10565
0.100561
0.100856
0.106045
0.104908
0.105968
0.101488
0.10457
0.103481
0.108023
0.112438
0.110473
0.127836
0.120779
0.117646
0.120501
0.121271
0.124358
0.122689
0.124375
0.117702
0.121967
0.12782
0.123899
0.119497
0.119758
0.13196
0.125957
0.127103
0.129434
0.132372
0.133575
0.13174
0.131292
0.130928
0.127809
0.126923
0.128329
0.130914
0.124149
0.127966
0.131524
0.128142
0.128776
0.117919
0.122573
0.122209
0.123944
0.12551
0.12198
0.127907
0.125285
0.124098
0.121651
0.129651
0.127368
0.129604
0.129883
0.126903
0.125176
0.133784
0.130963
0.136806
0.136178
0.13536
0.136049
0.127189
0.133588
0.136012
0.127907
0.127916
0.127514
0.136018
0.133293
0.133287
0.133333
0.133955
0.132253
0.132837
0.134296
0.135493
0.133368
0.132488
0.133917
0.131476
0.134545
0.126638
0.128777
0.133888
0.134619
0.13087
0.131306
0.131562
0.135857
0.129032
0.129507
0.123346
0.13016
0.129542
0.128101
0.131433
0.131392
0.132168
0.13081
0.129379
0.128889
0.12286
0.123727
0.128167
0.128682
0.127488
0.127469
0.124456
0.129937
0.12891
0.128857
0.124353
0.128056
0.127362
0.131377
0.128638
0.130577
0.125811
0.128622
0.130276
0.126456
0.128838
0.130661
0.132113
0.13262
0.132401
0.133275
0.13335
0.135676
0.131064
0.131609
0.132545
0.127924
0.129908
0.130571
0.127278
0.129284
0.125578
0.129609
0.131672
0.130066
0.132017
0.129833
0.130468
0.132293
0.127258
0.128576
0.12785
0.13078
0.132122
0.131345
0.129025
0.131863
0.132425
0.129987
0.132143
0.130344
0.132792
0.127549
0.131014
0.134331
0.135085
0.128209
0.132061
0.124751
0.134164
0.134977
0.13608
0.13085
0.13262
0.131318
0.134647
0.138479
0.133501
0.132897
0.135335
0.135593
0.137314
0.135418
0.133458
0.137214
0.135603
0.134413
0.13107
0.135188
0.132514
0.131037
0.132089
0.134531
0.130059
0.131069
0.131079
0.132814
0.134105
0.133267
0.135827
0.136753
0.136202
0.134699
0.131753
0.136566
0.133524
0.132217
0.132915
0.130611
0.125709
0.131437
0.130064
0.130925
0.12921
0.132122
0.131577
0.133274
0.124575
0.131998
0.122489
0.134472
0.128616
0.130142
0.137987
0.137454
0.137731
0.138705
0.133362
0.13315
0.131753
0.138485
0.130702
0.130892
0.130032
0.134195
0.134998
0.128584
0.124922
0.12713
0.131881
0.131261
0.128633
0.134847
0.128777
0.133879
0.134108
0.134791
0.132315
0.130883
0.131448
0.131259
0.135255
0.131279
0.131557
0.13017
0.132827
0.129665
0.131929
0.127465
0.129606
0.131178
0.130695
0.124467
0.134206
0.127954
0.129483
0.132035
0.131526
0.125644
0.126929
0.134813
0.132593
0.1333
0.131885
0.133447
0.130668
0.126766
0.126923
0.133492
0.131516
0.135146
0.132864
0.133971
0.129226
0.13741
0.134855
0.135167
0.133249
0.132293
0.1266
0.132413
0.132846
0.133416
0.131138
0.126135
0.13202
0.13302
0.134062
0.13154
0.129215
0.127331
0.122275
0.128563
0.122641
0.123564
0.128705
0.134596
0.130213
0.132916
0.136554
0.131385
0.125911
0.128117
0.135708
0.134699
0.135345
0.133455
0.130139
0.131302
0.132662
0.135525
0.1301
0.129605
0.132326
0.137693
0.130304
0.135277
0.13244
0.135222
0.135444
0.132075
0.136729
0.136267
0.12993
0.135227
0.136865
0.134769
0.134969
0.133495
0.135713
0.130464
0.133465
0.136995
0.135224
0.132836
0.131998
0.134245
0.132032
0.132799
0.132016
0.135524
0.135075
0.135736
0.135862
0.135008
0.13826
0.131952
0.141184
0.136767
0.13766
0.139371
0.136625
0.135345
0.134362
0.137103
0.13
0.135521
0.136109
0.133397
0.135228
0.13712
0.135318
0.13153
0.13351
0.129144
0.131193
0.132425
0.136813
0.134032
0.135986
0.128497
0.135108
0.135259
0.128015
0.135167
0.134366
0.12593
0.135749
0.127987
0.136817
0.134988
0.129686
0.131549
0.129523
0.131888
0.12453
0.126049
0.138614
0.127157
0.130703
0.130604
0.124929
0.133301
0.136082
0.137705
0.131835
0.1328
0.134579
0.129709
0.125446
0.135345
0.140636
0.136821
0.13176
0.134321
0.135605
0.138423
0.13259
0.135013
0.1365
0.135976
0.135109
0.128998
0.129362
0.134139
0.131427
0.133409
0.134805
0.136034
0.133111
0.132145
0.135883
0.131152
0.129426
0.13007
0.126116
0.128038
0.124347
0.131971
0.132659
0.136464
0.129988
0.133653
0.13022
0.129166
0.13032
0.129614
0.131514
0.126622
0.131098
0.125606
0.128393
0.128509
0.132293
0.130409
0.130884
0.130848
0.129915
0.12476
0.127387
0.134823
0.13269
0.124584
0.132014
0.131547
0.1296
0.127997
0.129836
0.131803
0.12926
0.130193
0.12717
0.132152
0.129425
0.12424
0.129893
0.13269
0.13305
0.12478
0.130037
0.129095
0.131018
0.136307
0.130989
0.129402
0.132629
0.131908
0.131306
0.130666
0.130296
0.132042
0.13199
0.131967
0.131187
0.128204
0.129339
0.13196
0.130822
0.135182
0.133679
0.135765
0.135061
0.131934
0.130817
0.130007
0.134821
0.13423
0.132994
0.130405
0.132487
0.131969
0.134316
0.129757
0.126013
0.130191
0.125238
0.130941
0.128535
0.124921
0.123011
0.120507
0.123941
0.125749
0.124701
0.125385
0.120107
0.124905
0.127076
0.128575
0.120295
0.122808
0.124484
0.121097
0.125711
0.124408
0.120491
0.129004
0.133932
0.139907
0.139734
0.138455
0.137579
0.135582
0.134367
0.137092
0.144037
0.14128
0.144524
0.147141
0.138874
0.135321
0.138025
0.144743
0.144796
0.137568
0.139068
0.140983
0.135079
0.141538
0.132986
0.131189
0.135011
0.131703
0.136137
0.130661
0.135105
0.140724
0.14395
0.14242
0.140895
0.141709
0.140825
0.139506
0.139242
0.14062
0.141357
0.141945
0.142172
0.137648
0.132097
0.13787
0.132276
0.127676
0.134645
0.132394
0.1401
0.144914
0.14445
0.137382
0.136959
0.13617
0.136951
0.129587
0.136165
0.132091
0.129537
0.131165
0.127386
0.120404
0.119417
0.120845
0.117287
0.110873
0.105099
0.10375
0.107679
0.108743
0.110432
0.110077
0.104445
0.098986
0.104882
0.101798
0.101288
0.100247
0.097078
0.100311
0.096696
0.094776
0.092804
0.090912
0.086649
0.094506
0.096267
0.095934
0.096159
0.095974
0.096437
0.096903
0.094414
0.100694
0.098185
0.100867
0.099344
0.101283
0.098474
0.11585
0.109619
0.105587
0.10924
0.109654
0.112105
0.123755
0.118901
0.117441
0.116344
0.116457
0.136593
0.132169
0.126821
0.128089
0.123552
0.122657
0.130719
0.133079
0.13341
0.130173
0.135915
0.134121
0.134725
0.128442
0.133074
0.133761
0.1336
0.128755
0.133323
0.130059
0.133189
0.126742
0.121329
0.128606
0.125169
0.127873
0.124883
0.130669
0.131779
0.135019
0.134218
0.132684
0.132253
0.13414
0.132075
0.131841
0.129701
0.130372
0.130715
0.130277
0.125181
0.1276
0.1346
0.137138
0.131937
0.130285
0.135334
0.13241
0.137479
0.137118
0.1325
0.132865
0.133985
0.136652
0.13436
0.128542
0.135867
0.13411
0.13293
0.129099
0.129212
0.128818
0.127284
0.128014
0.12621
0.122848
0.123081
0.130069
0.124649
0.126486
0.127931
0.130079
0.130113
0.127948
0.132725
0.130179
0.132311
0.130406
0.131944
0.131068
0.131245
0.125617
0.13468
0.130004
0.134009
0.128754
0.126749
0.132432
0.128719
0.131736
0.134099
0.13286
0.133645
0.134048
0.131823
0.134336
0.128442
0.132942
0.136118
0.129031
0.130857
0.131329
0.134423
0.131684
0.125177
0.129506
0.134079
0.130581
0.127739
0.125711
0.122956
0.126472
0.127887
0.125383
0.126376
0.131636
0.132552
0.130702
0.131986
0.134362
0.127484
0.128582
0.126894
0.128657
0.135426
0.133208
0.133427
0.13105
0.132116
0.126349
0.131918
0.128568
0.131717
0.131324
0.132444
0.137356
0.132978
0.135125
0.124949
0.126411
0.134478
0.132261
0.133361
0.128965
0.127365
0.13453
0.131923
0.134675
0.132982
0.126758
0.136419
0.133107
0.125962
0.134158
0.129156
0.130533
0.128911
0.123397
0.129796
0.133186
0.126065
0.128113
0.124655
0.130224
0.13282
0.124309
0.130512
0.132886
0.133187
0.12592
0.141961
0.133406
0.127983
0.141075
0.140777
0.143196
0.142472
0.136999
0.142695
0.140299
0.141675
0.139871
0.1359
0.137736
0.139132
0.137325
0.136502
0.13159
0.125485
0.133522
0.12984
0.129331
0.132695
0.131144
0.133603
0.139875
0.135997
0.141205
0.137132
0.138824
0.134082
0.133108
0.134946
0.139826
0.135539
0.132115
0.132917
0.132432
0.134848
0.13065
0.131237
0.124971
0.132293
0.127899
0.133028
0.141232
0.131173
0.131086
0.132575
0.133534
0.130316
0.132132
0.126636
0.131479
0.134683
0.132572
0.131678
0.131951
0.131394
0.126941
0.125321
0.123222
0.12506
0.122446
0.124652
0.122929
0.122302
0.122692
0.122633
0.123451
0.128467
0.130131
0.135072
0.140171
0.137252
0.138163
0.134065
0.133516
0.137376
0.137166
0.133532
0.134994
0.133377
0.131659
0.141092
0.136661
0.140829
0.138139
0.136034
0.135629
0.132078
0.134431
0.133391
0.128644
0.126559
0.12084
0.119801
0.120564
0.124811
0.118164
0.109572
0.110926
0.112007
0.110775
0.107133
0.103194
0.110106
0.111255
0.110489
0.105815
0.109578
0.105845
0.104431
0.10201
0.103869
0.10534
0.104264
0.10467
0.10277
0.108299
0.100848
0.107177
0.10609
0.103469
0.109003
0.107715
0.115083
0.110229
0.108664
0.111456
0.110597
0.115597
0.107865
0.124079
0.116175
0.116673
0.113751
0.115931
0.115964
0.128009
0.123057
0.12249
0.116561
0.117358
0.108434
0.113103
0.108857
0.109483
0.101321
0.107176
0.104554
0.100944
0.100327
0.09906
0.101675
0.093765
0.092488
0.104606
0.100547
0.099111
0.097445
0.096432
0.098911
0.107956
0.102631
0.100168
0.101655
0.100939
0.114374
0.110575
0.111305
0.111829
0.114423
0.112488
0.110237
0.110306
0.107617
0.111607
0.109439
0.111414
0.109456
0.108998
0.103031
0.112176
0.111273
0.107419
0.110481
0.105129
0.121065
0.114545
0.115367
0.117179
0.129375
0.127049
0.127641
0.127306
0.124023
0.124804
0.125694
0.121946
0.124801
0.125365
0.127127
0.1286
0.127909
0.132754
0.13068
0.130421
0.131049
0.127067
0.12521
0.13271
0.13205
0.131674
0.132701
0.131934
0.125914
0.12822
0.127816
0.124847
0.125371
0.12174
0.132505
0.129199
0.129326
0.132102
0.128029
0.129193
0.140645
0.135742
0.132994
0.122393
0.12654
0.128649
0.133609
0.139268
0.132996
0.132644
0.133612
0.134001
0.144076
0.133176
0.135813
0.130146
0.127887
0.126917
0.122651
0.13636
0.127201
0.128194
0.123971
0.122863
0.129536
0.125022
0.122497
0.13326
0.126427
0.127227
0.126553
0.130215
0.125216
0.128497
0.127867
0.126923
0.124505
0.123064
0.124921
0.12576
0.122802
0.12165
0.121289
0.12696
0.122398
0.126499
0.138219
0.124754
0.128509
0.129568
0.12766
0.124774
0.124507
0.132333
0.128717
0.13049
0.120994
0.123986
0.11737
0.127459
0.123842
0.124401
0.126045
0.129636
0.130944
0.127506
0.133868
0.133808
0.134907
0.141552
0.135223
0.132605
0.136819
0.131673
0.128622
0.131976
0.127966
0.130708
0.12621
0.129374
0.130691
0.131502
0.125272
0.13139
0.137145
0.130048
0.130321
0.13189
0.133749
0.132212
0.129147
0.131959
0.129433
0.127925
0.12966
0.127277
0.127284
0.149118
0.138649
0.136605
0.135439
0.137936
0.142851
0.145532
0.139559
0.140224
0.137279
0.142228
0.140143
0.145704
0.138413
0.149066
0.144377
0.147635
0.149999
0.150404
0.141761
0.145009
0.153313
0.146002
0.142156
0.143992
0.145835
0.142542
0.146754
0.14497
0.146857
0.138401
0.140362
0.143364
0.143969
0.138383
0.13986
0.144184
0.14275
0.145226
0.136665
0.142227
0.144983
0.145028
0.134271
0.135033
0.145254
0.143165
0.145553
0.138599
0.142057
0.144535
0.142751
0.138903
0.145707
0.138976
0.144186
0.142226
0.140546
0.144885
0.143718
0.141852
0.139838
0.143466
0.144939
0.143692
0.143849
0.146248
0.14598
0.137594
0.145577
0.140476
0.142395
0.138043
0.143997
0.141785
0.137005
0.143091
0.143925
0.1374
0.144479
0.145652
0.146357
0.143319
0.142248
0.144896
0.14187
0.14358
0.144264
0.146103
0.138529
0.140411
0.137069
0.132384
0.137971
0.136757
0.146495
0.135854
0.141526
0.143394
0.145017
0.150536
0.146895
0.145583
0.143387
0.146409
0.141194
0.140476
0.145043
0.147056
0.145822
0.144371
0.142628
0.141722
0.140493
0.143222
0.138944
0.145505
0.146326
0.143451
0.141767
0.140574
0.14288
0.139336
0.142317
0.138646
0.137231
0.139638
0.144735
0.136932
0.134319
0.133742
0.131278
0.132454
0.12258
0.129458
0.130765
0.129174
0.126334
0.127423
0.127452
0.131048
0.131213
0.133947
0.126916
0.134301
0.141463
0.137962
0.1367
0.1339
0.138233
0.139932
0.134987
0.143353
0.138562
0.135889
0.139485
0.143519
0.140413
0.14118
0.137738
0.144132
0.137674
0.144233
0.137249
0.137545
0.152405
0.148098
0.153401
0.146819
0.157037
0.144684
0.142473
0.148864
0.154987
0.153452
0.148793
0.150587
0.148893
0.152116
0.146821
0.148766
0.148504
0.144626
0.147253
0.14821
0.1498
0.158996
0.161698
0.159871
0.163015
0.162397
0.157046
0.159854
0.155921
0.163399
0.164799
0.161848
0.164898
0.164505
0.162857
0.155809
0.163954
0.159457
0.171111
0.153157
0.155334
0.156358
0.158786
0.156497
0.160651
0.160626
0.162566
0.161442
0.169722
0.173536
0.172664
0.168202
0.169928
0.174423
0.17146
0.170142
0.178581
0.176913
0.175975
0.178996
0.174233
0.178206
0.175996
0.170273
0.17478
0.179111
0.175273
0.167392
0.167025
0.164804
0.176982
0.171756
0.173056
0.165308
0.171035
0.173316
0.169987
0.164587
0.165016
0.169465
0.172583
0.180744
0.183011
0.178861
0.169906
0.176552
0.181589
0.17178
0.17655
0.178101
0.170934
0.178138
0.17251
0.164205
0.174128
0.167949
0.16825
0.163949
0.163529
0.161513
0.163243
0.158797
0.162573
0.160172
0.158507
0.157261
0.160084
0.154459
0.160658
0.158429
0.153684
0.155959
0.151515
0.155519
0.153743
0.154101
0.149385
0.149423
0.160065
0.165674
0.167915
0.160838
0.16196
0.157656
0.159589
0.154504
0.154037
0.153078
0.15762
0.150133
0.148955
0.15301
0.148437
0.149118
0.146122
0.150656
0.149099
0.147177
0.149105
0.145845
0.149266
0.14716
0.144996
0.142701
0.143204
0.140574
0.141988
0.138604
0.147312
0.150691
0.147119
0.144036
0.147911
0.144004
0.141932
0.138594
0.135955
0.13527
0.135013
0.132279
0.129138
0.129892
0.125079
0.124906
0.128484
0.121208
0.124537
0.122466
0.121641
0.120622
0.122045
0.120286
0.126692
0.126921
0.127895
0.129055
0.121388
0.124999
0.12495
0.126257
0.122865
0.126337
0.123653
0.120484
0.119987
0.123892
0.11777
0.118808
0.116884
0.117367
0.11336
0.115984
0.121519
0.11976
0.127611
0.121481
0.117695
0.118874
0.11894
0.113949
0.111472
0.108122
0.113261
0.110923
0.116335
0.109053
0.106075
0.105301
0.102035
0.108439
0.104533
0.113444
0.113302
0.107975
0.111225
0.110816
0.108291
0.110448
0.11078
0.110394
0.111777
0.110197
0.112266
0.115153
0.112842
0.108644
0.112759
0.116566
0.107879
0.110197
0.113465
0.110219
0.106044
0.106719
0.106718
0.110209
0.111018
0.109198
0.107316
0.110492
0.114428
0.11426
0.11404
0.110454
0.110952
0.111572
0.115815
0.107769
0.107363
0.107349
0.110843
0.107762
0.107813
0.10939
0.110665
0.116082
0.116234
0.11379
0.114788
0.126455
0.118964
0.117659
0.133894
0.123718
0.129389
0.127102
0.126624
0.124379
0.119269
0.117494
0.120762
0.121581
0.127782
0.128192
0.120455
0.123452
0.129413
0.126247
0.126109
0.127352
0.126033
0.122507
0.122987
0.120848
0.122678
0.125001
0.124713
0.130774
0.125502
0.128972
0.129424
0.129528
0.130427
0.127672
0.129229
0.124232
0.118437
0.131283
0.130893
0.136161
0.134264
0.128493
0.123421
0.122551
0.129235
0.125857
0.120353
0.116196
0.123685
0.121495
0.117837
0.11746
0.112511
0.112111
0.113199
0.111835
0.108326
0.111171
0.113894
0.111002
0.116958
0.115243
0.111137
0.107272
0.110205
0.110365
0.115455
0.113894
0.108698
0.112222
0.11528
0.113323
0.113876
0.110872
0.114068
0.11214
0.110177
0.104921
0.103882
0.111982
0.106701
0.111783
0.111008
0.109122
0.109846
0.11157
0.111185
0.11064
0.104493
0.110563
0.108202
0.112823
0.115553
0.116875
0.11681
0.11644
0.119989
0.119352
0.114852
0.114303
0.117598
0.115414
0.118451
0.115846
0.115839
0.120889
0.121563
0.123049
0.122807
0.118906
0.12411
0.122569
0.124707
0.125815
0.124538
0.120068
0.123448
0.131286
0.131727
0.130354
0.133428
0.133745
0.133392
0.138518
0.13103
0.131023
0.134912
0.13503
0.133613
0.141563
0.146792
0.143802
0.141066
0.141602
0.144134
0.141663
0.14163
0.135565
0.140533
0.132939
0.13839
0.1374
0.135998
0.13888
0.135661
0.137425
0.133592
0.133589
0.130698
0.138166
0.140237
0.138118
0.140651
0.14156
0.137224
0.138924
0.138322
0.143446
0.140454
0.140728
0.13588
0.140807
0.136907
0.140022
0.138925
0.142278
0.142121
0.136074
0.140132
0.141369
0.136278
0.138605
0.140023
0.138792
0.139564
0.135032
0.140603
0.140456
0.136565
0.138696
0.138534
0.137033
0.13974
0.135117
0.134689
0.135058
0.137412
0.137651
0.130344
0.138549
0.135472
0.137677
0.135109
0.139524
0.141986
0.135015
0.148769
0.142007
0.144939
0.147408
0.145369
0.152015
0.152259
0.149215
0.140392
0.142961
0.138712
0.132258
0.138343
0.136193
0.134936
0.12874
0.132384
0.140566
0.129681
0.135005
0.127902
0.12684
0.137374
0.137821
0.137064
0.139825
0.128008
0.136488
0.131504
0.127965
0.126753
0.12392
0.127908
0.127632
0.131668
0.131142
0.126763
0.125513
0.122555
0.123807
0.120799
0.117922
0.128161
0.133558
0.135858
0.137131
0.136989
0.131684
0.148889
0.147287
0.153071
0.143033
0.143923
0.148572
0.148505
0.143681
0.144677
0.141614
0.142123
0.145902
0.152894
0.155045
0.161547
0.163105
0.161394
0.165019
0.155531
0.153616
0.152682
0.151237
0.154263
0.157031
0.154811
0.16167
0.162922
0.171884
0.176019
0.171343
0.169566
0.173277
0.173941
0.172489
0.169449
0.170702
0.173495
0.175793
0.173759
0.17133
0.173819
0.171148
0.171852
0.172054
0.168023
0.170204
0.171674
0.182214
0.181822
0.189103
0.190328
0.184479
0.186928
0.189452
0.179518
0.187661
0.186981
0.182397
0.182541
0.181202
0.185772
0.187283
0.18632
0.185757
0.187644
0.180252
0.183272
0.186525
0.184173
0.184204
0.180845
0.181367
0.187879
0.180916
0.178001
0.182532
0.184034
0.177517
0.185392
0.186821
0.185277
0.180681
0.186239
0.184632
0.185246
0.179304
0.184716
0.190857
0.183016
0.182523
0.184451
0.185204
0.183547
0.19111
0.185167
0.18315
0.18431
0.182219
0.179988
0.18367
0.181614
0.186526
0.184362
0.193275
0.192481
0.19344
0.193736
0.191645
0.19481
0.189994
0.190846
0.189798
0.193915
0.190522
0.191
0.177538
0.185984
0.190983
0.188045
0.182625
0.174571
0.186102
0.175447
0.178294
0.186697
0.181675
0.181879
0.185222
0.18774
0.184163
0.181096
0.180038
0.188158
0.181966
0.186638
0.178963
0.188171
0.190131
0.189856
0.191104
0.189873
0.188858
0.18606
0.17997
0.176769
0.181373
0.182378
0.190061
0.184719
0.186694
0.188018
0.187686
0.187912
0.182359
0.17813
0.179534
0.179191
0.180082
0.187799
0.184738
0.180328
0.183681
0.188378
0.194885
0.185814
0.184829
0.191049
0.185629
0.184893
0.174339
0.186334
0.18366
0.186575
0.186166
0.194005
0.182465
0.181132
0.18109
0.190199
0.184977
0.194394
0.183125
0.182903
0.190029
0.182483
0.185133
0.184949
0.184208
0.184441
0.18675
0.181087
0.190467
0.19202
0.191588
0.178709
0.188605
0.186738
0.189834
0.180644
0.184314
0.182531
0.182302
0.182817
0.191653
0.181025
0.190514
0.187052
0.183059
0.191706
0.187093
0.184372
0.18346
0.177668
0.179925
0.187888
0.188733
0.184621
0.188377
0.186946
0.190631
0.189513
0.187696
0.193138
0.194041
0.191907
0.186856
0.191485
0.192222
0.181227
0.183293
0.18701
0.186813
0.185101
0.187837
0.186398
0.187943
0.186205
0.189732
0.191651
0.188372
0.189957
0.186734
0.185254
0.189646
0.18041
0.193021
0.18384
0.185842
0.183094
0.178849
0.180091
0.185356
0.183684
0.190399
0.185206
0.187691
0.182159
0.188644
0.183613
0.180921
0.184189
0.189206
0.19266
0.185038
0.18318
0.192035
0.192116
0.184253
0.18617
0.179688
0.181461
0.181703
0.18787
0.175733
0.183572
0.17867
0.176922
0.179756
0.18297
0.180628
0.18284
0.173904
0.17917
0.177324
0.183354
0.177299
0.181504
0.181971
0.179989
0.183115
0.188176
0.180477
0.183376
0.177822
0.17968
0.17995
0.180132
0.179807
0.176914
0.17848
0.17683
0.18056
0.181655
0.182228
0.17534
0.178651
0.179997
0.17693
0.174212
0.179245
0.178099
0.184126
0.182454
0.183582
0.188586
0.18637
0.191193
0.183583
0.1934
0.185106
0.191782
0.185897
0.179087
0.178168
0.181748
0.178893
0.182724
0.186213
0.191536
0.180919
0.183333
0.191351
0.186289
0.18272
0.194815
0.189336
0.195011
0.187608
0.185937
0.181521
0.183383
0.184024
0.184013
0.183795
0.182855
0.189022
0.177681
0.195727
0.184761
0.187547
0.192038
0.192193
0.181595
0.184761
0.187001
0.184674
0.180489
0.179345
0.182816
0.182559
0.183059
0.185331
0.18698
0.181896
0.183299
0.182186
0.181443
0.18408
0.187837
0.182714
0.185053
0.186403
0.185788
0.182063
0.17884
0.181552
0.183924
0.182168
0.177378
0.176505
0.178138
0.184669
0.190972
0.185878
0.186092
0.188513
0.184679
0.183446
0.175961
0.188477
0.190639
0.18563
0.185566
0.187167
0.189419
0.178567
0.188863
0.181121
0.182622
0.181617
0.180716
0.179843
0.194045
0.18939
0.184045
0.188229
0.186151
0.18602
0.19303
0.188494
0.187164
0.18871
0.192795
0.192404
0.186038
0.187834
0.185846
0.183312
0.189017
0.187946
0.183321
0.185425
0.180874
0.186201
0.180734
0.187627
0.189633
0.189413
0.188643
0.185576
0.192452
0.181193
0.183564
0.188625
0.181782
0.178476
0.18591
0.183546
0.178374
0.18532
0.183124
0.17612
0.178314
0.179486
0.18044
0.185115
0.182427
0.177462
0.176027
0.182347
0.183418
0.185758
0.175867
0.181855
0.177795
0.180764
0.179592
0.181035
0.19061
0.194785
0.189767
0.193501
0.191349
0.192588
0.187308
0.189929
0.189469
0.185729
0.190276
0.182293
0.191088
0.184486
0.188566
0.187022
0.188211
0.186202
0.180129
0.181021
0.176337
0.185685
0.182737
0.183419
0.190968
0.186595
0.192228
0.187195
0.186465
0.187759
0.187598
0.191273
0.183053
0.176474
0.17772
0.177198
0.177523
0.18007
0.180453
0.184293
0.188815
0.181344
0.180592
0.183838
0.181849
0.180502
0.176054
0.179502
0.18544
0.185239
0.18702
0.185425
0.177347
0.180602
0.18175
0.187353
0.181839
0.17955
0.190954
0.176407
0.181076
0.172347
0.180685
0.177191
0.178613
0.178145
0.18426
0.181192
0.181793
0.190605
0.179271
0.178382
0.179508
0.179583
0.173417
0.179619
0.179059
0.175008
0.175309
0.179184
0.183521
0.179045
0.177074
0.178445
0.178585
0.181248
0.174327
0.175593
0.179633
0.18104
0.176161
0.180338
0.18579
0.185116
0.174924
0.182628
0.181146
0.184786
0.178845
0.18384
0.18576
0.182996
0.187165
0.18975
0.188752
0.190375
0.19156
0.180387
0.191793
0.180247
0.186152
0.185599
0.187471
0.180757
0.187667
0.192241
0.187695
0.189613
0.191482
0.193522
0.18509
0.18721
0.186236
0.18805
0.190163
0.197042
0.191808
0.187256
0.187594
0.188427
0.191129
0.189402
0.188136
0.191379
0.192373
0.187942
0.183749
0.189797
0.19216
0.188198
0.188484
0.188059
0.186918
0.188146
0.182612
0.177815
0.186051
0.183977
0.1812
0.180748
0.185453
0.190769
0.183706
0.182922
0.179596
0.183898
0.181292
0.179895
0.183115
0.182481
0.181072
0.186797
0.18026
0.182292
0.176132
0.186557
0.183146
0.177574
0.185883
0.181074
0.179578
0.181474
0.178541
0.178904
0.190648
0.17902
0.191366
0.184096
0.189042
0.187001
0.183119
0.183746
0.18681
0.185142
0.182183
0.187747
0.185385
0.185777
0.184744
0.190063
0.186989
0.186853
0.187365
0.188588
0.178867
0.188157
0.178139
0.183451
0.180664
0.188668
0.188054
0.195149
0.179186
0.184956
0.177957
0.182459
0.184052
0.181206
0.178176
0.179782
0.174511
0.178371
0.181905
0.181538
0.186438
0.187022
0.180467
0.193174
0.19419
0.186981
0.192033
0.191215
0.179714
0.183097
0.192665
0.19093
0.188253
0.186065
0.190758
0.185629
0.184877
0.188395
0.18328
0.18966
0.186737
0.184526
0.191091
0.187021
0.187566
0.188786
0.19052
0.187868
0.189364
0.188421
0.188281
0.185348
0.177705
0.184536
0.183847
0.18997
0.184363
0.183113
0.182822
0.185726
0.175713
0.183325
0.182967
0.181767
0.18601
0.182851
0.181444
0.180689
0.180148
0.184406
0.187491
0.184087
0.182979
0.185136
0.180485
0.185895
0.183126
0.183704
0.173153
0.17292
0.173984
0.182019
0.174114
0.178999
0.178088
0.174381
0.174318
0.180367
0.185533
0.192549
0.188036
0.190082
0.195974
0.196248
0.192091
0.18664
0.192884
0.1846
0.189289
0.187482
0.186154
0.182466
0.183483
0.184177
0.17965
0.180492
0.173279
0.171447
0.173493
0.172801
0.170378
0.163432
0.15853
0.165748
0.162131
0.15532
0.160104
0.151633
0.153269
0.16116
0.153205
0.149024
0.14885
0.148502
0.156061
0.163396
0.158612
0.161237
0.157019
0.14934
0.151167
0.148838
0.144067
0.144727
0.136329
0.139174
0.140151
0.141322
0.135935
0.136224
0.139344
0.131781
0.133901
0.137431
0.132846
0.136406
0.129783
0.131752
0.133441
0.134191
0.132047
0.131807
0.134981
0.135176
0.133089
0.131594
0.131565
0.126685
0.13071
0.127366
0.116649
0.120303
0.123322
0.124703
0.122207
0.123332
0.1172
0.11865
0.113722
0.113785
0.112409
0.106686
0.107035
0.103055
0.112179
0.110567
0.108294
0.109333
0.110512
0.106044
0.107424
0.113022
0.111928
0.109869
0.110248
0.112768
0.107663
0.109928
0.117405
0.117214
0.114227
0.113836
0.116404
0.116869
0.11672
0.115343
0.114619
0.122207
0.119648
0.115515
0.123974
0.128634
0.142466
0.126448
0.118187
0.121096
0.120287
0.118591
0.119537
0.120814
0.120923
0.12049
0.119896
0.1223
0.117946
0.118177
0.115393
0.113549
0.116852
0.113645
0.118004
0.116588
0.120039
0.116722
0.123277
0.123435
0.121991
0.124182
0.11879
0.120297
0.119197
0.122229
0.127631
0.123729
0.125047
0.119858
0.124437
0.125816
0.142997
0.132446
0.135321
0.133473
0.131667
0.129318
0.137421
0.140582
0.139408
0.143253
0.1421
0.145273
0.148179
0.144009
0.146496
0.148297
0.160174
0.154774
0.152564
0.14934
0.152288
0.150417
0.149867
0.146
0.142767
0.148288
0.146443
0.140876
0.134519
0.130724
0.13608
0.12946
0.128612
0.125325
0.119618
0.11757
0.122508
0.112806
0.111907
0.116195
0.113209
0.114336
0.113452
0.109876
0.104538
0.106345
0.109854
0.103156
0.105171
0.103708
0.105682
0.09963
0.105664
0.109712
0.109161
0.108273
0.107178
0.106764
0.102149
0.107624
0.134577
0.122043
0.121692
0.122879
0.117279
0.130447
0.120787
0.120703
0.120258
0.117504
0.119361
0.123231
0.1262
0.125343
0.118063
0.122197
0.122217
0.124232
0.125879
0.125355
0.122445
0.122983
0.117022
0.117866
0.113365
0.116267
0.113468
0.117997
0.118076
0.112367
0.119801
0.120148
0.110446
0.112618
0.110397
0.110693
0.116842
0.112777
0.112729
0.11266
0.114459
0.110897
0.114346
0.118753
0.110822
0.110642
0.108157
0.108289
0.107339
0.110093
0.10145
0.105069
0.109812
0.108375
0.104985
0.102914
0.108641
0.106345
0.104808
0.107347
0.10749
0.116602
0.111787
0.116851
0.116244
0.119501
0.118466
0.119474
0.119711
0.116584
0.116287
0.114128
0.116122
0.113436
0.11281
0.114403
0.10603
0.112052
0.11186
0.107026
0.107986
0.109372
0.109443
0.116089
0.114559
0.10764
0.110859
0.113584
0.114593
0.109278
0.112198
0.11862
0.107882
0.10467
0.106778
0.109306
0.103881
0.11025
0.109643
0.10889
0.108014
0.110411
0.110736
0.109093
0.110786
0.127685
0.121707
0.121774
0.121435
0.120247
0.121626
0.120407
0.112587
0.116796
0.124173
0.123845
0.12197
0.12031
0.122354
0.12261
0.122416
0.123063
0.123331
0.118206
0.114207
0.123287
0.118531
0.117329
0.116567
0.111224
0.115653
0.11496
0.113913
0.117352
0.115691
0.118151
0.118865
0.120579
0.115476
0.118143
0.120494
0.115281
0.12042
0.116282
0.11597
0.119891
0.120094
0.117692
0.116796
0.119388
0.112819
0.109979
0.115013
0.118585
0.119214
0.120233
0.11319
0.119863
0.117072
0.118119
0.11822
0.115192
0.116614
0.115352
0.118673
0.116075
0.114968
0.114324
0.113973
0.114144
0.11613
0.114378
0.114555
0.114581
0.116066
0.117208
0.115341
0.111752
0.114338
0.11606
0.110504
0.112673
0.109782
0.114557
0.119588
0.116064
0.115888
0.112176
0.120564
0.112037
0.108979
0.115344
0.115202
0.117976
0.113997
0.117553
0.110177
0.119607
0.12106
0.125973
0.122604
0.129887
0.129282
0.128086
0.13239
0.123572
0.129593
0.124083
0.131745
0.124447
0.122221
0.125223
0.121465
0.120996
0.124455
0.12215
0.120973
0.123999
0.119072
0.120178
0.121257
0.118816
0.116318
0.127792
0.116488
0.117479
0.115146
0.111704
0.114288
0.111279
0.10834
0.109181
0.115823
0.109269
0.113401
0.11564
0.112819
0.118135
0.120492
0.120605
0.114772
0.122011
0.123269
0.116956
0.121121
0.121008
0.119797
0.119285
0.119542
0.11848
0.109919
0.114382
0.112028
0.112147
0.107909
0.111185
0.109556
0.105551
0.100793
0.105161
0.103764
0.100402
0.101985
0.100936
0.098655
0.10124
0.097958
0.097479
0.107156
0.102593
0.097599
0.103901
0.109311
0.111822
0.114362
0.107533
0.116484
0.115862
0.115356
0.115902
0.108149
0.110117
0.110411
0.112643
0.112693
0.112308
0.10862
0.114362
0.112618
0.11332
0.113008
0.10847
0.109189
0.107744
0.110229
0.109263
0.108972
0.106558
0.106931
0.12288
0.116964
0.115464
0.118746
0.116097
0.115649
0.109604
0.111786
0.111476
0.113511
0.115761
0.115019
0.112526
0.11372
0.116165
0.113098
0.110216
0.110859
0.107485
0.104201
0.104546
0.106792
0.105277
0.103299
0.100605
0.108307
0.111188
0.110498
0.111633
0.111909
0.109341
0.114203
0.110933
0.111866
0.11256
0.111963
0.109111
0.110376
0.113264
0.112287
0.112755
0.11344
0.111075
0.107184
0.108504
0.115612
0.116108
0.124321
0.115476
0.113662
0.109621
0.112585
0.110514
0.113829
0.110224
0.104191
0.10785
0.112876
0.112499
0.104138
0.105327
0.110861
0.108674
0.109228
0.113977
0.110574
0.108366
0.114007
0.111998
0.115062
0.112286
0.112535
0.118957
0.118177
0.122376
0.121323
0.11692
0.115021
0.131437
0.126888
0.12424
0.123714
0.121841
0.12603
0.124605
0.123485
0.125039
0.121938
0.122698
0.121626
0.121764
0.119073
0.121079
0.125514
0.13198
0.123151
0.126865
0.12879
0.129116
0.125837
0.125719
0.121733
0.124011
0.120724
0.123943
0.124212
0.123106
0.126527
0.128019
0.126215
0.117871
0.126301
0.124995
0.122957
0.119872
0.118538
0.117384
0.118968
0.112479
0.114726
0.11654
0.116055
0.120472
0.124234
0.125295
0.120314
0.12686
0.122335
0.117918
0.118634
0.123533
0.119759
0.1194
0.121457
0.11912
0.11667
0.120203
0.121241
0.116069
0.115834
0.116989
0.1177
0.116779
0.120499
0.126855
0.123001
0.122255
0.119686
0.118125
0.123196
0.120271
0.120198
0.118477
0.121906
0.119959
0.118956
0.121962
0.123919
0.123509
0.121663
0.127215
0.119974
0.126068
0.124553
0.130349
0.127875
0.124614
0.123251
0.125323
0.120289
0.123443
0.126339
0.128684
0.128709
0.122881
0.129026
0.130008
0.129222
0.130449
0.131117
0.131249
0.133572
0.131112
0.133321
0.125766
0.128105
0.122938
0.124184
0.122488
0.126088
0.130877
0.127128
0.136866
0.13359
0.126494
0.130686
0.126429
0.129016
0.124967
0.127948
0.123186
0.11961
0.120345
0.123929
0.126037
0.124612
0.128907
0.125124
0.120204
0.123534
0.120855
0.120591
0.114967
0.112881
0.111276
0.10683
0.108435
0.103693
0.102227
0.105414
0.10813
0.103482
0.104391
0.103481
0.099781
0.10263
0.108659
0.099701
0.103516
0.100053
0.097213
0.101304
0.101912
0.102897
0.10334
0.098383
0.098822
0.100339
0.09898
0.099524
0.094921
0.096835
0.101191
0.102812
0.104254
0.101629
0.100197
0.103554
0.104708
0.102185
0.105509
0.10303
0.099827
0.101482
0.102652
0.099536
0.105563
0.099614
0.101575
0.104582
0.108499
0.108189
0.104435
0.101245
0.106474
0.106466
0.101691
0.106826
0.104002
0.106659
0.105105
0.103636
0.106102
0.105199
0.103365
0.105722
0.104911
0.10537
0.107163
0.100357
0.104633
0.104686
0.105808
0.102476
0.103084
0.105877
0.107254
0.108966
0.110811
0.108418
0.109371
0.11129
0.108377
0.110411
0.109108
0.101707
0.109928
0.11016
0.105084
0.100177
0.104963
0.101822
0.108206
0.105681
0.107872
0.105119
0.115452
0.112996
0.11387
0.113095
0.112891
0.111068
0.112749
0.107966
0.105355
0.108876
0.106397
0.106438
0.106788
0.108107
0.108126
0.106729
0.105899
0.102199
0.102611
0.102305
0.104059
0.104805
0.107145
0.107035
0.108508
0.104204
0.109025
0.10588
0.109451
0.104317
0.104527
0.102252
0.104345
0.104156
0.10392
0.106156
0.106041
0.107109
0.10582
0.107819
0.111087
0.109323
0.108452
0.107046
0.107901
0.105491
0.109446
0.102307
0.109411
0.10207
0.109565
0.10662
0.114076
0.107563
0.115623
0.125801
0.118244
0.118036
0.11796
0.118195
0.116981
0.118249
0.122604
0.11776
0.121425
0.11634
0.122521
0.128455
0.129854
0.128328
0.124943
0.141237
0.13512
0.134349
0.135583
0.132135
0.137797
0.135495
0.136984
0.134415
0.136656
0.127423
0.133489
0.143469
0.144628
0.143746
0.138317
0.137349
0.133462
0.134877
0.129842
0.124846
0.124464
0.120785
0.131716
0.133128
0.130751
0.129113
0.128146
0.123269
0.118515
0.127229
0.114081
0.116901
0.119785
0.118358
0.115555
0.120291
0.12367
0.124095
0.117849
0.122902
0.122237
0.125888
0.120649
0.116424
0.11611
0.1187
0.11987
0.119042
0.121347
0.121491
0.120773
0.110652
0.114324
0.110426
0.111809
0.105788
0.102215
0.103803
0.105814
0.109958
0.108951
0.10462
0.109939
0.11937
0.115592
0.114183
0.115465
0.114048
0.11313
0.113982
0.120999
0.115045
0.114137
0.117102
0.115973
0.116234
0.116137
0.113082
0.117373
0.11596
0.116157
0.110635
0.11474
0.113932
0.11468
0.112886
0.104132
0.109424
0.107155
0.108256
0.109704
0.109727
0.10956
0.111923
0.111966
0.10431
0.10618
0.10893
0.112043
0.110662
0.110043
0.108084
0.106371
0.110527
0.110657
0.109176
0.114099
0.106845
0.107292
0.110707
0.110792
0.111827
0.109106
0.103702
0.106549
0.111015
0.115065
0.112885
0.114527
0.1131
0.108775
0.111462
0.112752
0.10793
0.109465
0.108015
0.113442
0.116468
0.115152
0.11532
0.114627
0.11502
0.115198
0.112213
0.114556
0.112014
0.112614
0.112492
0.11467
0.115681
0.116395
0.115367
0.113663
0.116041
0.109201
0.115192
0.111879
0.111097
0.113762
0.105998
0.110587
0.114042
0.111379
0.115734
0.111444
0.111783
0.11485
0.113577
0.109526
0.110816
0.113751
0.111852
0.110077
0.110959
0.109335
0.10689
0.109612
0.110052
0.110327
0.109324
0.109938
0.114395
0.112461
0.114381
0.111434
0.107853
0.115402
0.113175
0.108582
0.11583
0.112002
0.110294
0.107766
0.108004
0.108181
0.110997
0.10647
0.103056
0.11497
0.117202
0.11709
0.114521
0.119515
0.117284
0.116614
0.117409
0.112292
0.112429
0.11461
0.108915
0.120178
0.115668
0.116108
0.113921
0.12
0.112977
0.109572
0.112627
0.117023
0.118675
0.110124
0.111409
0.104713
0.111305
0.113243
0.114703
0.113049
0.115261
0.112407
0.110319
0.114054
0.112663
0.111172
0.10896
0.111636
0.110968
0.110159
0.106564
0.11052
0.110515
0.109708
0.111529
0.112348
0.11391
0.112399
0.116279
0.109891
0.113433
0.107025
