1.000000000000000000e+00 4.398956837314658088e-19 2.733407509747682871e-20 -8.673617379884035472e-19 -5.583667658079949532e-19 1.000000000000000000e+00 -6.100159232558060012e-19 0.000000000000000000e+00 4.145284534913582806e-20 -2.210423569125054137e-19 1.000000000000000222e+00 0.000000000000000000e+00
9.999998721765732679e-01 -4.445755094521280579e-04 -2.408317576752247511e-04 1.615939576330466948e-02 4.447623533458975394e-04 9.999995997618142951e-01 7.763128688519108046e-04 -2.352793523191165637e-02 2.404865365250230460e-04 -7.764198895664661511e-04 9.999996696693899123e-01 1.345907266443167494e+00
9.999991927445422979e-01 -1.268089800286488359e-03 -8.037874567011542510e-05 -3.380002847527732029e-04 1.268162977629263763e-03 9.999987755713882764e-01 9.168510532657948723e-04 -3.982994520033862618e-02 7.921600013676293763e-05 -9.169522540926791469e-04 9.999995764617610750e-01 2.621312972326629964e+00
9.999984316581800314e-01 -1.744254796713422869e-03 -3.070165379543329516e-04 -3.231421869899259343e-03 1.744424834465161962e-03 9.999983248095422050e-01 5.543976776102612887e-04 -7.726963099651774913e-02 3.060490188318507618e-04 -5.549323795574339366e-04 9.999997991922817686e-01 3.970641273521573478e+00
9.999974315118278501e-01 -2.264955685821415203e-03 8.336518972785407250e-05 -9.090528438795361654e-03 2.264922429487511470e-03 9.999973562130756166e-01 3.971007610902795070e-04 -9.272833187073228900e-02 -8.426438580648107357e-05 -3.969109274334957707e-04 9.999999176805944856e-01 5.290754332928548465e+00
9.999964082154233491e-01 -2.654887277237525343e-03 -3.676059497179847715e-04 -8.615087629482090156e-03 2.655228335460434533e-03 9.999960420837776809e-01 9.303624078362918723e-04 -1.083732400219249575e-01 3.651344949101587305e-04 -9.313351509426493705e-04 9.999994996460533914e-01 6.588773075395826240e+00
9.999928028482841791e-01 -3.791662003958119320e-03 -1.325050695604317074e-04 -1.662277539257572129e-02 3.791922696602988054e-03 9.999907589981859024e-01 2.025643883338652806e-03 -1.411873311843077072e-01 1.248232925733588580e-04 -2.026131769528556788e-03 9.999979396027964818e-01 7.939986481724590206e+00
9.999930108534894613e-01 -3.732813703890245759e-03 -2.106003859525415424e-04 -1.563754196070829203e-02 3.733284132179705023e-03 9.999904337335041582e-01 2.279259475405741309e-03 -1.576035184411060386e-01 2.020903262932085556e-04 -2.280029794928307898e-03 9.999973803087923718e-01 9.277254525856978518e+00
9.999950347933287409e-01 -3.121477086440446920e-03 -4.321742412359734845e-04 -3.090281322430292466e-02 3.122093074293181680e-03 9.999941009354857968e-01 1.431999669314342437e-03 -1.834900689866861001e-01 4.277017467196708007e-04 -1.433341858723433592e-03 9.999988813010030064e-01 1.058841969108347847e+01
9.999996912517563619e-01 -7.323983791391913863e-04 -2.847629821289358854e-04 -3.883359587509482846e-02 7.321875251490435289e-04 9.999994582431954715e-01 -7.398740047141571900e-04 -2.092002812177787552e-01 2.853047147111644963e-04 7.396652834245322434e-04 9.999996857483203216e-01 1.194526710904907674e+01
9.999979086330389455e-01 2.009238182957699334e-03 -3.816899043372007166e-04 -5.578966775823761270e-02 -2.009983354483029644e-03 9.999960552526928614e-01 -1.962001555339902212e-03 -2.301805968916815770e-01 3.777462747401784003e-04 1.962764658707710427e-03 9.999980024294051750e-01 1.330849959731241761e+01
9.999888081480816648e-01 4.708538544345537355e-03 -4.617724662002904452e-04 -7.194924287074327962e-02 -4.709454976303038484e-03 9.999869025905790965e-01 -2.003918765471777476e-03 -2.559369286474176830e-01 4.523308949171389029e-04 2.006071049260065974e-03 9.999978855357439800e-01 1.462764253855754859e+01
9.999849286386047753e-01 5.489958469423282875e-03 5.330402889728342740e-05 -8.173543032454363977e-02 -5.489881329813133676e-03 9.999840140889880713e-01 -1.353802105645704511e-03 -2.879527073329851139e-01 -6.073549699122752365e-05 1.353489077851271474e-03 9.999990821886601822e-01 1.598712850058664436e+01
9.999938182752599047e-01 3.509050606895358724e-03 2.235370755518604200e-04 -7.639068643540092296e-02 -3.509280255572400520e-03 9.999933065937394172e-01 1.035242082102996080e-03 -3.151467440134026465e-01 -2.199028656852202953e-04 -1.036020148549857871e-03 9.999994391522931680e-01 1.734434077896765203e+01
9.999997755827326751e-01 -4.345715454059477512e-04 5.098858405275340363e-04 -8.573799918467470138e-02 4.330655901675819065e-04 9.999955551797784503e-01 2.949927691093118254e-03 -3.395498407154416420e-01 -5.111655348912275045e-04 -2.949706241397827364e-03 9.999955189613952689e-01 1.868733458343806930e+01
9.999973049575250350e-01 -2.302935470198919175e-03 -2.942273108772141491e-04 -8.382061786473975207e-02 2.303353285771201145e-03 9.999963282270719622e-01 1.427617414270997880e-03 -3.742987900133770696e-01 2.909385263627114722e-04 -1.428291288004203321e-03 9.999989376691860166e-01 2.004839364572267613e+01
9.999951391095713849e-01 -3.113884032259345291e-03 1.596539068917636147e-04 -8.737374891884616690e-02 3.114018678498238143e-03 9.999947901688831520e-01 -8.500101447857973938e-04 -3.915147014837739858e-01 -1.570062452794468801e-04 8.505031883756798130e-04 9.999996259964170076e-01 2.140248331454860065e+01
9.999994659545715647e-01 -9.671085525091147918e-04 3.644089885899149924e-04 -9.551721805253156339e-02 9.678443073125986935e-04 9.999974827794332333e-01 -2.024280315584538366e-03 -4.478446135797466976e-01 -3.624503805345777535e-04 2.024631945314235570e-03 9.999978847449199071e-01 2.277593617602178355e+01
9.999984607682366189e-01 1.097815869938538122e-03 1.368671370765797528e-03 -1.059217428361839269e-01 -1.096362115251712285e-03 9.999988345739979634e-01 -1.062470240197512742e-03 -4.375648619091281333e-01 -1.369836197187184476e-03 1.060968055618132953e-03 9.999984989456118800e-01 2.412579344722372099e+01
9.999972822671985284e-01 1.022312390250880486e-03 2.095312997909291007e-03 -1.129505207538309824e-01 -1.028553873467717619e-03 9.999950312131783425e-01 2.979870313112269967e-03 -4.548096852367182197e-01 -2.092256261982372665e-03 -2.982017383109823380e-03 9.999933649949366288e-01 2.551073307123722955e+01
9.999976334053120031e-01 -5.878003610628771639e-04 2.094678605799349044e-03 -1.063806028873844484e-01 5.790422860075371964e-04 9.999910991786512549e-01 4.179266849430668222e-03 -4.794848619405995827e-01 -2.097116568393166298e-03 -4.178044087357597400e-03 9.999890729642286757e-01 2.687718600076654951e+01
9.999894358167699115e-01 -4.006221090821843016e-03 2.253543385707326534e-03 -1.127017752827699504e-01 3.998308553489184070e-03 9.999858649053350312e-01 3.504783893593837411e-03 -5.275503026576975341e-01 -2.267552506417620448e-03 -3.495736533837836505e-03 9.999913189770474053e-01 2.824968130879708994e+01
9.999867551192175297e-01 -4.739088517343177653e-03 2.007644764717713467e-03 -1.148318439976250827e-01 4.737275240171593543e-03 9.999883677148656558e-01 9.070002653076457899e-04 -5.231396607425521372e-01 -2.011919799263727719e-03 -8.974774894227105157e-04 9.999975733522133980e-01 2.960028934942652867e+01
9.999847251854779850e-01 -4.593457615238943567e-03 3.074012905897761418e-03 -1.200567397014406512e-01 4.595803787856502128e-03 9.999891530181788113e-01 -7.565879627055942507e-04 -5.768707611070307273e-01 -3.070504260784616499e-03 7.707039792705773582e-04 9.999949889947750137e-01 3.100787739622258954e+01
9.999928012338672456e-01 -2.217679063814347647e-03 3.078861516544119121e-03 -1.286793005016373392e-01 2.224912286463345996e-03 9.999947686014664106e-01 -2.347878058231412605e-03 -5.797850468858651851e-01 -3.073638624942936007e-03 2.354711379265570555e-03 9.999925040095751783e-01 3.237907291567427137e+01
9.999931818098192204e-01 -3.732732473621952094e-04 3.673827237616930207e-03 -1.414643825060841464e-01 3.874828213842477012e-04 9.999924448320005599e-01 -3.867833494329783912e-03 -6.257544470542321102e-01 -3.672355789597172345e-03 3.869230706870384687e-03 9.999857713243314183e-01 3.375888167924966154e+01
9.999918078338253524e-01 7.466257567782639713e-05 4.047060167427997575e-03 -1.411317260676221985e-01 -5.917826627727212468e-05 9.999926788965941560e-01 -3.826049127559705623e-03 -6.463605512611558801e-01 -4.047316274794594652e-03 3.825778324780086670e-03 9.999844912023085897e-01 3.515413829047733429e+01
9.999942249577929987e-01 -3.931946906094392407e-04 3.375715371283754228e-03 -1.419445530477846384e-01 4.017561891343437324e-04 9.999967038986028456e-01 -2.535898977765812731e-03 -6.839604979144963126e-01 -3.374707203309862662e-03 2.537240574103519133e-03 9.999910868385579743e-01 3.654813591248635873e+01
9.999938171336768544e-01 6.378579945642157351e-04 3.458154863806336531e-03 -1.427620808918524664e-01 -6.331979449363771403e-04 9.999988903270267127e-01 -1.348483044364320307e-03 -7.088860282711032523e-01 -3.459011228280951984e-03 1.346285025447367754e-03 9.999931113527956716e-01 3.794489367625379117e+01
9.999893110463606849e-01 3.435164875816566505e-03 3.094742804550841900e-03 -1.607183811346664104e-01 -3.432283652133404084e-03 9.999936717942214948e-01 -9.358456509756988380e-04 -7.392766741634558825e-01 -3.097938059344810917e-03 9.252136215869138100e-04 9.999947733639257264e-01 3.933420257145797905e+01
9.999778732975674878e-01 5.732168727969614436e-03 3.375670394629766251e-03 -1.602873718254307078e-01 -5.728818357602487657e-03 9.999830888280382135e-01 -1.001353702986441377e-03 -7.666365489500281960e-01 -3.381353296517102675e-03 9.819929519328902609e-04 9.999938010482788409e-01 4.072434000593205639e+01
9.999612078023655259e-01 8.043621865387203668e-03 3.589293401592104533e-03 -1.688982988081808023e-01 -8.041359491702364248e-03 9.999674601747522429e-01 -6.443172548075779688e-04 -7.912373236011296385e-01 -3.594359314599985915e-03 6.154294650932490892e-04 9.999933508892674405e-01 4.214158040393744642e+01
9.999535160129646716e-01 9.172297931716394404e-03 2.972330789243764117e-03 -1.813954514955522235e-01 -9.170105121293603209e-03 9.999576720311493805e-01 -7.505570749539315200e-04 -8.220801984774125382e-01 -2.979089362812270981e-03 7.232656032354150243e-04 9.999953009435906814e-01 4.354563067135943299e+01
9.999639276095559914e-01 7.964736418946741919e-03 2.950668090749475683e-03 -1.806118841502956374e-01 -7.962611958072232307e-03 9.999680306742464442e-01 -7.310647582499024471e-04 -8.473236636405454547e-01 -2.956396550644806252e-03 7.075433656157171028e-04 9.999953795381658628e-01 4.497144498079972408e+01
9.999676219512534381e-01 7.747152184446370708e-03 2.176389288214305214e-03 -1.796030750600807468e-01 -7.744526727159730707e-03 9.999692759568162836e-01 -1.212214191308440096e-03 -8.821231097939583599e-01 -2.185713668301699723e-03 1.195319844732607457e-03 9.999968969266898045e-01 4.638188646450613817e+01
9.999723771971231745e-01 7.245727498203124138e-03 1.656582083118723469e-03 -1.795602833939913268e-01 -7.244374397275153352e-03 9.999734218366675975e-01 -8.213853327599939273e-04 -9.113369646682204506e-01 -1.662489618780460315e-03 8.093617468515766546e-04 9.999982905282295276e-01 4.779023215657595358e+01
9.999717795724911706e-01 7.497977052306829295e-03 4.694518845827567771e-04 -1.982075628094644160e-01 -7.498005526976133164e-03 9.999718878401658850e-01 5.879464521664391362e-05 -9.392400880044594613e-01 -4.689978552078598469e-04 -6.231294423826228197e-05 9.999998880787273059e-01 4.919490311533855476e+01
9.999681683870651483e-01 7.971664726395977923e-03 -3.387600389948369978e-04 -2.066206448666459139e-01 -7.971619474475621220e-03 9.999682170433665807e-01 1.349122003374879440e-04 -9.729404925391517134e-01 3.398247522177482317e-04 -1.322074468706340735e-04 9.999999335204159401e-01 5.060247078704099266e+01
9.999633626786057494e-01 8.461527892515233532e-03 -1.294537807883301391e-03 -2.152366884810348047e-01 -8.461198538112378945e-03 9.999641696942134228e-01 2.597368687271757481e-04 -9.974882756645819804e-01 1.296689216774365343e-03 -2.487740206875133347e-04 9.999991283548528287e-01 5.206110010469558347e+01
9.999616030530715793e-01 8.384704981335098020e-03 -2.547375538833100261e-03 -2.287402759573940736e-01 -8.382040462257697722e-03 9.999643136692361045e-01 1.054894089039174485e-03 -1.025423739499104148e+00 2.556129652427978696e-03 -1.033501397242059163e-03 9.999961990327748129e-01 5.346248273121344141e+01
9.999679706497985876e-01 7.382135562969046987e-03 -3.092204787527477999e-03 -2.466055813433350730e-01 -7.375886636382667817e-03 9.999707424791585142e-01 2.027435723485849096e-03 -1.055278359129460330e+00 3.107081177532625572e-03 -2.004563060551647034e-03 9.999931638658802191e-01 5.491599904863277715e+01
9.999794538148590872e-01 5.080873475028338353e-03 -3.908536491661947915e-03 -2.617327390818625088e-01 -5.072152752291637749e-03 9.999846324325132318e-01 2.237895066964572504e-03 -1.077459608199436092e+00 3.919846958046928516e-03 -2.218024420214700573e-03 9.999898575354632113e-01 5.632083139850686138e+01
9.999861910799362485e-01 3.321082442768478072e-03 -4.072842816853029790e-03 -2.645275098674868541e-01 -3.313297166736780836e-03 9.999926739935313114e-01 1.916775137129823024e-03 -1.104309639027588830e+00 4.079178819480429839e-03 -1.903254153567620482e-03 9.999898689138057017e-01 5.772902332703753814e+01
9.999890036717020703e-01 2.485535896852457838e-03 -3.976762059253668817e-03 -2.818634703321922230e-01 -2.476627598733110308e-03 9.999944166073472251e-01 2.243451353406011525e-03 -1.133888929478270802e+00 3.982316105061209366e-03 -2.233577750966359455e-03 9.999895760933055211e-01 5.918560494487922341e+01
9.999915480532269862e-01 1.203396728063508159e-03 -3.931367497414707361e-03 -2.964099799772217936e-01 -1.192041271729786045e-03 9.999951149220216440e-01 2.889493247462543001e-03 -1.159667502166959352e+00 3.934825569770103795e-03 -2.884782504306281862e-03 9.999880975212337431e-01 6.063082153334205771e+01
9.999933960899740626e-01 -1.097243680272016152e-03 -3.464654339606389622e-03 -3.052218464863997172e-01 1.109240689746789901e-03 9.999933897568533681e-01 3.462661521729839143e-03 -1.183381878124628583e+00 3.460832117171384632e-03 -3.466481824484692314e-03 9.999880030034093981e-01 6.206431201760054961e+01
9.999932945836227383e-01 -1.913365331857557047e-03 -3.122470152688074010e-03 -3.181384708477233425e-01 1.923605666960696414e-03 9.999927711175989886e-01 3.279855099471251471e-03 -1.217494519531652220e+00 3.116172076874016220e-03 -3.285839539696458565e-03 9.999897463151612431e-01 6.345019007410176926e+01
9.999917098458485087e-01 -3.088886246195302748e-03 -2.653115738740808704e-03 -3.235862735367873722e-01 3.095980676665254124e-03 9.999916321216167914e-01 2.674057614738669774e-03 -1.233327237828728329e+00 2.644833726606623473e-03 -2.682249466379142168e-03 9.999929051732506791e-01 6.486602956323640967e+01
9.999945698562648921e-01 -2.827717419002988113e-03 -1.692416887905579545e-03 -3.299936500911067050e-01 2.831972211109045918e-03 9.999928224842798974e-01 2.516924227310475375e-03 -1.266797578235481003e+00 1.685287621889207388e-03 -2.521703460396694432e-03 9.999954003995729090e-01 6.630099425472802466e+01
9.999970517298355510e-01 -1.719341646595731483e-03 -1.714758477746732186e-03 -3.453182163606022814e-01 1.723008669032276676e-03 9.999962272711768740e-01 2.139317855767940840e-03 -1.299259721149455871e+00 1.711073821933179742e-03 -2.142266112268297832e-03 9.999962414555535473e-01 6.770423996181924053e+01
9.999993650577990723e-01 8.199415453724772426e-04 -7.730312039831358081e-04 -3.515378386627002194e-01 -8.176539332083552093e-04 9.999952997946500721e-01 2.954967253038182605e-03 -1.329932415007954782e+00 7.754504870651739027e-04 -2.954333333246018847e-03 9.999953352855721622e-01 6.915132850162616762e+01
9.999902942841348841e-01 4.402331660913841663e-03 -1.755133218171330532e-04 -3.813946878149818143e-01 -4.401531275254293510e-03 9.999809552906419041e-01 4.326151365964558439e-03 -1.351704763670680265e+00 1.945551392530254077e-04 -4.325336893218517317e-03 9.999906267612789224e-01 7.055359074861448221e+01
9.999654473522872067e-01 8.280895630489561524e-03 7.285974399756357757e-04 -3.988318141979807496e-01 -8.284442387032535729e-03 9.999531454628043381e-01 5.007485189631810142e-03 -1.382780659260332889e+00 -6.870968477680633197e-04 -5.013348242533523583e-03 9.999871970368641172e-01 7.197043527265094554e+01
9.999220261217637296e-01 1.242234453939415791e-02 1.275543104724123763e-03 -4.125836141556981640e-01 -1.242811318102864625e-02 9.999121008142032307e-01 4.618730462865459213e-03 -1.402612151581854372e+00 -1.218055542443134470e-03 -4.634222966806773869e-03 9.999885200929391482e-01 7.333600534832092421e+01
9.998775911703499109e-01 1.546819356370031547e-02 2.353218198814274742e-03 -4.441660635264980672e-01 -1.547765564564706521e-02 9.998719823298982678e-01 4.057235128127634552e-03 -1.423538857932125312e+00 -2.290158884424871918e-03 -4.093160834037743584e-03 9.999890005417778616e-01 7.473984683706206056e+01
9.998367158955141498e-01 1.776247622300188705e-02 3.322040748411254473e-03 -4.581248758290943357e-01 -1.777566907375918021e-02 9.998340596456977147e-01 3.984820667825796428e-03 -1.445430072690487400e+00 -3.250709259737103850e-03 -4.043221553585192932e-03 9.999865425321344814e-01 7.612691243633273075e+01
9.998438433594252217e-01 1.728736942363705981e-02 3.665477479393097586e-03 -4.723079252715544629e-01 -1.730310396682227872e-02 9.998410211576089779e-01 4.305233662471835525e-03 -1.470178034116659482e+00 -3.590468641097694768e-03 -4.367985558536444102e-03 9.999840144889040605e-01 7.752615455371372377e+01
9.998566069937403489e-01 1.652252535028675764e-02 3.711007839580795185e-03 -4.718884461218723070e-01 -1.653894811779246798e-02 9.998533677390035734e-01 4.439171964925743910e-03 -1.502019735429803715e+00 -3.637117415249992852e-03 -4.499911634443107961e-03 9.999832609441090536e-01 7.892121703888392403e+01
9.998614469084065037e-01 1.638742189683474459e-02 2.922218548667833253e-03 -4.692018904166286308e-01 -1.639724926793108967e-02 9.998598724693380513e-01 3.371301481030346357e-03 -1.528416716848529644e+00 -2.866562173793502175e-03 -3.418750763033960582e-03 9.999900474311980147e-01 8.033149659863414627e+01
9.998725469647741226e-01 1.573780608054015789e-02 2.685378642386180691e-03 -4.679589040417972412e-01 -1.574765927074530183e-02 9.998691951901647057e-01 3.688328541981634751e-03 -1.545712118104991983e+00 -2.626981226197846065e-03 -3.730146924102381144e-03 9.999895924312847129e-01 8.169763694801693532e+01
9.998684678577178797e-01 1.597462092166851769e-02 2.803291356540853554e-03 -4.858704956789177132e-01 -1.598496777743101116e-02 9.998653560964326781e-01 3.708168546610932700e-03 -1.572254796732155180e+00 -2.743677369235647187e-03 -3.752491368442240419e-03 9.999891954617313727e-01 8.307802024832703580e+01
9.998831919561889103e-01 1.515745546218586620e-02 1.963150576737428092e-03 -4.875597202833342747e-01 -1.516435197852332786e-02 9.998787232165914363e-01 3.547015198590807578e-03 -1.599993744382945726e+00 -1.909148798520784486e-03 -3.576370826774264659e-03 9.999917823266419870e-01 8.444581171791618601e+01
9.998820742914062976e-01 1.528042984502313122e-02 1.531648262991719368e-03 -4.953641075610312750e-01 -1.528583365987870070e-02 9.998767533839453270e-01 3.580692801131381189e-03 -1.619919032299560913e+00 -1.476744991148285727e-03 -3.603683108464487712e-03 9.999924163168022462e-01 8.585481061516765067e+01
9.998960808987399362e-01 1.441573700237340494e-02 1.179059903279421463e-04 -4.937715905111824677e-01 -1.441610314453158938e-02 9.998874125546007852e-01 4.163917894735829316e-03 -1.649103055586450983e+00 -5.786676892176072695e-05 -4.165184977408849763e-03 9.999913239056106296e-01 8.722793819056505527e+01
9.999166698459229785e-01 1.284128736884636128e-02 -1.324641824481114991e-03 -4.955203596998561943e-01 -1.283442501149529430e-02 9.999048062523173686e-01 5.065174412891752451e-03 -1.677900352023431907e+00 1.389559114499780380e-03 -5.047751371667326750e-03 9.999862945735064068e-01 8.858162967385015918e+01
9.999358636287644098e-01 1.109042200553253012e-02 -2.295897189748584335e-03 -5.051483536582641598e-01 -1.107685777800345751e-02 9.999216027569749476e-01 5.838799666721358229e-03 -1.708048478122896174e+00 2.360471995163893402e-03 -5.812993924057523881e-03 9.999803184456028671e-01 8.995120637769977634e+01
9.999510678656069462e-01 9.327079564637529713e-03 -3.296579811131973656e-03 -5.211584733646272838e-01 -9.307981431570402572e-03 9.999400788396969331e-01 5.761963906880101551e-03 -1.730047183788181675e+00 3.350124634401913278e-03 -5.730997520342802527e-03 9.999779659266488929e-01 9.131471042364498203e+01
9.999619723057968645e-01 8.071052660794211450e-03 -3.303336337973623079e-03 -5.355529500857568737e-01 -8.052974187260395628e-03 9.999527224300489570e-01 5.450002332070996366e-03 -1.745140203146852587e+00 3.347167482221246292e-03 -5.423193457397285609e-03 9.999796925182575791e-01 9.268085896289377956e+01
9.999683164257638923e-01 7.022869379775417871e-03 -3.747723495884306387e-03 -5.535935385652185348e-01 -7.003986908800286133e-03 9.999628312086004112e-01 5.027959892506540275e-03 -1.771606390574831824e+00 3.782894972502934272e-03 -5.001551636863955583e-03 9.999803369035455969e-01 9.406225874239623863e+01
9.999665630984906350e-01 7.144546500345385666e-03 -3.978457088722265125e-03 -5.592286196585107838e-01 -7.126257887318285245e-03 9.999640630612535164e-01 4.592281235494486032e-03 -1.793978036356706385e+00 4.011123954918794331e-03 -4.563776223305272134e-03 9.999815412487866872e-01 9.541282360870457069e+01
9.999708249245515823e-01 6.575464133285161168e-03 -3.887486708612472412e-03 -5.731939428564821748e-01 -6.559525655025045567e-03 9.999700866558218770e-01 4.098588557326234005e-03 -1.817929915887067205e+00 3.914320613804075921e-03 -4.072968957570761994e-03 9.999840443851112370e-01 9.675634052918096017e+01
9.999637128229836858e-01 7.665073064489122054e-03 -3.717481953608675876e-03 -5.929521492116511805e-01 -7.651877625263323393e-03 9.999644192862761072e-01 3.550907489956100279e-03 -1.846853408047489209e+00 3.744567715610246702e-03 -3.522332961786079578e-03 9.999867856074450279e-01 9.811473561847807900e+01
9.999572940375853758e-01 8.634422581143176220e-03 -3.294969852464424160e-03 -6.146546832648640546e-01 -8.623065802403306196e-03 9.999568847032196395e-01 3.445502355793408650e-03 -1.868232173086905368e+00 3.324577772046601563e-03 -3.416942510990748482e-03 9.999886357815380711e-01 9.943014735406256932e+01
9.999507240258936891e-01 9.361140929593832899e-03 -3.304321069606759413e-03 -6.292626694033610635e-01 -9.345450864727452775e-03 9.999451324717612000e-01 4.732294465227986947e-03 -1.902048099497754219e+00 3.348439506453785523e-03 -4.701180959493450086e-03 9.999833432895647300e-01 1.008229084691540010e+02
9.999467669733945741e-01 9.881340246377086009e-03 -2.970237531943870600e-03 -6.533513058447353306e-01 -9.864330126219036238e-03 9.999351687817903400e-01 5.687991030554681061e-03 -1.917527334240235248e+00 3.026249999137226900e-03 -5.658388899755955811e-03 9.999794120140307330e-01 1.021654703361821248e+02
9.999487418258634630e-01 9.611098157217813631e-03 -3.184413589619196003e-03 -6.567010557690451389e-01 -9.595139755412410501e-03 9.999415180209376697e-01 4.989373529155470381e-03 -1.948511340857586482e+00 3.232180777108992469e-03 -4.958562944862896817e-03 9.999824826800541855e-01 1.035108194249096698e+02
9.999437741328591756e-01 1.019655320551671532e-02 -2.911846788435726481e-03 -6.693759388927803533e-01 -1.018776164860980826e-02 9.999435480938663190e-01 3.018303658222252269e-03 -1.965755527323802099e+00 2.942458755650498130e-03 -2.988468787797083845e-03 9.999912054592203781e-01 1.048475959820808043e+02
9.999524178203065272e-01 9.309771988354767491e-03 -2.913797982772140232e-03 -6.847413178220448371e-01 -9.304474195921940208e-03 9.999550443181766113e-01 1.826504873311301808e-03 -1.996264660583386252e+00 2.930671386362689382e-03 -1.799306631874807985e-03 9.999940868152932261e-01 1.061744537006462252e+02
9.999647072945901938e-01 7.766638319549514641e-03 -3.203665857305214304e-03 -6.973078272943400435e-01 -7.758248832207951563e-03 9.999664644270567226e-01 2.622901162939804409e-03 -2.026585776872581235e+00 3.223929602643927327e-03 -2.597953789081448688e-03 9.999914284229433070e-01 1.074952952654392959e+02
9.999887442655650549e-01 4.244633908663968981e-03 -2.120003326915088828e-03 -7.053933169588848529e-01 -4.234790417296043635e-03 9.999803319062970930e-01 4.626268202112220410e-03 -2.041340104564821623e+00 2.139598486244520710e-03 -4.617238407688939103e-03 9.999870515322054620e-01 1.088285538488739945e+02
9.999950293618409258e-01 2.640155220772903363e-03 -1.723608020440484112e-03 -7.116735086863965609e-01 -2.631045992258555961e-03 9.999826730939762598e-01 5.266033835339320110e-03 -2.071559435738616894e+00 1.737481337037767408e-03 -5.261472819634523124e-03 9.999846489152934836e-01 1.101652097381747097e+02
9.999962794141032951e-01 2.552112322878772373e-03 -9.632624244978924520e-04 -7.270131102947756663e-01 -2.547919105359559237e-03 9.999873813945452383e-01 4.329568521403754158e-03 -2.091792726488376886e+00 9.742998352467700535e-04 -4.327098140600217809e-03 9.999901634336151313e-01 1.115021058731465757e+02
9.999929769182068773e-01 3.747734587415054060e-03 2.434563618331490902e-05 -7.462382281117539984e-01 -3.747779749014655114e-03 9.999904682173078596e-01 2.240006250477990027e-03 -2.111617736795875278e+00 -1.595045381977768751e-05 -2.240081784018565017e-03 9.999974908866917644e-01 1.128087736793537630e+02
9.999782252735919252e-01 6.544108386567692656e-03 8.506543516002522268e-04 -7.528145191522582769e-01 -6.544489701163181891e-03 9.999784850593081975e-01 4.461898703665192470e-04 -2.146851371485626547e+00 -8.477161498834159944e-04 -4.517472613121504220e-04 9.999995386502233963e-01 1.141459615258556113e+02
9.999582935491447833e-01 8.759117168996214883e-03 2.586313086688523787e-03 -7.566522317023287592e-01 -8.759334756837757960e-03 9.999616336507206604e-01 7.278746472493312976e-05 -2.166474879383391006e+00 -2.585576350940714876e-03 -9.543881576915446069e-05 9.999966528358334994e-01 1.154556825274921437e+02
9.999442285573169054e-01 9.839736715822611224e-03 3.836579519122977795e-03 -7.768063518381765897e-01 -9.845292981641613761e-03 9.999505085378195268e-01 1.432026440675775256e-03 -2.191028852979129748e+00 -3.822298943871965844e-03 -1.469718840792866386e-03 9.999916149411037791e-01 1.168145301615033560e+02
9.999451011096432973e-01 9.257451242726153287e-03 4.908599795638534692e-03 -7.818011102537535395e-01 -9.275032500040823746e-03 9.999506092047409922e-01 3.571125892005316479e-03 -2.216560659267123867e+00 -4.875297914183657384e-03 -3.616457299021180218e-03 9.999815761809145442e-01 1.181131313488133259e+02
9.999381487339663588e-01 9.393652033672251350e-03 5.954661837241721246e-03 -7.903241373431334482e-01 -9.418299930594275018e-03 9.999471393998604629e-01 4.124809028603092231e-03 -2.241192486275516149e+00 -5.915600149049263408e-03 -4.180636734659220338e-03 9.999737636281579301e-01 1.194900542453436003e+02
9.999231938994745938e-01 1.033868871250326338e-02 6.835042527662792307e-03 -7.903510664021798915e-01 -1.036541817688200508e-02 9.999387233896189775e-01 3.886848465879460916e-03 -2.263406352672951982e+00 -6.794438898105418026e-03 -3.957398043608837887e-03 9.999690868186724702e-01 1.208215409630795136e+02
9.999054745359780005e-01 1.103872882489957338e-02 8.196855971876025257e-03 -7.977735793092912697e-01 -1.106655908389205141e-02 9.999331264515670670e-01 3.357665177922338883e-03 -2.285028555313946441e+00 -8.159243602859128988e-03 -3.448058815872935990e-03 9.999607680427815559e-01 1.221144273949042258e+02
9.998727736344007466e-01 1.294820802470986014e-02 9.315601957567042762e-03 -8.008662877002210578e-01 -1.297683256650798873e-02 9.999112401506020653e-01 3.018884169861482843e-03 -2.302348190483165524e+00 -9.275686124919040390e-03 -3.139387124426850761e-03 9.999520517927632524e-01 1.234724605589635189e+02
9.998508043340608165e-01 1.366448791309066851e-02 1.056649557225559227e-02 -7.900474877817822428e-01 -1.368829220529822581e-02 9.999039263110823805e-01 2.183765209069894048e-03 -2.326538624250531484e+00 -1.053564055838863284e-02 -2.328076700991510168e-03 9.999417884679692170e-01 1.248087867531933455e+02
9.998196915339609969e-01 1.513603508730110639e-02 1.146668420654713832e-02 -7.920453304208392442e-01 -1.515168341823847770e-02 9.998843886293654615e-01 1.279020899716603807e-03 -2.354140931138199555e+00 -1.144599942061070436e-02 -1.452529863767079493e-03 9.999334374050847796e-01 1.261435375212532506e+02
9.998160223344310094e-01 1.463305983373818994e-02 1.240141238557668051e-02 -7.853541151787386543e-01 -1.464865837930083396e-02 9.998920206063561800e-01 1.167888689023543472e-03 -2.383676892598375119e+00 -1.238298371814966145e-02 -1.349337888267989043e-03 9.999224174839949075e-01 1.274958125170272467e+02
9.998115720736058254e-01 1.395264901988970026e-02 1.349607059081451253e-02 -7.872824694215345698e-01 -1.397819916518279124e-02 9.999006788526816347e-01 1.800667946079092174e-03 -2.407124696026015531e+00 -1.346960629053436942e-02 -1.988979428232754473e-03 9.999073025295123207e-01 1.288003831670708621e+02
9.998241357336975499e-01 1.227363194950338750e-02 1.417940603803956139e-02 -7.676367051627566163e-01 -1.231386111031607805e-02 9.999203908416073316e-01 2.753330173231051912e-03 -2.422609238361607353e+00 -1.414448410972391629e-02 -2.927449219853126092e-03 9.998956763555667537e-01 1.301704510475346694e+02
9.998167815264722424e-01 1.256137481225477054e-02 1.444351871876571082e-02 -7.578078462967611229e-01 -1.260462097191172165e-02 9.999163328873502676e-01 2.907022383930029687e-03 -2.456822684322873318e+00 -1.440579432135700479e-02 -3.088544866551602534e-03 9.998914610919522605e-01 1.314987561848310520e+02
9.998377178959017009e-01 1.076483330332917224e-02 1.444493795225011527e-02 -7.403817093781436265e-01 -1.081179704982130653e-02 9.999365036192419121e-01 3.177073248304860056e-03 -2.479764642108964079e+00 -1.440982033458100033e-02 -3.332733428561655397e-03 9.998906189928453703e-01 1.328744437285242270e+02
9.998664224280433555e-01 8.269050240325509504e-03 1.409823072383636043e-02 -7.377985455842726026e-01 -8.329135483280339022e-03 9.999564559984411849e-01 4.208518030980112207e-03 -2.497058558046732379e+00 -1.406281662377322460e-02 -4.325381973674633646e-03 9.998917582638812140e-01 1.341767496581301771e+02
9.998788783421688198e-01 7.136031696525300255e-03 1.383133035188790355e-02 -7.252085448305797266e-01 -7.189297647552476793e-03 9.999669166248565944e-01 3.805215875990594979e-03 -2.521562568992199438e+00 -1.380371885983543156e-02 -3.904192560810499941e-03 9.998971020114347796e-01 1.354971599133247082e+02
9.998998471516408193e-01 6.267101476634030603e-03 1.268933049080731533e-02 -7.105278673490214025e-01 -6.319477908472907572e-03 9.999716606538384678e-01 4.091711027900330963e-03 -2.544727240374103250e+00 -1.266332793131483454e-02 -4.171491206112714831e-03 9.999111154361455256e-01 1.368740637729679861e+02
9.999270370863799773e-01 3.510016601360342950e-03 1.155855935770006351e-02 -7.023323785561088606e-01 -3.566317243473830778e-03 9.999818603624879287e-01 4.853898715150660632e-03 -2.561204935762844581e+00 -1.154131262023881666e-02 -4.894766086871274978e-03 9.999214165899251716e-01 1.381810399579155728e+02
9.999403224461276274e-01 3.516888009830087831e-03 1.034326114515319965e-02 -6.903985430927898070e-01 -3.568227451271385915e-03 9.999813859050287190e-01 4.949303155907368128e-03 -2.591718438214920539e+00 -1.032566264433637526e-02 -4.985914940690377301e-03 9.999342585048724974e-01 1.395485106199375025e+02
9.999506205800403613e-01 3.068451304370684290e-03 9.452037566058921897e-03 -6.886947752011610691e-01 -3.115929349809514175e-03 9.999825831549603583e-01 5.012422124782745653e-03 -2.609921363074013456e+00 -9.436492727239172845e-03 -5.041626535308762168e-03 9.999427656603074865e-01 1.408915780103267537e+02
9.999600314796587286e-01 3.156490057208759508e-03 8.364927873346809234e-03 -6.776981030672515338e-01 -3.194207828063275190e-03 9.999847755782578229e-01 4.499516962218895987e-03 -2.634456774458626249e+00 -8.350597982345409412e-03 -4.526056477362545849e-03 9.999548901408766843e-01 1.421915212068416281e+02
9.999717377074045510e-01 2.267667644235960706e-03 7.168087250028336646e-03 -6.790222161001688850e-01 -2.296606472986509415e-03 9.999892361515241301e-01 4.031523667488372265e-03 -2.643073201834686081e+00 -7.158868058501043942e-03 -4.047872035133280068e-03 9.999661820941204704e-01 1.435574244101064778e+02
9.999800102162609283e-01 9.167571325926533602e-04 6.256095479574541249e-03 -6.712853080047229692e-01 -9.296340642070316561e-04 9.999974549300556514e-01 2.055703084366501069e-03 -2.677806346523271763e+00 -6.254195083391362112e-03 -2.061477884574717222e-03 9.999783174375002082e-01 1.449050047344753693e+02
9.999820396385723509e-01 -2.597921543288379993e-03 5.401038397414512256e-03 -6.704779899952719724e-01 2.590735638176158012e-03 9.999957501919279901e-01 1.337042222198675133e-03 -2.705613719293959996e+00 -5.404489066911092286e-03 -1.323025551111618172e-03 9.999845204274487864e-01 1.462297335563920058e+02
9.999346580013732666e-01 -1.056095474801568498e-02 4.375612750783489276e-03 -6.502991564014920511e-01 1.054564668780635060e-02 9.999382434356693938e-01 3.506940449344794070e-03 -2.730611373797922070e+00 -4.412379239416415640e-03 -3.460567653046498285e-03 9.999842775643611459e-01 1.475713054369264228e+02
9.998254735791972658e-01 -1.848027002310619754e-02 2.738984693238731040e-03 -6.391064083128887852e-01 1.846652839495067921e-02 9.998171749432035460e-01 4.960240427010510593e-03 -2.748974727631877446e+00 -2.830150563085136704e-03 -4.908795224929977073e-03 9.999839468584599267e-01 1.489573491062268715e+02
9.997932926253726427e-01 -2.027543640711266734e-02 1.509548301757826505e-03 -6.478713757829825948e-01 2.027246239236122835e-02 9.997925710165963542e-01 1.960146427018462541e-03 -2.792832815145460224e+00 -1.548978024677438161e-03 -1.929138991202015378e-03 9.999969395393831784e-01 1.503175599609804181e+02
9.998090033133149035e-01 -1.944657952867503634e-02 1.946143327667551734e-03 -6.430129905225151488e-01 1.944830246706161225e-02 9.998104851218992950e-01 -8.702520931677896338e-04 -2.819262474308599664e+00 -1.928851110071484352e-03 9.079350857460154450e-04 9.999977275896436701e-01 1.516517614848879987e+02
9.998331036997063492e-01 -1.810874560576948913e-02 2.416218727303568858e-03 -6.607808162986584799e-01 1.811577877967770686e-02 9.998316279988486155e-01 -2.921332228378541781e-03 -2.839715521436335433e+00 -2.362910283206000935e-03 2.964616394916107407e-03 9.999928138246160225e-01 1.529767852618726351e+02
9.998364297865917072e-01 -1.774613154760141739e-02 3.491206335341051105e-03 -6.784289278926041167e-01 1.775614407402723721e-02 9.998382622025471234e-01 -2.858103143288419617e-03 -2.869165934492543091e+00 -3.439921461247921232e-03 2.919626047890467018e-03 9.999898213076661158e-01 1.543276628723842521e+02
9.998012741612783971e-01 -1.953526155206838921e-02 3.973132258057349674e-03 -6.674138393011579407e-01 1.953707281365595419e-02 9.998090459773472105e-01 -4.175341551718937303e-04 -2.898169960376396848e+00 -3.964217000450591735e-03 4.950745764859575734e-04 9.999920199078310423e-01 1.556541554512436392e+02
9.996728019027388834e-01 -2.517464689028886191e-02 4.530600106677304222e-03 -6.516600675520405339e-01 2.516367570388440209e-02 9.996803115010363117e-01 2.462555657938837912e-03 -2.926523444099650817e+00 -4.591145769521217182e-03 -2.347743362270279105e-03 9.999867046496520029e-01 1.570037254615538416e+02
9.995690361223353859e-01 -2.899507711941008356e-02 4.585584063886651365e-03 -6.438313616480244583e-01 2.897673691836630608e-02 9.995720157957651564e-01 4.016703617203985777e-03 -2.954037428470284166e+00 -4.700086211938210926e-03 -3.882097311016293167e-03 9.999814190797607916e-01 1.583680651834758635e+02
9.995195530265352790e-01 -3.066436345636100111e-02 4.512204177394308138e-03 -6.390357308174026141e-01 3.064582947246093092e-02 9.995218110902718278e-01 4.120951452046664291e-03 -2.988351191516256389e+00 -4.636412917557268358e-03 -3.980691324441540217e-03 9.999813287090155711e-01 1.597033175480018770e+02
9.995619034570509820e-01 -2.913385676733706506e-02 5.217240750971107940e-03 -6.458422138704906779e-01 2.911053412915619656e-02 9.995661058608940053e-01 4.491855841020924237e-03 -3.000682815569352346e+00 -5.345842190674126616e-03 -4.338011324074626633e-03 9.999763015307190361e-01 1.610629890698268127e+02
9.996071474383430022e-01 -2.732273298283123888e-02 6.246527445861484000e-03 -6.478311346681034921e-01 2.729864613823299729e-02 9.996196780337052168e-01 3.909368434436600280e-03 -3.017300180545397392e+00 -6.350966487505974381e-03 -3.737310896020406507e-03 9.999728484936939443e-01 1.624017582606377914e+02
9.996870705698133186e-01 -2.400544657239785107e-02 7.035589469695746785e-03 -6.553834726444306424e-01 2.399119507314275215e-02 9.997099576516622621e-01 2.103114584556831004e-03 -3.038676910547851495e+00 -7.084035173744609656e-03 -1.933664253075970422e-03 9.999730383263094602e-01 1.637771946507624818e+02
9.997462242667074506e-01 -2.112835655900204002e-02 7.815347656268848558e-03 -6.625174956302711804e-01 2.111751521254589398e-02 9.997759238910147728e-01 1.467148044759265671e-03 -3.065371819050405122e+00 -7.844594982836424965e-03 -1.301734985056606300e-03 9.999683834031475316e-01 1.651000745199664550e+02
9.997745911190972778e-01 -1.957854628280115972e-02 8.212644007723755510e-03 -6.531403126555156424e-01 1.955980646684514837e-02 9.998059127671495849e-01 2.355999419523329384e-03 -3.082262105730332991e+00 -8.257177220802281933e-03 -2.194830627760423116e-03 9.999635002003411932e-01 1.664739718550443115e+02
9.997976107867659890e-01 -1.832962811885683468e-02 8.292300028614417104e-03 -6.606403297905295569e-01 1.831173954197369558e-02 9.998298434318384498e-01 2.228081326990082392e-03 -3.107177518059752508e+00 -8.331729081741401366e-03 -2.075783947548496145e-03 9.999631360212528630e-01 1.678392450374593068e+02
9.998454573492568942e-01 -1.586274929306188269e-02 7.578564501103396064e-03 -6.475165080854093924e-01 1.586310106985429347e-02 9.998741729883453555e-01 1.371172583152957574e-05 -3.128275411793330907e+00 -7.577828548199466718e-03 1.065099469782816586e-04 9.999712821678720109e-01 1.691767135137923503e+02
9.998917060016425662e-01 -1.266389690275668452e-02 7.496800388393495829e-03 -6.551825280827831000e-01 1.268413293076193181e-02 9.999160206069668266e-01 -2.657909631081730676e-03 -3.162003168703043432e+00 -7.462511448473609608e-03 2.752712249192698635e-03 9.999683662437367504e-01 1.705334485685528136e+02
9.999560965181408800e-01 -6.176356162016045578e-03 7.046820625364849829e-03 -6.620420475545127914e-01 6.205590481121464261e-03 9.999721987929091060e-01 -4.134280779275214396e-03 -3.198346364079303505e+00 -7.021090049453471496e-03 4.177829002179707894e-03 9.999666244578746532e-01 1.719047275582004488e+02
9.999692072206358695e-01 -2.358884707755918436e-03 7.484670155223921081e-03 -6.668881951995698776e-01 2.383623079134957346e-03 9.999917207128813379e-01 -3.298005901406909305e-03 -3.219644942911496166e+00 -7.476828704083358056e-03 3.315745018211428610e-03 9.999665508692889837e-01 1.732747084641986532e+02
9.999694008074654361e-01 3.429006832264845975e-04 7.815361614232463339e-03 -6.700928250226891869e-01 -3.322900405970279688e-04 9.999990214549699941e-01 -1.358923587622038647e-03 -3.257370220502265656e+00 -7.815820078996536108e-03 1.356285058288641317e-03 9.999685362235989361e-01 1.746594366630971251e+02
9.999715515540755773e-01 6.435598805350840109e-04 7.515445535382498689e-03 -6.813392641560744867e-01 -6.492631719646092944e-04 9.999995031130780587e-01 7.564601577216693070e-04 -3.268001023385952220e+00 -7.514955103131919049e-03 -7.613181401056893973e-04 9.999714725106249036e-01 1.760690133874059597e+02
9.999764126755082971e-01 -5.642414966525788117e-04 6.845124834411232990e-03 -6.687966642642965143e-01 5.515013185404071903e-04 9.999981126289450017e-01 1.862950188023689436e-03 -3.311555489603688063e+00 -6.846163185686689710e-03 -1.859131160995162926e-03 9.999748365196788891e-01 1.774507651121701031e+02
9.999823524347297710e-01 -3.197115360146145484e-03 5.007323128330171298e-03 -6.661018238356211096e-01 3.188278455609101347e-03 9.999933477938537374e-01 1.771790709817059164e-03 -3.324667954421308025e+00 -5.012954522714207876e-03 -1.755794710827772919e-03 9.999858936333371195e-01 1.788171144633332403e+02
9.999878165285653875e-01 -3.486790593400012316e-03 3.494151805701166402e-03 -6.645940452670729970e-01 3.494000259288345279e-03 9.999917754442053663e-01 -2.059368872281745321e-03 -3.362620568657324949e+00 -3.486942541764860223e-03 2.071552374048588920e-03 9.999917749148753421e-01 1.802042816171051811e+02
9.999961397252611350e-01 -1.754819249081389322e-03 2.154332877497298470e-03 -6.795550315290345145e-01 1.767157596935977747e-03 9.999819718561820947e-01 -5.738738040322865878e-03 -3.394732036334315417e+00 -2.144223633160548519e-03 5.742522988922280774e-03 9.999812126889779940e-01 1.815853831628033959e+02
9.999966604648170554e-01 2.207645694962087277e-03 1.343635899041394641e-03 -6.920958054226972189e-01 -2.198477329802085711e-03 9.999745498880083794e-01 -6.787214365153326594e-03 -3.419899481159391463e+00 -1.358585497977887269e-03 6.784237808007462407e-03 9.999760638935043522e-01 1.829857808122356460e+02
9.999769000370274386e-01 6.693169277730358357e-03 1.183581954667298512e-03 -6.939242478374496592e-01 -6.686189779728356035e-03 9.999607932615539596e-01 -5.805757457477729241e-03 -3.456630171347740088e+00 -1.222394494956999559e-03 5.797709740840988231e-03 9.999824460013639893e-01 1.843885167369793407e+02
9.999687679304766208e-01 7.823100576107976795e-03 1.123497913422071698e-03 -7.141140293683672091e-01 -7.819912201791746550e-03 9.999654622049103381e-01 -2.814850971827355386e-03 -3.477144886250340683e+00 -1.145479995774841301e-03 2.805977424516954439e-03 9.999954071715403403e-01 1.857824014371064436e+02
9.999717314343028463e-01 7.296463287308303444e-03 1.816024321388435463e-03 -7.121694289222743057e-01 -7.295028322955641673e-03 9.999730744558897877e-01 -7.955747002882234157e-04 -3.505907133894165195e+00 -1.821780338555271331e-03 7.823042654225488991e-04 9.999980345549571714e-01 1.871501989825279963e+02
9.999753883888263806e-01 6.756183820702599437e-03 1.891186536288955947e-03 -7.160780651774139027e-01 -6.756510688361680450e-03 9.999771606706864269e-01 1.664726607136357681e-04 -3.529805290367378667e+00 -1.890018656214472554e-03 -1.792463902440937244e-04 9.999981978472040067e-01 1.885659588478834792e+02
9.999778808329936597e-01 6.518000326462720061e-03 1.324200105964719841e-03 -7.240747294767903020e-01 -6.518795949056912023e-03 9.999785740022325564e-01 5.973676501346683381e-04 -3.564691500513709865e+00 -1.320278114088496279e-03 -6.059866360729758471e-04 9.999989448215452770e-01 1.899801867513792217e+02
9.999922660337673408e-01 3.528887080805627029e-03 1.736324962659230569e-03 -7.298498600412126613e-01 -3.530825372895938976e-03 9.999931455535302494e-01 1.114506404530100523e-03 -3.591309491660819031e+00 -1.732380123187011751e-03 -1.120628456383771085e-03 9.999978715221520265e-01 1.913784652218599263e+02
9.999965766570374504e-01 1.556691967883505135e-03 2.103184323498930464e-03 -7.398203863497431199e-01 -1.559569255190499824e-03 9.999978493760106613e-01 1.367109977201031281e-03 -3.619932547710444481e+00 -2.101051666495033256e-03 -1.370385370467431911e-03 9.999968538066796864e-01 1.928153411079458692e+02
9.999971098513855683e-01 -1.011996799144094031e-03 2.180861343477592373e-03 -7.328624083421102497e-01 1.007260894161818429e-03 9.999971348165374030e-01 2.171585101731523127e-03 -3.652539660406803446e+00 -2.183052767769251817e-03 -2.169382146388572352e-03 9.999952640183973340e-01 1.942226469732860892e+02
9.999807491862890974e-01 -5.583573749093718140e-03 2.706469059883183457e-03 -7.366142382106807274e-01 5.574157583698876282e-03 9.999784287781960934e-01 3.474296280608715932e-03 -3.671620642633470766e+00 -2.725809710951218080e-03 -3.459143137893839603e-03 9.999903020966216527e-01 1.956454334938717921e+02
9.999551147683447549e-01 -8.962363845871264625e-03 3.073191014204089584e-03 -7.374231323227099510e-01 8.951349348561355931e-03 9.999535298888506674e-01 3.579300340709762156e-03 -3.690970855146861407e+00 -3.105127244156577395e-03 -3.551630500081730431e-03 9.999888719892027211e-01 1.970557850540872948e+02
9.999694270623230574e-01 -7.135956231427864442e-03 3.197356161065152691e-03 -7.431458088799947070e-01 7.136155382843887597e-03 9.999745360190052113e-01 -5.086399822867589788e-05 -3.721209917939814815e+00 -3.196911835037246578e-03 7.367928218989293701e-05 9.999948871478068213e-01 1.984989142298339289e+02
9.999938988160073094e-01 -2.754142506006853068e-04 3.482310000701626003e-03 -7.524261916162755526e-01 2.924239616354507281e-04 9.999880253611570513e-01 -4.885040714952332795e-03 -3.759502393592365710e+00 -3.480922956239559333e-03 4.886029269627030838e-03 9.999820047820330293e-01 1.999247173982447521e+02
9.999555316200799959e-01 8.217610132538459566e-03 4.626624739127334178e-03 -7.753921187156285200e-01 -8.192236874344093964e-03 9.999514453529360081e-01 -5.476696834097390630e-03 -3.778968096630721973e+00 -4.671405541158419293e-03 5.438550937004267907e-03 9.999742997332321526e-01 2.013491305189482148e+02
9.998570589156915434e-01 1.585989738399187429e-02 5.858785510459353640e-03 -7.794314631114482861e-01 -1.584665638759598025e-02 9.998717894591599986e-01 -2.299599294924651802e-03 -3.803139443304871747e+00 -5.894505866927324603e-03 2.206428441460211564e-03 9.999801930368651393e-01 2.027853186695957959e+02
9.998288389681821986e-01 1.710788013558508722e-02 7.043662383896492733e-03 -7.873494678145062098e-01 -1.710946242806588372e-02 9.998536089325225085e-01 1.644202798011137575e-04 -3.831248050108725600e+00 -7.039818495530073342e-03 -2.849054224996431920e-04 9.999751795797130471e-01 2.042019883040713921e+02
9.998464226477109529e-01 1.629343138284351789e-02 6.454083076894151852e-03 -7.907989881749180050e-01 -1.629761338226057288e-02 9.998670075381322908e-01 5.958749471815350625e-04 -3.868920479910102461e+00 -6.443515997473977033e-03 -7.009695969418620063e-04 9.999789946469019863e-01 2.056958192635864293e+02
9.999067425220558025e-01 1.252927549818163948e-02 5.433552895431526149e-03 -7.924861393391213760e-01 -1.253390843311657371e-02 9.999211117450715891e-01 8.194206279169217576e-04 -3.892428223802737897e+00 -5.422857599468526579e-03 -8.874478772165814676e-04 9.999849024084315197e-01 2.071235607047825056e+02
9.999338211068242721e-01 1.070747933116172196e-02 4.207526342945953381e-03 -7.841555192619443782e-01 -1.070919456922322065e-02 9.999425807019006740e-01 3.853200757926335935e-04 -3.923735081100084621e+00 -4.203159016454866698e-03 -4.303538015879069091e-04 9.999910740823542143e-01 2.085460276302183331e+02
9.999246027227755018e-01 1.163906793638978636e-02 3.914198494762846821e-03 -7.853818105876898548e-01 -1.163768400040837009e-02 9.999322091120008693e-01 -3.761837563850411754e-04 -3.944536048400751671e+00 -3.918311645396238899e-03 3.306031864423527732e-04 9.999922687351536776e-01 2.100637156423923670e+02
9.999186870914594794e-01 1.220438407160872284e-02 3.697593254878852286e-03 -7.891189347182554492e-01 -1.220290678430976938e-02 9.999254527866634490e-01 -4.218522055464989963e-04 -3.971880059989635114e+00 -3.702466121631669323e-03 3.766965160125076658e-04 9.999930748956794568e-01 2.114832329166954139e+02
9.999106890292559502e-01 1.286336098027229466e-02 3.626001797892726072e-03 -8.061966486755224315e-01 -1.286448515454305386e-02 9.999172079550250336e-01 2.868487711068182385e-04 -4.001820486412934308e+00 -3.622011818201018290e-03 -3.334698074175385107e-04 9.999933848898633348e-01 2.129559479992094850e+02
9.999107183017734712e-01 1.291766294228357051e-02 3.418974798497013707e-03 -8.006886625133209368e-01 -1.291785385889609311e-02 9.999165604884817649e-01 3.373150831733316441e-05 -4.036151853469346129e+00 -3.418253849070184390e-03 -7.789432013668308289e-05 9.999941547171744549e-01 2.144246185478370421e+02
9.999071307648651485e-01 1.332025193002057441e-02 2.881095607816559420e-03 -8.059557161646025980e-01 -1.331853789421943643e-02 9.999111162480517345e-01 -6.133336424882331658e-04 -4.062277097933825409e+00 -2.889009335758296274e-03 5.749047002275472747e-04 9.999956615433971407e-01 2.158797573987988585e+02
9.999140124394261253e-01 1.284709423975598577e-02 2.630565592557786332e-03 -8.025075323027105467e-01 -1.284425975299962643e-02 9.999169132243063141e-01 -1.091633966729948970e-03 -4.089888792013519847e+00 -2.644371399849926568e-03 1.057752435159325802e-03 9.999959442197184911e-01 2.173437238018672986e+02
9.999155779704823610e-01 1.283994944469751993e-02 1.993140196052010146e-03 -8.093154794933108409e-01 -1.283759670774638206e-02 9.999168879803580490e-01 -1.188809402953713021e-03 -4.118976065960811006e+00 -2.008238831920124666e-03 1.163121914756343189e-03 9.999973070569876388e-01 2.188205665599552674e+02
9.999141934583930524e-01 1.298898535133483079e-02 1.700575468139858435e-03 -8.285171618161339957e-01 -1.298659495539888041e-02 9.999146775155652866e-01 -1.409278578152998486e-03 -4.149568401380387073e+00 -1.718735501974468383e-03 1.387072973245786524e-03 9.999975609841301738e-01 2.202944489157348187e+02
9.999063398880146947e-01 1.357302483914627975e-02 1.756252905203795197e-03 -8.233334035968007392e-01 -1.357020770038683266e-02 9.999066304138765071e-01 -1.606220497251023994e-03 -4.180599784058748547e+00 -1.777890228915179633e-03 1.582237348408465499e-03 9.999971678102697048e-01 2.217779566137868130e+02
9.998988563846419320e-01 1.417706316610697209e-02 1.134836716328035261e-03 -8.339063806186023387e-01 -1.417512076834180797e-02 9.998980796730752019e-01 -1.701835927868769948e-03 -4.212732691106658933e+00 -1.158848111893408901e-03 1.685577357122998443e-03 9.999979079468604981e-01 2.232583664754157553e+02
9.998989939335972688e-01 1.417715114713592565e-02 1.005131562273102030e-03 -8.419096897462082785e-01 -1.417525948222994950e-02 9.998977868601142127e-01 -1.864907267208117244e-03 -4.243891622504633254e+00 -1.031467917816694278e-03 1.850470907548429095e-03 9.999977559122672499e-01 2.247574300409774253e+02
9.998931005407187822e-01 1.459847926884349882e-02 8.196746302154701413e-04 -8.493276908633590194e-01 -1.459694525600675231e-02 9.998917522648146372e-01 -1.847422833663093242e-03 -4.269365832783899251e+00 -8.465554840494192825e-04 1.835260606845323574e-03 9.999979575783085606e-01 2.262439835558435277e+02
9.999047158200757845e-01 1.379104032442753959e-02 6.053604900333624033e-04 -8.638613969821297145e-01 -1.378997691472235582e-02 9.999034220093895309e-01 -1.727199477246883297e-03 -4.310546582916924940e+00 -6.291219170412152726e-04 1.718687001963242061e-03 9.999983251582945654e-01 2.277366477856086533e+02
9.999118713386856427e-01 1.325686720576189047e-02 7.106355511311114939e-04 -8.720377005144751559e-01 -1.325529943817336208e-02 9.999097956818284727e-01 -2.167386152846878695e-03 -4.340273470817148649e+00 -7.393042152796626756e-04 2.157775468183107965e-03 9.999973987130513775e-01 2.292381849218110119e+02
9.999213508447798437e-01 1.253340463623514069e-02 4.537280467020836914e-04 -8.771525115842550013e-01 -1.253247239957882078e-02 9.999194604117940255e-01 -2.002461042184499034e-03 -4.368270672539873445e+00 -4.787891695444057225e-04 1.996617226077789745e-03 9.999978921375453078e-01 2.307411949189508391e+02
9.999412274432463166e-01 1.080199087976739698e-02 9.266243445571264526e-04 -8.803922446510210609e-01 -1.080087753290236846e-02 9.999409508178754846e-01 -1.198308454823965741e-03 -4.406065983053815138e+00 -9.395137636105182436e-04 1.188229675307028678e-03 9.999988527106358216e-01 2.322023082668977736e+02
9.999452176553322857e-01 1.042380841020859768e-02 9.517812802536714661e-04 -8.895515030888104802e-01 -1.042298975766729231e-02 9.999453083564446843e-01 -8.611624715692065956e-04 -4.433462190625088617e+00 -9.607058368656840215e-04 8.511948899215269820e-04 9.999991762546859286e-01 2.336936107293256271e+02
9.999490689659723541e-01 1.005948825555655346e-02 8.161812410559612409e-04 -8.929449199509263968e-01 -1.005856137919901652e-02 9.999487706659243580e-01 -1.131992210162443072e-03 -4.465873281544793016e+00 -8.275267073694802427e-04 1.123724951543945191e-03 9.999990262197302471e-01 2.352185527532793401e+02
9.999350829457446244e-01 1.130798974209560465e-02 1.399729347075906807e-03 -9.048363375050444413e-01 -1.130558262064633966e-02 9.999346176173778966e-01 -1.715900438508346842e-03 -4.495607798305099045e+00 -1.419041241282350662e-03 1.699964300516948554e-03 9.999975482175184061e-01 2.367100833858315809e+02
9.999181217179898828e-01 1.271681216079448284e-02 1.425666704845176712e-03 -9.106244629560334980e-01 -1.271533026557362597e-02 9.999186121270301486e-01 -1.043802309080211002e-03 -4.534159448454019525e+00 -1.438824537905531754e-03 1.025589023159350450e-03 9.999984389732399226e-01 2.382062835859295831e+02
9.999311530219999744e-01 1.156329014960820120e-02 1.994872741421924254e-03 -9.139800578879974102e-01 -1.156472277604426481e-02 9.999328756684134900e-01 7.080726874094675841e-04 -4.556732970620601897e+00 -1.986551221881538345e-03 -7.310941019799718343e-04 9.999977595540361364e-01 2.397282696100192254e+02
9.999302005551454764e-01 1.151348131041904366e-02 2.652121240868039395e-03 -9.281389321965471950e-01 -1.151758089042373943e-02 9.999324912305060931e-01 1.535686819044949350e-03 -4.587565855036253026e+00 -2.634261143265833379e-03 -1.566125669927698411e-03 9.999953039466639160e-01 2.412444833340970547e+02
9.999220154238822600e-01 1.205927580380996081e-02 3.246062014385880153e-03 -9.367872418965776937e-01 -1.206007568549764646e-02 9.999272489053390167e-01 2.269240071085756752e-04 -4.613460425176746149e+00 -3.243089377758243304e-03 -2.660540720284624021e-04 9.999947057770864900e-01 2.427451458755835176e+02
9.999180655073330870e-01 1.223503218703630470e-02 3.763806667448067918e-03 -9.365211983363506132e-01 -1.223127686468720131e-02 9.999246757457530554e-01 -1.019178629973995637e-03 -4.649436376317335196e+00 -3.775992912375770137e-03 9.730589665141994643e-04 9.999923974853652808e-01 2.442575741174695168e+02
9.999052537874604241e-01 1.324533572766884403e-02 3.747600401769230968e-03 -9.508320012997892867e-01 -1.324224838930504120e-02 9.999119584678148875e-01 -8.474649072804381995e-04 -4.671325087217595318e+00 -3.758495481650229834e-03 7.977579593069516507e-04 9.999926186171390619e-01 2.457731370367317254e+02
9.999049894334769428e-01 1.329057511677852674e-02 3.656869969019286345e-03 -9.461418687235435554e-01 -1.329173192687561726e-02 9.999116183518679257e-01 2.921870873523796830e-04 -4.705364588243106105e+00 -3.652663498658537209e-03 -3.407654709041482840e-04 9.999932709390756402e-01 2.472999365768054645e+02
9.999098567187427733e-01 1.292487392356484951e-02 3.636763720499924368e-03 -9.632612936756522748e-01 -1.292713457533828034e-02 9.999162618440821104e-01 5.987625282286718198e-04 -4.740212167391983478e+00 -3.628720317960048691e-03 -6.457214995037661824e-04 9.999932076908657486e-01 2.488307897921976917e+02
9.999070749485435838e-01 1.318479791127938165e-02 3.464469761044967032e-03 -9.699798533943501111e-01 -1.318709256839017269e-02 9.999128415161551153e-01 6.403017601158092920e-04 -4.766258935596968449e+00 -3.455725614331400623e-03 -6.859285558540851278e-04 9.999937937097377327e-01 2.503563729839575274e+02
9.998781498242602650e-01 1.525390754139743441e-02 3.317195061404205718e-03 -9.696781914081388232e-01 -1.525667420107897423e-02 9.998832818583504034e-01 8.102977370370825945e-04 -4.793678250188400547e+00 -3.304447735742882270e-03 -8.608083820048961559e-04 9.999941697979155553e-01 2.518926384417030704e+02
9.998563089024562478e-01 1.651399160815976083e-02 3.827479779029102462e-03 -9.726566084103774878e-01 -1.651848589477438942e-02 9.998629042815250223e-01 1.145555741990575242e-03 -4.828365570906911763e+00 -3.808037416489177141e-03 -1.208615325764679244e-03 9.999920190157478572e-01 2.534230805212074529e+02
9.998513228181469259e-01 1.677776606028828429e-02 3.979798587650404569e-03 -9.748030023860319027e-01 -1.678222105174970516e-02 9.998585759940998852e-01 1.088623302259917117e-03 -4.844716023628262036e+00 -3.960971150680637001e-03 -1.155251327201822428e-03 9.999914880122083849e-01 2.549562081036925747e+02
9.998805006606731327e-01 1.503565816753628208e-02 3.593515992021504690e-03 -9.711290448229841221e-01 -1.504090567189012018e-02 9.998858455892399855e-01 1.437698221379681788e-03 -4.883753792854614417e+00 -3.571489099279940346e-03 -1.491576173431149966e-03 9.999925098027796500e-01 2.564778086571972722e+02
9.998971994392410467e-01 1.381290277316478063e-02 3.846329232821837224e-03 -9.720750089062925037e-01 -1.382165242589737837e-02 9.999019278718690451e-01 2.257562601103114183e-03 -4.909060991095235416e+00 -3.814768587718753937e-03 -2.310493175586908129e-03 9.999900545292047527e-01 2.580087059618767285e+02
9.999332665203168879e-01 1.083884914148368003e-02 3.997729307361841920e-03 -9.709483090420588658e-01 -1.085089280933391326e-02 9.999366170978203350e-01 3.003320242924140300e-03 -4.942162919004692512e+00 -3.964923451576731275e-03 -3.046498785055505327e-03 9.999874990331548696e-01 2.595409242829061895e+02
9.999404674496584766e-01 1.033645096263386201e-02 3.495614788670618148e-03 -9.702890115146465266e-01 -1.034420240015101501e-02 9.999440624459758897e-01 2.206688743741672468e-03 -4.963000095727730709e+00 -3.472609981645477344e-03 -2.242716745481820872e-03 9.999914555621718382e-01 2.610596032998133182e+02
9.999489059516649681e-01 9.376352011928493907e-03 3.777498643603045218e-03 -9.722076479512594682e-01 -9.382520406628274551e-03 9.999546733463997583e-01 1.618512034179449537e-03 -4.994365484613487283e+00 -3.762151748230857084e-03 -1.653871814263818598e-03 9.999915554231290082e-01 2.625919132804883702e+02
9.999690372082182810e-01 6.898872568215997161e-03 3.785521637285455335e-03 -9.672269963832936801e-01 -6.910145426325653949e-03 9.999717054291530349e-01 2.972918387245377433e-03 -5.020697624899977285e+00 -3.764904805593635110e-03 -2.998984871345717479e-03 9.999884157215009894e-01 2.641317250539521524e+02
9.999788362079821136e-01 4.943756300917929135e-03 4.229232323391132753e-03 -9.747624242479553391e-01 -4.963055471787787727e-03 9.999772641180576516e-01 4.565012108234610747e-03 -5.039612976800603938e+00 -4.206567929804685968e-03 -4.585905451619200733e-03 9.999806369390171756e-01 2.656950647984883176e+02
9.999805403087473898e-01 4.280878042979001548e-03 4.537960439244091357e-03 -9.794875438861774253e-01 -4.300818861113495269e-03 9.999810994224985761e-01 4.393604656228594640e-03 -5.079038950714584111e+00 -4.519066258085705987e-03 -4.413036143270092360e-03 9.999800513746420760e-01 2.672270266996002306e+02
9.999803014289383452e-01 4.132903858110144844e-03 4.723966368008484379e-03 -9.791503696032317627e-01 -4.148687511111076934e-03 9.999858287227051390e-01 3.336278269702443351e-03 -5.102761139567823179e+00 -4.710110984923213291e-03 -3.355810839447745993e-03 9.999832765514981014e-01 2.687350420165322475e+02
9.999761280231096450e-01 4.386929518346753890e-03 5.338373538298806127e-03 -9.822368810476709289e-01 -4.403587845938289509e-03 9.999854595357071663e-01 3.112738149360751074e-03 -5.117211272557668167e+00 -5.324640642752617031e-03 -3.136171865954855229e-03 9.999809061286051293e-01 2.703059951885748546e+02
9.999642167136906235e-01 5.184129171106575083e-03 6.685065123653995481e-03 -9.837571781573695162e-01 -5.204039510343519762e-03 9.999820650627105900e-01 2.964377643845095972e-03 -5.142668946037759703e+00 -6.669577624062080975e-03 -2.999060936735561088e-03 9.999732608224559671e-01 2.718319434710295468e+02
9.999445844421904761e-01 7.636878304771136002e-03 7.246111311784594194e-03 -9.882767934936135257e-01 -7.657055881820358338e-03 9.999668727706704230e-01 2.760954623483615356e-03 -5.177330934334055002e+00 -7.224786317007508320e-03 -2.816285527444899791e-03 9.999699350429930300e-01 2.733885651425063656e+02
9.999254666839519912e-01 9.108552355418852997e-03 8.129904279727238198e-03 -9.896226657000030125e-01 -9.130194006674261301e-03 9.999548633731123459e-01 2.628838295119797618e-03 -5.209450928378090317e+00 -8.105592550806839380e-03 -2.702869986152109296e-03 9.999634962605331578e-01 2.749472543909652131e+02
9.999174005381786801e-01 9.143427163354223355e-03 9.032709136026179780e-03 -9.892969354012292049e-01 -9.164585223768275876e-03 9.999553505322770208e-01 2.303765748633787927e-03 -5.231791209625261452e+00 -9.011241670804748249e-03 -2.386356511516383137e-03 9.999565504637775160e-01 2.764626381413507943e+02
9.999057715592202245e-01 9.728301649160086759e-03 9.685460379870121372e-03 -9.968712303335141023e-01 -9.746711406069157382e-03 9.999507784090927442e-01 1.855369013333759819e-03 -5.262394525236525844e+00 -9.666934223241073487e-03 -1.949595587766830363e-03 9.999513735418447125e-01 2.780396158195630392e+02
9.999039009182668636e-01 8.977311471880168592e-03 1.056393879124940469e-02 -9.890942201049286453e-01 -8.992142255283368940e-03 9.999586487926663825e-01 1.357239618455317876e-03 -5.293204417177576282e+00 -1.055131777909937632e-02 -1.452101639246489422e-03 9.999432789320410464e-01 2.795686958743531250e+02
9.998980307393298128e-01 8.677534690672642978e-03 1.134145106730442484e-02 -9.830301147669084916e-01 -8.696270477999845303e-03 9.999609007618875944e-01 1.603696845792164979e-03 -5.320839483635404044e+00 -1.132709168563803513e-02 -1.702161655358713690e-03 9.999343976613211948e-01 2.811028632559916218e+02
9.999006471079048275e-01 6.865532066042534867e-03 1.231098632123251227e-02 -9.710207926409687440e-01 -6.895700315385772453e-03 9.999733208902602533e-01 2.409738041277691145e-03 -5.348942031860662638e+00 -1.229411395255889002e-02 -2.494391515457576678e-03 9.999213132836846096e-01 2.826487888928734833e+02
9.999029919391055898e-01 5.975155322331213159e-03 1.258190103534363204e-02 -9.580871885507868946e-01 -6.007485133651359853e-03 9.999787459850419946e-01 2.533320222137375264e-03 -5.371856107179169726e+00 -1.256649685341829428e-02 -2.608660069615410283e-03 9.999176356256119780e-01 2.841879202730185057e+02
9.999014748770718164e-01 5.028867048519914881e-03 1.310538212983095550e-02 -9.464262529563362003e-01 -5.035214902130438590e-03 9.999872213403238064e-01 4.514159622258912918e-04 -5.412318988384992480e+00 -1.310294477667379304e-02 -5.173598979658479511e-04 9.999140188844179988e-01 2.857443999518281430e+02
9.999092534004075938e-01 5.511797730769717879e-03 1.229247957896457272e-02 -9.420141000312510782e-01 -5.494355307632355599e-03 9.999838513540892926e-01 -1.452274597286607903e-03 -5.440984106243173635e+00 -1.230028593072186698e-02 1.384603578129049283e-03 9.999233899774820911e-01 2.872909971295080709e+02
9.999195679802200809e-01 5.083455232228015208e-03 1.161964102294023131e-02 -9.240882908630766446e-01 -5.064694943975053300e-03 9.999858239674381810e-01 -1.643392588926264773e-03 -5.468904335769766867e+00 -1.162783061851107441e-02 1.584410492158164338e-03 9.999311392212149041e-01 2.888155671208697299e+02
9.999345254475526801e-01 3.128449089412754704e-03 1.100716274775418585e-02 -9.189539638215825645e-01 -3.112022066309864596e-03 9.999940187903019195e-01 -1.509207878540743666e-03 -5.501025209404067695e+00 -1.101181858397701045e-02 1.474854552024634172e-03 9.999382804162967320e-01 2.904015836495561302e+02
9.999472025159432675e-01 3.217018949769771385e-03 9.759250771842744795e-03 -9.075126343225080605e-01 -3.196116754415333303e-03 9.999925668756739494e-01 -2.156626418973373385e-03 -5.534704890736132477e+00 -9.766116309575982937e-03 2.125320875936847348e-03 9.999500517380719433e-01 2.919491922343301553e+02
9.999504848044491467e-01 3.356506303406546834e-03 9.368127353342673228e-03 -9.041912005028927002e-01 -3.335504545489783104e-03 9.999918911468912430e-01 -2.256558572781999436e-03 -5.565456844389064628e+00 -9.375625706393350342e-03 2.225199434246344799e-03 9.999535719812515655e-01 2.935244474753752684e+02
9.999546394003635541e-01 4.159901020657622017e-03 8.568218490580157068e-03 -9.036083161908201600e-01 -4.142840599353644904e-03 9.999894025131638164e-01 -2.007919653952298499e-03 -5.596127014337373140e+00 -8.576480586772468329e-03 1.972331833230406457e-03 9.999612761886166323e-01 2.950636707275060076e+02
9.999645487070357719e-01 3.440048241625972506e-03 7.685531896486018887e-03 -8.931636181948102715e-01 -3.426899784297408880e-03 9.999926432311468938e-01 -1.723324761304248411e-03 -5.629851482017404152e+00 -7.691403811222698693e-03 1.696926139914414983e-03 9.999689808884101305e-01 2.966061304799241611e+02
9.999701995199953286e-01 3.551842785443056014e-03 6.854523097949010400e-03 -8.891843438103721464e-01 -3.548020171440922042e-03 9.999935434448520288e-01 -5.697615811592425918e-04 -5.659793305260865104e+00 -6.856502664497445346e-03 5.454246246381377373e-04 9.999763451573597806e-01 2.982059055197877910e+02
9.999718084369342286e-01 4.063993433064097723e-03 6.313975709491549161e-03 -8.878734740772571410e-01 -4.068166129510287707e-03 9.999915149250595547e-01 6.481587348154875614e-04 -5.690383373708843173e+00 -6.311288131170927386e-03 -6.738267675373589560e-04 9.999798565929104432e-01 2.997901799944533536e+02
9.999656979179721850e-01 4.555982472397154467e-03 6.917081133918555336e-03 -8.819787863995395272e-01 -4.561614472817042756e-03 9.999892768604456972e-01 7.986525873294910956e-04 -5.725054106993355596e+00 -6.913368433311970103e-03 -8.301782537240468647e-04 9.999757577722883095e-01 3.013682962912472476e+02
9.999533176534510792e-01 5.541483406863016194e-03 7.915457979521768259e-03 -8.827695745810099082e-01 -5.546578528500899219e-03 9.999844242500953717e-01 6.218795758084794427e-04 -5.753281876533024253e+00 -7.911888691928090078e-03 -6.657542569707286138e-04 9.999684788925620182e-01 3.029481443880627580e+02
9.999522756991463535e-01 5.047983424085304011e-03 8.364459840675804447e-03 -8.921236849174727368e-01 -5.053382203664157947e-03 9.999870366293072133e-01 6.244285863741032500e-04 -5.784287516592953260e+00 -8.361199448608179832e-03 -6.666676003916766069e-04 9.999648223251128565e-01 3.045215456949216559e+02
9.999603088992555788e-01 2.942420694406481813e-03 8.409684395197156853e-03 -8.792244856724727997e-01 -2.938534395757178355e-03 9.999955699523537245e-01 -4.744437584748430019e-04 -5.800106197513746231e+00 -8.411043299386638736e-03 4.497127902797313647e-04 9.999645254199522881e-01 3.061566886814292161e+02
9.999621087975240075e-01 9.886220198178966544e-04 8.648907718404680312e-03 -8.537668808546146071e-01 -9.697910464428386281e-04 9.999971509542060488e-01 -2.181190275390807332e-03 -5.845539510942730388e+00 -8.651039601911819990e-03 2.172720021484492517e-03 9.999602186038618612e-01 3.077488693228217471e+02
9.999622545450662647e-01 7.700599141253194066e-04 8.654276532537157410e-03 -8.645028293386373131e-01 -7.411955739402467224e-04 9.999941542346020285e-01 -3.337982582882152889e-03 -5.869304716540595379e+00 -8.656796541303713247e-03 3.331442115840612273e-03 9.999569797524627823e-01 3.093491656095202416e+02
9.999776048514443794e-01 1.460835194072095155e-03 6.531137865234509267e-03 -8.647046916847473952e-01 -1.435633977582540053e-03 9.999915132632259951e-01 -3.861652491145593953e-03 -5.907348247786155859e+00 -6.536723791955472047e-03 3.852189725861642280e-03 9.999712155193852814e-01 3.109388374356734630e+02
9.999861019672441342e-01 2.529620179218682215e-03 4.625677841707336556e-03 -8.608297664495719870e-01 -2.513873680166939066e-03 9.999910370184036390e-01 -3.406806026629502059e-03 -5.947286264028543989e+00 -4.634254390762942814e-03 3.395130342664686666e-03 9.999834982485874546e-01 3.125511905373876971e+02
9.999827331431084820e-01 3.647311452938231929e-03 4.607660365722795331e-03 -8.745163802197692959e-01 -3.643646737189105717e-03 9.999930390894270493e-01 -8.035036799616657567e-04 -5.978303388531811535e+00 -4.610559001323661851e-03 7.867011282566587676e-04 9.999890618605637993e-01 3.141699343726438087e+02
9.999854122169113957e-01 2.305240767589644257e-03 4.884794828065591385e-03 -8.598843122273115425e-01 -2.317414908446529653e-03 9.999942195681984503e-01 2.488055882677548975e-03 -6.009323222747645410e+00 -4.879031106401077005e-03 -2.499339703891421873e-03 9.999849740624251471e-01 3.158008227660856733e+02
9.999856415147754252e-01 1.417733517288272994e-03 5.167862237954372849e-03 -8.576924083270386356e-01 -1.433711201230618380e-03 9.999942001933284086e-01 3.089345209378074626e-03 -6.035020180966459868e+00 -5.163452483795701216e-03 -3.096710097715271552e-03 9.999818744052011432e-01 3.174294781145429170e+02
9.999864228272277167e-01 8.277031167739819228e-04 5.144810393363345030e-03 -8.583026784896271577e-01 -8.383192275003356489e-04 9.999975234178642980e-01 2.061644996732504755e-03 -6.062762721464598492e+00 -5.143091309058508628e-03 -2.065930013705428829e-03 9.999846401513651228e-01 3.190702662272917678e+02
9.999824271040939072e-01 3.295248011788549057e-04 5.919197876853324498e-03 -8.535239924180846316e-01 -3.411050876473050711e-04 9.999980298488918562e-01 1.955491201363448225e-03 -6.088870727138623984e+00 -5.918541932994829217e-03 -1.957475918974823509e-03 9.999805693822931829e-01 3.206855851990451924e+02
9.999830630404427101e-01 -1.738392893555874375e-04 5.817509781727374027e-03 -8.571350176285591482e-01 1.612607232261427490e-04 9.999976485957292605e-01 2.162590390178281870e-03 -6.114022275290460939e+00 -5.817872144307225865e-03 -2.161615640997605232e-03 9.999807397017325128e-01 3.223120884304751712e+02
9.999803049902387109e-01 -9.075907011900485725e-05 6.275460359134857335e-03 -8.485776162449981674e-01 7.675087958094567149e-05 9.999975051967272544e-01 2.232422219643447059e-03 -6.147737566337106330e+00 -6.275647422251504244e-03 -2.231896619604200119e-03 9.999778171935963522e-01 3.239216624823121720e+02
9.999751521831460321e-01 1.095123921391612676e-03 6.963887333409574457e-03 -8.490709203886154244e-01 -1.106583884867667162e-03 9.999980396759808876e-01 1.641985988312082449e-03 -6.177412972990304674e+00 -6.962075622937938940e-03 -1.649651323530533986e-03 9.999744037448882183e-01 3.255684897818109675e+02
9.999708476664017631e-01 1.613746843661514885e-03 7.463219477437719671e-03 -8.493190888152029050e-01 -1.620365595279522420e-03 9.999982992275774363e-01 8.808859831922306264e-04 -6.206032075746107601e+00 -7.461785385768651691e-03 -8.929534498147156810e-04 9.999717617931328517e-01 3.271921178300523820e+02
9.999656680746553672e-01 8.417063793355035548e-04 8.243434430726871709e-03 -8.446865878613148970e-01 -8.604917875359843543e-04 9.999970407083423884e-01 2.275550375321739715e-03 -6.243479481195501890e+00 -8.241494831413672534e-03 -2.282565672865442472e-03 9.999634331549276389e-01 3.288210096356745566e+02
9.999679862689803134e-01 -1.089234588811696490e-04 8.000911396143910517e-03 -8.363709583369201006e-01 8.316016493972913485e-05 9.999948113388934523e-01 3.220307244881589776e-03 -6.273547635704830761e+00 -8.001220784686388643e-03 -3.219538815827318982e-03 9.999628068215167254e-01 3.304461736907161367e+02
9.999679696748493551e-01 -5.488545394970247319e-04 7.984885357780361487e-03 -8.139615116157924435e-01 5.281769495108476530e-04 9.999965026484941566e-01 2.591470298889004924e-03 -6.307196941321907779e+00 -7.986279907901716255e-03 -2.587169876862310466e-03 9.999647623170120347e-01 3.320608573349825292e+02
9.999645009441067156e-01 1.134358190030980410e-05 8.425955940329033986e-03 -8.225709878079817683e-01 -3.280192012614145078e-05 9.999967569699477199e-01 2.546561031367255284e-03 -6.342152816128307613e+00 -8.425899871120173107e-03 -2.546747034003349862e-03 9.999612583899737395e-01 3.336659618940587961e+02
9.999666286751112132e-01 1.645663314476075072e-03 8.002083194141819053e-03 -8.237310647944876552e-01 -1.650381582954378590e-03 9.999984681407340092e-01 5.830606870944065896e-04 -6.351829030331917814e+00 -8.001111552653346684e-03 -5.962477195449692336e-04 9.999678128282788458e-01 3.352881166060143414e+02
9.999643591306747181e-01 3.518662430041600946e-03 7.674600069219389940e-03 -8.301926477464504073e-01 -3.504436293417626230e-03 9.999921178423913926e-01 -1.866329635593301202e-03 -6.410009350582712706e+00 -7.681106695848020742e-03 1.839367992506414249e-03 9.999688081711454180e-01 3.369056392027981701e+02
9.999681342247440652e-01 4.499437458753744422e-03 6.594361049393961116e-03 -8.226401260616043043e-01 -4.488834821512237283e-03 9.999886100686559143e-01 -1.621759445940307862e-03 -6.441006964468482643e+00 -6.601583061519503311e-03 1.592106787396756120e-03 9.999769418782871178e-01 3.385029447090406052e+02
9.999734135579432248e-01 4.534186419297915778e-03 5.710808146112809729e-03 -8.169008093713834295e-01 -4.542297792265265373e-03 9.999886922204533901e-01 1.408179762428631151e-03 -6.475842981968745526e+00 -5.704358717913514745e-03 -1.434082526258524106e-03 9.999827016962763437e-01 3.401276407474470602e+02
9.999692022395677560e-01 5.984958616602407445e-03 5.076892556591893618e-03 -8.325358204531198014e-01 -6.005863584452987916e-03 9.999735083014313908e-01 4.112457693769043868e-03 -6.497948520038300479e+00 -5.052145256244495314e-03 -4.142822201014003183e-03 9.999786561956505171e-01 3.417515843114833842e+02
9.999722616920105889e-01 6.567270904550647111e-03 3.513800171390317820e-03 -8.313995763422940000e-01 -6.578789527882509224e-03 9.999729912175632229e-01 3.276640879577443800e-03 -6.533785485933211845e+00 -3.492186737707584244e-03 -3.299666574582224392e-03 9.999884583475782129e-01 3.433512112273625121e+02
9.999764343875352512e-01 6.479059358432748446e-03 2.269900919992220902e-03 -8.351834444440034977e-01 -6.483607439202344370e-03 9.999769770995606821e-01 2.002028286977632944e-03 -6.562548192187711571e+00 -2.256877438061280407e-03 -2.016698275443962272e-03 9.999954197043442461e-01 3.449550509675888179e+02
9.999851775330722559e-01 5.440901860245456190e-03 2.032020492851936125e-04 -8.303971325240325774e-01 -5.441463176325433103e-03 9.999810706700403840e-01 2.872070630725578107e-03 -6.584258451478071095e+00 -1.875715495235524052e-04 -2.873133806076692311e-03 9.999958549511409611e-01 3.465473699700411885e+02
9.999916601777408820e-01 3.990977236913176296e-03 -8.669872637989151651e-04 -8.343947965235488651e-01 -3.987825869438682905e-03 9.999855443791125786e-01 3.606699911939915612e-03 -6.624876944660472944e+00 8.813690063847514624e-04 -3.603212475199328840e-03 9.999931200016667354e-01 3.481269631998806631e+02
9.999925687868203017e-01 3.764600668830675630e-03 -8.307494697619056826e-04 -8.600947846390724072e-01 -3.762100522205091661e-03 9.999884506225863445e-01 2.990857310075287039e-03 -6.650933861145396975e+00 8.419992755021273641e-04 -2.987709752245300623e-03 9.999951823031782983e-01 3.497256089991446402e+02
9.999932820299159975e-01 3.341161771125891917e-03 -1.507489511593751398e-03 -8.686518107037299874e-01 -3.337886943511209677e-03 9.999920754284590263e-01 2.169699700964540512e-03 -6.683524916927768622e+00 1.514726910962214826e-03 -2.164653319071305291e-03 9.999965099344423347e-01 3.513298535136301552e+02
9.999946228275509164e-01 3.100145919006584705e-03 -1.069300673124103790e-03 -8.820490497958768383e-01 -3.098030146190739950e-03 9.999932513914707721e-01 1.974686324149435828e-03 -6.704887967081513800e+00 1.075415292702343187e-03 -1.971363001490336348e-03 9.999974786027461260e-01 3.529250357622858587e+02
9.999953214062715645e-01 2.627364944838872594e-03 -1.566560517414756484e-03 -8.828732459751482686e-01 -2.624557492315970995e-03 9.999949511101700050e-01 1.791495642708564257e-03 -6.739481580807524352e+00 1.571259549458903920e-03 -1.787375752611240374e-03 9.999971682129940032e-01 3.545197525262881868e+02
9.999964297493216803e-01 1.997136274982120891e-03 -1.775367295556831747e-03 -8.989035745914651931e-01 -1.994801938841652463e-03 9.999971449060072182e-01 1.315655154686897832e-03 -6.779127255298377008e+00 1.777989801141785942e-03 -1.312108966451482842e-03 9.999975585596072580e-01 3.561220653930448634e+02
9.999973857873445393e-01 1.887723887513671718e-03 -1.290314550403987232e-03 -9.168043337186028152e-01 -1.886884314996037631e-03 9.999980075473697827e-01 6.515920889370705902e-04 -6.809519147032442987e+00 1.291542028230706525e-03 -6.491557197369701108e-04 9.999989552584669372e-01 3.576960450140574039e+02
9.999974245925450367e-01 1.352520871238722076e-03 -1.822495661471746449e-03 -9.207541205813547514e-01 -1.350991008929783082e-03 9.999987342692200354e-01 8.404079851815244055e-04 -6.839126079356661059e+00 1.823630056232747971e-03 -8.379436558742641436e-04 9.999979861112980872e-01 3.592897467610816875e+02
9.999982289720682482e-01 1.467096570291480471e-03 -1.178845184476778885e-03 -9.291104572448404264e-01 -1.467101415310100064e-03 9.999989238022726212e-01 -3.235230258482163581e-06 -6.862682747557228957e+00 1.178839189664356154e-03 4.964707892141941885e-06 9.999993051573561331e-01 3.608910199495226721e+02
9.999985082924111035e-01 5.357815317869875317e-04 -1.642055954121951272e-03 -9.414336061464581018e-01 -5.368471919283064912e-04 9.999996455542694562e-01 -6.486043145140432805e-04 -6.908855366374693219e+00 1.641707889657645792e-03 6.494848841882244588e-04 9.999984414821893042e-01 3.624759509335127063e+02
9.999982540496092920e-01 -1.140332531057967327e-03 -1.480384893795168473e-03 -9.466083317592066670e-01 1.140402840159743204e-03 9.999993486515752483e-01 4.664416184687177693e-05 -6.929397467952796319e+00 1.480330765490618129e-03 -4.833231655903314118e-05 9.999989031428681008e-01 3.640709036404265930e+02
9.999923622231037257e-01 -3.694257413385072537e-03 -1.275916347122228950e-03 -9.557493742028395634e-01 3.695828057672493044e-03 9.999924129454433874e-01 1.230812546004902497e-03 -6.973015907277922310e+00 1.271359751852464302e-03 -1.235518722706563334e-03 9.999984285687439911e-01 3.656581661605738987e+02
9.999916790285338086e-01 -3.742887195712780914e-03 -1.622551577215721038e-03 -9.626598291591375034e-01 3.744039006325090412e-03 9.999927408475923762e-01 7.074016363669485830e-04 -7.004512763036748524e+00 1.619892103446630332e-03 -7.134706519216298636e-04 9.999984334546124787e-01 3.672523898697454001e+02
9.999970051683628736e-01 -2.336609890348315382e-03 -7.279503921143252705e-04 -9.823480896409172436e-01 2.336646548897245313e-03 9.999972688111493646e-01 4.948593347726924909e-05 -7.029013601889539942e+00 7.278327875202155774e-04 -5.118674755021172920e-05 9.999997338201608299e-01 3.688747229591600671e+02
9.999990778136803593e-01 -1.181609223706878023e-03 -6.694569876549038472e-04 -9.892879640337108871e-01 1.181985083274465862e-03 9.999991439212245758e-01 5.613072109273535299e-04 -7.056188039057058603e+00 6.687931809941290726e-04 -5.620979864260943534e-04 9.999996183812288608e-01 3.704530909032460499e+02
9.999999295360155749e-01 -4.195414126695726404e-05 3.730528286668826363e-04 -9.983875708962717255e-01 4.150057860216656443e-05 9.999992601250623503e-01 1.215741207557605001e-03 -7.088779282424242822e+00 -3.731035633643833100e-04 -1.215725650782126721e-03 9.999991914019831230e-01 3.720555755116444061e+02
9.999999549744386096e-01 2.750399585590004923e-04 1.200158357489763402e-04 -1.016587467074816953e+00 -2.751844599310890771e-04 9.999992353325756200e-01 1.205656675623638027e-03 -7.122816103360367634e+00 -1.196841412008850378e-04 -1.205689658994766548e-03 9.999992659938564676e-01 3.736336023982465804e+02
9.999997601887983256e-01 5.050875419567058423e-04 4.738234324880570385e-04 -1.023902395412283450e+00 -5.053359152323468181e-04 9.999997349209974740e-01 5.242083284668068877e-04 -7.155158062115924089e+00 -4.735585435588768452e-04 -5.244476474902423462e-04 9.999997503481800054e-01 3.752563984731882556e+02
9.999992890817276381e-01 7.515523667215176853e-04 9.257456286761103640e-04 -1.027883728194348700e+00 -7.517545869154824544e-04 9.999996936482069554e-01 2.181052100180536611e-04 -7.178814299565675405e+00 -9.255814434883249215e-04 -2.188009901679929055e-04 9.999995477118374110e-01 3.768768079758984300e+02
9.999990326960509490e-01 1.010920885063746905e-03 9.553247474120296363e-04 -1.044562165081749150e+00 -1.011016680501751952e-03 9.999994839445069950e-01 9.978902540341266628e-05 -7.213131199525210313e+00 -9.552233921539690729e-04 -1.007547788840469990e-04 9.999995386976142653e-01 3.784610339090006050e+02
9.999960076012508470e-01 2.265357536197420193e-03 1.689063314514060608e-03 -1.049938906475959000e+00 -2.265982917879401110e-03 9.999973647923096065e-01 3.684209650658460300e-04 -7.242203737530078733e+00 -1.688224287395413128e-03 -3.722468862502957120e-04 9.999985056632676450e-01 3.800737929971664357e+02
9.999939897472293060e-01 3.022441315723537435e-03 1.698621375826586634e-03 -1.074030963330658839e+00 -3.023449691480443752e-03 9.999952545051207231e-01 5.913752959226966071e-04 -7.273950500053272705e+00 -1.696825947043552416e-03 -5.965074439172696153e-04 9.999983824778762020e-01 3.816774945368483145e+02
9.999903475998549451e-01 3.929526210309435691e-03 1.965585454423794762e-03 -1.073867513415401209e+00 -3.930118710047585638e-03 9.999922327595330840e-01 2.976488894925421970e-04 -7.306034632980608734e+00 -1.964400602275172270e-03 -3.053710043857432613e-04 9.999980239361453416e-01 3.832947074260262639e+02
9.999841588818663141e-01 5.017169722718627274e-03 2.551467671530322206e-03 -1.083039963396521532e+00 -5.016752539776072987e-03 9.999874015898877477e-01 -1.698969791657980045e-04 -7.343566386645128397e+00 -2.552287973931049395e-03 1.570942061678861864e-04 9.999967305666579431e-01 3.849182721583645161e+02
9.999780896318831713e-01 6.089948381824449204e-03 2.594759493561263775e-03 -1.088789812126668144e+00 -6.089740513131250768e-03 9.999814534899882368e-01 -8.802342050769913068e-05 -7.381943676213363226e+00 -2.595247473546623100e-03 7.222007865972522762e-05 9.999966297299549556e-01 3.865323707341048589e+02
9.999703010153474514e-01 7.045769651317127305e-03 3.123172756596595285e-03 -1.096760963459201488e+00 -7.047318704114249009e-03 9.999750496154400370e-01 4.852411936145986085e-04 -7.404730230377004396e+00 -3.119675988831453924e-03 -5.072367829522772239e-04 9.999950051517579874e-01 3.881470615373460760e+02
9.999621457835027316e-01 8.082633784688972312e-03 3.221493443601659498e-03 -1.108777893090875821e+00 -8.085635576620462187e-03 9.999668876473590817e-01 9.198486055970107097e-04 -7.436254985166797837e+00 -3.213952028560549280e-03 -9.458616188437594290e-04 9.999943879112639378e-01 3.897766801293072376e+02
9.999469174690615025e-01 9.660289244907228901e-03 3.583439966806692759e-03 -1.108346852903044688e+00 -9.662591878328260706e-03 9.999531202574666322e-01 6.257987244778908742e-04 -7.472945892142094593e+00 -3.577226641688460371e-03 -6.603908329643451338e-04 9.999933836425313194e-01 3.913942839931613094e+02
9.999446911330702736e-01 9.671620379427734587e-03 4.132120625926344153e-03 -1.115003925170570565e+00 -9.675362322583279384e-03 9.999527996123511731e-01 8.865268218195241105e-04 -7.498330480574807666e+00 -4.123351508877848640e-03 -9.264575647366235641e-04 9.999910697818330529e-01 3.930152647199253124e+02
