0.025321
0.08792
0.105826
0.100334
0.095389
0.106201
0.106179
0.100605
0.107591
0.103365
0.101514
0.109513
0.107641
0.099316
0.096947
0.106008
0.099492
0.10666
0.099318
0.100963
0.105143
0.10248
0.101204
0.104202
0.104551
0.106338
0.101946
0.108505
0.110638
0.10793
0.110467
0.107251
0.107658
0.101969
0.105894
0.106843
0.107216
0.106466
0.102339
0.110436
0.100486
0.099683
0.109361
0.10644
0.105839
0.107954
0.109522
0.101559
0.107482
0.110612
0.103995
0.106581
0.098074
0.097998
0.097733
0.101073
0.101432
0.096255
0.100504
0.116748
0.118068
0.111268
0.118413
0.118734
0.120906
0.122279
0.11973
0.115501
0.116898
0.115296
0.118216
0.11552
0.111743
0.115113
0.116406
0.121373
0.127914
0.125304
0.126717
0.12766
0.120993
0.123646
0.119336
0.119283
0.125513
0.121314
0.123758
0.121361
0.119013
0.124478
0.121255
0.131614
0.114263
0.123593
0.122931
0.113665
0.117316
0.118662
0.113274
0.112127
0.114781
0.115821
0.114444
0.117977
0.112139
0.114012
0.108891
0.108797
0.11458
0.108489
0.109097
0.109406
0.118017
0.116393
0.109912
0.112622
0.108483
0.115899
0.110621
0.111289
0.110801
0.11147
0.109296
0.114716
0.117418
0.118605
0.115815
0.114297
0.111044
0.114532
0.110201
0.109886
0.110695
0.110153
0.112208
0.106384
0.107259
0.110159
0.109866
0.116218
0.118731
0.114168
0.115588
0.111778
0.115184
0.114846
0.11741
0.115897
0.115482
0.10716
0.107227
0.108155
0.113237
0.110134
0.109682
0.116402
0.12118
0.120518
0.121645
0.121411
0.11746
0.115194
0.113596
0.12019
0.117427
0.115762
0.119032
0.124809
0.127492
0.121519
0.118259
0.122353
0.126368
0.120076
0.124094
0.125333
0.126209
0.128043
0.137009
0.129626
0.129606
0.1284
0.125368
0.125053
0.131266
0.125816
0.130564
0.127256
0.126791
0.126387
0.130108
0.137091
0.131355
0.132097
0.132154
0.130635
0.131542
0.134862
0.129565
0.136528
0.128562
0.137197
0.1347
0.138636
0.13726
0.136381
0.135557
0.133241
0.13069
0.136903
0.132146
0.126848
0.131594
0.133954
0.130365
0.12881
0.136647
0.133283
0.134411
0.121906
0.134725
0.127466
0.133386
0.134665
0.129512
0.130213
0.122826
0.125939
0.124766
0.132495
0.134302
0.130542
0.136595
0.131958
0.125721
0.132506
0.128407
0.122421
0.124871
0.130302
0.130699
0.13404
0.129039
0.133273
0.124139
0.130369
0.128398
0.124891
0.136635
0.133429
0.133548
0.13104
0.136679
0.134007
0.138092
0.134442
0.131156
0.135946
0.135184
0.132308
0.134796
0.139346
0.142316
0.142094
0.133789
0.136352
0.137059
0.136679
0.135175
0.134294
0.137763
0.133062
0.133129
0.133884
0.130361
0.128
0.132632
0.126046
0.120252
0.116362
0.114404
0.116841
0.112358
0.11628
0.11811
0.114217
0.112827
0.115618
0.116871
0.119068
0.11838
0.118166
0.120076
0.114806
0.114136
0.112496
0.108811
0.113548
0.112587
0.112738
0.109822
0.115288
0.115407
0.118043
0.11242
0.115262
0.115821
0.113389
0.104556
0.108247
0.107456
0.110942
0.10928
0.109157
0.103201
0.107512
0.114383
0.108134
0.113713
0.110349
0.110741
0.107232
0.110152
0.11233
0.114405
0.114647
0.112657
0.114166
0.122421
0.123111
0.121875
0.113262
0.120636
0.12002
0.120813
0.117844
0.117056
0.120066
0.118749
0.120602
0.110387
0.116988
0.115773
0.11527
0.116017
0.114278
0.116791
0.124756
0.122676
0.122051
0.120413
0.124832
0.117364
0.124548
0.118392
0.117268
0.116784
0.113117
0.115717
0.113232
0.114429
0.11107
0.108863
0.109386
0.115222
0.112334
0.104275
0.11021
0.109209
0.116455
0.111854
0.111757
0.118025
0.121479
0.11983
0.125352
0.123436
0.113687
0.116388
0.12032
0.122552
0.120654
0.123401
0.115629
0.117723
0.12209
0.119896
0.117323
0.117876
0.117409
0.119437
0.116474
0.115271
0.116712
0.115294
0.110487
0.112072
0.114846
0.119671
0.118465
0.119851
0.123137
0.122342
0.12045
0.117301
0.123224
0.119108
0.117722
0.12255
0.117577
0.118146
0.119011
0.116672
0.117357
0.116601
0.11709
0.120798
0.120225
0.123363
0.123082
0.118357
0.120932
0.11522
0.117156
0.120752
0.119134
0.120814
0.12182
0.126334
0.128429
0.126192
0.126589
0.128554
0.127945
0.128678
0.129152
0.134455
0.132566
0.13596
0.137856
0.133058
0.13192
0.131503
0.14181
0.141602
0.143686
0.136361
0.139461
0.138058
0.134754
0.142452
0.139281
0.136527
0.142203
0.138001
0.132587
0.12819
0.133118
0.142189
0.141769
0.143532
0.136411
0.140203
0.136643
0.140567
0.137899
0.135595
0.13691
0.132965
0.13657
0.141082
0.140369
0.141797
0.143005
0.134095
0.133859
0.133122
0.129126
0.13408
0.131207
0.128628
0.124791
0.128946
0.123022
0.130438
0.127609
0.12517
0.127559
0.128187
0.122549
0.123998
0.121864
0.123717
0.124003
0.117256
0.11702
0.115078
0.121065
0.117759
0.126125
0.120637
0.123686
0.121516
0.121782
0.12444
0.118785
0.12006
0.122452
0.125293
0.125616
0.123854
0.123008
0.120243
0.12382
0.116798
0.125425
0.122399
0.119831
0.149285
0.137525
0.135469
0.131126
0.12791
0.128244
0.129896
0.126147
0.130097
0.12852
0.13263
0.131441
0.131729
0.134483
0.131571
0.13081
0.123833
0.128244
0.128625
0.128148
0.128161
0.126601
0.138829
0.129921
0.130984
0.130133
0.131064
0.129271
0.130438
0.132422
0.129318
0.12418
0.133462
0.132081
0.130213
0.133045
0.127233
0.135336
0.13441
0.137821
0.140738
0.139537
0.132129
0.138223
0.133182
0.136143
0.130909
0.133455
0.147629
0.140258
0.136779
0.135686
0.13996
0.146189
0.140282
0.138216
0.141408
0.136581
0.137787
0.139971
0.134666
0.131513
0.13825
0.138117
0.1405
0.138375
0.136618
0.134654
0.133125
0.135086
0.144293
0.134814
0.131916
0.127243
0.129605
0.13177
0.131073
0.14129
0.131828
0.128972
0.132051
0.127275
0.128051
0.124174
0.138037
0.128579
0.129339
0.126754
0.127486
0.129059
0.124415
0.141413
0.12933
0.131694
0.134687
0.127132
0.132253
0.128732
0.127955
0.130528
0.134855
0.12866
0.130762
0.135969
0.139352
0.134822
0.136938
0.134107
0.127814
0.135049
0.145307
0.136151
0.143835
0.142362
0.142182
0.140419
0.137508
0.139564
0.146914
0.144119
0.139041
0.14237
0.145951
0.146401
0.146139
0.141956
0.148997
0.147959
0.148689
0.145214
0.14817
0.147921
0.147651
0.146811
0.146173
0.147103
0.143842
0.144314
0.148576
0.150473
0.14851
0.147313
0.143477
0.145017
0.140602
0.143958
0.142231
0.139767
0.142923
0.140912
0.139543
0.139849
0.138068
0.133856
0.141276
0.141711
0.143406
0.145205
0.143819
0.143433
0.143085
0.141128
0.139742
0.139109
0.13871
0.135774
0.140811
0.139083
0.139451
0.139054
0.13978
0.136183
0.140546
0.135587
0.135381
0.130163
0.136859
0.139018
0.134155
0.140495
0.141137
0.147976
0.140253
0.145297
0.145445
0.143654
0.146094
0.1356
0.136561
0.134589
0.133344
0.137309
0.134852
0.141906
0.139922
0.141884
0.140635
0.13427
0.140515
0.140157
0.132071
0.141568
0.133768
0.134469
0.132279
0.130155
0.133328
0.136219
0.136653
0.12876
0.134156
0.133706
0.133859
0.129435
0.132147
0.135543
0.135134
0.132253
0.133976
0.130106
0.129967
0.133164
0.134275
0.130793
0.130732
0.13535
0.129679
0.128089
0.127584
0.126743
0.130464
0.130153
0.127639
0.129899
0.130774
0.132186
0.124664
0.128746
0.129703
0.131507
0.134109
0.132858
0.135242
0.133584
0.135799
0.136181
0.133102
0.131935
0.136784
0.134637
0.135858
0.133407
0.135688
0.128793
0.135627
0.132228
0.133786
0.134489
0.136271
0.134413
0.130027
0.136421
0.133121
0.134497
0.135585
0.13439
0.132449
0.132489
0.133157
0.138711
0.135252
0.134144
0.135918
0.136963
0.139159
0.133608
0.132946
0.135833
0.132336
0.136903
0.135455
0.133703
0.134554
0.132903
0.134352
0.130355
0.137104
0.13533
0.132347
0.13338
0.134067
0.135573
0.128159
0.134163
0.136125
0.132487
0.136004
0.125276
0.133688
0.135347
0.135601
0.13465
0.135205
0.136886
0.132436
0.129709
0.132943
0.133195
0.131842
0.133737
0.133139
0.132468
0.132221
0.127912
0.133705
0.133308
0.134218
0.127294
0.133925
0.135767
0.134287
0.127148
0.131021
0.133307
0.135873
0.130815
0.134697
0.128501
0.136329
0.136221
0.136596
0.137081
0.135004
0.1371
0.136424
0.136978
0.136731
0.134331
0.135563
0.137244
0.134355
0.132013
0.135923
0.13547
0.135276
0.129709
0.134421
0.133003
0.135732
0.135512
0.133031
0.135518
0.136643
0.135897
0.135328
0.133694
0.133518
0.135722
0.134858
0.13423
0.133069
0.134414
0.136042
0.135094
0.136514
0.135317
0.132769
0.134619
0.136018
0.134846
0.130211
0.13434
0.132015
0.13345
0.135076
0.133943
0.133256
0.134512
0.134446
0.135689
0.137523
0.138835
0.133421
0.136731
0.13539
0.135567
0.138075
0.135806
0.133233
0.132607
0.13096
0.133648
0.136988
0.132639
0.13706
0.131988
0.136463
0.135268
0.134552
0.134299
0.134047
0.135145
0.132802
0.136201
0.134355
0.136761
0.135845
0.133385
0.134971
0.135399
0.134291
0.130991
0.134822
0.137203
0.133865
0.133621
0.134498
0.134792
0.135714
0.136882
0.132732
0.133195
0.134262
0.134928
0.133004
0.132749
0.134398
0.130593
0.136216
0.134579
0.135616
0.134652
0.128901
0.127164
0.13598
0.136281
0.136276
0.131032
0.133933
0.134272
0.138108
0.13813
0.133635
0.130249
0.129949
0.134241
0.137054
0.130441
0.132182
0.135967
0.135434
0.132353
0.127458
0.128129
0.126409
0.128421
0.133642
0.134585
0.135787
0.130344
0.130925
0.137226
0.135021
0.134302
0.129101
0.134009
0.134703
0.135299
0.135803
0.13299
0.135209
0.133779
0.136146
0.134329
0.133399
0.13272
0.133734
0.132887
0.133529
0.134881
0.134979
0.13453
0.132783
0.133727
0.137573
0.13439
0.131254
0.134585
0.135959
0.135456
0.135144
0.135466
0.135136
0.133645
0.136678
0.137702
0.130839
0.130919
0.136159
0.134901
0.134862
0.138122
0.137388
0.135653
0.134681
0.134466
0.134283
0.135062
0.130142
0.131101
0.130563
0.129179
0.125392
0.129495
0.13602
0.128807
0.130362
0.126894
0.128419
0.128893
0.134183
0.133988
0.132218
0.134499
0.132646
0.134443
0.128373
0.13542
0.132862
0.136592
0.135876
0.128839
0.134578
0.13593
0.13554
0.135751
0.135366
0.1254
0.128161
0.127545
0.12872
0.133593
0.131689
0.134483
0.132426
0.134455
0.126898
0.134019
0.136637
0.13237
0.134455
0.133966
0.134051
0.136565
0.134694
0.12998
0.132061
0.133614
0.133195
0.133238
0.129949
0.133945
0.133116
0.138195
0.136583
0.136035
0.136052
0.134912
0.130749
0.134776
0.136793
0.136851
0.134864
0.131955
0.131906
0.133349
0.137854
0.135038
0.13043
0.135442
0.133249
0.132506
0.133636
0.130659
0.133151
0.13166
0.131713
0.125614
0.125227
0.123924
0.124078
0.125971
0.126632
0.126652
0.12551
0.125941
0.126051
0.122269
0.125615
0.122443
0.124692
0.12173
0.124355
0.12639
0.125349
0.119743
0.12586
0.119124
0.122925
0.124645
0.123871
0.121015
0.129433
0.131413
0.140557
0.133159
0.137646
0.138826
0.13989
0.138364
0.129671
0.139169
0.137373
0.132797
0.138033
0.137417
0.138131
0.139193
0.140484
0.132048
0.127635
0.132486
0.127804
0.133192
0.134237
0.126476
0.132021
0.126743
0.129176
0.130728
0.121541
0.127786
0.129033
0.129083
0.130678
0.127522
0.13285
0.13091
0.135553
0.133492
0.125702
0.131962
0.131976
0.132066
0.132454
0.122408
0.128665
0.127198
0.128324
0.125901
0.125062
0.133814
0.1315
0.135186
0.135636
0.133034
0.129636
0.127372
0.130939
0.126653
0.128789
0.126513
0.126021
0.119038
0.121099
0.118889
0.117289
0.126079
0.121874
0.119734
0.124451
0.125206
0.122254
0.122379
0.124511
0.123516
0.122959
0.12319
0.126107
0.122813
0.120938
0.122467
0.124783
0.127964
0.124544
0.125791
0.131897
0.129882
0.128209
0.131243
0.130386
0.129541
0.124582
0.125461
0.125809
0.118746
0.120664
0.116342
0.121515
0.127304
0.130593
0.128446
0.125605
0.12536
0.123126
0.125014
0.121413
0.114866
0.108984
0.111392
0.114231
0.114862
0.119928
0.120396
0.119627
0.120517
0.119977
0.118895
0.12635
0.119847
0.115561
0.126587
0.126168
0.125155
0.123877
0.127868
0.122285
0.125546
0.124446
0.12488
0.127022
0.123863
0.123175
0.121411
0.119919
0.120078
0.120149
0.121478
0.118203
0.118978
0.124544
0.131308
0.131749
0.126898
0.12941
0.13129
0.129388
0.128413
0.121294
0.124719
0.122785
0.123353
0.122039
0.119121
0.117848
0.116277
0.117535
0.116473
0.120094
0.120293
0.121222
0.121899
0.118318
0.114606
0.111069
0.107309
0.108178
0.100237
0.101136
0.10278
0.103367
0.098285
0.101311
0.10531
0.107057
0.105509
0.106586
0.109085
0.108204
0.102313
0.098079
0.105497
0.100101
0.102319
0.10466
0.107205
0.102388
0.104657
0.106573
0.10287
0.10072
0.101946
0.102206
0.098226
0.097702
0.097925
0.09421
0.097014
0.094686
0.094707
0.089991
0.09802
0.100802
0.098107
0.099979
0.099992
0.10141
0.099108
0.095678
0.100329
0.099164
0.102556
0.104782
0.102138
0.100359
0.101822
0.117697
0.108109
0.110657
0.107057
0.109169
0.108963
0.122952
0.117413
0.118464
0.117881
0.119101
0.132024
0.11655
0.125425
0.117798
0.118021
0.126259
0.127604
0.138054
0.124522
0.128217
0.130449
0.123372
0.144267
0.128269
0.132673
0.124005
0.124346
0.124672
0.119883
0.124168
0.123265
0.122645
0.117863
0.113494
0.115991
0.119418
0.128664
0.126233
0.155674
0.136925
0.133605
0.12957
0.124346
0.124196
0.123866
0.124319
0.127804
0.127866
0.129026
0.12516
0.125518
0.124017
0.132374
0.13501
0.131242
0.132623
0.131643
0.13369
0.131212
0.143734
0.127914
0.127624
0.12449
0.122656
0.123486
0.127327
0.127841
0.128235
0.136926
0.130831
0.131411
0.130983
0.13539
0.135136
0.132358
0.135469
0.131789
0.132926
0.142597
0.134579
0.137039
0.132055
0.133331
0.133361
0.129069
0.129819
0.127622
0.131643
0.132152
0.132871
0.134847
0.130942
0.130076
0.129085
0.131584
0.129779
0.130256
0.131472
0.130306
0.132569
0.129988
0.136688
0.132475
0.13494
0.137694
0.134048
0.1336
0.129988
0.132517
0.129094
0.127464
0.12825
0.12478
0.126452
0.125727
0.128456
0.132524
0.131282
0.132465
0.131286
0.135047
0.132938
0.133469
0.129885
0.12733
0.118132
0.123277
0.121722
0.117307
0.118063
0.121201
0.120378
0.123116
0.122777
0.121302
0.117521
0.113061
0.112013
0.110004
0.10452
0.108964
0.100114
0.095896
0.102454
0.100261
0.098947
0.102335
0.102462
0.098814
0.103757
0.097998
0.091548
0.098413
0.099079
0.099876
0.092743
0.096265
0.095581
0.09254
0.096262
0.099345
0.096726
0.105689
0.101674
0.099208
0.099953
0.098899
0.097746
0.097226
0.102346
0.101389
0.105233
0.103888
0.106795
0.102592
0.103696
0.102183
0.10685
0.105662
0.101844
0.098911
0.098988
0.100889
0.096647
0.103272
0.100992
0.102141
0.096788
0.117171
0.109125
0.108379
0.104534
0.114271
0.114232
0.112715
0.108975
0.120009
0.125427
0.125092
0.127206
0.119472
0.13212
0.131514
0.12961
0.131141
0.130125
0.13128
0.134789
0.137746
0.135067
0.134536
0.130179
0.132185
0.135119
0.132152
0.132995
0.135575
0.139564
0.141028
0.136331
0.131578
0.138294
0.133865
0.134301
0.132327
0.124615
0.126013
0.129314
0.130266
0.130091
0.125666
0.126101
0.126473
0.127169
0.12472
0.121539
0.123195
0.124789
0.118261
0.122216
0.118297
0.123517
0.126329
0.121735
0.120944
0.116608
0.114727
0.111995
0.114356
0.109859
0.112925
0.118752
0.116259
0.113579
0.11815
0.112763
0.118316
0.115009
0.118469
0.115745
0.114285
0.111929
0.114086
0.117
0.113397
0.111051
0.111932
0.117273
0.111725
0.116586
0.111
0.11013
0.120736
0.125524
0.129613
0.129592
0.12288
0.128405
0.126058
0.120213
0.12575
0.125954
0.121864
0.12565
0.127
0.118847
0.123323
0.127728
0.118925
0.12328
0.118781
0.12437
0.124921
0.124759
0.119355
0.118673
0.123592
0.121608
0.122682
0.119919
0.117539
0.120705
0.118459
0.120926
0.120857
0.112928
0.117614
0.113614
0.117016
0.117247
0.111955
0.116646
0.118601
0.120049
0.121074
0.118951
0.118102
0.116932
0.119134
0.123848
0.116951
0.113807
0.12181
0.116052
0.117938
0.117327
0.121765
0.12241
0.1213
0.120853
0.119817
0.123081
0.117912
0.115074
0.119991
0.115271
0.119464
0.118715
0.119945
0.120141
0.119339
0.114454
0.117549
0.111922
0.119687
0.12044
0.114525
0.117718
0.118582
0.114168
0.120891
0.121851
0.117909
0.117011
0.117473
0.118254
0.111823
0.117531
0.118801
0.115501
0.112547
0.115066
0.119923
0.114358
0.110989
0.115192
0.114843
0.115683
0.116314
0.115918
0.116231
0.114007
0.123127
0.118706
0.120858
0.123928
0.122657
0.122639
0.114705
0.121604
0.116265
0.111369
0.120634
0.122616
0.114195
0.118178
0.111316
0.112277
0.11895
0.119163
0.121444
0.116164
0.121608
0.122436
0.116713
0.122598
0.121059
0.117856
0.11893
0.116887
0.120668
0.118135
0.123136
0.117191
0.116993
0.121775
0.115247
0.113968
0.124936
0.119976
0.120545
0.121954
0.122732
0.121122
0.122556
0.122765
0.119139
0.12209
0.121878
0.118594
0.119929
0.121053
0.116476
0.120536
0.11887
0.115578
0.116519
0.114715
0.118337
0.118999
0.111249
0.112679
0.119114
0.119148
0.117242
0.118341
0.1154
0.118733
0.117934
0.12198
0.120712
0.112459
0.118764
0.115138
0.118642
0.113214
0.113034
0.115056
0.118502
0.116835
0.119241
0.114037
0.115388
0.121119
0.112032
0.118506
0.118907
0.117372
0.118023
0.116822
0.116268
0.115852
0.117211
0.114844
0.117116
0.118801
0.108719
0.11681
0.117364
0.111073
0.116494
0.118135
0.113247
0.114154
0.114765
0.116293
0.114326
0.112033
0.112441
0.114905
0.112518
0.115491
0.117439
0.116984
0.118681
0.118196
0.119266
0.116588
0.114299
0.121265
0.122331
0.115815
0.114228
0.12177
0.116874
0.115286
0.122164
0.116741
0.12055
0.121609
0.123821
0.122244
0.122069
0.12408
0.124615
0.114975
0.11775
0.115714
0.119049
0.123303
0.121337
0.121749
0.115341
0.121945
0.117073
0.122283
0.121621
0.116626
0.121682
0.11957
0.116812
0.119229
0.12063
0.120645
0.119922
0.115027
0.120113
0.114978
0.11271
0.11881
0.120299
0.121638
0.11859
0.118018
0.121327
0.121584
0.122034
0.115033
0.114164
0.11868
0.118193
0.119062
0.117885
0.119788
0.119907
0.116343
0.118865
0.114585
0.119236
0.115677
0.116856
0.118411
0.117881
0.111896
0.108344
0.113266
0.108992
0.111404
0.120666
0.120744
0.127629
0.127765
0.12807
0.12064
0.126985
0.128521
0.126541
0.123139
0.130481
0.129117
0.121255
0.124061
0.120532
0.122954
0.124568
0.124682
0.125478
0.121219
0.118093
0.125048
0.126192
0.122138
0.1191
0.12687
0.129846
0.131388
0.132494
0.132673
0.127727
0.132551
0.132761
0.131317
0.137651
0.139137
0.138627
0.141924
0.130531
0.134949
0.137811
0.140749
0.139109
0.130665
0.13299
0.12841
0.130665
0.134763
0.133756
0.137644
0.143308
0.137261
0.135511
0.142479
0.134731
0.138047
0.136549
0.132283
0.134666
0.131213
0.134192
0.138239
0.1332
0.131646
0.136212
0.131084
0.142074
0.135795
0.130073
0.128455
0.122092
0.130637
0.127045
0.12956
0.125892
0.129808
0.119784
0.120676
0.120642
0.127601
0.123934
0.121622
0.129991
0.122204
0.119249
0.123956
0.117745
0.116164
0.122145
0.124967
0.120384
0.114147
0.122751
0.121576
0.111697
0.111232
0.12025
0.121286
0.121049
0.119637
0.116386
0.122154
0.118507
0.115662
0.115522
0.120347
0.11949
0.112343
0.113395
0.112168
0.110548
0.11506
0.107416
0.107639
0.108975
0.106964
0.107156
0.1205
0.111912
0.110228
0.103482
0.118586
0.110374
0.107246
0.107163
0.106721
0.111869
0.125544
0.111076
0.111177
0.109563
0.108584
0.114536
0.114062
0.111378
0.111661
0.110987
0.104624
0.106929
0.105792
0.100424
0.099654
0.110856
0.105382
0.105683
0.104741
0.10466
0.108451
0.107335
0.107223
0.104598
0.107686
0.108469
0.109871
0.105511
0.108062
0.108433
0.10497
0.107211
0.105992
0.104654
0.101841
0.105333
0.108089
0.107923
0.10999
0.110999
0.108235
0.106394
0.107672
0.107374
0.104227
0.1049
0.101316
0.105403
0.107622
0.105794
0.105524
0.100628
0.108998
0.106522
0.103377
0.099883
0.10025
0.102889
0.107394
0.106221
0.102035
0.105999
0.10148
0.106025
0.10473
0.099235
0.109207
0.108245
0.104822
0.107367
0.106178
0.110664
0.106585
0.106681
0.104647
0.102542
0.101761
0.105523
0.110014
0.111149
0.110449
0.109059
0.112981
0.106349
0.108373
0.115754
0.114939
0.10944
0.110864
0.111194
0.112347
0.105765
0.104965
0.11105
0.107504
0.11205
0.111206
0.115877
0.11704
0.110487
0.112805
0.113099
0.114116
0.110372
0.110529
0.108146
0.114222
0.10861
0.111757
0.11343
0.11654
0.118342
0.112031
0.111694
0.128957
0.120183
0.112854
0.121577
0.11645
0.121658
0.118235
0.124835
0.122999
0.123889
0.119961
0.117433
0.131418
0.133031
0.13087
0.127365
0.130732
0.13151
0.130401
0.131537
0.139213
0.133636
0.135367
0.132536
0.135458
0.132535
0.12704
0.135896
0.134918
0.141734
0.132066
0.13677
0.132038
0.138111
0.139238
0.137194
0.138023
0.14013
0.138767
0.137597
0.133811
0.134973
0.136545
0.135335
0.133989
0.134659
0.138592
0.142508
0.147221
0.144635
0.146698
0.144043
0.145497
0.147156
0.142324
0.14214
0.140615
0.140179
0.139711
0.141586
0.137857
0.137404
0.13612
0.137211
0.138549
0.136544
0.135333
0.133857
0.131043
0.134393
0.134294
0.135025
0.126818
0.1359
0.131261
0.129231
0.128688
0.129472
0.131536
0.127284
0.129239
0.128565
0.129399
0.122758
0.126378
0.126203
0.125198
0.125222
0.127805
0.125965
0.123337
0.127925
0.128242
0.125852
0.124382
0.123505
0.125613
0.119937
0.121702
0.122143
0.140364
0.129773
0.129838
0.129388
0.135044
0.13274
0.133809
0.132435
0.135226
0.131455
0.134026
0.134406
0.134177
0.137185
0.133138
0.137404
0.133809
0.130428
0.132582
0.131253
0.130794
0.13264
0.126763
0.132143
0.130199
0.132894
0.135149
0.138334
0.132187
0.135036
0.134135
0.13184
0.136351
0.141565
0.141116
0.137806
0.141135
0.13453
0.142577
0.142008
0.141357
0.133837
0.126175
0.130226
0.133207
0.135799
0.13831
0.130405
0.130863
0.137489
0.13827
0.136107
0.131964
0.137672
0.13731
0.132315
0.13467
0.137733
0.141139
0.138941
0.141643
0.139767
0.140193
0.137346
0.138074
0.142353
0.138286
0.140533
0.138166
0.140883
0.140355
0.135517
0.131981
0.139339
0.133431
0.139829
0.128748
0.137367
0.139558
0.134362
0.138234
0.139039
0.13268
0.1386
0.139521
0.130844
0.134242
0.141211
0.133881
0.131474
0.132912
0.142513
0.13967
0.138391
0.138968
0.13802
0.137763
0.137117
0.140596
0.138768
0.135644
0.135394
0.139617
0.140194
0.139741
0.137497
0.13563
0.139698
0.131117
0.137665
0.127318
0.130176
0.131535
0.132571
0.130595
0.130934
0.141711
0.132622
0.131242
0.142477
0.140773
0.134005
0.137928
0.136183
0.136045
0.134547
0.135011
0.137911
0.1408
0.138369
0.137129
0.138973
0.140373
0.139044
0.138966
0.139711
0.140161
0.13745
0.137536
0.137614
0.134296
0.137102
0.138561
0.137687
0.138605
0.138427
0.139504
0.139247
0.139405
0.137698
0.138829
0.142099
0.133909
0.139975
0.130208
0.13246
0.138309
0.137289
0.136748
0.137699
0.139112
0.13579
0.13314
0.128056
0.12896
0.132865
0.133086
0.132533
0.130919
0.133731
0.131454
0.130789
0.130304
0.133325
0.126373
0.133327
0.134098
0.131227
0.133698
0.135302
0.137353
0.139641
0.13849
0.128564
0.130584
0.130212
0.128217
0.131683
0.129273
0.133208
0.138668
0.138125
0.134056
0.131603
0.133105
0.135839
0.138591
0.135334
0.139098
0.141947
0.139508
0.14013
0.141515
0.134359
0.138201
0.141904
0.13143
0.131752
0.139973
0.144046
0.14109
0.142067
0.140925
0.139647
0.139617
0.140385
0.138983
0.138262
0.14155
0.137252
0.139363
0.137849
0.134584
0.138563
0.135128
0.134924
0.133418
0.135108
0.136062
0.140295
0.135674
0.13646
0.133668
0.137383
0.140505
0.137944
0.136574
0.129239
0.133227
0.138685
0.136546
0.13832
0.140415
0.137924
0.141908
0.138237
0.139108
0.132898
0.133963
0.13908
0.130927
0.137655
0.139759
0.1372
0.140299
0.140018
0.136802
0.138177
0.135477
0.134522
0.138105
0.137402
0.137081
0.137172
0.137554
0.136221
0.135834
0.140918
0.139488
0.137449
0.13478
0.133289
0.134878
0.134284
0.135964
0.137179
0.1281
0.135281
0.134828
0.140299
0.137392
0.13857
0.13836
0.138
0.135381
0.137637
0.136561
0.138738
0.138536
0.135426
0.135454
0.132975
0.137416
0.13759
0.136745
0.138038
0.135886
0.138972
0.13531
0.135068
0.138051
0.137851
0.136501
0.13244
0.132809
0.138012
0.137265
0.137311
0.136215
0.13635
0.136212
0.134485
0.133244
0.138171
0.130887
0.135262
0.134576
0.131921
0.133854
0.132117
0.130336
0.132911
0.13106
0.132151
0.135187
0.13377
0.134691
0.123985
0.13707
0.133765
0.13361
0.129452
0.133068
0.132639
0.129747
0.131434
0.132644
0.133872
0.135395
0.136669
0.131639
0.136528
0.134612
0.132362
0.140337
0.133255
0.139885
0.137208
0.136744
0.136796
0.13751
0.136099
0.13474
0.139345
0.137769
0.134706
0.141123
0.130696
0.131998
0.136099
0.136334
0.133028
0.135192
0.129985
0.133853
0.137668
0.135293
0.13507
0.136373
0.134189
0.135561
0.134635
0.140453
0.133594
0.130428
0.137371
0.139171
0.12866
0.138375
0.1324
0.134531
0.134221
0.134869
0.135426
0.135864
0.136513
0.132433
0.133774
0.135028
0.13256
0.131414
0.130717
0.135664
0.127299
0.133742
0.13555
0.133096
0.130918
0.126559
0.127888
0.13108
0.127472
0.133135
0.127325
0.129025
0.125115
0.120435
0.12568
0.124132
0.122011
0.123497
0.121623
0.126046
0.121007
0.116266
0.113853
0.111478
0.120072
0.120744
0.11821
0.116981
0.122652
0.121806
0.124735
0.119896
0.121512
0.118383
0.123107
0.123204
0.121108
0.121699
0.118259
0.115217
0.119431
0.119973
0.113834
0.119874
0.123206
0.118501
0.123818
0.118868
0.118357
0.118048
0.122131
0.120369
0.117792
0.12092
0.116864
0.118969
0.115672
0.11534
0.118286
0.115156
0.114602
0.112059
0.111864
0.11293
0.114523
0.110384
0.111632
0.113562
0.107815
0.110939
0.107384
0.108606
0.110335
0.104341
0.108294
0.1045
0.109059
0.105308
0.105753
0.10921
0.10708
0.099095
0.103103
0.098588
0.103854
0.100112
0.102885
0.106389
0.10727
0.101507
0.105146
0.103054
0.100304
0.104328
0.105937
0.101991
0.106269
0.10674
0.106095
0.09959
0.103887
0.102033
0.101291
0.107927
0.105341
0.108248
0.108872
0.110421
0.101951
0.106064
0.110601
0.101743
0.10852
0.113316
0.111139
0.11661
0.111901
0.112742
0.115132
0.108178
0.114823
0.107167
0.112494
0.112864
0.114321
0.108823
0.110528
0.109906
0.112984
0.111528
0.115214
0.114065
0.113119
0.114246
0.108951
0.111985
0.112946
0.116163
0.112859
0.120528
0.119047
0.11682
0.11345
0.118713
0.112766
0.113497
0.112285
0.110728
0.109649
0.111752
0.110334
0.114834
0.115105
0.109469
0.114094
0.112995
0.109052
0.111544
0.113487
0.109924
0.109978
0.112506
0.109471
0.109208
0.107327
0.118113
0.108543
0.110501
0.110557
0.106165
0.106391
0.108529
0.108079
0.118903
0.109311
0.109336
0.114369
0.112373
0.111579
0.115487
0.117998
0.110714
0.11733
0.116262
0.117932
0.117577
0.117648
0.114248
0.116561
0.123635
0.12411
0.119349
0.12168
0.117759
0.120695
0.118194
0.116881
0.120533
0.125427
0.118773
0.120724
0.114742
0.121022
0.115245
0.121644
0.12971
0.12816
0.11948
0.114959
0.115976
0.127147
0.130465
0.123768
0.12005
0.124436
0.124378
0.125911
0.124129
0.126915
0.129482
0.128924
0.129473
0.123226
0.126661
0.15648
0.133329
0.132932
0.132265
0.12826
0.13036
0.12287
0.130238
0.125084
0.120654
0.119712
0.121688
0.123419
0.121575
0.125935
0.122928
0.124463
0.117794
0.118611
0.119745
0.124594
0.119272
0.117788
0.113842
0.121961
0.11304
0.112714
0.113423
0.112458
0.109696
0.111887
0.108809
0.108291
0.109481
0.102638
0.104539
0.104973
0.10266
0.108293
0.096225
0.101191
0.10135
0.104968
0.102069
0.102685
0.102381
0.101904
0.095232
0.0948
0.091068
0.098249
0.106633
0.099329
0.098224
0.094006
0.094383
0.087158
0.089523
0.084519
0.081568
0.08367
0.090204
0.094349
0.089714
0.089354
0.08824
0.085261
0.082224
0.079463
0.087467
0.090363
0.087145
0.083314
0.081861
0.080052
0.085141
0.096677
0.087028
0.081306
0.081054
0.075291
0.075235
0.065307
0.069186
0.071333
0.06954
0.068047
0.08458
0.069551
0.068122
0.062753
0.064838
0.061341
0.063365
0.067116
0.067528
0.064081
0.070691
0.077325
0.072497
0.071534
0.067336
0.062996
0.063757
0.062857
0.066356
0.066204
0.068129
0.076134
0.0793
0.083092
0.078712
0.079946
0.081555
0.082099
0.084718
0.08306
0.086489
0.090043
0.087066
0.08871
0.084725
0.087382
0.083997
0.081328
0.081846
0.083791
0.083918
0.090696
0.090465
0.083932
0.083297
0.080161
0.076241
0.071402
0.071393
0.069514
0.065478
0.064662
0.064483
0.068841
0.072551
0.069222
0.084448
0.074611
0.073375
0.074408
0.073898
0.072572
0.073836
0.072004
0.072959
0.066634
0.070507
0.070023
0.077737
0.073338
0.068448
0.066761
0.072699
0.0675
0.066802
0.065425
0.066849
0.06968
0.066761
0.063475
0.059018
0.062131
0.063677
0.062334
0.068206
0.065366
0.071045
0.062356
0.066767
0.065058
0.065618
0.06266
0.06381
0.068841
0.072084
0.068542
0.066006
0.063013
0.06409
0.069052
0.071883
0.065101
0.065533
0.067134
0.066745
0.069546
0.07207
0.071457
0.072054
0.070748
0.068439
0.069585
0.071262
0.066403
0.063595
0.078894
0.069284
0.070614
0.068108
0.068887
0.068351
0.069881
0.070595
0.068165
0.066761
0.067331
0.070029
0.070807
0.067794
0.076511
0.070658
0.068399
0.069809
0.068183
0.066024
0.065447
0.065984
0.068031
0.064433
0.070179
0.065379
0.065905
0.067211
0.068677
0.068003
0.068018
0.068502
0.072383
0.07053
0.074533
0.070914
0.068826
0.071381
0.069536
0.081307
0.074929
0.074273
0.071879
0.072313
0.073087
0.072908
0.076269
0.079147
0.074491
0.075125
0.07442
0.072566
0.074404
0.071982
0.072703
0.074127
0.067508
0.075288
0.075603
0.072994
0.081927
0.078686
0.080355
0.074559
0.078057
0.076057
0.074503
0.077934
0.076729
0.07669
0.085485
0.079681
0.082148
0.082099
0.080027
0.07809
0.085124
0.083804
0.077806
0.076626
0.090975
0.085546
0.086683
0.087178
0.087508
0.082957
0.0797
0.081124
0.086496
0.08076
0.082207
0.080767
0.081293
0.079328
0.100425
0.087818
0.083877
0.081976
0.083244
0.081252
0.081695
0.076129
0.083467
0.082788
0.080369
0.078809
0.082705
0.085035
0.085281
0.098618
0.090166
0.085388
0.080097
0.081075
0.08008
0.08174
0.079685
0.08486
0.083108
0.084946
0.084217
0.096681
0.090396
0.088625
0.086561
0.083576
0.085675
0.083516
0.081038
0.086068
0.084694
0.082359
0.085362
0.110129
0.10104
0.097432
0.095902
0.09205
0.100924
0.102439
0.115792
0.114508
0.108079
0.113661
0.111911
0.116835
0.120532
0.122053
0.127432
0.125204
0.122635
0.117435
0.118936
0.117696
0.118676
0.120408
0.135344
0.135545
0.129207
0.125346
0.117065
0.123253
0.120952
0.115323
0.114828
0.12372
0.135407
0.122283
0.121053
0.119302
0.116158
0.113064
0.106969
0.118485
0.110026
0.11365
0.115554
0.112015
0.110203
0.119119
0.110246
0.114561
0.114677
0.111821
0.109925
0.102034
0.104396
0.109814
0.113142
0.134004
0.120473
0.118534
0.124895
0.123753
0.116531
0.11445
0.115511
0.11673
0.118696
0.136952
0.123411
0.123467
0.124063
0.121409
0.124301
0.125657
0.124299
0.127642
0.142828
0.128716
0.121128
0.12452
0.124507
0.12281
0.125708
0.124575
0.11836
0.12206
0.119798
0.14223
0.128824
0.122909
0.123614
0.119795
0.120514
0.121987
0.110825
0.12163
0.143363
0.130353
0.121293
0.124822
0.121828
0.128
0.124467
0.123906
0.120596
0.125078
0.13838
0.117807
0.116826
0.113981
0.11635
0.1138
0.11766
0.115928
0.12711
0.118977
0.119737
0.116705
0.122186
0.134385
0.135647
0.127017
0.131255
0.128715
0.126969
0.122278
0.12665
0.124579
0.128891
0.14362
0.127413
0.129378
0.121686
0.122159
0.118487
0.126311
0.123858
0.119223
0.122955
0.129213
0.149114
0.127575
0.126846
0.128539
0.124039
0.116864
0.116321
0.11494
0.113208
0.105861
0.101323
0.105959
0.106845
0.128057
0.104071
0.104969
0.098455
0.096978
0.099442
0.095432
0.099647
0.093305
0.092792
0.092215
0.097638
0.099361
0.120557
0.109507
0.111038
0.114759
0.111764
0.10876
0.115296
0.105269
0.109232
0.110914
0.10746
0.104336
0.105076
0.1166
0.104661
0.136662
0.113684
0.10796
0.105541
0.103938
0.105656
0.101998
0.10064
0.109138
0.101033
0.101047
0.103962
0.105394
0.106899
0.129352
0.109998
0.108606
0.101487
0.105601
0.109213
0.105934
0.105985
0.103015
0.103244
0.109135
0.112138
0.11021
0.135073
0.121121
0.117473
0.119363
0.116606
0.117338
0.111918
0.113508
0.115093
0.108129
0.108134
0.111147
0.115119
0.111921
0.11275
0.111888
0.10992
0.122253
0.113023
0.114511
0.10872
0.111317
0.109975
0.103264
0.120244
0.108096
0.109763
0.108226
0.101784
0.107681
0.104827
0.113748
0.104835
0.104944
0.106274
0.105826
0.106132
0.107833
0.120744
0.106126
0.10145
0.095285
0.09242
0.093816
0.095232
0.091125
0.099257
0.103304
0.102738
0.117913
0.104035
0.099945
0.098857
0.097812
0.099557
0.097666
0.096081
0.094053
0.0976
0.100299
0.100746
0.114108
0.106518
0.097532
0.104834
0.10439
0.102897
0.103378
0.100929
0.098122
0.095436
0.100629
0.098965
0.095812
0.098385
0.094213
0.102935
0.097188
0.097757
0.095865
0.109097
0.097246
0.094373
0.09226
0.093085
0.098601
0.098939
0.087579
0.101142
0.096805
0.096648
0.096092
0.093956
0.100146
0.109195
0.104662
0.103623
0.105379
0.101012
0.097993
0.101157
0.105132
0.104295
0.106426
0.104696
0.110281
0.106851
0.110353
0.11217
0.111996
0.112548
0.108721
0.113117
0.110183
0.10763
0.109487
0.107695
0.10605
0.10747
0.108068
0.109138
0.111472
0.109929
0.108505
0.108896
0.109293
0.110765
0.104934
0.102441
0.102103
0.104718
0.10544
0.106345
0.106855
0.105798
0.105301
0.107976
0.108731
0.111893
0.113733
0.109924
0.110294
0.110231
0.109111
0.109461
0.10746
0.106647
0.112057
0.112948
0.10858
0.112377
0.104048
0.103908
0.109719
0.107231
0.109017
0.107677
0.107313
0.108453
0.106203
0.113696
0.112335
0.111969
0.114875
0.106524
0.116317
0.11661
0.107698
0.112997
0.108714
0.11749
0.116647
0.114529
0.109533
0.112599
0.107054
0.114409
0.103849
0.096226
0.096284
0.098175
0.102815
0.104687
0.108839
0.102334
0.110983
0.10438
0.108305
0.109935
0.111153
0.108263
0.105988
0.110669
0.103852
0.107388
0.102875
0.103952
0.103558
0.103432
0.104922
0.109384
0.109312
0.101091
0.10768
0.105556
0.102148
0.105262
0.104163
0.102489
0.105364
0.113551
0.109546
0.109236
0.114689
0.112092
0.119086
0.115915
0.119429
0.113087
0.113461
0.113551
0.116671
0.112641
0.113574
0.112269
0.11122
0.107672
0.113307
0.115074
0.113658
0.118412
0.121279
0.115602
0.120237
0.12067
0.124314
0.122093
0.120774
0.123022
0.12178
0.117995
0.120564
0.116062
0.118105
0.117536
0.119763
0.117759
0.119266
0.120439
0.117092
0.116208
0.116657
0.113794
0.113812
0.122626
0.130149
0.124681
0.127477
0.125903
0.123785
0.127749
0.132068
0.122814
0.124362
0.125853
0.118995
0.123053
0.118221
0.116873
0.119357
0.121495
0.123548
0.122994
0.122735
0.118348
0.117598
0.113202
0.114651
0.120325
0.110592
0.111145
0.116898
0.11759
0.118665
0.113043
0.112142
0.117998
0.116179
0.114873
0.113641
0.115927
0.110258
0.116324
0.114198
0.115304
0.113771
0.107845
0.11225
0.116659
0.118942
0.115629
0.113709
0.113794
0.124306
0.12012
0.116659
0.110882
0.110686
0.102142
0.107349
0.10899
0.105183
0.104392
0.102431
0.098854
0.105772
0.106052
0.105924
0.101267
0.100759
0.101547
0.096596
0.09921
0.098851
0.101001
0.09718
0.094524
0.094863
0.096826
0.094887
0.099134
0.093359
0.09618
0.101177
0.116674
0.101383
0.104672
0.097022
0.099055
0.104721
0.098688
0.111379
0.105833
0.102264
0.11823
0.108905
0.110107
0.107871
0.109659
0.106236
0.107825
0.105245
0.104222
0.106041
0.103986
0.105882
0.104183
0.102252
0.121621
0.110847
0.10785
0.107631
0.108192
0.107554
0.107478
0.104295
0.103098
0.114343
0.110015
0.107403
0.109079
0.108759
0.127625
0.111595
0.117464
0.110695
0.109355
0.116025
0.108466
0.104808
0.103928
0.10006
0.105462
0.100493
0.102441
0.106282
0.104156
0.107609
0.105617
0.127414
0.110777
0.10616
0.105548
0.108092
0.106741
0.09894
0.096697
0.094494
0.092832
0.097949
0.093452
0.095716
0.096422
0.093413
0.09492
0.09817
0.097149
0.097502
0.096555
0.091292
0.095907
0.090165
0.09416
0.098696
0.096041
0.099087
0.095407
0.097575
0.09604
0.098397
0.095174
0.094528
0.096735
0.095813
0.096821
0.100614
0.096186
0.097164
0.094911
0.097538
0.100311
0.101648
0.100711
0.101472
0.099841
0.100298
0.10074
0.097681
0.09911
0.10159
0.094832
0.099115
0.101908
0.109623
0.099847
0.106518
0.104754
0.104009
0.099057
0.104228
0.103728
0.098045
0.099714
0.100514
0.099173
0.095496
0.097783
0.09125
0.095427
0.102995
0.10304
0.103391
0.099966
0.100207
0.101595
0.098988
0.09683
0.0962
0.095727
0.092908
0.09725
0.101454
0.099841
0.102088
0.104761
0.100715
0.098306
0.09766
0.103429
0.101145
0.09569
0.098421
0.099368
0.092259
0.093453
0.097817
0.104908
0.106284
0.104534
0.101708
0.102329
0.106357
0.107733
0.10259
0.104201
0.104022
0.106211
0.102091
0.105929
0.101874
0.10583
0.104665
0.102522
0.100318
0.101422
0.098522
0.102354
0.098786
0.103683
0.103904
0.104695
0.102392
0.102661
0.102
0.102703
0.102949
0.103862
0.105276
0.102801
0.101937
0.102826
0.102417
0.104522
0.106904
0.102406
0.101543
0.102397
0.103596
