0.0000 0.0000 0.0000 0.0000 0.0000 0.0000 -0.0000 1.0000
0.1038 0.0641 -0.0257 0.9238 0.0008 0.0229 0.0005 0.9997
0.2076 0.1676 -0.0368 2.0141 0.0031 0.0455 0.0023 0.9990
0.3116 0.2943 -0.0914 2.9790 0.0049 0.0683 0.0028 0.9976
0.4151 0.4554 -0.0824 4.0037 0.0065 0.0916 0.0022 0.9958
0.5189 0.6943 -0.1285 4.9354 0.0067 0.1147 0.0036 0.9934
0.6227 0.9525 -0.1537 5.8956 0.0075 0.1379 0.0044 0.9904
0.7264 1.2749 -0.1706 6.8980 0.0091 0.1610 0.0063 0.9869
0.8302 1.6167 -0.2603 7.7369 0.0102 0.1830 0.0076 0.9830
0.9340 2.0272 -0.2508 8.6512 0.0108 0.2055 0.0081 0.9786
1.0377 2.4623 -0.2955 9.5667 0.0107 0.2285 0.0088 0.9734
1.1415 2.9329 -0.3447 10.4111 0.0105 0.2512 0.0091 0.9678
1.2451 3.4631 -0.3624 11.2691 0.0106 0.2745 0.0095 0.9615
1.3489 4.0071 -0.3936 12.0369 0.0107 0.2970 0.0100 0.9548
1.4527 4.5934 -0.4547 12.8286 0.0114 0.3191 0.0114 0.9476
1.5564 5.2255 -0.4510 13.6162 0.0120 0.3414 0.0119 0.9398
1.6601 5.8711 -0.5045 14.2968 0.0126 0.3629 0.0140 0.9316
1.7638 6.5521 -0.5364 14.9680 0.0127 0.3845 0.0142 0.9229
1.8677 7.2865 -0.5386 15.6392 0.0135 0.4065 0.0145 0.9134
1.9713 8.0199 -0.5883 16.2337 0.0149 0.4276 0.0161 0.9037
2.0749 8.8021 -0.6162 16.8145 0.0155 0.4489 0.0163 0.8933
2.1787 9.5720 -0.6558 17.3232 0.0168 0.4693 0.0170 0.8827
2.2824 10.3688 -0.6894 17.8057 0.0190 0.4895 0.0180 0.8716
2.3860 11.2605 -0.7003 18.2795 0.0200 0.5093 0.0187 0.8601
2.4896 12.1060 -0.7226 18.6907 0.0208 0.5277 0.0208 0.8489
2.5934 12.9946 -0.7657 19.0858 0.0218 0.5451 0.0227 0.8378
2.6970 13.9233 -0.7939 19.4603 0.0227 0.5614 0.0228 0.8269
2.8006 14.8093 -0.8141 19.7746 0.0224 0.5759 0.0235 0.8169
2.9044 15.7896 -0.8204 20.0690 0.0223 0.5903 0.0249 0.8065
3.0081 16.7186 -0.8520 20.3203 0.0222 0.6041 0.0256 0.7962
3.1117 17.6975 -0.8838 20.5757 0.0218 0.6174 0.0244 0.7860
3.2153 18.6832 -0.8782 20.7933 0.0221 0.6302 0.0240 0.7758
3.3191 19.6690 -0.8929 20.9428 0.0224 0.6421 0.0248 0.7659
3.4228 20.6671 -0.9127 21.1058 0.0225 0.6539 0.0258 0.7558
3.5266 21.7408 -0.9227 21.2296 0.0217 0.6657 0.0260 0.7455
3.6303 22.7856 -0.9255 21.3239 0.0215 0.6766 0.0265 0.7356
3.7339 23.8702 -0.9257 21.3741 0.0222 0.6868 0.0275 0.7260
3.8375 24.9353 -0.9348 21.4214 0.0235 0.6957 0.0291 0.7174
3.9413 26.0194 -0.9299 21.4200 0.0250 0.7038 0.0308 0.7092
4.0449 27.1528 -0.9479 21.3976 0.0267 0.7111 0.0333 0.7018
4.1486 28.2711 -0.9430 21.3739 0.0279 0.7171 0.0353 0.6955
4.2523 29.3940 -0.9408 21.3215 0.0286 0.7226 0.0366 0.6897
4.3560 30.5446 -0.9461 21.2345 0.0292 0.7276 0.0379 0.6843
4.4596 31.6817 -0.9381 21.1652 0.0289 0.7321 0.0387 0.6795
4.5632 32.8277 -0.9340 21.0710 0.0288 0.7362 0.0389 0.6750
4.6669 33.9916 -0.9257 20.9638 0.0295 0.7403 0.0382 0.6706
4.7706 35.1473 -0.9220 20.8310 0.0306 0.7436 0.0373 0.6669
4.8743 36.3377 -0.9133 20.6977 0.0314 0.7470 0.0369 0.6631
4.9780 37.5762 -0.9038 20.5476 0.0318 0.7493 0.0365 0.6605
5.0817 38.8297 -0.8911 20.3894 0.0321 0.7513 0.0363 0.6581
5.1853 40.0954 -0.8906 20.2005 0.0326 0.7532 0.0361 0.6560
5.2889 41.3737 -0.8827 20.0386 0.0330 0.7546 0.0354 0.6544
5.3926 42.6772 -0.8855 19.8440 0.0332 0.7559 0.0352 0.6529
5.4963 44.0378 -0.8818 19.6397 0.0330 0.7569 0.0356 0.6517
5.6000 45.3794 -0.8754 19.4482 0.0325 0.7576 0.0366 0.6509
5.7036 46.7325 -0.8620 19.2446 0.0325 0.7584 0.0370 0.6500
5.8073 48.1512 -0.8718 19.0241 0.0329 0.7591 0.0376 0.6491
5.9110 49.5637 -0.8330 18.8137 0.0332 0.7594 0.0376 0.6487
6.0147 50.9879 -0.8448 18.5823 0.0339 0.7597 0.0377 0.6483
6.1184 52.4515 -0.8115 18.3322 0.0341 0.7595 0.0375 0.6485
6.2219 53.9387 -0.8266 18.1110 0.0343 0.7593 0.0370 0.6488
6.3257 55.4326 -0.8167 17.8785 0.0343 0.7589 0.0369 0.6492
6.4293 56.9303 -0.8039 17.6510 0.0343 0.7585 0.0373 0.6497
6.5330 58.4592 -0.8103 17.4391 0.0345 0.7583 0.0372 0.6499
6.6367 60.0214 -0.7938 17.1925 0.0347 0.7579 0.0368 0.6504
6.7404 61.5897 -0.7906 16.9395 0.0352 0.7576 0.0369 0.6508
6.8441 63.2084 -0.7853 16.7003 0.0350 0.7572 0.0367 0.6512
6.9478 64.8276 -0.7846 16.4561 0.0350 0.7568 0.0377 0.6516
7.0515 66.4733 -0.7700 16.2232 0.0353 0.7567 0.0392 0.6517
7.1552 68.1006 -0.7654 15.9917 0.0363 0.7564 0.0397 0.6518
7.2589 69.7625 -0.7843 15.7362 0.0365 0.7562 0.0392 0.6522
7.3626 71.4345 -0.7629 15.4908 0.0368 0.7559 0.0392 0.6525
7.4662 73.1480 -0.7771 15.2433 0.0366 0.7559 0.0395 0.6525
7.5699 74.8525 -0.7565 14.9834 0.0366 0.7557 0.0396 0.6527
7.6736 76.5853 -0.7650 14.7448 0.0370 0.7558 0.0403 0.6525
7.7773 78.3249 -0.7518 14.4910 0.0373 0.7556 0.0406 0.6527
7.8810 80.0578 -0.7569 14.2386 0.0374 0.7556 0.0403 0.6527
7.9847 81.8705 -0.7466 13.9788 0.0376 0.7560 0.0398 0.6523
8.0884 83.6725 -0.7418 13.7162 0.0376 0.7563 0.0393 0.6520
8.1921 85.4392 -0.7521 13.4471 0.0375 0.7567 0.0389 0.6515
8.2959 87.2560 -0.7431 13.2060 0.0370 0.7572 0.0387 0.6510
8.3995 89.0857 -0.7554 12.9112 0.0366 0.7572 0.0388 0.6510
8.5032 90.9086 -0.7392 12.6526 0.0357 0.7573 0.0384 0.6509
8.6070 92.7998 -0.7542 12.3913 0.0360 0.7581 0.0381 0.6500
8.7107 94.6719 -0.7372 12.0949 0.0360 0.7588 0.0376 0.6492
8.8144 96.5250 -0.7404 11.8030 0.0360 0.7604 0.0374 0.6474
8.9181 98.4199 -0.7367 11.4993 0.0355 0.7619 0.0371 0.6457
9.0219 100.3155 -0.7255 11.1794 0.0348 0.7634 0.0369 0.6439
9.1255 102.2497 -0.7275 10.8542 0.0343 0.7652 0.0361 0.6419
9.2291 104.1586 -0.7332 10.5142 0.0348 0.7665 0.0359 0.6404
9.3328 106.0906 -0.7455 10.1744 0.0352 0.7682 0.0351 0.6383
9.4365 108.0640 -0.7457 9.8149 0.0349 0.7698 0.0346 0.6364
9.5401 109.9818 -0.7490 9.4466 0.0343 0.7714 0.0343 0.6345
9.6439 111.9388 -0.7507 9.0799 0.0335 0.7734 0.0338 0.6321
9.7476 113.9162 -0.7533 8.6632 0.0332 0.7751 0.0339 0.6300
9.8512 115.8815 -0.7465 8.2582 0.0331 0.7768 0.0342 0.6279
9.9549 117.8601 -0.7606 7.8458 0.0335 0.7788 0.0339 0.6255
10.0585 119.8237 -0.7586 7.4083 0.0335 0.7806 0.0335 0.6232
10.1623 121.8099 -0.7731 6.9455 0.0337 0.7824 0.0339 0.6210
10.2660 123.8272 -0.7627 6.4806 0.0335 0.7844 0.0337 0.6185
10.3695 125.8467 -0.7672 6.0120 0.0335 0.7859 0.0333 0.6166
10.4733 127.8648 -0.7686 5.5120 0.0332 0.7877 0.0329 0.6143
10.5770 129.8654 -0.7699 5.0118 0.0333 0.7890 0.0335 0.6126
10.6808 131.8885 -0.7703 4.4808 0.0338 0.7903 0.0347 0.6109
10.7845 133.8963 -0.7713 3.9661 0.0341 0.7914 0.0348 0.6093
10.8884 135.9231 -0.7668 3.4327 0.0343 0.7924 0.0347 0.6081
10.9921 137.9625 -0.7625 2.8811 0.0338 0.7934 0.0345 0.6067
11.0963 140.0413 -0.7628 2.3393 0.0338 0.7947 0.0341 0.6051
11.1997 142.0920 -0.7632 1.7822 0.0334 0.7961 0.0334 0.6033
11.3034 144.1638 -0.7545 1.2098 0.0332 0.7977 0.0333 0.6013
11.4071 146.2254 -0.7605 0.6185 0.0334 0.7990 0.0334 0.5994
11.5106 148.3149 -0.7535 0.0331 0.0333 0.8004 0.0331 0.5976
11.6142 150.4422 -0.7576 -0.5812 0.0332 0.8018 0.0329 0.5958
11.7180 152.4867 -0.7503 -1.2208 0.0329 0.8030 0.0331 0.5941
11.8214 154.5752 -0.7497 -1.8402 0.0330 0.8043 0.0333 0.5924
11.9251 156.6998 -0.7474 -2.4967 0.0333 0.8057 0.0336 0.5904
12.0287 158.8177 -0.7378 -3.1492 0.0337 0.8068 0.0333 0.5889
12.1321 160.9273 -0.7442 -3.8216 0.0343 0.8078 0.0328 0.5875
12.2360 163.0866 -0.7426 -4.5062 0.0348 0.8089 0.0327 0.5860
12.3396 165.1620 -0.7464 -5.2028 0.0348 0.8099 0.0323 0.5846
12.4432 167.3132 -0.7417 -5.8878 0.0347 0.8110 0.0323 0.5831
12.5468 169.4471 -0.7467 -6.6087 0.0349 0.8122 0.0324 0.5814
12.6506 171.5972 -0.7434 -7.3379 0.0351 0.8134 0.0327 0.5797
12.7542 173.7194 -0.7477 -8.0763 0.0358 0.8144 0.0335 0.5782
12.8578 175.8438 -0.7417 -8.8018 0.0361 0.8152 0.0341 0.5771
12.9614 178.0126 -0.7410 -9.5743 0.0359 0.8159 0.0343 0.5760
13.0650 180.1932 -0.7307 -10.3364 0.0356 0.8169 0.0337 0.5747
13.1688 182.3471 -0.7295 -11.0933 0.0360 0.8178 0.0328 0.5735
13.2724 184.5186 -0.7421 -11.8753 0.0361 0.8189 0.0319 0.5719
13.3762 186.7338 -0.7356 -12.6782 0.0362 0.8198 0.0312 0.5706
13.4798 188.8895 -0.7439 -13.4685 0.0358 0.8208 0.0301 0.5694
13.5834 191.0838 -0.7557 -14.2804 0.0363 0.8221 0.0304 0.5674
13.6870 193.2513 -0.7528 -15.1030 0.0358 0.8231 0.0307 0.5659
13.7907 195.4487 -0.7638 -15.9503 0.0356 0.8242 0.0309 0.5644
13.8944 197.6758 -0.7653 -16.8023 0.0356 0.8255 0.0311 0.5624
13.9985 199.8604 -0.7645 -17.6596 0.0354 0.8265 0.0307 0.5609
14.1018 202.0576 -0.7713 -18.5168 0.0354 0.8276 0.0302 0.5593
14.2059 204.2450 -0.7786 -19.4074 0.0352 0.8289 0.0301 0.5575
14.3092 206.4516 -0.7934 -20.3045 0.0357 0.8295 0.0303 0.5565
14.4129 208.6602 -0.7960 -21.2041 0.0359 0.8304 0.0308 0.5552
14.5165 210.8432 -0.7951 -22.1151 0.0363 0.8311 0.0315 0.5540
14.6203 213.0786 -0.8028 -23.0400 0.0367 0.8317 0.0319 0.5531
14.7237 215.2805 -0.8114 -23.9547 0.0369 0.8327 0.0316 0.5516
14.8274 217.4673 -0.8112 -24.8739 0.0369 0.8335 0.0314 0.5503
14.9316 219.6882 -0.8232 -25.8056 0.0371 0.8343 0.0308 0.5492
15.0349 221.9022 -0.8387 -26.7675 0.0371 0.8354 0.0302 0.5476
15.1386 224.1093 -0.8451 -27.7061 0.0368 0.8360 0.0295 0.5467
15.2422 226.3093 -0.8611 -28.6748 0.0369 0.8368 0.0292 0.5455
15.3457 228.5483 -0.8794 -29.6678 0.0374 0.8376 0.0301 0.5441
15.4495 230.7188 -0.8846 -30.6226 0.0372 0.8383 0.0306 0.5430
15.5531 232.9430 -0.8933 -31.6045 0.0367 0.8394 0.0306 0.5415
15.6567 235.1353 -0.9116 -32.5840 0.0363 0.8401 0.0301 0.5404
15.7604 237.3325 -0.9113 -33.5827 0.0359 0.8411 0.0298 0.5389
15.8640 239.5466 -0.9177 -34.5704 0.0353 0.8422 0.0297 0.5372
15.9678 241.7223 -0.9306 -35.5923 0.0351 0.8432 0.0295 0.5357
16.0714 243.8860 -0.9305 -36.6046 0.0347 0.8442 0.0294 0.5340
16.1752 246.0884 -0.9444 -37.6382 0.0343 0.8455 0.0294 0.5320
16.2788 248.2509 -0.9421 -38.6648 0.0341 0.8466 0.0291 0.5303
16.3824 250.4104 -0.9497 -39.7137 0.0340 0.8478 0.0290 0.5284
16.4862 252.5873 -0.9600 -40.7648 0.0341 0.8490 0.0290 0.5266
16.5897 254.7511 -0.9642 -41.8284 0.0339 0.8499 0.0290 0.5251
16.6934 256.9316 -0.9695 -42.9122 0.0336 0.8512 0.0285 0.5231
16.7970 259.0631 -0.9635 -44.0108 0.0338 0.8520 0.0285 0.5216
16.9007 261.2158 -0.9575 -45.1024 0.0340 0.8531 0.0284 0.5199
17.0043 263.3893 -0.9724 -46.2038 0.0346 0.8543 0.0286 0.5179
17.1079 265.5234 -0.9798 -47.3257 0.0358 0.8550 0.0289 0.5165
17.2123 267.6870 -0.9713 -48.4457 0.0362 0.8559 0.0290 0.5151
17.3153 269.8520 -0.9754 -49.5761 0.0372 0.8567 0.0290 0.5136
17.4189 272.0117 -0.9833 -50.7450 0.0383 0.8574 0.0288 0.5124
17.5227 274.1659 -0.9864 -51.8891 0.0389 0.8584 0.0291 0.5107
17.6263 276.3374 -0.9938 -53.0627 0.0391 0.8592 0.0289 0.5094
17.7300 278.5197 -0.9860 -54.2440 0.0391 0.8602 0.0285 0.5076
17.8336 280.6857 -0.9863 -55.4385 0.0394 0.8613 0.0283 0.5058
17.9378 282.8996 -0.9951 -56.6443 0.0393 0.8621 0.0279 0.5044
18.0410 285.0958 -0.9888 -57.8554 0.0390 0.8630 0.0274 0.5030
18.1446 287.3146 -1.0005 -59.0919 0.0393 0.8639 0.0278 0.5013
18.2482 289.4895 -1.0044 -60.3474 0.0397 0.8644 0.0284 0.5005
18.3518 291.7012 -1.0136 -61.6046 0.0398 0.8650 0.0289 0.4993
18.4557 293.9449 -1.0124 -62.8871 0.0397 0.8657 0.0290 0.4981
18.5591 296.1565 -0.9982 -64.1570 0.0395 0.8663 0.0292 0.4971
18.6630 298.3869 -0.9934 -65.4711 0.0396 0.8671 0.0298 0.4957
18.7663 300.6230 -0.9921 -66.7657 0.0398 0.8676 0.0303 0.4947
18.8699 302.8483 -0.9805 -68.0814 0.0399 0.8682 0.0298 0.4936
18.9735 305.0925 -0.9940 -69.4030 0.0399 0.8691 0.0286 0.4922
19.0771 307.3298 -0.9924 -70.7229 0.0394 0.8701 0.0280 0.4906
19.1809 309.5980 -0.9833 -72.0836 0.0383 0.8712 0.0281 0.4886
19.2845 311.8650 -0.9813 -73.4413 0.0370 0.8727 0.0281 0.4860
19.3882 314.1024 -0.9670 -74.8312 0.0362 0.8740 0.0282 0.4838
19.4918 316.3663 -0.9604 -76.2317 0.0360 0.8752 0.0284 0.4816
19.5955 318.6232 -0.9460 -77.6647 0.0369 0.8765 0.0290 0.4791
19.6991 320.8963 -0.9391 -79.0935 0.0374 0.8775 0.0291 0.4772
19.8028 323.1700 -0.9295 -80.5494 0.0374 0.8787 0.0295 0.4749
19.9064 325.4095 -0.9094 -82.0004 0.0373 0.8797 0.0305 0.4731
20.0100 327.6384 -0.8960 -83.4827 0.0364 0.8808 0.0307 0.4711
20.1136 329.9297 -0.8848 -84.9819 0.0362 0.8820 0.0307 0.4688
20.2173 332.1474 -0.8635 -86.4766 0.0358 0.8830 0.0308 0.4669
20.3209 334.3937 -0.8481 -87.9832 0.0362 0.8842 0.0316 0.4647
20.4245 336.6346 -0.8325 -89.4981 0.0358 0.8854 0.0321 0.4624
20.5281 338.8283 -0.8096 -91.0168 0.0350 0.8863 0.0319 0.4606
20.6317 341.0938 -0.7785 -92.5856 0.0349 0.8873 0.0323 0.4588
20.7354 343.3019 -0.7383 -94.1526 0.0348 0.8881 0.0330 0.4572
20.8390 345.4851 -0.7194 -95.6771 0.0338 0.8890 0.0324 0.4555
20.9426 347.7404 -0.6807 -97.2917 0.0322 0.8898 0.0308 0.4541
21.0463 349.9205 -0.6468 -98.8511 0.0309 0.8908 0.0295 0.4524
21.1499 352.1667 -0.6211 -100.4701 0.0296 0.8916 0.0296 0.4508
21.2536 354.3807 -0.5850 -102.0842 0.0298 0.8924 0.0307 0.4491
21.3572 356.5148 -0.5521 -103.6637 0.0296 0.8933 0.0303 0.4475
21.4608 358.6965 -0.5156 -105.2739 0.0282 0.8942 0.0297 0.4458
21.5646 360.9217 -0.4665 -106.8918 0.0274 0.8952 0.0308 0.4437
21.6681 363.0928 -0.4197 -108.5544 0.0264 0.8959 0.0310 0.4424
21.7718 365.2518 -0.3737 -110.1834 0.0254 0.8968 0.0308 0.4406
21.8754 367.4120 -0.3271 -111.8374 0.0252 0.8976 0.0306 0.4390
21.9790 369.5730 -0.2809 -113.5041 0.0250 0.8983 0.0308 0.4376
22.0827 371.7272 -0.2343 -115.1600 0.0247 0.8991 0.0311 0.4359
22.1862 373.8725 -0.1969 -116.8357 0.0232 0.8998 0.0302 0.4346
22.2903 376.0164 -0.1557 -118.5129 0.0194 0.9007 0.0268 0.4332
22.3936 378.1400 -0.0904 -120.1577 0.0194 0.9018 0.0216 0.4312
22.4973 380.2414 -0.1047 -121.8551 0.0236 0.9023 0.0211 0.4299
22.6009 382.3630 -0.1035 -123.5638 0.0257 0.9026 0.0244 0.4290
22.7044 384.4799 -0.0671 -125.2822 0.0232 0.9031 0.0290 0.4278
22.8081 386.6013 0.0028 -126.9826 0.0190 0.9037 0.0319 0.4266
22.9118 388.7178 0.0829 -128.6907 0.0158 0.9047 0.0322 0.4245
23.0154 390.8192 0.1731 -130.4093 0.0154 0.9053 0.0319 0.4232
23.1190 392.8956 0.2269 -132.1353 0.0179 0.9060 0.0321 0.4217
23.2227 394.9484 0.2748 -133.8559 0.0206 0.9068 0.0313 0.4200
23.3264 397.0129 0.3339 -135.5816 0.0219 0.9073 0.0301 0.4188
23.4301 399.1019 0.3958 -137.3522 0.0221 0.9082 0.0303 0.4170
23.5337 401.1304 0.4563 -139.0987 0.0221 0.9090 0.0310 0.4151
23.6373 403.1842 0.5178 -140.8579 0.0219 0.9094 0.0318 0.4140
23.7411 405.2271 0.5782 -142.6177 0.0220 0.9099 0.0321 0.4129
23.8447 407.2603 0.6458 -144.3860 0.0222 0.9105 0.0321 0.4117
23.9484 409.3046 0.7090 -146.1572 0.0225 0.9107 0.0324 0.4112
24.0521 411.3241 0.7707 -147.9316 0.0226 0.9111 0.0333 0.4102
24.1557 413.3564 0.8449 -149.7066 0.0229 0.9112 0.0348 0.4099
24.2594 415.3772 0.9196 -151.4988 0.0233 0.9114 0.0359 0.4092
24.3630 417.3928 0.9895 -153.2731 0.0229 0.9120 0.0352 0.4081
24.4666 419.4088 1.0681 -155.0533 0.0219 0.9123 0.0331 0.4077
24.5702 421.4189 1.1418 -156.8268 0.0211 0.9127 0.0317 0.4069
24.6739 423.4341 1.2075 -158.6289 0.0207 0.9131 0.0318 0.4059
24.7776 425.4326 1.2560 -160.4084 0.0198 0.9133 0.0314 0.4056
24.8812 427.4440 1.3355 -162.2060 0.0189 0.9136 0.0303 0.4050
24.9849 429.4500 1.4032 -164.0126 0.0185 0.9140 0.0302 0.4042
25.0883 431.4430 1.4583 -165.8105 0.0182 0.9139 0.0312 0.4043
25.1919 433.4553 1.5439 -167.6381 0.0183 0.9140 0.0331 0.4039
25.2956 435.4232 1.6273 -169.3927 0.0193 0.9135 0.0365 0.4048
25.3992 437.4206 1.6923 -171.2060 0.0196 0.9130 0.0392 0.4057
25.5028 439.4316 1.8015 -173.0101 0.0179 0.9128 0.0376 0.4063
25.6064 441.4472 1.9136 -174.7715 0.0156 0.9126 0.0335 0.4072
25.7100 443.4537 2.0153 -176.5400 0.0139 0.9122 0.0315 0.4082
25.8136 445.4641 2.0896 -178.3182 0.0134 0.9118 0.0309 0.4093
25.9173 447.4761 2.1520 -180.0768 0.0137 0.9108 0.0315 0.4114
26.0208 449.4898 2.2390 -181.8161 0.0141 0.9101 0.0318 0.4130
26.1245 451.5110 2.3010 -183.5958 0.0133 0.9096 0.0301 0.4141
26.2281 453.5392 2.3834 -185.3156 0.0103 0.9091 0.0286 0.4155
26.3317 455.5910 2.4725 -187.0681 0.0068 0.9091 0.0274 0.4157
26.4354 457.6218 2.5420 -188.7714 0.0038 0.9089 0.0252 0.4163
26.5391 459.6605 2.6096 -190.4902 0.0030 0.9087 0.0242 0.4167
26.6427 461.6973 2.6749 -192.2493 0.0034 0.9085 0.0253 0.4170
26.7463 463.7145 2.7257 -193.9737 0.0036 0.9080 0.0271 0.4180
26.8499 465.7639 2.8182 -195.6782 0.0028 0.9076 0.0274 0.4189
26.9535 467.8110 2.8985 -197.4047 0.0020 0.9075 0.0264 0.4192
27.0573 469.8703 2.9776 -199.1331 0.0019 0.9072 0.0251 0.4199
27.1609 471.9207 3.0551 -200.8339 0.0027 0.9069 0.0245 0.4206
27.2645 473.9326 3.1174 -202.5538 0.0032 0.9067 0.0256 0.4211
27.3682 475.9785 3.1851 -204.2585 0.0037 0.9062 0.0265 0.4220
27.4718 478.0316 3.2564 -205.9641 0.0037 0.9060 0.0267 0.4224
27.5755 480.0903 3.3384 -207.6650 0.0034 0.9057 0.0267 0.4231
27.6792 482.1446 3.4234 -209.3764 0.0031 0.9055 0.0271 0.4235
27.7828 484.1914 3.4961 -211.0427 0.0028 0.9053 0.0273 0.4239
27.8866 486.2475 3.5808 -212.7396 0.0028 0.9050 0.0266 0.4245
27.9902 488.2888 3.6625 -214.4409 0.0031 0.9049 0.0261 0.4248
28.0938 490.3521 3.7347 -216.1226 0.0029 0.9049 0.0265 0.4248
28.1974 492.4239 3.8042 -217.8261 0.0025 0.9046 0.0269 0.4253
28.3010 494.4963 3.8904 -219.5162 0.0020 0.9046 0.0268 0.4253
28.4046 496.5460 3.9649 -221.1915 0.0016 0.9048 0.0269 0.4249
28.5083 498.6192 4.0536 -222.9044 0.0018 0.9048 0.0267 0.4250
28.6119 500.6585 4.1302 -224.5685 0.0018 0.9050 0.0268 0.4246
28.7156 502.7292 4.2126 -226.2872 0.0014 0.9049 0.0274 0.4248
28.8192 504.7989 4.3012 -227.9834 0.0008 0.9049 0.0278 0.4247
28.9228 506.8662 4.3837 -229.6797 0.0004 0.9051 0.0279 0.4242
29.0265 508.9153 4.4788 -231.3580 0.0004 0.9051 0.0276 0.4244
29.1301 510.9727 4.5644 -233.0518 0.0004 0.9051 0.0273 0.4244
29.2338 513.0216 4.6479 -234.7480 0.0006 0.9052 0.0274 0.4241
29.3374 515.0811 4.7396 -236.4361 0.0006 0.9050 0.0274 0.4245
29.4410 517.1378 4.8228 -238.1201 0.0004 0.9052 0.0274 0.4241
29.5447 519.2029 4.9013 -239.8334 0.0003 0.9050 0.0270 0.4246
29.6483 521.2437 4.9974 -241.4993 0.0001 0.9051 0.0271 0.4244
29.7520 523.3075 5.0775 -243.1958 -0.0002 0.9051 0.0277 0.4243
29.8556 525.3582 5.1808 -244.8816 -0.0005 0.9049 0.0283 0.4246
29.9591 527.4021 5.2715 -246.5754 -0.0004 0.9049 0.0281 0.4247
30.0627 529.4543 5.3590 -248.2638 0.0002 0.9049 0.0283 0.4246
30.1664 531.5059 5.4487 -249.9642 0.0004 0.9047 0.0286 0.4250
30.2700 533.5786 5.5431 -251.6609 -0.0000 0.9047 0.0289 0.4250
30.3736 535.6474 5.6417 -253.3432 -0.0002 0.9049 0.0285 0.4246
30.4772 537.6980 5.7274 -255.0341 -0.0003 0.9048 0.0285 0.4250
30.5808 539.7574 5.8309 -256.7278 -0.0007 0.9048 0.0290 0.4248
30.6845 541.8203 5.9244 -258.4216 -0.0011 0.9050 0.0296 0.4243
30.7882 543.8784 6.0290 -260.1202 -0.0017 0.9050 0.0297 0.4244
30.8918 545.9532 6.1209 -261.8170 -0.0016 0.9052 0.0288 0.4240
30.9956 547.9887 6.2209 -263.4754 -0.0011 0.9052 0.0274 0.4241
31.0991 550.0620 6.3106 -265.2034 -0.0011 0.9052 0.0275 0.4241
31.2028 552.1304 6.4144 -266.9014 -0.0012 0.9053 0.0285 0.4237
31.3065 554.1826 6.5170 -268.5903 -0.0014 0.9052 0.0296 0.4240
31.4101 556.2263 6.6110 -270.2748 -0.0011 0.9052 0.0297 0.4240
31.5139 558.2819 6.7177 -271.9721 -0.0008 0.9053 0.0294 0.4237
31.6175 560.3554 6.8177 -273.6724 -0.0004 0.9052 0.0294 0.4239
31.7213 562.3965 6.9143 -275.3671 -0.0001 0.9053 0.0299 0.4238
31.8248 564.4726 7.0159 -277.0867 -0.0001 0.9051 0.0307 0.4240
31.9286 566.5451 7.1201 -278.7914 -0.0004 0.9051 0.0311 0.4241
32.0322 568.5896 7.2255 -280.4608 -0.0004 0.9052 0.0311 0.4239
32.1359 570.6519 7.3229 -282.1665 -0.0000 0.9049 0.0314 0.4244
32.2395 572.7192 7.4251 -283.8616 -0.0002 0.9048 0.0320 0.4246
32.3433 574.7719 7.5395 -285.5441 -0.0008 0.9048 0.0319 0.4246
32.4470 576.8448 7.6547 -287.2427 -0.0016 0.9046 0.0319 0.4251
32.5508 578.8901 7.7620 -288.9066 -0.0014 0.9046 0.0313 0.4251
32.6544 580.9741 7.8789 -290.6309 -0.0008 0.9044 0.0314 0.4255
32.7581 583.0331 7.9734 -292.3165 -0.0003 0.9042 0.0315 0.4260
32.8617 585.0985 8.0741 -293.9793 -0.0003 0.9041 0.0321 0.4260
32.9657 587.1670 8.1952 -295.6702 -0.0003 0.9038 0.0326 0.4266
33.0705 589.2058 8.2942 -297.3292 -0.0004 0.9038 0.0322 0.4267
33.1729 591.2897 8.4058 -299.0145 -0.0005 0.9036 0.0318 0.4273
33.2764 593.3474 8.5168 -300.7005 -0.0007 0.9034 0.0317 0.4277
33.3800 595.4153 8.6255 -302.3692 -0.0011 0.9032 0.0318 0.4280
33.4838 597.4765 8.7287 -304.0185 -0.0013 0.9032 0.0318 0.4281
33.5876 599.5591 8.8357 -305.7147 -0.0020 0.9029 0.0315 0.4287
33.6912 601.5908 8.9539 -307.3375 -0.0026 0.9029 0.0309 0.4287
33.7949 603.6884 9.0681 -309.0320 -0.0029 0.9028 0.0302 0.4289
33.8986 605.7750 9.1706 -310.7197 -0.0026 0.9029 0.0309 0.4286
34.0024 607.8302 9.2802 -312.3525 -0.0029 0.9030 0.0317 0.4285
34.1060 609.8954 9.4012 -314.0228 -0.0034 0.9029 0.0317 0.4288
34.2097 611.9839 9.5121 -315.7013 -0.0034 0.9030 0.0310 0.4286
34.3135 614.0366 9.6258 -317.3614 -0.0030 0.9031 0.0301 0.4283
34.4171 616.1149 9.7301 -319.0492 -0.0025 0.9030 0.0297 0.4286
34.5208 618.1845 9.8418 -320.7010 -0.0023 0.9031 0.0299 0.4284
34.6245 620.2617 9.9481 -322.3872 -0.0023 0.9029 0.0306 0.4287
34.7281 622.3312 10.0496 -324.0553 -0.0024 0.9029 0.0312 0.4287
34.8318 624.3950 10.1617 -325.7143 -0.0025 0.9030 0.0315 0.4285
34.9354 626.4782 10.2709 -327.3969 -0.0024 0.9029 0.0313 0.4288
35.0391 628.5482 10.3851 -329.0665 -0.0025 0.9027 0.0310 0.4291
35.1428 630.6105 10.5016 -330.7262 -0.0025 0.9028 0.0312 0.4290
35.2465 632.6882 10.6050 -332.4011 -0.0026 0.9025 0.0314 0.4296
35.3501 634.7684 10.7174 -334.0653 -0.0028 0.9024 0.0315 0.4297
35.4540 636.8190 10.8323 -335.7165 -0.0030 0.9025 0.0314 0.4296
35.5574 638.8970 10.9342 -337.3776 -0.0030 0.9022 0.0308 0.4301
35.6611 640.9525 11.0498 -339.0238 -0.0030 0.9022 0.0311 0.4301
35.7648 643.0643 11.1527 -340.7052 -0.0030 0.9020 0.0316 0.4306
35.8683 645.1577 11.2645 -342.3734 -0.0030 0.9020 0.0318 0.4306
35.9721 647.1906 11.3844 -343.9981 -0.0025 0.9019 0.0313 0.4308
36.0758 649.2775 11.4850 -345.6622 -0.0020 0.9017 0.0308 0.4312
36.1795 651.3974 11.5978 -347.3534 -0.0020 0.9017 0.0312 0.4313
36.2833 653.4170 11.7006 -348.9649 -0.0018 0.9014 0.0318 0.4317
36.3868 655.5379 11.8109 -350.6506 -0.0021 0.9013 0.0323 0.4321
36.4905 657.5865 11.9212 -352.2540 -0.0023 0.9012 0.0325 0.4322
36.5941 659.6992 12.0416 -353.9383 -0.0025 0.9011 0.0324 0.4324
36.6978 661.7765 12.1528 -355.5616 -0.0024 0.9009 0.0320 0.4328
36.8015 663.8044 12.2641 -357.1731 -0.0021 0.9008 0.0315 0.4331
36.9052 665.9453 12.3767 -358.8678 -0.0021 0.9007 0.0313 0.4334
37.0089 668.0300 12.4842 -360.4922 -0.0023 0.9007 0.0311 0.4334
37.1126 670.0719 12.5961 -362.1136 -0.0024 0.9006 0.0312 0.4334
37.2163 672.1818 12.7002 -363.7822 -0.0028 0.9006 0.0311 0.4334
37.3199 674.2714 12.8152 -365.4180 -0.0031 0.9007 0.0309 0.4333
37.4237 676.3367 12.9267 -367.0507 -0.0034 0.9009 0.0305 0.4330
37.5273 678.4691 13.0367 -368.7208 -0.0035 0.9010 0.0302 0.4328
37.6311 680.5359 13.1425 -370.3488 -0.0036 0.9011 0.0306 0.4325
37.7347 682.6212 13.2581 -372.0094 -0.0033 0.9011 0.0311 0.4325
37.8384 684.7484 13.3659 -373.6808 -0.0033 0.9013 0.0316 0.4320
37.9420 686.7922 13.4787 -375.2934 -0.0033 0.9014 0.0319 0.4318
38.0456 688.8896 13.5948 -376.9540 -0.0032 0.9013 0.0314 0.4320
38.1493 690.9721 13.7130 -378.6131 -0.0028 0.9013 0.0313 0.4321
38.2529 693.0178 13.8115 -380.2419 -0.0021 0.9012 0.0314 0.4322
38.3565 695.1210 13.9248 -381.9231 -0.0016 0.9010 0.0317 0.4326
38.4601 697.1862 14.0380 -383.5637 -0.0012 0.9009 0.0322 0.4328
38.5637 699.2836 14.1426 -385.2285 -0.0011 0.9007 0.0322 0.4332
38.6673 701.3791 14.2530 -386.8806 -0.0012 0.9006 0.0318 0.4335
38.7711 703.4488 14.3688 -388.5064 -0.0014 0.9006 0.0313 0.4335
38.8748 705.5587 14.4689 -390.1724 -0.0015 0.9004 0.0309 0.4341
38.9783 707.6470 14.5794 -391.8146 -0.0018 0.9002 0.0311 0.4343
39.0820 709.7048 14.6812 -393.4336 -0.0017 0.9001 0.0320 0.4344
39.1857 711.8211 14.7974 -395.0901 -0.0016 0.8999 0.0328 0.4349
39.2893 713.9010 14.9141 -396.7239 -0.0013 0.8997 0.0328 0.4353
39.3929 715.9837 15.0232 -398.3628 -0.0009 0.8997 0.0326 0.4353
39.4965 718.1017 15.1384 -400.0038 -0.0005 0.8993 0.0322 0.4361
39.6002 720.1676 15.2425 -401.6148 -0.0003 0.8993 0.0316 0.4361
39.7039 722.2829 15.3547 -403.2618 -0.0000 0.8990 0.0316 0.4368
39.8076 724.3658 15.4567 -404.8786 0.0004 0.8988 0.0313 0.4372
39.9113 726.4588 15.5559 -406.4996 0.0004 0.8987 0.0313 0.4374
40.0149 728.5839 15.6572 -408.1451 -0.0003 0.8984 0.0313 0.4380
40.1187 730.6666 15.7711 -409.7582 -0.0010 0.8982 0.0308 0.4384
40.2223 732.7188 15.8756 -411.3467 -0.0011 0.8982 0.0305 0.4384
40.3259 734.8523 15.9811 -412.9921 -0.0006 0.8979 0.0304 0.4391
40.4297 736.9635 16.0626 -414.5982 0.0002 0.8978 0.0303 0.4393
40.5333 739.0498 16.1719 -416.2184 0.0002 0.8978 0.0304 0.4393
40.6370 741.1826 16.2686 -417.8396 -0.0003 0.8977 0.0309 0.4395
40.7406 743.2555 16.3824 -419.4420 -0.0011 0.8979 0.0311 0.4391
40.8443 745.4017 16.4800 -421.0796 -0.0017 0.8979 0.0303 0.4392
40.9480 747.4791 16.5837 -422.6679 -0.0014 0.8978 0.0293 0.4394
41.0516 749.5709 16.6910 -424.2961 -0.0011 0.8978 0.0301 0.4393
41.1552 751.6809 16.7844 -425.9200 -0.0004 0.8975 0.0314 0.4400
41.2590 753.7896 16.8973 -427.5359 0.0005 0.8973 0.0320 0.4402
41.3626 755.9024 16.9995 -429.1574 0.0011 0.8973 0.0318 0.4403
41.4663 758.0269 17.0976 -430.7776 0.0018 0.8971 0.0307 0.4408
41.5699 760.1105 17.1978 -432.3529 0.0023 0.8970 0.0300 0.4410
41.6735 762.2286 17.2850 -433.9808 0.0027 0.8966 0.0300 0.4418
41.7773 764.3627 17.3827 -435.6142 0.0026 0.8964 0.0307 0.4421
41.8809 766.4693 17.4827 -437.2064 0.0021 0.8963 0.0311 0.4424
41.9846 768.6172 17.5783 -438.8189 0.0019 0.8959 0.0306 0.4431
42.0884 770.7434 17.6806 -440.4189 0.0017 0.8957 0.0304 0.4437
42.1920 772.8526 17.7798 -442.0082 0.0015 0.8956 0.0304 0.4437
42.2956 774.9747 17.8718 -443.6127 0.0014 0.8952 0.0301 0.4446
42.3993 777.1148 17.9787 -445.1979 0.0014 0.8949 0.0296 0.4452
42.5030 779.2279 18.0566 -446.8009 0.0016 0.8950 0.0296 0.4450
42.6066 781.3731 18.1482 -448.3932 0.0016 0.8947 0.0299 0.4456
42.7102 783.5016 18.2461 -449.9938 0.0011 0.8949 0.0303 0.4453
42.8138 785.5971 18.3388 -451.5510 0.0003 0.8947 0.0303 0.4457
42.9174 787.7299 18.4446 -453.1342 -0.0001 0.8948 0.0295 0.4454
43.0212 789.8433 18.5365 -454.7100 -0.0003 0.8950 0.0289 0.4451
43.1248 791.9758 18.6233 -456.3181 -0.0003 0.8951 0.0288 0.4450
43.2284 794.0835 18.7226 -457.8943 0.0002 0.8951 0.0289 0.4449
43.3320 796.2489 18.8107 -459.5114 0.0006 0.8955 0.0294 0.4440
43.4356 798.3325 18.9015 -461.0845 0.0008 0.8955 0.0298 0.4441
43.5393 800.4506 18.9914 -462.6807 0.0009 0.8956 0.0303 0.4439
43.6429 802.5843 19.0857 -464.2810 0.0005 0.8957 0.0302 0.4436
43.7465 804.6523 19.1855 -465.8387 0.0004 0.8956 0.0289 0.4440
43.8501 806.7841 19.2729 -467.4256 0.0007 0.8958 0.0279 0.4436
43.9537 808.8579 19.3523 -469.0043 0.0010 0.8956 0.0275 0.4440
44.0575 810.9998 19.4409 -470.6183 0.0012 0.8955 0.0278 0.4443
44.1611 813.1197 19.5249 -472.2113 0.0012 0.8955 0.0282 0.4441
44.2647 815.2199 19.6117 -473.7892 0.0013 0.8952 0.0286 0.4447
44.3683 817.3066 19.6991 -475.3606 0.0015 0.8950 0.0290 0.4451
44.4719 819.4346 19.7915 -476.9687 0.0019 0.8949 0.0293 0.4454
44.5755 821.5566 19.8894 -478.5522 0.0020 0.8945 0.0296 0.4460
44.6791 823.6806 19.9794 -480.1406 0.0020 0.8942 0.0298 0.4468
44.7829 825.7902 20.0661 -481.7125 0.0021 0.8940 0.0299 0.4471
44.8865 827.9562 20.1592 -483.3011 0.0021 0.8935 0.0302 0.4480
44.9901 830.0546 20.2533 -484.8234 0.0015 0.8933 0.0306 0.4484
45.0937 832.1424 20.3484 -486.3838 0.0009 0.8928 0.0308 0.4495
45.1974 834.2440 20.4545 -487.9286 0.0007 0.8925 0.0300 0.4501
45.3010 836.3985 20.5601 -489.4671 0.0009 0.8924 0.0300 0.4502
45.4047 838.5620 20.6550 -491.0666 0.0009 0.8921 0.0304 0.4508
45.5083 840.7303 20.7564 -492.6252 0.0010 0.8920 0.0306 0.4510
45.6121 842.8892 20.8563 -494.1982 0.0006 0.8922 0.0307 0.4506
45.7157 845.0090 20.9552 -495.7165 0.0001 0.8920 0.0314 0.4509
45.8194 847.1148 21.0647 -497.2730 -0.0010 0.8922 0.0314 0.4506
45.9230 849.3371 21.1712 -498.8849 -0.0014 0.8923 0.0308 0.4504
46.0266 851.4968 21.2811 -500.4566 -0.0013 0.8923 0.0299 0.4505
46.1303 853.5863 21.3791 -501.9739 -0.0017 0.8922 0.0300 0.4507
46.2339 855.7726 21.4848 -503.5676 -0.0023 0.8920 0.0304 0.4510
46.3375 857.9532 21.6001 -505.1544 -0.0023 0.8920 0.0298 0.4511
46.4411 860.0396 21.6944 -506.6870 -0.0015 0.8919 0.0295 0.4514
46.5447 862.1901 21.7922 -508.2473 -0.0013 0.8916 0.0301 0.4518
46.6483 864.3433 21.9000 -509.8123 -0.0012 0.8915 0.0313 0.4520
46.7521 866.5111 22.0094 -511.3739 -0.0015 0.8916 0.0323 0.4517
46.8557 868.6876 22.1209 -512.9630 -0.0019 0.8915 0.0327 0.4519
46.9594 870.8468 22.2307 -514.5178 -0.0023 0.8914 0.0329 0.4521
47.0631 872.9874 22.3493 -516.0816 -0.0020 0.8910 0.0327 0.4529
47.1666 875.1911 22.4654 -517.6636 -0.0012 0.8908 0.0327 0.4532
47.2702 877.3165 22.5661 -519.1973 -0.0003 0.8904 0.0333 0.4540
47.3738 879.4856 22.6741 -520.7452 0.0001 0.8899 0.0338 0.4549
47.4774 881.6330 22.7883 -522.2828 0.0001 0.8895 0.0344 0.4556
47.5810 883.7842 22.8990 -523.8078 -0.0001 0.8893 0.0350 0.4560
47.6848 885.9433 23.0157 -525.3500 -0.0002 0.8888 0.0356 0.4569
47.7893 888.0886 23.1306 -526.8548 -0.0007 0.8886 0.0356 0.4573
47.8921 890.2820 23.2509 -528.3872 -0.0011 0.8882 0.0351 0.4581
47.9958 892.4486 23.3727 -529.9091 -0.0014 0.8880 0.0349 0.4585
48.0995 894.5914 23.4861 -531.4177 -0.0015 0.8878 0.0351 0.4589
48.2032 896.7318 23.6083 -532.9139 -0.0012 0.8873 0.0353 0.4599
48.3068 898.9123 23.7163 -534.4260 -0.0009 0.8871 0.0352 0.4603
48.4104 901.0492 23.8427 -535.8966 -0.0009 0.8869 0.0358 0.4606
48.5142 903.1957 23.9482 -537.4038 -0.0011 0.8865 0.0363 0.4613
48.6178 905.3491 24.0791 -538.8886 -0.0014 0.8863 0.0366 0.4617
48.7217 907.4807 24.2076 -540.3694 -0.0016 0.8862 0.0365 0.4619
48.8252 909.6287 24.3293 -541.8407 -0.0017 0.8858 0.0362 0.4626
48.9288 911.7709 24.4607 -543.3279 -0.0020 0.8859 0.0360 0.4626
49.0324 913.9051 24.5785 -544.7992 -0.0021 0.8856 0.0359 0.4631
49.1360 916.0620 24.6981 -546.2726 -0.0018 0.8855 0.0356 0.4633
49.2395 918.1588 24.8170 -547.7158 -0.0012 0.8855 0.0352 0.4633
49.3432 920.3147 24.9347 -549.1931 -0.0008 0.8853 0.0357 0.4636
49.4467 922.4842 25.0541 -550.6950 -0.0014 0.8852 0.0371 0.4637
49.5506 924.6376 25.1964 -552.1676 -0.0018 0.8853 0.0370 0.4636
49.6541 926.8094 25.3161 -553.6351 -0.0018 0.8854 0.0335 0.4637
49.7576 928.8606 25.4039 -555.0388 -0.0017 0.8853 0.0307 0.4640
49.8612 931.0088 25.5332 -556.4965 -0.0022 0.8853 0.0326 0.4639
49.9648 933.1643 25.6461 -557.9730 -0.0032 0.8851 0.0357 0.4640
50.0685 935.2730 25.7803 -559.4133 -0.0037 0.8850 0.0368 0.4642
50.1720 937.4011 25.9070 -560.8689 -0.0035 0.8849 0.0370 0.4643
50.2756 939.5562 26.0360 -562.3541 -0.0031 0.8847 0.0370 0.4646
50.3794 941.7333 26.1744 -563.8384 -0.0033 0.8847 0.0376 0.4647
50.4830 943.9008 26.3223 -565.3117 -0.0037 0.8845 0.0380 0.4650
50.5866 946.0716 26.4593 -566.7814 -0.0039 0.8843 0.0381 0.4654
50.6902 948.2154 26.5972 -568.2312 -0.0039 0.8842 0.0372 0.4656
50.7940 950.3301 26.7299 -569.6802 -0.0031 0.8838 0.0373 0.4664
50.8976 952.4795 26.8640 -571.1147 -0.0028 0.8835 0.0377 0.4669
51.0013 954.6341 27.0106 -572.5682 -0.0025 0.8832 0.0381 0.4674
51.1051 956.7758 27.1383 -574.0068 -0.0024 0.8830 0.0376 0.4679
51.2087 958.9559 27.2691 -575.4586 -0.0025 0.8827 0.0375 0.4684
51.3124 961.1600 27.4164 -576.9270 -0.0029 0.8824 0.0380 0.4689
51.4160 963.3326 27.5521 -578.3836 -0.0030 0.8823 0.0385 0.4691
51.5198 965.4615 27.6879 -579.8015 -0.0034 0.8821 0.0393 0.4694
51.6234 967.6124 27.8431 -581.2082 -0.0044 0.8818 0.0412 0.4698
51.7271 969.7968 28.0093 -582.6761 -0.0054 0.8815 0.0419 0.4703
51.8307 971.9818 28.1653 -584.1168 -0.0065 0.8815 0.0417 0.4702
51.9345 974.1432 28.3141 -585.5463 -0.0055 0.8815 0.0410 0.4704
52.0381 976.2873 28.4735 -586.9794 -0.0042 0.8814 0.0411 0.4706
52.1418 978.4639 28.6116 -588.4148 -0.0032 0.8815 0.0414 0.4704
52.2454 980.6546 28.7708 -589.8715 -0.0038 0.8814 0.0412 0.4705
52.3492 982.8746 28.9256 -591.3232 -0.0050 0.8815 0.0404 0.4705
52.4530 985.0498 29.0797 -592.7612 -0.0053 0.8814 0.0393 0.4706
52.5567 987.1604 29.2300 -594.1445 -0.0046 0.8817 0.0396 0.4701
52.6603 989.3266 29.3746 -595.5961 -0.0038 0.8817 0.0407 0.4701
52.7639 991.4803 29.5208 -597.0390 -0.0027 0.8817 0.0414 0.4700
52.8676 993.7048 29.6756 -598.5309 -0.0022 0.8813 0.0410 0.4707
52.9713 995.8556 29.8321 -599.9480 -0.0023 0.8816 0.0413 0.4702
53.0749 997.9833 29.9781 -601.3624 -0.0024 0.8814 0.0416 0.4705
53.1785 1000.1828 30.1284 -602.8334 -0.0025 0.8812 0.0414 0.4709
53.2822 1002.3552 30.2728 -604.2662 -0.0024 0.8811 0.0407 0.4712
53.3858 1004.5172 30.4182 -605.6761 -0.0025 0.8810 0.0405 0.4713
53.4895 1006.6752 30.5564 -607.0954 -0.0026 0.8809 0.0409 0.4715
53.5931 1008.8296 30.7050 -608.5174 -0.0031 0.8807 0.0418 0.4718
53.6967 1011.0146 30.8528 -609.9454 -0.0039 0.8804 0.0424 0.4722
53.8003 1013.2269 31.0051 -611.3722 -0.0046 0.8804 0.0423 0.4723
53.9040 1015.4250 31.1556 -612.7995 -0.0048 0.8803 0.0410 0.4726
54.0076 1017.5619 31.3130 -614.2093 -0.0046 0.8803 0.0402 0.4727
54.1114 1019.7122 31.4598 -615.6169 -0.0043 0.8803 0.0405 0.4727
54.2150 1021.8476 31.5997 -617.0199 -0.0041 0.8801 0.0410 0.4730
54.3188 1024.0349 31.7512 -618.4452 -0.0036 0.8801 0.0408 0.4730
54.4224 1026.1915 31.8979 -619.8775 -0.0030 0.8800 0.0413 0.4732
54.5260 1028.3249 32.0365 -621.2592 -0.0023 0.8799 0.0420 0.4734
54.6297 1030.5013 32.1738 -622.6847 -0.0014 0.8798 0.0422 0.4734
54.7333 1032.6647 32.3241 -624.1090 -0.0009 0.8796 0.0425 0.4739
54.8371 1034.7915 32.4641 -625.4939 -0.0015 0.8795 0.0427 0.4740
54.9407 1036.9334 32.6057 -626.8829 -0.0030 0.8793 0.0417 0.4744
55.0443 1039.0809 32.7649 -628.2807 -0.0050 0.8792 0.0405 0.4747
55.1480 1041.2265 32.9061 -629.6724 -0.0065 0.8789 0.0390 0.4753
55.2515 1043.3579 33.0543 -631.0605 -0.0067 0.8790 0.0379 0.4753
55.3553 1045.5190 33.1874 -632.4370 -0.0061 0.8786 0.0379 0.4761
55.4589 1047.6572 33.3386 -633.8381 -0.0058 0.8783 0.0388 0.4765
55.5625 1049.8109 33.4639 -635.2022 -0.0050 0.8778 0.0398 0.4774
55.6662 1051.9602 33.6114 -636.5820 -0.0047 0.8775 0.0403 0.4778
55.7699 1054.1051 33.7518 -637.9436 -0.0045 0.8774 0.0395 0.4781
55.8736 1056.2655 33.8856 -639.3077 -0.0041 0.8772 0.0382 0.4786
55.9773 1058.3906 34.0305 -640.6904 -0.0038 0.8770 0.0382 0.4790
56.0809 1060.5428 34.1608 -642.0584 -0.0034 0.8768 0.0398 0.4791
56.1845 1062.6863 34.3034 -643.4049 -0.0033 0.8763 0.0417 0.4799
56.2881 1064.8148 34.4475 -644.7465 -0.0047 0.8762 0.0420 0.4801
56.3917 1066.9891 34.6131 -646.1084 -0.0070 0.8760 0.0409 0.4805
56.4953 1069.1355 34.7655 -647.4650 -0.0080 0.8759 0.0395 0.4807
56.5989 1071.2742 34.9193 -648.7927 -0.0086 0.8760 0.0386 0.4807
56.7024 1073.4373 35.0607 -650.1565 -0.0081 0.8758 0.0381 0.4811
56.8060 1075.5732 35.2030 -651.5050 -0.0074 0.8758 0.0378 0.4810
56.9096 1077.7141 35.3380 -652.8352 -0.0062 0.8759 0.0381 0.4809
57.0134 1079.8594 35.4756 -654.2057 -0.0048 0.8758 0.0387 0.4811
57.1170 1082.0195 35.6077 -655.5713 -0.0047 0.8757 0.0396 0.4811
57.2206 1084.1469 35.7549 -656.8864 -0.0050 0.8758 0.0404 0.4809
57.3242 1086.2864 35.9072 -658.2422 -0.0050 0.8756 0.0401 0.4814
57.4277 1088.4457 36.0514 -659.5736 -0.0038 0.8755 0.0394 0.4816
57.5314 1090.5611 36.1776 -660.9186 -0.0018 0.8753 0.0388 0.4821
57.6350 1092.7336 36.3144 -662.2648 -0.0010 0.8748 0.0389 0.4829
57.7386 1094.8649 36.4462 -663.6131 -0.0005 0.8745 0.0397 0.4833
57.8422 1097.0483 36.5627 -664.9415 -0.0013 0.8743 0.0394 0.4837
57.9458 1099.2093 36.7264 -666.2811 -0.0026 0.8741 0.0404 0.4841
58.0495 1101.3712 36.8808 -667.6067 -0.0038 0.8739 0.0422 0.4842
58.1532 1103.5302 37.0344 -668.9437 -0.0040 0.8737 0.0430 0.4846
58.2568 1105.6812 37.1812 -670.2729 -0.0033 0.8733 0.0422 0.4853
58.3604 1107.8318 37.3221 -671.5892 -0.0028 0.8732 0.0409 0.4855
58.4640 1109.9867 37.4680 -672.9018 -0.0027 0.8729 0.0407 0.4861
58.5676 1112.1459 37.6118 -674.2190 -0.0028 0.8728 0.0410 0.4864
58.6714 1114.3296 37.7561 -675.5395 -0.0030 0.8725 0.0414 0.4869
58.7750 1116.4730 37.8970 -676.8644 -0.0032 0.8721 0.0418 0.4876
58.8787 1118.6350 38.0437 -678.1807 -0.0037 0.8719 0.0422 0.4879
58.9825 1120.8314 38.2099 -679.5011 -0.0034 0.8716 0.0422 0.4884
59.0861 1123.0089 38.3473 -680.8093 -0.0035 0.8714 0.0417 0.4888
59.1898 1125.1552 38.5007 -682.1267 -0.0034 0.8711 0.0413 0.4894
59.2936 1127.3233 38.6540 -683.4272 -0.0038 0.8707 0.0415 0.4900
59.3972 1129.5426 38.8077 -684.7356 -0.0037 0.8705 0.0415 0.4904
59.5009 1131.6967 38.9382 -686.0339 -0.0034 0.8704 0.0409 0.4907
59.6046 1133.9186 39.0899 -687.3524 -0.0031 0.8701 0.0402 0.4913
59.7083 1136.1114 39.2371 -688.6385 -0.0030 0.8699 0.0399 0.4915
59.8120 1138.3059 39.3711 -689.9596 -0.0028 0.8695 0.0396 0.4924
59.9157 1140.5024 39.5107 -691.2571 -0.0026 0.8693 0.0394 0.4927
60.0195 1142.6832 39.6463 -692.5494 -0.0025 0.8691 0.0395 0.4930
60.1231 1144.8825 39.7800 -693.8438 -0.0026 0.8688 0.0398 0.4935
60.2268 1147.1172 39.9206 -695.1605 -0.0029 0.8687 0.0398 0.4937
60.3305 1149.3307 40.0677 -696.4435 -0.0033 0.8687 0.0398 0.4937
60.4341 1151.5341 40.2082 -697.7449 -0.0038 0.8685 0.0394 0.4941
60.5378 1153.7209 40.3498 -699.0232 -0.0042 0.8686 0.0391 0.4939
60.6414 1155.9552 40.4946 -700.3277 -0.0044 0.8685 0.0394 0.4940
60.7452 1158.1619 40.6344 -701.6265 -0.0043 0.8686 0.0397 0.4939
60.8488 1160.3627 40.7744 -702.9066 -0.0040 0.8688 0.0394 0.4935
60.9524 1162.5817 40.9259 -704.2319 -0.0040 0.8687 0.0400 0.4936
61.0561 1164.8008 41.0727 -705.5356 -0.0036 0.8688 0.0402 0.4936
61.1598 1167.0327 41.2045 -706.8236 -0.0027 0.8690 0.0396 0.4932
61.2634 1169.2456 41.3508 -708.1368 -0.0026 0.8689 0.0397 0.4934
61.3670 1171.4754 41.5061 -709.4476 -0.0031 0.8689 0.0406 0.4933
61.4706 1173.7050 41.6489 -710.7695 -0.0031 0.8691 0.0407 0.4929
61.5742 1175.9165 41.8034 -712.0843 -0.0026 0.8689 0.0400 0.4933
61.6778 1178.1539 41.9451 -713.4155 -0.0015 0.8689 0.0392 0.4935
61.7841 1180.3853 42.0851 -714.7249 -0.0013 0.8686 0.0397 0.4939
61.8852 1182.6287 42.2305 -716.0347 -0.0017 0.8684 0.0407 0.4941
61.9889 1184.8736 42.3808 -717.3553 -0.0024 0.8685 0.0423 0.4939
62.0924 1187.1236 42.5376 -718.6877 -0.0031 0.8682 0.0430 0.4943
62.1966 1189.3802 42.7020 -720.0103 -0.0036 0.8681 0.0426 0.4945
62.3000 1191.6285 42.8722 -721.3152 -0.0037 0.8683 0.0419 0.4943
62.4034 1193.8926 43.0269 -722.6542 -0.0036 0.8681 0.0416 0.4946
62.5070 1196.1608 43.1888 -723.9861 -0.0035 0.8679 0.0416 0.4949
62.6110 1198.4096 43.3379 -725.2837 -0.0033 0.8679 0.0415 0.4951
62.7141 1200.6967 43.4855 -726.6331 -0.0028 0.8676 0.0411 0.4955
62.8177 1202.9427 43.6431 -727.9412 -0.0022 0.8676 0.0406 0.4956
62.9216 1205.2472 43.7893 -729.2694 -0.0021 0.8672 0.0407 0.4962
63.0250 1207.5368 43.9336 -730.5940 -0.0022 0.8670 0.0412 0.4967
63.1286 1209.7966 44.0843 -731.9081 -0.0020 0.8670 0.0416 0.4966
63.2322 1212.0928 44.2314 -733.2382 -0.0023 0.8666 0.0419 0.4972
63.3357 1214.3786 44.3947 -734.5596 -0.0025 0.8664 0.0421 0.4976
63.4393 1216.6653 44.5442 -735.8703 -0.0025 0.8663 0.0422 0.4977
63.5429 1218.9718 44.7034 -737.1968 -0.0023 0.8659 0.0423 0.4985
63.6465 1221.2807 44.8633 -738.5146 -0.0019 0.8655 0.0421 0.4991
63.7500 1223.5572 45.0069 -739.8179 -0.0016 0.8653 0.0415 0.4996
63.8536 1225.8706 45.1592 -741.1355 -0.0012 0.8647 0.0408 0.5006
63.9572 1228.1771 45.3039 -742.4262 -0.0008 0.8644 0.0400 0.5012
64.0607 1230.4875 45.4453 -743.7433 -0.0006 0.8639 0.0398 0.5021
64.1643 1232.8134 45.5888 -745.0438 -0.0008 0.8635 0.0402 0.5028
64.2680 1235.1214 45.7342 -746.3368 -0.0013 0.8635 0.0402 0.5028
64.3716 1237.4865 45.8726 -747.6536 -0.0014 0.8631 0.0395 0.5035
64.4752 1239.8247 46.0121 -748.9533 -0.0014 0.8630 0.0385 0.5037
64.5787 1242.1389 46.1540 -750.2430 -0.0011 0.8630 0.0379 0.5038
64.6826 1244.5085 46.2854 -751.5626 -0.0007 0.8628 0.0378 0.5042
64.7859 1246.8346 46.4236 -752.8561 -0.0006 0.8626 0.0381 0.5045
64.8896 1249.1788 46.5601 -754.1497 -0.0004 0.8625 0.0383 0.5046
64.9931 1251.5625 46.6990 -755.4725 -0.0007 0.8623 0.0384 0.5050
65.0968 1253.9126 46.8348 -756.7746 -0.0012 0.8621 0.0387 0.5053
65.2004 1256.2649 46.9680 -758.0742 -0.0016 0.8621 0.0390 0.5053
65.3041 1258.6459 47.1193 -759.3846 -0.0020 0.8617 0.0394 0.5059
65.4077 1260.9968 47.2575 -760.6809 -0.0021 0.8617 0.0400 0.5058
65.5114 1263.3874 47.4141 -762.0033 -0.0019 0.8613 0.0402 0.5065
65.6150 1265.7523 47.5693 -763.3133 -0.0013 0.8612 0.0389 0.5068
65.7193 1268.1194 47.7080 -764.5986 -0.0001 0.8613 0.0364 0.5068
65.8225 1270.5218 47.8262 -765.9073 0.0015 0.8610 0.0339 0.5074
65.9261 1272.8914 47.9420 -767.2053 0.0020 0.8607 0.0335 0.5079
66.0298 1275.2891 48.0531 -768.5089 0.0018 0.8608 0.0344 0.5079
66.1334 1277.6915 48.1720 -769.8216 0.0013 0.8604 0.0350 0.5085
66.2372 1280.0819 48.2982 -771.1190 0.0005 0.8605 0.0360 0.5083
66.3409 1282.5020 48.4269 -772.4334 0.0001 0.8601 0.0366 0.5088
66.4445 1284.9173 48.5567 -773.7481 -0.0001 0.8599 0.0370 0.5090
66.5482 1287.3035 48.6874 -775.0317 0.0000 0.8600 0.0370 0.5090
66.6519 1289.7178 48.8135 -776.3412 -0.0000 0.8597 0.0366 0.5095
66.7555 1292.1309 48.9432 -777.6366 0.0002 0.8596 0.0361 0.5097
66.8591 1294.5216 49.0645 -778.9261 0.0008 0.8597 0.0355 0.5096
66.9627 1296.9495 49.1796 -780.2394 0.0011 0.8594 0.0352 0.5101
67.0663 1299.3658 49.2944 -781.5313 0.0010 0.8591 0.0355 0.5105
67.1700 1301.7588 49.4154 -782.8138 0.0008 0.8591 0.0357 0.5105
67.2736 1304.1813 49.5363 -784.1171 0.0007 0.8589 0.0355 0.5109
67.3772 1306.5837 49.6529 -785.4052 0.0007 0.8589 0.0355 0.5110
67.4808 1309.0096 49.7704 -786.7120 0.0010 0.8586 0.0353 0.5114
67.5843 1311.4088 49.8817 -787.9927 0.0015 0.8585 0.0347 0.5117
67.6879 1313.8053 49.9878 -789.2674 0.0021 0.8585 0.0343 0.5117
67.7915 1316.2273 50.1012 -790.5696 0.0023 0.8582 0.0341 0.5121
67.8951 1318.6423 50.2068 -791.8498 0.0020 0.8581 0.0341 0.5124
67.9987 1321.0370 50.3172 -793.1079 0.0019 0.8580 0.0348 0.5125
68.1023 1323.4689 50.4162 -794.4232 0.0021 0.8577 0.0351 0.5129
68.2059 1325.8932 50.5345 -795.6961 0.0024 0.8576 0.0347 0.5132
68.3095 1328.2895 50.6423 -796.9525 0.0025 0.8576 0.0347 0.5132
68.4130 1330.7157 50.7554 -798.2378 0.0023 0.8573 0.0344 0.5137
68.5166 1333.1260 50.8598 -799.5082 0.0024 0.8573 0.0338 0.5137
68.6202 1335.5482 50.9583 -800.7849 0.0026 0.8570 0.0322 0.5142
68.7237 1337.9698 51.0574 -802.0632 0.0028 0.8569 0.0315 0.5144
68.8273 1340.3769 51.1513 -803.3226 0.0029 0.8570 0.0320 0.5144
68.9309 1342.7997 51.2420 -804.6018 0.0030 0.8566 0.0328 0.5149
69.0344 1345.2340 51.3439 -805.8853 0.0028 0.8565 0.0332 0.5151
69.1380 1347.6363 51.4543 -807.1369 0.0029 0.8566 0.0328 0.5149
69.2416 1350.0656 51.5519 -808.4149 0.0029 0.8564 0.0318 0.5154
69.3452 1352.4805 51.6449 -809.6700 0.0030 0.8562 0.0312 0.5157
69.4489 1354.8739 51.7279 -810.9331 0.0033 0.8563 0.0308 0.5156
69.5525 1357.3188 51.8272 -812.2171 0.0035 0.8560 0.0310 0.5160
69.6561 1359.7378 51.9018 -813.4824 0.0034 0.8557 0.0314 0.5164
69.7597 1362.1448 51.9928 -814.7204 0.0034 0.8557 0.0319 0.5164
69.8633 1364.5615 52.0773 -815.9891 0.0032 0.8554 0.0317 0.5169
69.9668 1366.9850 52.1756 -817.2273 0.0031 0.8555 0.0316 0.5169
70.0705 1369.3928 52.2480 -818.4838 0.0033 0.8552 0.0314 0.5173
70.1740 1371.8082 52.3351 -819.7294 0.0031 0.8550 0.0313 0.5177
70.2777 1374.1915 52.4295 -820.9719 0.0031 0.8550 0.0313 0.5177
70.3814 1376.6059 52.5150 -822.2142 0.0032 0.8547 0.0312 0.5181
70.4851 1379.0275 52.6032 -823.4557 0.0036 0.8546 0.0309 0.5184
70.5888 1381.4334 52.6805 -824.6910 0.0042 0.8545 0.0307 0.5185
70.6924 1383.8427 52.7626 -825.9288 0.0047 0.8541 0.0304 0.5192
70.7960 1386.2468 52.8435 -827.1646 0.0050 0.8539 0.0300 0.5196
70.8998 1388.6590 52.9157 -828.3850 0.0054 0.8539 0.0293 0.5196
71.0033 1391.0730 52.9902 -829.6278 0.0056 0.8535 0.0286 0.5203
71.1072 1393.4969 53.0672 -830.8408 0.0054 0.8535 0.0281 0.5203
71.2108 1395.9039 53.1424 -832.0712 0.0051 0.8530 0.0279 0.5211
71.3143 1398.3067 53.2114 -833.2851 0.0048 0.8528 0.0281 0.5215
71.4181 1400.7035 53.2776 -834.4900 0.0047 0.8527 0.0282 0.5217
71.5218 1403.1390 53.3513 -835.7264 0.0046 0.8523 0.0284 0.5223
71.6254 1405.5510 53.4227 -836.9365 0.0047 0.8520 0.0286 0.5227
71.7292 1407.9478 53.4852 -838.1364 0.0050 0.8520 0.0284 0.5228
71.8329 1410.3716 53.5601 -839.3464 0.0053 0.8516 0.0285 0.5235
71.9365 1412.7617 53.6261 -840.5412 0.0057 0.8515 0.0289 0.5236
72.0403 1415.1924 53.6876 -841.7448 0.0059 0.8511 0.0284 0.5242
72.1440 1417.5882 53.7542 -842.9427 0.0063 0.8508 0.0280 0.5247
72.2476 1419.9708 53.8201 -844.1211 0.0068 0.8508 0.0277 0.5248
72.3514 1422.3923 53.8688 -845.3292 0.0073 0.8504 0.0272 0.5254
72.4550 1424.7793 53.9298 -846.5116 0.0075 0.8501 0.0273 0.5258
72.5586 1427.1600 53.9841 -847.6756 0.0075 0.8501 0.0273 0.5259
72.6623 1429.5813 54.0534 -848.8679 0.0073 0.8499 0.0271 0.5263
72.7661 1431.9590 54.1067 -850.0516 0.0073 0.8499 0.0268 0.5262
72.8697 1434.3813 54.1708 -851.2353 0.0074 0.8496 0.0259 0.5267
72.9734 1436.7799 54.2209 -852.4132 0.0077 0.8495 0.0253 0.5270
73.0772 1439.1792 54.2728 -853.5744 0.0079 0.8495 0.0251 0.5270
73.1808 1441.5875 54.3101 -854.7498 0.0078 0.8491 0.0252 0.5275
73.2844 1443.9965 54.3658 -855.9322 0.0075 0.8490 0.0255 0.5277
73.3881 1446.3751 54.4091 -857.0965 0.0074 0.8490 0.0253 0.5278
73.4917 1448.7754 54.4568 -858.2604 0.0074 0.8486 0.0251 0.5284
73.5954 1451.1835 54.5079 -859.4224 0.0073 0.8484 0.0252 0.5287
73.6990 1453.5688 54.5529 -860.5852 0.0073 0.8484 0.0250 0.5287
73.8027 1455.9680 54.6024 -861.7384 0.0073 0.8480 0.0248 0.5293
73.9063 1458.3396 54.6483 -862.8923 0.0071 0.8480 0.0250 0.5293
74.0101 1460.7481 54.6947 -864.0497 0.0070 0.8477 0.0254 0.5298
74.1137 1463.1382 54.7425 -865.2050 0.0070 0.8475 0.0258 0.5301
74.2174 1465.5133 54.7908 -866.3387 0.0069 0.8475 0.0262 0.5302
74.3210 1467.8935 54.8340 -867.4855 0.0071 0.8471 0.0264 0.5308
74.4247 1470.2736 54.8858 -868.6239 0.0071 0.8469 0.0262 0.5311
74.5284 1472.6348 54.9379 -869.7478 0.0071 0.8469 0.0261 0.5311
74.6320 1475.0259 54.9850 -870.8880 0.0071 0.8466 0.0258 0.5316
74.7358 1477.3847 55.0267 -872.0128 0.0073 0.8464 0.0256 0.5319
74.8394 1479.7412 55.0757 -873.1266 0.0072 0.8464 0.0256 0.5319
74.9430 1482.1146 55.1165 -874.2602 0.0072 0.8461 0.0256 0.5324
75.0467 1484.4509 55.1608 -875.3691 0.0070 0.8462 0.0259 0.5323
75.1503 1486.8179 55.2031 -876.4854 0.0065 0.8460 0.0257 0.5326
75.2540 1489.1736 55.2559 -877.5874 0.0062 0.8460 0.0261 0.5326
75.3577 1491.4937 55.2990 -878.6961 0.0060 0.8462 0.0267 0.5322
75.4614 1493.8504 55.3558 -879.8059 0.0057 0.8460 0.0269 0.5324
75.5650 1496.1741 55.4080 -880.9157 0.0055 0.8460 0.0268 0.5326
75.6688 1498.4816 55.4564 -881.9924 0.0054 0.8461 0.0265 0.5323
75.7724 1500.8229 55.5073 -883.1049 0.0051 0.8459 0.0265 0.5326
75.8762 1503.1200 55.5723 -884.1869 0.0050 0.8460 0.0269 0.5325
75.9798 1505.4334 55.6177 -885.2939 0.0053 0.8458 0.0268 0.5328
76.0833 1507.7563 55.6627 -886.3879 0.0058 0.8456 0.0262 0.5331
76.1869 1510.0513 55.7195 -887.4765 0.0062 0.8456 0.0266 0.5331
76.2905 1512.3625 55.7674 -888.5642 0.0061 0.8452 0.0274 0.5337
76.3941 1514.6631 55.8290 -889.6443 0.0060 0.8451 0.0282 0.5339
76.4976 1516.9571 55.8803 -890.7251 0.0061 0.8450 0.0280 0.5339
76.6012 1519.2473 55.9422 -891.7892 0.0065 0.8447 0.0276 0.5345
76.7049 1521.5340 55.9929 -892.8653 0.0067 0.8445 0.0273 0.5348
76.8084 1523.8065 56.0463 -893.9240 0.0064 0.8446 0.0275 0.5347
76.9120 1526.1055 56.1104 -894.9972 0.0060 0.8442 0.0282 0.5352
77.0156 1528.3811 56.1630 -896.0564 0.0056 0.8442 0.0287 0.5352
77.1192 1530.6769 56.2326 -897.1287 0.0054 0.8439 0.0289 0.5357
77.2228 1532.9487 56.2894 -898.1777 0.0055 0.8437 0.0287 0.5360
77.3264 1535.2179 56.3432 -899.2270 0.0063 0.8437 0.0277 0.5360
77.4300 1537.4833 56.3857 -900.2824 0.0069 0.8434 0.0267 0.5366
77.5336 1539.7637 56.4426 -901.3266 0.0066 0.8432 0.0270 0.5369
77.6372 1542.0257 56.4959 -902.3666 0.0058 0.8432 0.0281 0.5368
77.7409 1544.2995 56.5639 -903.4197 0.0048 0.8428 0.0294 0.5373
77.8445 1546.5602 56.6226 -904.4610 0.0045 0.8427 0.0297 0.5376
77.9483 1548.8090 56.6908 -905.4894 0.0047 0.8428 0.0289 0.5374
78.0518 1551.0624 56.7546 -906.5236 0.0052 0.8424 0.0282 0.5381
78.1555 1553.2996 56.8053 -907.5553 0.0059 0.8422 0.0283 0.5385
78.2592 1555.5450 56.8583 -908.5699 0.0059 0.8422 0.0287 0.5384
78.3628 1557.7951 56.9172 -909.5801 0.0051 0.8418 0.0288 0.5389
78.4664 1560.0116 56.9776 -910.5964 0.0044 0.8421 0.0290 0.5386
78.5700 1562.2554 57.0337 -911.6162 0.0037 0.8420 0.0290 0.5386
78.6738 1564.4831 57.1047 -912.6259 0.0032 0.8423 0.0294 0.5383
78.7774 1566.6923 57.1657 -913.6354 0.0031 0.8428 0.0298 0.5374
78.8810 1568.9092 57.2340 -914.6468 0.0032 0.8428 0.0295 0.5374
78.9846 1571.1259 57.2980 -915.6685 0.0032 0.8430 0.0291 0.5371
79.0883 1573.3248 57.3669 -916.6675 0.0032 0.8434 0.0290 0.5365
79.1918 1575.5311 57.4276 -917.6898 0.0029 0.8434 0.0287 0.5365
79.2956 1577.7271 57.5020 -918.6912 0.0028 0.8439 0.0292 0.5357
79.3992 1579.9266 57.5630 -919.7178 0.0031 0.8438 0.0295 0.5359
79.5028 1582.1148 57.6316 -920.7304 0.0033 0.8439 0.0290 0.5356
79.6064 1584.3090 57.7051 -921.7470 0.0036 0.8444 0.0289 0.5349
79.7101 1586.4882 57.7674 -922.7644 0.0037 0.8444 0.0293 0.5349
79.8138 1588.6720 57.8283 -923.7785 0.0036 0.8447 0.0293 0.5344
79.9174 1590.8394 57.8940 -924.7912 0.0031 0.8455 0.0294 0.5332
80.0210 1593.0333 57.9618 -925.8220 0.0024 0.8459 0.0296 0.5325
80.1246 1595.2152 58.0326 -926.8336 0.0017 0.8467 0.0297 0.5313
80.2284 1597.3518 58.1024 -927.8580 0.0014 0.8476 0.0300 0.5298
80.3320 1599.5148 58.1746 -928.9048 0.0012 0.8481 0.0303 0.5290
80.4356 1601.6672 58.2492 -929.9454 0.0011 0.8490 0.0302 0.5275
80.5393 1603.8034 58.3215 -930.9696 0.0009 0.8496 0.0298 0.5266
80.6430 1605.9194 58.3951 -932.0196 0.0007 0.8504 0.0296 0.5253
80.7467 1608.0292 58.4728 -933.0693 0.0005 0.8514 0.0294 0.5236
80.8503 1610.1588 58.5382 -934.1160 0.0004 0.8521 0.0298 0.5226
80.9541 1612.2679 58.6102 -935.1791 0.0002 0.8528 0.0306 0.5214
81.0577 1614.3737 58.6880 -936.2421 0.0000 0.8535 0.0312 0.5202
81.1614 1616.4756 58.7680 -937.3068 -0.0000 0.8539 0.0313 0.5195
81.2650 1618.5506 58.8425 -938.3625 -0.0002 0.8546 0.0311 0.5183
81.3688 1620.6309 58.9246 -939.4315 -0.0006 0.8549 0.0310 0.5178
81.4724 1622.7085 59.0079 -940.4964 -0.0004 0.8554 0.0315 0.5169
81.5760 1624.7838 59.0832 -941.5791 -0.0001 0.8559 0.0315 0.5161
81.6796 1626.8516 59.1714 -942.6432 0.0005 0.8560 0.0320 0.5160
81.7831 1628.8983 59.2402 -943.7186 0.0014 0.8561 0.0320 0.5158
81.8867 1630.9517 59.3150 -944.7882 0.0016 0.8566 0.0312 0.5151
81.9904 1632.9825 59.3893 -945.8436 0.0016 0.8565 0.0306 0.5152
82.0940 1635.0244 59.4610 -946.9093 0.0014 0.8567 0.0303 0.5150
82.1976 1637.0375 59.5281 -947.9797 0.0018 0.8570 0.0301 0.5144
82.3012 1639.0755 59.5973 -949.0478 0.0019 0.8569 0.0300 0.5146
82.4049 1641.0753 59.6596 -950.1009 0.0017 0.8571 0.0303 0.5142
82.5085 1643.1050 59.7415 -951.1709 0.0019 0.8570 0.0306 0.5143
82.6122 1645.1165 59.8023 -952.2240 0.0016 0.8569 0.0304 0.5145
82.7159 1647.1112 59.8734 -953.2854 0.0014 0.8569 0.0306 0.5145
82.8195 1649.1162 59.9557 -954.3349 0.0010 0.8565 0.0309 0.5152
82.9231 1651.1090 60.0203 -955.3806 0.0008 0.8561 0.0321 0.5157
83.0269 1653.0966 60.0994 -956.4150 0.0004 0.8557 0.0340 0.5163
83.1305 1655.1400 60.1902 -957.4687 -0.0002 0.8551 0.0351 0.5172
83.2342 1657.1123 60.2947 -958.4885 -0.0001 0.8547 0.0347 0.5180
83.3379 1659.1090 60.3772 -959.5026 0.0006 0.8543 0.0331 0.5188
83.4416 1661.0671 60.4282 -960.5024 0.0022 0.8535 0.0308 0.5202
83.5452 1663.0310 60.5061 -961.5350 0.0040 0.8528 0.0302 0.5214
83.6488 1665.0127 60.5751 -962.5120 0.0043 0.8518 0.0322 0.5229
83.7525 1666.9866 60.6488 -963.5057 0.0038 0.8509 0.0331 0.5243
83.8563 1668.9901 60.7349 -964.4993 0.0027 0.8502 0.0339 0.5253
83.9600 1670.9696 60.8205 -965.4812 0.0019 0.8495 0.0346 0.5264
84.0636 1672.9346 60.9079 -966.4289 0.0023 0.8489 0.0343 0.5275
84.1674 1674.9827 60.9904 -967.4126 0.0029 0.8487 0.0347 0.5276
84.2710 1676.9447 61.0616 -968.3805 0.0028 0.8479 0.0356 0.5289
84.3751 1678.8824 61.1545 -969.3380 0.0019 0.8477 0.0353 0.5293
84.4784 1680.8930 61.2436 -970.3029 0.0010 0.8475 0.0347 0.5296
84.5821 1682.8664 61.3309 -971.2411 0.0002 0.8474 0.0338 0.5298
84.6857 1684.8547 61.4189 -972.1920 -0.0004 0.8474 0.0333 0.5299
84.7894 1686.8161 61.5046 -973.1258 -0.0007 0.8472 0.0335 0.5302
84.8932 1688.7492 61.5879 -974.0434 -0.0010 0.8471 0.0335 0.5304
84.9968 1690.6774 61.6665 -974.9746 -0.0008 0.8471 0.0340 0.5303
85.1005 1692.7088 61.7583 -975.9426 -0.0010 0.8471 0.0336 0.5303
85.2041 1694.6475 61.8416 -976.8792 -0.0010 0.8471 0.0337 0.5304
85.3077 1696.5877 61.9253 -977.8059 -0.0010 0.8471 0.0332 0.5304
85.4114 1698.5971 62.0143 -978.7666 -0.0006 0.8470 0.0337 0.5305
85.5150 1700.5232 62.0949 -979.6951 -0.0006 0.8469 0.0345 0.5306
85.6188 1702.4243 62.1797 -980.6010 -0.0006 0.8465 0.0353 0.5313
85.7231 1704.4136 62.2728 -981.5509 -0.0007 0.8464 0.0354 0.5313
85.8265 1706.3432 62.3553 -982.4510 -0.0007 0.8463 0.0358 0.5314
85.9298 1708.2619 62.4518 -983.3857 -0.0013 0.8460 0.0355 0.5320
86.0337 1710.2113 62.5463 -984.3009 -0.0016 0.8457 0.0358 0.5324
86.1374 1712.1366 62.6496 -985.2104 -0.0011 0.8455 0.0366 0.5327
86.2408 1714.1136 62.7309 -986.1365 -0.0004 0.8451 0.0363 0.5334
86.3445 1716.0525 62.8118 -987.0364 0.0008 0.8446 0.0352 0.5342
86.4484 1717.9602 62.9005 -987.9127 0.0008 0.8442 0.0351 0.5349
86.5519 1719.9062 62.9856 -988.8146 -0.0003 0.8436 0.0359 0.5358
86.6556 1721.8186 63.0809 -989.7032 -0.0013 0.8432 0.0365 0.5363
86.7594 1723.7479 63.1734 -990.5861 -0.0023 0.8428 0.0365 0.5370
86.8630 1725.6821 63.2750 -991.4777 -0.0032 0.8424 0.0372 0.5376
86.9669 1727.6083 63.3750 -992.3502 -0.0033 0.8421 0.0372 0.5380
87.0705 1729.5330 63.4648 -993.2311 -0.0033 0.8415 0.0365 0.5391
87.1741 1731.4421 63.5594 -994.0899 -0.0036 0.8411 0.0367 0.5396
87.2783 1733.3318 63.6771 -994.9380 -0.0034 0.8409 0.0372 0.5399
87.3817 1735.2331 63.7593 -995.7978 -0.0028 0.8406 0.0366 0.5405
87.4853 1737.1133 63.8599 -996.6530 -0.0024 0.8405 0.0369 0.5405
87.5890 1739.0295 63.9442 -997.5073 -0.0017 0.8404 0.0375 0.5407
87.6927 1740.8977 64.0350 -998.3588 -0.0004 0.8402 0.0382 0.5409
87.7963 1742.7481 64.1187 -999.1852 0.0000 0.8403 0.0397 0.5406
87.9001 1744.6024 64.2039 -1000.0257 -0.0000 0.8403 0.0407 0.5406
88.0038 1746.4358 64.3047 -1000.8458 -0.0005 0.8403 0.0406 0.5405
88.1074 1748.2693 64.3965 -1001.6600 -0.0014 0.8406 0.0397 0.5401
88.2116 1750.1041 64.4949 -1002.4879 -0.0022 0.8408 0.0385 0.5400
88.3150 1751.9220 64.5917 -1003.2951 -0.0028 0.8411 0.0378 0.5395
88.4185 1753.7549 64.6865 -1004.1177 -0.0033 0.8412 0.0378 0.5393
88.5223 1755.5683 64.7700 -1004.9337 -0.0039 0.8414 0.0384 0.5391
88.6260 1757.3507 64.8700 -1005.7376 -0.0047 0.8416 0.0385 0.5386
88.7298 1759.1555 64.9617 -1006.5578 -0.0054 0.8418 0.0387 0.5383
88.8335 1760.9434 65.0683 -1007.3826 -0.0064 0.8422 0.0390 0.5377
88.9373 1762.7301 65.1706 -1008.1724 -0.0066 0.8427 0.0395 0.5368
89.0410 1764.4915 65.2740 -1009.0015 -0.0060 0.8429 0.0402 0.5365
89.1446 1766.2350 65.3683 -1009.8017 -0.0052 0.8433 0.0415 0.5358
89.2482 1767.9827 65.4790 -1010.6130 -0.0041 0.8435 0.0431 0.5354
89.3519 1769.7130 65.5766 -1011.4230 -0.0026 0.8438 0.0440 0.5349
89.4555 1771.3849 65.6743 -1012.2162 -0.0009 0.8442 0.0445 0.5342
89.5592 1773.0792 65.7815 -1013.0061 0.0004 0.8444 0.0452 0.5339
89.6628 1774.7645 65.8826 -1013.8049 0.0018 0.8447 0.0461 0.5333
89.7665 1776.4204 65.9747 -1014.5803 0.0033 0.8452 0.0468 0.5323
89.8703 1778.0688 66.0697 -1015.3617 0.0046 0.8455 0.0473 0.5318
89.9740 1779.6986 66.1647 -1016.1477 0.0056 0.8461 0.0479 0.5309
90.0776 1781.3206 66.2623 -1016.9180 0.0064 0.8468 0.0487 0.5296
90.1813 1782.9153 66.3579 -1017.6942 0.0079 0.8473 0.0498 0.5287
90.2851 1784.4964 66.4484 -1018.4647 0.0091 0.8480 0.0506 0.5275
90.3888 1786.0591 66.5333 -1019.2223 0.0103 0.8485 0.0516 0.5265
90.4924 1787.6141 66.6258 -1019.9939 0.0111 0.8495 0.0518 0.5250
90.5962 1789.1162 66.7178 -1020.7371 0.0112 0.8509 0.0521 0.5226
90.6999 1790.6433 66.8123 -1021.5171 0.0112 0.8525 0.0529 0.5199
90.8035 1792.1203 66.9001 -1022.2869 0.0114 0.8543 0.0534 0.5170
90.9073 1793.5928 66.9952 -1023.0464 0.0116 0.8564 0.0535 0.5134
91.0110 1795.0277 67.0839 -1023.8114 0.0110 0.8587 0.0533 0.5096
91.1146 1796.4634 67.1825 -1024.5881 0.0106 0.8619 0.0526 0.5043
91.2184 1797.8723 67.2792 -1025.3839 0.0105 0.8652 0.0521 0.4987
91.3221 1799.2313 67.3646 -1026.1836 0.0109 0.8689 0.0523 0.4921
91.4258 1800.5792 67.4523 -1026.9956 0.0115 0.8729 0.0530 0.4849
91.5296 1801.9158 67.5454 -1027.8485 0.0126 0.8768 0.0538 0.4777
91.6332 1803.2161 67.6371 -1028.7012 0.0133 0.8807 0.0545 0.4703
91.7369 1804.5070 67.7325 -1029.5701 0.0141 0.8850 0.0553 0.4621
91.8407 1805.7675 67.8396 -1030.4662 0.0144 0.8892 0.0558 0.4539
91.9444 1807.0063 67.9430 -1031.3745 0.0149 0.8936 0.0553 0.4452
92.0482 1808.2267 68.0202 -1032.3006 0.0152 0.8979 0.0555 0.4363
92.1519 1809.4069 68.1415 -1033.2517 0.0153 0.9024 0.0565 0.4268
92.2557 1810.5989 68.2390 -1034.2347 0.0153 0.9072 0.0577 0.4164
92.3594 1811.7270 68.3537 -1035.2339 0.0153 0.9117 0.0580 0.4064
92.4631 1812.8499 68.4684 -1036.2564 0.0147 0.9164 0.0581 0.3957
92.5669 1813.9565 68.5832 -1037.3028 0.0144 0.9212 0.0575 0.3845
92.6705 1815.0039 68.6961 -1038.3583 0.0141 0.9258 0.0571 0.3734
92.7742 1816.0499 68.8088 -1039.4682 0.0138 0.9306 0.0575 0.3612
92.8780 1817.0495 68.9247 -1040.5835 0.0137 0.9351 0.0583 0.3492
92.9817 1818.0312 69.0451 -1041.7318 0.0131 0.9396 0.0601 0.3368
93.0854 1818.9942 69.1909 -1042.9165 0.0123 0.9440 0.0609 0.3242
93.1892 1819.8814 69.3049 -1044.0988 0.0131 0.9481 0.0612 0.3117
93.2929 1820.7667 69.4381 -1045.3228 0.0132 0.9523 0.0598 0.2989
93.3965 1821.6203 69.5612 -1046.5496 0.0133 0.9563 0.0593 0.2861
93.5003 1822.4223 69.6983 -1047.7991 0.0135 0.9600 0.0589 0.2735
93.6040 1823.1914 69.8230 -1049.0825 0.0135 0.9637 0.0591 0.2599
93.7077 1823.9292 69.9577 -1050.3836 0.0133 0.9672 0.0597 0.2466
93.8114 1824.6257 70.0931 -1051.6862 0.0130 0.9706 0.0599 0.2328
93.9151 1825.2950 70.2279 -1053.0407 0.0130 0.9739 0.0595 0.2185
94.0189 1825.9025 70.3628 -1054.3858 0.0135 0.9770 0.0588 0.2045
94.1225 1826.4796 70.4853 -1055.7602 0.0136 0.9798 0.0588 0.1904
94.2263 1827.0446 70.6295 -1057.1581 0.0134 0.9825 0.0594 0.1761
94.3298 1827.5231 70.7678 -1058.5423 0.0125 0.9849 0.0599 0.1622
94.4336 1828.0010 70.9182 -1059.9568 0.0119 0.9871 0.0598 0.1477
94.5372 1828.4118 71.0501 -1061.3706 0.0112 0.9892 0.0590 0.1340
94.6408 1828.8009 71.1897 -1062.8180 0.0109 0.9910 0.0588 0.1201
94.7445 1829.1333 71.3353 -1064.2721 0.0111 0.9925 0.0592 0.1062
94.8483 1829.4322 71.4755 -1065.7036 0.0110 0.9939 0.0591 0.0928
94.9519 1829.6903 71.6120 -1067.1659 0.0113 0.9950 0.0592 0.0792
95.0557 1829.9113 71.7601 -1068.6488 0.0111 0.9961 0.0592 0.0652
95.1594 1830.0818 71.9051 -1070.1117 0.0105 0.9969 0.0588 0.0519
95.2631 1830.2252 72.0482 -1071.5994 0.0108 0.9975 0.0582 0.0381
95.3667 1830.3306 72.1945 -1073.0904 0.0105 0.9980 0.0579 0.0246
95.4705 1830.3781 72.3383 -1074.5579 0.0110 0.9982 0.0574 0.0119
95.5741 1830.3970 72.4739 -1076.0663 0.0110 0.9983 0.0574 -0.0012
95.6778 1830.3766 72.6224 -1077.5347 0.0111 0.9982 0.0575 -0.0136
95.7816 1830.3249 72.7657 -1079.0201 0.0107 0.9980 0.0574 -0.0262
95.8852 1830.2366 72.9101 -1080.5392 0.0107 0.9975 0.0568 -0.0396
95.9888 1830.1025 73.0511 -1082.0031 0.0103 0.9970 0.0555 -0.0523
96.0925 1829.9146 73.1789 -1083.4897 0.0099 0.9964 0.0537 -0.0655
96.1962 1829.7169 73.3168 -1085.0001 0.0094 0.9954 0.0529 -0.0793
96.2998 1829.4594 73.4599 -1086.4643 0.0084 0.9943 0.0526 -0.0926
96.4034 1829.1641 73.5902 -1087.9747 0.0081 0.9928 0.0529 -0.1067
96.5071 1828.8219 73.7258 -1089.4265 0.0077 0.9913 0.0537 -0.1201
96.6109 1828.4482 73.8553 -1090.8816 0.0076 0.9895 0.0537 -0.1340
96.7145 1828.0241 73.9929 -1092.3551 0.0071 0.9875 0.0525 -0.1485
96.8182 1827.5682 74.1193 -1093.7760 0.0069 0.9854 0.0516 -0.1620
96.9218 1827.0696 74.2553 -1095.2181 0.0067 0.9830 0.0515 -0.1759
97.0256 1826.5084 74.3856 -1096.6550 0.0067 0.9804 0.0514 -0.1902
97.1293 1825.9271 74.5156 -1098.0441 0.0061 0.9776 0.0514 -0.2039
97.2331 1825.3193 74.6415 -1099.4318 0.0055 0.9745 0.0510 -0.2183
97.3368 1824.6325 74.7820 -1100.8376 0.0051 0.9711 0.0503 -0.2331
97.4404 1823.9412 74.8963 -1102.1554 0.0046 0.9676 0.0499 -0.2473
97.5442 1823.1764 75.0259 -1103.5205 0.0042 0.9637 0.0494 -0.2622
97.6479 1822.3971 75.1324 -1104.7948 0.0037 0.9598 0.0491 -0.2764
97.7516 1821.5630 75.2636 -1106.0788 0.0034 0.9555 0.0488 -0.2908
97.8552 1820.6851 75.3697 -1107.3619 0.0033 0.9510 0.0487 -0.3053
97.9590 1819.8036 75.4956 -1108.5606 0.0029 0.9464 0.0485 -0.3192
98.0627 1818.8671 75.5825 -1109.7556 0.0030 0.9416 0.0478 -0.3334
98.1665 1817.8835 75.7115 -1110.9666 0.0024 0.9364 0.0472 -0.3479
98.2701 1816.8854 75.8123 -1112.0818 0.0018 0.9312 0.0463 -0.3615
98.3738 1815.8293 75.9227 -1113.2148 0.0016 0.9255 0.0459 -0.3760
98.4775 1814.7840 76.0201 -1114.2596 0.0016 0.9199 0.0459 -0.3894
98.5811 1813.6618 76.1101 -1115.3154 0.0014 0.9139 0.0452 -0.4035
98.6848 1812.5132 76.2211 -1116.3494 0.0008 0.9075 0.0442 -0.4177
98.7884 1811.3622 76.3007 -1117.2957 0.0004 0.9014 0.0428 -0.4308
98.8922 1810.1700 76.4015 -1118.2472 -0.0001 0.8950 0.0417 -0.4441
98.9958 1808.9105 76.4800 -1119.1929 -0.0004 0.8882 0.0410 -0.4576
99.0995 1807.6661 76.5618 -1120.0442 -0.0006 0.8817 0.0409 -0.4700
99.2031 1806.3712 76.6468 -1120.9023 -0.0009 0.8748 0.0408 -0.4827
99.3067 1805.0744 76.7168 -1121.6938 -0.0011 0.8681 0.0403 -0.4948
99.4104 1803.7360 76.8053 -1122.4782 -0.0019 0.8612 0.0397 -0.5068
99.5140 1802.3599 76.8749 -1123.2270 -0.0018 0.8541 0.0391 -0.5186
99.6177 1800.9879 76.9522 -1123.9184 -0.0016 0.8475 0.0385 -0.5294
99.7213 1799.5733 77.0149 -1124.5859 -0.0015 0.8407 0.0376 -0.5401
99.8251 1798.1231 77.0822 -1125.2268 -0.0013 0.8338 0.0362 -0.5508
99.9287 1796.6802 77.1382 -1125.8217 -0.0019 0.8273 0.0361 -0.5607
100.0324 1795.2133 77.2125 -1126.3823 -0.0016 0.8204 0.0363 -0.5706
100.1362 1793.7165 77.2886 -1126.9496 -0.0023 0.8135 0.0365 -0.5804
100.2398 1792.2169 77.3348 -1127.4403 -0.0026 0.8069 0.0353 -0.5896
100.3435 1790.6791 77.4011 -1127.9297 -0.0029 0.8004 0.0349 -0.5984
100.4471 1789.1446 77.4681 -1128.3654 -0.0029 0.7946 0.0345 -0.6062
100.5508 1787.5850 77.5117 -1128.7781 -0.0022 0.7887 0.0337 -0.6139
100.6544 1785.9993 77.5745 -1129.1706 -0.0020 0.7833 0.0331 -0.6208
100.7580 1784.4233 77.6215 -1129.5422 -0.0017 0.7785 0.0318 -0.6269
100.8616 1782.8278 77.6632 -1129.8757 -0.0016 0.7739 0.0306 -0.6326
100.9652 1781.2198 77.7096 -1130.1908 -0.0016 0.7694 0.0294 -0.6381
101.0688 1779.5909 77.7572 -1130.4946 -0.0013 0.7653 0.0288 -0.6430
101.1724 1777.9606 77.8012 -1130.7758 -0.0014 0.7612 0.0283 -0.6479
101.2762 1776.3059 77.8416 -1131.0396 -0.0013 0.7573 0.0280 -0.6525
101.3798 1774.6725 77.8874 -1131.2813 -0.0019 0.7538 0.0280 -0.6565
101.4834 1772.9915 77.9261 -1131.5123 -0.0019 0.7502 0.0281 -0.6606
101.5870 1771.3311 77.9747 -1131.7239 -0.0016 0.7476 0.0284 -0.6636
101.6906 1769.6340 78.0111 -1131.9376 -0.0008 0.7455 0.0284 -0.6660
101.7943 1767.9680 78.0492 -1132.1320 -0.0005 0.7434 0.0280 -0.6682
101.8979 1766.2685 78.0889 -1132.3010 -0.0005 0.7417 0.0282 -0.6701
102.0016 1764.5581 78.1373 -1132.4857 -0.0005 0.7399 0.0284 -0.6721
102.1052 1762.8585 78.1813 -1132.6501 -0.0007 0.7380 0.0286 -0.6742
102.2089 1761.1735 78.2135 -1132.8133 -0.0008 0.7367 0.0289 -0.6756
102.3126 1759.4623 78.2561 -1132.9727 -0.0008 0.7355 0.0292 -0.6769
102.4162 1757.7713 78.2982 -1133.1121 -0.0007 0.7344 0.0291 -0.6781
102.5200 1756.0538 78.3418 -1133.2628 -0.0008 0.7336 0.0289 -0.6789
102.6236 1754.3641 78.3805 -1133.3991 -0.0009 0.7328 0.0288 -0.6799
102.7273 1752.6655 78.4135 -1133.5197 -0.0008 0.7323 0.0286 -0.6804
102.8309 1750.9506 78.4597 -1133.6408 -0.0008 0.7319 0.0287 -0.6809
102.9347 1749.2489 78.4971 -1133.7858 -0.0010 0.7313 0.0286 -0.6815
103.0383 1747.5329 78.5273 -1133.9075 -0.0008 0.7310 0.0289 -0.6818
103.1420 1745.8199 78.5703 -1134.0234 -0.0005 0.7306 0.0289 -0.6821
103.2457 1744.1117 78.6138 -1134.1529 -0.0004 0.7300 0.0292 -0.6828
103.3494 1742.3835 78.6436 -1134.2624 -0.0001 0.7298 0.0295 -0.6830
103.4530 1740.6683 78.6920 -1134.3990 -0.0001 0.7291 0.0296 -0.6837
103.5567 1738.9365 78.7279 -1134.5133 -0.0003 0.7289 0.0295 -0.6840
103.6603 1737.2401 78.7704 -1134.6232 -0.0005 0.7285 0.0296 -0.6844
103.7641 1735.5160 78.8108 -1134.7389 -0.0002 0.7279 0.0298 -0.6850
103.8677 1733.8069 78.8597 -1134.8579 -0.0001 0.7276 0.0301 -0.6854
103.9713 1732.1101 78.8925 -1134.9598 -0.0001 0.7272 0.0302 -0.6858
104.0751 1730.4184 78.9282 -1135.0630 -0.0013 0.7266 0.0300 -0.6864
104.1787 1728.7458 78.9655 -1135.1671 -0.0020 0.7262 0.0294 -0.6869
104.2823 1727.0601 78.9965 -1135.2707 -0.0027 0.7257 0.0289 -0.6874
104.3860 1725.3883 79.0390 -1135.3699 -0.0029 0.7250 0.0284 -0.6882
104.4898 1723.7225 79.0623 -1135.4565 -0.0029 0.7243 0.0283 -0.6889
104.5934 1722.0640 79.0889 -1135.5465 -0.0026 0.7229 0.0285 -0.6904
104.6973 1720.4117 79.1199 -1135.6288 -0.0027 0.7212 0.0288 -0.6921
104.8009 1718.7754 79.1425 -1135.6972 -0.0031 0.7189 0.0290 -0.6945
104.9046 1717.1403 79.1664 -1135.7645 -0.0035 0.7159 0.0292 -0.6976
105.0084 1715.5223 79.1920 -1135.7966 -0.0040 0.7129 0.0291 -0.7006
105.1121 1713.9139 79.2044 -1135.8284 -0.0041 0.7092 0.0290 -0.7044
105.2159 1712.3090 79.2379 -1135.8424 0.0042 -0.7048 -0.0294 0.7087
105.3194 1710.7329 79.2570 -1135.8222 0.0045 -0.7001 -0.0296 0.7134
105.4232 1709.1535 79.2722 -1135.7839 0.0050 -0.6945 -0.0297 0.7189
105.5269 1707.6176 79.2872 -1135.7280 0.0056 -0.6885 -0.0295 0.7246
105.6307 1706.0806 79.2925 -1135.6424 0.0066 -0.6819 -0.0289 0.7309
105.7344 1704.5434 79.3096 -1135.5301 0.0073 -0.6745 -0.0280 0.7377
105.8381 1703.0551 79.3163 -1135.3810 0.0078 -0.6670 -0.0272 0.7445
105.9419 1701.5680 79.3151 -1135.2100 0.0081 -0.6589 -0.0264 0.7517
106.0456 1700.0760 79.3248 -1134.9985 0.0080 -0.6500 -0.0259 0.7594
106.1494 1698.6318 79.3096 -1134.7554 0.0082 -0.6406 -0.0253 0.7674
106.2531 1697.1708 79.3184 -1134.4831 0.0089 -0.6301 -0.0244 0.7761
106.3570 1695.7510 79.3058 -1134.1702 0.0093 -0.6194 -0.0234 0.7847
106.4608 1694.3324 79.2987 -1133.7987 0.0096 -0.6081 -0.0215 0.7935
106.5645 1692.9055 79.2666 -1133.4083 0.0095 -0.5963 -0.0192 0.8025
106.6682 1691.5428 79.2582 -1132.9701 0.0098 -0.5845 -0.0176 0.8112
106.7719 1690.1750 79.2333 -1132.4878 0.0095 -0.5720 -0.0159 0.8200
106.8757 1688.7855 79.2051 -1131.9566 0.0090 -0.5588 -0.0150 0.8291
106.9793 1687.4609 79.1762 -1131.4162 0.0085 -0.5452 -0.0143 0.8381
107.0832 1686.1306 79.1494 -1130.7901 0.0085 -0.5307 -0.0136 0.8474
107.1869 1684.8578 79.1236 -1130.1482 0.0091 -0.5156 -0.0130 0.8567
107.2905 1683.5958 79.0883 -1129.4566 0.0104 -0.5002 -0.0116 0.8658
107.3943 1682.3197 79.0379 -1128.7029 0.0112 -0.4845 -0.0101 0.8747
107.4980 1681.1550 78.9984 -1127.9421 0.0113 -0.4692 -0.0091 0.8830
107.6016 1679.9901 78.9602 -1127.1275 0.0113 -0.4535 -0.0078 0.8912
107.7054 1678.8145 78.9028 -1126.2532 0.0117 -0.4371 -0.0067 0.8993
107.8091 1677.7249 78.8525 -1125.3661 0.0116 -0.4210 -0.0063 0.9070
107.9128 1676.6282 78.8077 -1124.4164 0.0118 -0.4044 -0.0059 0.9145
108.0164 1675.6118 78.7524 -1123.4481 0.0125 -0.3878 -0.0049 0.9216
108.1202 1674.6075 78.7014 -1122.4430 0.0139 -0.3710 -0.0037 0.9285
108.2239 1673.6219 78.6262 -1121.3770 0.0147 -0.3541 -0.0019 0.9351
108.3276 1672.7281 78.5595 -1120.3292 0.0152 -0.3376 -0.0001 0.9412
108.4312 1671.8453 78.4953 -1119.2213 0.0158 -0.3207 0.0016 0.9471
108.5349 1670.9802 78.4215 -1118.0470 0.0164 -0.3034 0.0032 0.9527
108.6388 1670.2050 78.3415 -1116.9037 0.0171 -0.2868 0.0049 0.9578
108.7426 1669.4167 78.2644 -1115.6789 0.0185 -0.2699 0.0064 0.9627
108.8459 1668.7292 78.1807 -1114.4946 0.0203 -0.2540 0.0084 0.9670
108.9497 1668.0509 78.0949 -1113.2545 0.0208 -0.2384 0.0099 0.9709
109.0532 1667.4039 78.0010 -1111.9490 0.0199 -0.2232 0.0114 0.9745
109.1569 1666.8294 77.9235 -1110.6855 0.0198 -0.2087 0.0129 0.9777
109.2605 1666.2550 77.8258 -1109.3798 0.0202 -0.1938 0.0146 0.9807
109.3644 1665.7323 77.7438 -1108.0409 0.0217 -0.1786 0.0167 0.9835
109.4679 1665.2680 77.6192 -1106.7320 0.0229 -0.1639 0.0182 0.9860
109.5716 1664.8320 77.5345 -1105.3925 0.0230 -0.1485 0.0182 0.9885
109.6753 1664.4266 77.4652 -1103.9630 0.0216 -0.1320 0.0184 0.9908
109.7791 1664.0802 77.3588 -1102.6110 0.0206 -0.1155 0.0172 0.9929
109.8827 1663.7748 77.2734 -1101.1643 0.0242 -0.0976 0.0175 0.9948
109.9864 1663.5185 77.1518 -1099.8124 0.0298 -0.0806 0.0169 0.9962
110.0901 1663.2955 77.0617 -1098.3910 0.0320 -0.0638 0.0173 0.9973
110.1939 1663.1293 76.9364 -1096.9409 0.0298 -0.0470 0.0190 0.9983
110.2976 1663.0196 76.8434 -1095.5269 0.0266 -0.0310 0.0213 0.9989
110.4014 1662.9457 76.7287 -1094.0744 0.0253 -0.0143 0.0228 0.9993
110.5051 1662.9338 76.6322 -1092.6034 0.0270 0.0030 0.0240 0.9993
110.6089 1662.9693 76.5267 -1091.1861 0.0292 0.0198 0.0243 0.9991
110.7125 1663.0474 76.4190 -1089.7108 0.0314 0.0367 0.0246 0.9985
110.8162 1663.1671 76.2861 -1088.3026 0.0328 0.0532 0.0246 0.9977
110.9200 1663.3437 76.1912 -1086.8693 0.0333 0.0699 0.0241 0.9967
111.0236 1663.5634 76.0658 -1085.3866 0.0328 0.0872 0.0239 0.9954
111.1273 1663.8374 75.9716 -1083.9855 0.0327 0.1037 0.0233 0.9938
111.2310 1664.1615 75.8348 -1082.5409 0.0331 0.1200 0.0224 0.9920
111.3347 1664.5218 75.7383 -1081.1012 0.0334 0.1359 0.0224 0.9899
111.4384 1664.9428 75.6257 -1079.7157 0.0331 0.1503 0.0223 0.9878
111.5420 1665.3847 75.5186 -1078.2832 0.0328 0.1646 0.0231 0.9855
111.6458 1665.9071 75.4060 -1076.8831 0.0317 0.1778 0.0235 0.9833
111.7494 1666.4449 75.3195 -1075.4920 0.0313 0.1902 0.0244 0.9809
111.8530 1667.0126 75.2085 -1074.0885 0.0314 0.2020 0.0248 0.9786
111.9566 1667.6331 75.1212 -1072.6964 0.0321 0.2125 0.0254 0.9763
112.0602 1668.2838 75.0077 -1071.3271 0.0330 0.2220 0.0267 0.9741
112.1638 1668.9542 74.9123 -1069.9479 0.0335 0.2305 0.0279 0.9721
112.2684 1669.6688 74.8098 -1068.5825 0.0324 0.2381 0.0290 0.9703
112.3709 1670.4059 74.7287 -1067.2173 0.0315 0.2455 0.0296 0.9684
112.4746 1671.1364 74.6189 -1065.8351 0.0312 0.2532 0.0299 0.9664
112.5782 1671.9196 74.5461 -1064.4731 0.0320 0.2596 0.0301 0.9647
112.6817 1672.7219 74.4439 -1063.1231 0.0326 0.2653 0.0310 0.9631
112.7856 1673.5528 74.3463 -1061.7578 0.0323 0.2692 0.0319 0.9620
112.8898 1674.3745 74.2548 -1060.3966 0.0316 0.2719 0.0319 0.9613
112.9924 1675.1962 74.1773 -1059.0380 0.0313 0.2741 0.0316 0.9607
113.0960 1676.0609 74.0845 -1057.6813 0.0310 0.2753 0.0312 0.9603
113.1996 1676.9298 73.9931 -1056.2873 0.0304 0.2766 0.0310 0.9600
113.3032 1677.7875 73.9088 -1054.9003 0.0290 0.2778 0.0316 0.9597
113.4073 1678.6709 73.8177 -1053.5180 0.0283 0.2783 0.0314 0.9596
113.5105 1679.5623 73.7425 -1052.1218 0.0285 0.2791 0.0315 0.9593
113.6142 1680.4430 73.6704 -1050.7373 0.0287 0.2801 0.0316 0.9590
113.7179 1681.3392 73.5763 -1049.3029 0.0291 0.2810 0.0315 0.9588
113.8238 1682.2571 73.4988 -1047.8799 0.0298 0.2819 0.0303 0.9585
113.9252 1683.1670 73.4039 -1046.4446 0.0296 0.2828 0.0302 0.9583
114.0288 1684.1004 73.3233 -1045.0141 0.0287 0.2836 0.0319 0.9580
