0.029198
0.088787
0.10209
0.103291
0.104495
0.104208
0.105004
0.097977
0.099774
0.103229
0.101825
0.108335
0.094476
0.100173
0.100022
0.100646
0.096706
0.102124
0.099548
0.101435
0.100052
0.100459
0.098044
0.098597
0.098352
0.102122
0.102316
0.097169
0.105626
0.102406
0.098336
0.101862
0.103379
0.099372
0.103072
0.102066
0.096609
0.101128
0.102396
0.096613
0.097707
0.102958
0.098905
0.101354
0.100435
0.096326
0.096519
0.098145
0.095126
0.090478
0.099377
0.093886
0.104225
0.104459
0.09999
0.098408
0.100767
0.095119
0.09762
0.099021
0.093483
0.09148
0.097931
0.091886
0.091736
0.091506
0.09306
0.091705
0.089658
0.091911
0.091897
0.088725
0.087003
0.091943
0.085381
0.08981
0.087855
0.089964
0.084959
0.089286
0.088098
0.085507
0.083394
0.086464
0.089222
0.083992
0.084939
0.102736
0.097597
0.099397
0.099764
0.097252
0.10102
0.099619
0.100576
0.099181
0.099609
0.098997
0.099891
0.098642
0.097038
0.098392
0.096533
0.097781
0.098114
0.096745
0.092938
0.096111
0.091553
0.091106
0.092503
0.09376
0.089765
0.094181
0.087363
0.089447
0.089539
0.091051
0.090406
0.092752
0.089521
0.086597
0.085952
0.087036
0.085564
0.086065
0.08707
0.087232
0.085657
0.084005
0.084814
0.086988
0.082737
0.080436
0.082658
0.084212
0.082011
0.080955
0.083134
0.083681
0.081316
0.080026
0.083129
0.079878
0.078547
0.079483
0.079381
0.078987
0.080427
0.079407
0.076328
0.079683
0.081279
0.096187
0.088809
0.088635
0.088794
0.091299
0.090794
0.090364
0.09214
0.088902
0.089282
0.088554
0.09271
0.094839
0.091873
0.087401
0.091437
0.088733
0.088686
0.090683
0.090311
0.087229
0.090369
0.09108
0.091
0.090473
0.089696
0.089721
0.092426
0.085886
0.089264
0.085761
0.090555
0.087215
0.093089
0.090305
0.092236
0.089089
0.093643
0.08943
0.092292
0.098662
0.094542
0.098607
0.096949
0.095599
0.091063
0.089405
0.090814
0.092415
0.088664
0.091271
0.091891
0.087899
0.087518
0.090076
0.090448
0.087736
0.086299
0.085082
0.089943
0.094284
0.091785
0.097453
0.100465
0.099735
0.098296
0.094496
0.094862
0.096952
0.091937
0.096625
0.091589
0.095989
0.099481
0.097955
0.097757
0.095622
0.098165
0.092429
0.092172
0.093777
0.093565
0.095331
0.093523
0.08993
0.096492
0.097956
0.0969
0.096161
0.097163
0.098112
0.097391
0.095233
0.093532
0.101476
0.101938
0.101914
0.103389
0.105936
0.103002
0.105114
0.100879
0.099567
0.101765
0.101457
0.100678
0.097607
0.09895
0.098134
0.097192
0.098724
0.100527
0.095376
0.09448
0.094712
0.093018
0.090472
0.09335
0.087715
0.085819
0.080936
0.080027
0.0735
0.071484
0.070661
0.072613
0.072431
0.073407
0.07711
0.075915
0.080074
0.076556
0.084239
0.085627
0.086882
0.089994
0.088127
0.089391
0.103533
0.094741
0.095941
0.095328
0.09164
0.091556
0.090729
0.096662
0.087351
0.09012
0.087148
0.089788
0.088731
0.090026
0.086556
0.087125
0.084575
0.084754
0.092968
0.093093
0.093191
0.10643
0.10175
0.100485
0.102159
0.105307
0.10159
0.103994
0.105733
0.102507
0.101621
0.104619
0.107127
0.107744
0.106999
0.102554
0.107352
0.107309
0.103068
0.109504
0.111439
0.106438
0.109703
0.104359
0.10607
0.108895
0.114015
0.106982
0.107705
0.107567
0.10401
0.106594
0.105386
0.106141
0.105647
0.105527
0.104197
0.104395
0.103847
0.104423
0.104872
0.105927
0.104628
0.10788
0.110592
0.105507
0.107277
0.102911
0.101836
0.110204
0.115082
0.119853
0.119913
0.119957
0.119128
0.122002
0.118228
0.116682
0.117357
0.12395
0.125642
0.126659
0.125106
0.122634
0.120388
0.119878
0.122069
0.11897
0.117523
0.121438
0.1206
0.119428
0.124891
0.122217
0.123114
0.124534
0.122237
0.122044
0.119429
0.121266
0.119424
0.121067
0.122409
0.123342
0.123826
0.126753
0.129969
0.127369
0.127204
0.127062
0.125531
0.128916
0.130344
0.120983
0.128761
0.122596
0.127946
0.126385
0.128224
0.125758
0.124973
0.129205
0.13057
0.131034
0.128002
0.124498
0.122266
0.122318
0.125001
0.123511
0.12945
0.123933
0.130179
0.12535
0.122411
0.127345
0.128997
0.128149
0.130252
0.129216
0.125146
0.129692
0.124377
0.128771
0.130478
0.129236
0.125424
0.126848
0.118105
0.122731
0.118323
0.120487
0.118352
0.122684
0.124319
0.119967
0.12559
0.123111
0.119497
0.125245
0.122026
0.130559
0.125576
0.122388
0.126653
0.127291
0.130614
0.127709
0.12805
0.127517
0.120678
0.132087
0.13056
0.126001
0.124752
0.129039
0.122917
0.127558
0.129168
0.126792
0.127315
0.123785
0.125795
0.124738
0.127787
0.126856
0.124539
0.131391
0.126209
0.128811
0.130209
0.12704
0.122404
0.124254
0.127033
0.118232
0.12516
0.123294
0.122014
0.121872
0.119811
0.118466
0.122774
0.123323
0.12128
0.122847
0.119994
0.120325
0.124648
0.129821
0.126615
0.131345
0.12858
0.130644
0.130115
0.128847
0.128075
0.129694
0.12055
0.122485
0.123331
0.123264
0.129504
0.126177
0.129649
0.131836
0.124292
0.128759
0.127362
0.126057
0.129755
0.124193
0.133005
0.123728
0.122554
0.124935
0.12573
0.123717
0.120916
0.12239
0.121347
0.126897
0.128128
0.133203
0.129574
0.121683
0.121467
0.126513
0.124146
0.119928
0.124635
0.127585
0.130846
0.129553
0.126897
0.125134
0.125238
0.12633
0.128296
0.130167
0.128365
0.129893
0.128098
0.124267
0.124302
0.129619
0.128369
0.1261
0.127539
0.127673
0.125512
0.121231
0.118075
0.12134
0.126028
0.131343
0.132068
0.127847
0.127007
0.128211
0.123396
0.126213
0.131913
0.125375
0.12689
0.127341
0.126981
0.13038
0.123489
0.119562
0.12346
0.124684
0.124902
0.120922
0.124244
0.122944
0.127437
0.122385
0.126129
0.118847
0.124335
0.124338
0.127224
0.12938
0.127889
0.126658
0.131504
0.131072
0.125982
0.126549
0.129811
0.123318
0.132406
0.133433
0.132975
0.124621
0.13133
0.126655
0.124445
0.13024
0.128212
0.130125
0.12908
0.131567
0.131169
0.130899
0.126578
0.129807
0.130669
0.130636
0.125373
0.123113
0.126443
0.12989
0.123578
0.129518
0.132737
0.127161
0.124155
0.12761
0.127281
0.130322
0.128527
0.126741
0.130046
0.129305
0.127546
0.125206
0.127516
0.124386
0.129945
0.130373
0.129302
0.129084
0.130278
0.129509
0.126209
0.1295
0.13387
0.130905
0.130463
0.131673
0.129186
0.127854
0.125793
0.122079
0.130628
0.12839
0.130709
0.128118
0.126284
0.126708
0.123214
0.124922
0.124379
0.128578
0.129853
0.124604
0.124821
0.130308
0.124058
0.128225
0.123107
0.129018
0.128435
0.12705
0.125042
0.123511
0.124114
0.123599
0.126823
0.125744
0.12319
0.129359
0.126719
0.123166
0.126272
0.125595
0.125984
0.130987
0.121822
0.128599
0.120842
0.12534
0.129862
0.126273
0.131331
0.131505
0.123799
0.12311
0.127945
0.127064
0.12605
0.129974
0.130041
0.130075
0.127618
0.125545
0.125815
0.11951
0.127774
0.124363
0.127245
0.125182
0.128658
0.125858
0.125522
0.131784
0.127426
0.129395
0.128237
0.121297
0.121343
0.122231
0.123208
0.123486
0.123491
0.123353
0.120082
0.121722
0.123317
0.122633
0.118257
0.127944
0.128074
0.128622
0.126583
0.130018
0.126994
0.129403
0.132235
0.128345
0.12349
0.129036
0.123258
0.128178
0.128511
0.128551
0.128969
0.130728
0.130823
0.128867
0.127411
0.126248
0.130233
0.129126
0.130935
0.129691
0.128085
0.117268
0.123238
0.123983
0.123931
0.128826
0.13067
0.124358
0.125824
0.125332
0.127176
0.126631
0.127925
0.12696
0.125543
0.126924
0.123173
0.127252
0.123464
0.127529
0.128981
0.127838
0.125412
0.123136
0.123538
0.121246
0.116873
0.119538
0.119004
0.120455
0.118022
0.120257
0.120043
0.116212
0.117105
0.117929
0.116222
0.115822
0.115123
0.11138
0.114584
0.112856
0.110281
0.111232
0.112433
0.114698
0.120538
0.116371
0.115372
0.117545
0.114525
0.118605
0.117669
0.117624
0.120776
0.122448
0.117212
0.120751
0.123664
0.12704
0.126413
0.126382
0.126439
0.126924
0.124755
0.122849
0.123743
0.125188
0.124924
0.126155
0.11922
0.126372
0.121019
0.121033
0.125877
0.125957
0.122712
0.121254
0.124829
0.123126
0.121435
0.124761
0.126334
0.119975
0.126072
0.1195
0.127848
0.121096
0.12298
0.123563
0.129594
0.126865
0.124068
0.124082
0.122094
0.123172
0.119217
0.123151
0.124022
0.120052
0.123909
0.119769
0.125603
0.125292
0.120551
0.124156
0.122858
0.122366
0.121563
0.123322
0.124681
0.120891
0.126617
0.12489
0.125281
0.122556
0.124202
0.124248
0.127232
0.119499
0.124092
0.128509
0.13197
0.1287
0.127882
0.127764
0.130353
0.132553
0.124825
0.131457
0.131312
0.12716
0.131138
0.129695
0.129051
0.1314
0.129747
0.124952
0.132209
0.131581
0.130121
0.130736
0.133237
0.132569
0.133824
0.122891
0.128459
0.135292
0.132917
0.124443
0.132319
0.130907
0.131056
0.135929
0.134474
0.132088
0.129179
0.125169
0.126369
0.125672
0.126161
0.132836
0.13035
0.127495
0.125041
0.126434
0.129451
0.127481
0.12502
0.127039
0.129815
0.129565
0.128011
0.129941
0.124364
0.130648
0.12926
0.127494
0.125942
0.126699
0.128841
0.127226
0.120571
0.121337
0.12555
0.130035
0.131551
0.130989
0.130882
0.121021
0.125194
0.122397
0.130489
0.126875
0.130434
0.132588
0.131966
0.124426
0.128235
0.126697
0.128791
0.121744
0.124112
0.128113
0.13172
0.125097
0.131192
0.121665
0.131373
0.125882
0.128056
0.124662
0.122271
0.129185
0.12736
0.128694
0.129382
0.126044
0.129974
0.12952
0.125553
0.125384
0.13045
0.128447
0.131017
0.122844
0.131311
0.130222
0.132548
0.128117
0.128745
0.12484
0.125061
0.127341
0.126619
0.119229
0.116719
0.117009
0.130176
0.128709
0.125679
0.122681
0.119402
0.128051
0.120295
0.11924
0.11497
0.123278
0.127476
0.131627
0.130335
0.131544
0.132196
0.138829
0.134001
0.131524
0.127515
0.134426
0.132608
0.132075
0.131533
0.132712
0.133209
0.131387
0.134939
0.134328
0.126997
0.138001
0.138932
0.13801
0.129724
0.132104
0.133386
0.134807
0.133531
0.129688
0.128189
0.125413
0.127601
0.1301
0.124453
0.123554
0.124336
0.116061
0.121043
0.121242
0.119485
0.125081
0.125893
0.124206
0.122744
0.120059
0.112652
0.114627
0.109227
0.110586
0.103624
0.108645
0.104725
0.106919
0.101897
0.101804
0.099845
0.097341
0.097881
0.098483
0.094593
0.095961
0.096486
0.098804
0.101069
0.099783
0.098824
0.103247
0.098944
0.10051
0.097332
0.09817
0.095778
0.093504
0.097035
0.093039
0.099537
0.099961
0.101956
0.1053
0.098385
0.102048
0.101298
0.100488
0.100359
0.106544
0.102164
0.104523
0.105174
0.11001
0.105461
0.109885
0.105496
0.121227
0.111861
0.11662
0.114521
0.114236
0.112535
0.113506
0.12086
0.118739
0.113728
0.11781
0.121955
0.12029
0.135961
0.123202
0.128024
0.132335
0.124622
0.131371
0.12607
0.126847
0.129823
0.132138
0.123297
0.11971
0.124481
0.11884
0.121188
0.119706
0.123637
0.119877
0.128623
0.124356
0.127338
0.123306
0.124972
0.123684
0.118809
0.123687
0.124586
0.123648
0.12244
0.118601
0.119187
0.120086
0.128243
0.125348
0.123808
0.124538
0.120185
0.124038
0.133162
0.130255
0.131299
0.123442
0.12276
0.13126
0.126159
0.127656
0.125924
0.126089
0.131347
0.129851
0.128669
0.129814
0.124942
0.129354
0.130669
0.12824
0.127732
0.127936
0.125522
0.120628
0.125825
0.121389
0.127631
0.127075
0.122011
0.125666
0.121172
0.128321
0.124799
0.126758
0.128981
0.131178
0.128902
0.129561
0.121981
0.125966
0.128467
0.126035
0.123604
0.132304
0.125814
0.121662
0.129331
0.131633
0.127415
0.129111
0.126674
0.132308
0.120413
0.127313
0.123735
0.125649
0.123422
0.124275
0.127584
0.117183
0.121182
0.126046
0.127214
0.128376
0.127532
0.126371
0.125093
0.121979
0.129398
0.125376
0.123206
0.128399
0.128081
0.127037
0.129405
0.124617
0.127931
0.129266
0.126416
0.129138
0.128486
0.129794
0.126987
0.125739
0.12609
0.12875
0.128265
0.121534
0.131372
0.120431
0.124443
0.127845
0.126773
0.127292
0.121498
0.124682
0.125046
0.129167
0.129164
0.122659
0.128155
0.122041
0.128373
0.128761
0.124901
0.128158
0.127602
0.13142
0.130021
0.123693
0.129323
0.121901
0.124014
0.122153
0.122901
0.129449
0.123341
0.129505
0.120158
0.127302
0.125329
0.124895
0.127889
0.12487
0.12353
0.126344
0.122637
0.12619
0.125095
0.123765
0.125109
0.125876
0.121703
0.125137
0.122539
0.126785
0.121763
0.124827
0.127205
0.125529
0.129729
0.125972
0.129063
0.125984
0.128004
0.123629
0.115944
0.127152
0.125967
0.122893
0.121261
0.120529
0.120955
0.123948
0.122392
0.122327
0.121119
0.128563
0.127473
0.122899
0.126947
0.12516
0.127553
0.127
0.12777
0.126628
0.131761
0.121697
0.125562
0.126863
0.123522
0.122182
0.128489
0.126485
0.126374
0.125445
0.130361
0.125201
0.129206
0.118282
0.128033
0.124406
0.125852
0.127793
0.121661
0.119517
0.129978
0.127648
0.120314
0.126567
0.12217
0.12713
0.127632
0.127141
0.127669
0.119293
0.121306
0.127269
0.121249
0.122025
0.127423
0.122346
0.121927
0.123928
0.125137
0.120089
0.114599
0.124143
0.131824
0.130331
0.124847
0.13007
0.123017
0.128304
0.125708
0.126074
0.129731
0.129902
0.127682
0.124802
0.126171
0.125158
0.122687
0.115467
0.123886
0.11867
0.125314
0.120099
0.115101
0.121456
0.125962
0.116342
0.124136
0.126607
0.126766
0.124512
0.119544
0.124415
0.13058
0.133527
0.125899
0.130473
0.135373
0.130084
0.13539
0.126771
0.13065
0.132728
0.130827
0.132943
0.128262
0.13542
0.131009
0.132176
0.127803
0.130788
0.12605
0.137061
0.132188
0.130393
0.125787
0.133873
0.130007
0.127077
0.122906
0.126378
0.125501
0.124549
0.117163
0.114172
0.115224
0.107689
0.110005
0.10519
0.101287
0.10032
0.100038
0.09914
0.096254
0.097881
0.098024
0.097941
0.097061
0.09171
0.094075
0.093153
0.090969
0.091298
0.092521
0.09198
0.090717
0.09298
0.092841
0.097353
0.094544
0.094481
0.094336
0.105454
0.103403
0.10201
0.103295
0.10258
0.103722
0.117556
0.113839
0.10931
0.109143
0.110004
0.10916
0.113838
0.119581
0.114399
0.117527
0.114029
0.109816
0.118183
0.121145
0.125155
0.121426
0.11385
0.118829
0.111895
0.119622
0.117978
0.12153
0.117937
0.118017
0.116656
0.116629
0.116353
0.113945
0.113955
0.112418
0.112251
0.109816
0.108186
0.103893
0.112462
0.106813
0.116003
0.111064
0.112162
0.11122
0.116616
0.11088
0.110458
0.113563
0.113012
0.109872
0.114742
0.110506
0.110677
0.110543
0.107489
0.106861
0.108851
0.1018
0.105271
0.103396
0.104169
0.101377
0.103406
0.109244
0.112054
0.105678
0.123173
0.114699
0.11252
0.115981
0.119614
0.119238
0.112591
0.114697
0.125396
0.116328
0.125587
0.123007
0.120864
0.125834
0.121357
0.120622
0.124957
0.118935
0.125691
0.121788
0.125095
0.132646
0.126353
0.128693
0.128329
0.129402
0.124018
0.124807
0.124031
0.122663
0.127227
0.124969
0.126081
0.127065
0.12573
0.125278
0.124463
0.122923
0.123143
0.122394
0.12069
0.121919
0.119326
0.123216
0.129374
0.130055
0.128367
0.123449
0.13055
0.128672
0.125852
0.124344
0.121757
0.121555
0.125067
0.127877
0.125424
0.124065
0.137981
0.127498
0.128564
0.121302
0.119232
0.123517
0.135766
0.128244
0.12217
0.121789
0.123788
0.117946
0.120456
0.116408
0.115478
0.120514
0.120699
0.122575
0.124454
0.123795
0.121019
0.122864
0.120403
0.120186
0.119455
0.118696
0.121875
0.12051
0.121231
0.115243
0.120025
0.12373
0.12514
0.129198
0.126305
0.129862
0.127404
0.124758
0.12418
0.118401
0.123979
0.123426
0.127846
0.122809
0.123114
0.114645
0.12351
0.122787
0.119023
0.11835
0.121945
0.125733
0.131295
0.126943
0.128618
0.12926
0.127688
0.129767
0.127112
0.125898
0.12418
0.122413
0.122178
0.120432
0.120724
0.12481
0.125256
0.126053
0.127604
0.120752
0.126496
0.124795
0.127718
0.122813
0.127834
0.124539
0.127866
0.121179
0.12889
0.127468
0.123238
0.128332
0.122861
0.124408
0.123183
0.120068
0.125921
0.1165
0.126312
0.123131
0.127576
0.121468
0.121685
0.11954
0.116941
0.120583
0.121378
0.121703
0.12284
0.128037
0.12418
0.125039
0.127423
0.123452
0.127687
0.127647
0.125109
0.123419
0.122184
0.124796
0.124811
0.121061
0.126351
0.118865
0.120717
0.123752
0.122295
0.122695
0.125998
0.12227
0.120682
0.124258
0.125129
0.1212
0.121355
0.126153
0.127152
0.126674
0.128149
0.130204
0.131403
0.127783
0.125658
0.12772
0.128106
0.124993
0.126566
0.124778
0.134547
0.137823
0.139301
0.13873
0.135762
0.152631
0.147133
0.137162
0.142308
0.144254
0.147496
0.144807
0.143687
0.141992
0.141789
0.148224
0.143814
0.152243
0.152447
0.153396
0.150106
0.154092
0.169462
0.157344
0.159678
0.159545
0.154155
0.159347
0.160916
0.160542
0.158971
0.159887
0.15304
0.161209
0.157231
0.148855
0.152347
0.159346
0.157296
0.155588
0.157977
0.164123
0.160874
0.165084
0.167939
0.168752
0.165473
0.161607
0.163537
0.164316
0.163805
0.163052
0.164082
0.164526
0.161242
0.158201
0.154631
0.15881
0.163195
0.156781
0.164004
0.162975
0.157156
0.162695
0.157027
0.159044
0.160828
0.161682
0.157
0.157323
0.154313
0.154191
0.153117
0.14978
0.147019
0.148172
0.14706
0.145816
0.14039
0.142486
0.149216
0.143125
0.144952
0.14837
0.151767
0.14732
0.144785
0.144853
0.145721
0.143411
0.140525
0.138721
0.14213
0.149205
0.147607
0.146771
0.143704
0.146262
0.142511
0.134569
0.139836
0.134657
0.142257
0.139005
0.137895
0.143993
0.14357
0.136926
0.138212
0.129036
0.128491
0.128161
0.125046
0.123414
0.125529
0.128729
0.124792
0.121935
0.125308
0.124319
0.117038
0.122243
0.118143
0.122603
0.118345
0.121107
0.125216
0.122771
0.121133
0.118255
0.118871
0.116952
0.113523
0.114635
0.117202
0.1147
0.120474
0.113382
0.110923
0.110033
0.109901
0.107735
0.108634
0.105534
0.107317
0.108365
0.105442
0.104968
0.10143
0.104486
0.104978
0.108562
0.108269
0.105615
0.100599
0.106982
0.101412
0.106445
0.108956
0.109339
0.104379
0.105569
0.099953
0.107651
0.101775
0.117166
0.106559
0.12627
0.114166
0.111998
0.111342
0.116267
0.112489
0.113795
0.110971
0.111269
0.112285
0.113199
0.114233
0.120328
0.118096
0.120961
0.121628
0.118117
0.119291
0.125747
0.117968
0.118314
0.120258
0.119956
0.118828
0.117678
0.11803
0.117753
0.113303
0.118181
0.119538
0.124836
0.124391
0.123626
0.12176
0.123846
0.118947
0.121367
0.109798
0.11007
0.100964
0.107159
0.106522
0.111529
0.10992
0.109014
0.106578
0.108974
0.10729
0.110048
0.108425
0.107604
0.108823
0.107482
0.11846
0.107561
0.100698
0.102821
0.104893
0.103078
0.104068
0.097778
0.098365
0.096736
0.103514
0.105229
0.101081
0.107128
0.108062
0.112678
0.111304
0.104981
0.117981
0.117873
0.116275
0.116413
0.113799
0.112908
0.108116
0.116126
0.115831
0.116377
0.108576
0.112566
0.12012
0.113596
0.123767
0.121826
0.117598
0.121572
0.129383
0.127072
0.127304
0.12661
0.12102
0.123932
0.127619
0.125542
0.127667
0.132159
0.134532
0.131658
0.132321
0.126884
0.131101
0.127977
0.128264
0.125847
0.128117
0.130756
0.133004
0.135328
0.134085
0.130839
0.12838
0.119163
0.120168
0.118334
0.118567
0.117582
0.11221
0.110196
0.115606
0.110534
0.110447
0.114278
0.11755
0.112234
0.104908
0.112443
0.110918
0.108248
0.105217
0.103488
0.105678
0.105845
0.106692
0.103951
0.104732
0.104283
0.102783
0.104616
0.101117
0.102531
0.102784
0.102603
0.102158
0.105444
0.099526
0.106765
0.108203
0.114473
0.114003
0.114235
0.110119
0.113389
0.116062
0.112091
0.112927
0.112416
0.108481
0.11108
0.113748
0.104851
0.103731
0.117773
0.116101
0.115716
0.114579
0.113243
0.11912
0.114099
0.120098
0.122614
0.119677
0.120396
0.118581
0.119856
0.122268
0.122101
0.11782
0.118474
0.123504
0.122386
0.122217
0.125201
0.126103
0.126979
0.12044
0.130431
0.131418
0.122913
0.127945
0.127529
0.129121
0.129654
0.12477
0.125403
0.127073
0.125583
0.126729
0.127164
0.127427
0.128022
0.127122
0.123391
0.128653
0.127734
0.126265
0.128312
0.130811
0.127043
0.131332
0.127738
0.126763
0.128643
0.127255
0.127621
0.125465
0.124791
0.125375
0.123308
0.122857
0.123688
0.124276
0.125599
0.123457
0.123003
0.120476
0.125032
0.123011
0.127984
0.126028
0.125149
0.128235
0.125696
0.124259
0.124929
0.127277
0.122481
0.125055
0.124854
0.128697
0.122268
0.13042
0.128581
0.126362
0.127352
0.130207
0.122077
0.127201
0.126616
0.125382
0.128395
0.124942
0.124484
0.123984
0.126771
0.13109
0.123657
0.120949
0.119359
0.117758
0.11778
0.119962
0.121096
0.123251
0.123855
0.121752
0.12115
0.119813
0.124513
0.125061
0.12022
0.119846
0.119962
0.148549
0.138916
0.139354
0.141713
0.136402
0.138839
0.138864
0.13927
0.136794
0.142887
0.144093
0.139143
0.138384
0.143281
0.144423
0.145116
0.140313
0.138854
0.144792
0.144876
0.143769
0.147573
0.142452
0.144746
0.146006
0.142472
0.145671
0.144326
0.139199
0.143606
0.140829
0.144194
0.141657
0.131841
0.134719
0.137707
0.141856
0.136421
0.144716
0.14204
0.14272
0.139056
0.144422
0.137478
0.138081
0.140231
0.141519
0.145208
0.141456
0.144418
0.143754
0.143251
0.138533
0.137935
0.141422
0.142917
0.138874
0.141077
0.140091
0.142971
0.136506
0.136305
0.144129
0.135244
0.130143
0.134338
0.12896
0.12981
0.134497
0.129638
0.135671
0.129428
0.134346
0.129091
0.130847
0.136914
0.129545
0.129045
0.142658
0.139751
0.140889
0.141879
0.134529
0.133576
0.131558
0.134977
0.137117
0.139199
0.146081
0.143075
0.139883
0.137658
0.140155
0.142489
0.145161
0.14389
0.143287
0.137758
0.144323
0.139399
0.143171
0.140215
0.13849
0.13639
0.137987
0.136615
0.140059
0.13932
0.138064
0.14045
0.136805
0.127801
0.132106
0.134464
0.136219
0.134214
0.132838
0.136265
0.131233
0.13377
0.136453
0.132864
0.133873
0.132781
0.128975
0.132182
0.131725
0.13303
0.130343
0.135329
0.136369
0.134904
0.133462
0.136622
0.134929
0.134376
0.129537
0.132498
0.13428
0.135317
0.133124
0.135187
0.130152
0.129435
0.135836
0.12962
0.131724
0.13745
0.139824
0.135602
0.140447
0.13631
0.143138
0.142233
0.143617
0.139954
0.136459
0.139422
0.141567
0.141499
0.143561
0.137784
0.138387
0.136702
0.1398
0.139204
0.142962
0.138832
0.140629
0.139593
0.138193
0.134363
0.13086
0.129171
0.135346
0.136413
0.136827
0.136591
0.142126
0.134041
0.133272
0.138239
0.145141
0.136173
0.139236
0.142869
0.14274
0.145434
0.136622
0.139256
0.140558
0.142162
0.144198
0.131035
0.143805
0.142972
0.143199
0.133661
0.143194
0.133344
0.133054
0.136822
0.145781
0.137259
0.131096
0.130958
0.130576
0.140659
0.144492
0.137052
0.144113
0.14165
0.136889
0.135027
0.137514
0.130672
0.128954
0.135128
0.135328
0.132506
0.130707
0.128871
0.132328
0.139744
0.143326
0.141691
0.139414
0.144795
0.130838
0.142293
0.143135
0.133044
0.140981
0.136232
0.140111
0.141559
0.131407
0.134132
0.136001
0.139633
0.135917
0.143336
0.141852
0.14083
0.138209
0.140422
0.138958
0.133986
0.132458
0.137053
0.139342
0.131072
0.139357
0.136134
0.132355
0.132865
0.130416
0.136781
0.133805
0.140847
0.138907
0.135002
0.133797
0.130066
0.135019
0.136385
0.13738
0.130111
0.13015
0.138089
0.137406
0.133764
0.137829
0.135393
0.13504
0.138019
0.131364
0.131003
0.134283
0.136016
0.133605
0.129039
0.1297
0.130374
0.128838
0.123862
0.131093
0.133771
0.129068
0.136255
0.136752
0.129479
0.127516
0.127393
0.127899
0.124015
0.12544
0.131474
0.129706
0.120515
0.126452
0.126323
0.121067
0.125482
0.130386
0.129274
0.122942
0.120747
0.124599
0.123387
0.123486
0.128181
0.125154
0.132654
0.133927
0.134106
0.132326
0.13397
0.139716
0.132805
0.132362
0.130222
0.12595
0.130741
0.128708
0.122501
0.12179
0.126107
0.124029
0.119962
0.129514
0.134654
0.133524
0.134513
0.13748
0.136425
0.129327
0.129553
0.130885
0.123358
0.127426
0.122085
0.12533
0.128275
0.13632
0.134175
0.133688
0.13361
0.134577
0.132457
0.137276
0.13635
0.133804
0.136783
0.13376
0.134194
0.140194
0.14469
0.151414
0.147575
0.146863
0.141891
0.147553
0.142548
0.149619
0.150869
0.151052
0.151271
0.143625
0.15351
0.157091
0.160507
0.158952
0.158012
0.158488
0.162725
0.151682
0.159375
0.161708
0.16198
0.158123
0.159312
0.159318
0.157913
0.158535
0.158352
0.165935
0.164041
0.176236
0.174808
0.17289
0.169208
0.163324
0.16372
0.154806
0.161933
0.162903
0.159602
0.161572
0.161952
0.160888
0.16006
0.166845
0.158567
0.15831
0.162852
0.157551
0.161238
0.166287
0.168636
0.169174
0.172106
0.16602
0.165317
0.169837
0.173702
0.163774
0.166088
0.166064
0.164785
0.165846
0.163417
0.168506
0.166825
0.173658
0.163784
0.17024
0.171102
0.165935
0.170529
0.173341
0.168894
0.169746
0.165577
0.171884
0.174221
0.171404
0.179419
0.159237
0.163536
0.157028
0.163707
0.161924
0.161363
0.158653
0.164385
0.159934
0.167661
0.172243
0.167244
0.17037
0.164751
0.171418
0.165902
0.16642
0.162311
0.166469
0.160891
0.16998
0.161618
0.16948
0.1693
0.16321
0.158248
0.169104
0.162013
0.167405
0.160245
0.162341
0.161775
0.165921
0.161374
0.162863
0.161723
0.162245
0.156666
0.159181
0.1549
0.164195
0.159329
0.162036
0.170214
0.170822
0.164937
0.171721
0.171903
0.171038
0.171006
0.168161
0.168382
0.165178
0.174059
0.162154
0.169565
0.16522
0.172886
0.170859
0.164461
0.159711
0.162133
0.164915
0.168443
0.163414
0.165216
0.167702
0.169594
0.167657
0.171831
0.165024
0.160653
0.169079
0.172542
0.168365
0.167326
0.164951
0.168169
0.169245
0.161713
0.17049
0.173008
0.165761
0.166321
0.167802
0.162179
0.164488
0.168837
0.164812
0.164419
0.169627
0.16869
0.168942
0.168514
0.173027
0.170299
0.172224
0.165605
0.167756
0.171342
0.165935
0.162899
0.160674
0.161653
0.16215
0.163311
0.162276
0.160459
0.155167
0.159313
0.158139
0.162272
0.162043
0.156123
0.166086
0.161878
0.165066
0.165021
0.163619
0.158857
0.164153
0.162208
0.163463
0.15915
0.159507
0.16227
0.155437
0.156374
0.15623
0.162117
0.169672
0.172672
0.162155
0.165043
0.155918
0.156875
0.160836
0.160903
0.17253
0.162739
0.165009
0.169121
0.169347
0.168005
0.167805
0.172925
0.160713
0.161756
0.16064
0.157039
0.169163
0.171737
0.158397
0.157045
0.169638
0.170546
0.169301
0.164894
0.170968
0.167677
0.16908
0.167921
0.160949
0.168818
0.168773
0.16579
0.169565
0.168797
0.167915
0.164158
0.167588
0.167379
0.168646
0.157095
0.162634
0.166458
0.17137
0.159171
0.154443
0.160646
0.159188
0.154737
0.157156
0.156916
0.159744
0.159408
0.160895
0.156137
0.155418
0.157267
0.154108
0.160624
0.171346
0.168817
0.159785
0.164909
0.169406
0.168484
0.165648
0.163553
0.169795
0.168686
0.16761
0.168476
0.167506
0.163424
0.165234
0.165699
0.159465
0.161057
0.164376
0.163012
0.164509
0.163332
0.16537
0.171671
0.1625
0.168727
0.164997
0.161994
0.167431
0.163363
0.161125
0.167134
0.165386
0.165317
0.169726
0.168391
0.16395
0.169886
0.168831
0.16797
0.164712
0.168094
0.171863
0.16896
0.168124
0.167407
0.160813
0.164072
0.158272
0.166397
0.168067
0.172502
0.164019
0.170597
0.168582
0.16735
0.165441
0.161884
0.170531
0.165456
0.170571
0.1683
0.165555
0.171114
0.166018
0.162072
0.164027
0.163042
0.165047
0.160566
0.159853
0.165928
0.161828
0.162071
0.161268
0.165575
0.162193
0.161275
0.161133
0.161334
0.16477
0.164488
0.166937
0.163695
0.164729
0.159269
0.161411
0.15987
0.161746
0.157065
0.160353
0.16193
0.159013
0.16204
0.154131
0.161124
0.159358
0.157024
0.155688
0.158013
0.155429
0.166971
0.154582
0.168504
0.167152
0.162921
0.16356
0.163488
0.162514
0.159876
0.157509
0.160545
0.167111
0.162118
0.161447
0.165113
0.170941
0.170404
0.16491
0.168119
0.172643
0.168145
0.165474
0.165627
0.162138
0.162576
0.159929
0.164125
0.166167
0.159627
0.155553
0.164315
0.165765
0.165868
0.166265
0.167066
0.153973
0.158736
0.160886
0.160928
0.162763
0.1554
0.156871
0.166921
0.165581
0.159814
0.165532
0.16724
0.165675
0.169209
0.165486
0.169093
0.166292
0.165528
0.162152
0.164078
0.164339
0.1628
0.168342
0.16577
0.164404
0.162799
0.170244
0.169673
0.165788
0.165937
0.167008
0.168886
0.171544
0.166307
0.168273
0.17004
0.171094
0.170896
0.163248
0.170474
0.166233
0.164653
0.162365
0.163532
0.162666
0.158056
0.159829
0.159146
0.15334
0.159106
0.159021
0.161501
0.162692
0.160308
0.158595
0.155632
0.161533
0.164772
0.160663
0.162561
0.15751
0.160279
0.161906
0.160078
0.166696
0.162504
0.16146
0.161546
0.168802
0.16472
0.167491
0.168923
0.163577
0.171351
0.162525
0.160895
0.157183
0.160772
0.161257
0.159713
0.159841
0.166041
0.164032
0.157477
0.158264
0.163376
0.157373
0.161379
0.1563
0.163509
0.159635
0.168921
0.169385
0.167925
0.16343
0.161699
0.164887
0.167117
0.167269
0.168864
0.168593
0.164474
0.169864
0.160893
0.168941
0.165937
0.166403
0.160793
0.168324
0.16238
0.168204
0.167446
0.164392
0.164504
0.168589
0.170467
0.165095
0.161038
0.168081
0.166222
0.162538
0.167701
0.166145
0.168521
0.165093
0.163414
0.165781
0.161973
0.164845
0.160267
0.167869
0.169048
0.16566
0.165617
0.166429
0.168169
0.160611
0.159942
0.164294
0.162105
0.166264
0.162759
0.161299
0.160033
0.163895
0.160998
0.164827
0.167927
0.169954
0.166049
0.16797
0.166892
0.172551
0.170964
0.164882
0.171118
0.169237
0.167066
0.167055
0.168442
0.171616
0.163253
0.164086
0.163936
0.160468
0.16178
0.163913
0.161376
0.166654
0.15732
0.162591
0.160967
0.166559
0.164793
0.169644
0.169731
0.165882
0.164498
0.164343
0.160983
0.160466
0.165383
0.169608
0.17005
0.166271
0.170406
0.175093
0.168096
0.16676
0.156969
0.170803
0.170441
0.169187
0.168404
0.168251
0.170655
0.163795
0.165424
0.170186
0.16977
0.160973
0.165203
0.172455
0.169788
0.16122
0.165734
0.170104
0.171884
0.166468
0.160511
0.168068
0.169153
0.173232
0.173829
0.169037
0.165541
0.170362
0.171888
0.164567
0.165344
0.163025
0.163709
0.161344
0.167365
0.171115
0.171243
0.158283
0.166465
0.169384
0.168147
0.167635
0.161866
0.167876
0.166138
0.155327
0.164894
0.165869
0.166535
0.16614
0.164131
0.168962
0.170885
0.164343
0.16628
0.167463
0.161298
0.166655
0.162308
0.164679
0.171403
0.169747
0.16764
0.169716
0.169587
0.16126
0.16062
0.170966
0.161367
0.165964
0.168256
0.168781
0.168822
0.171998
0.15977
0.171989
0.169981
0.165107
0.164637
0.16141
0.165817
0.162168
0.160328
0.165251
0.172841
0.174789
0.165542
0.170538
0.171899
0.172264
0.164358
0.173667
0.167161
0.170088
0.173124
0.160063
0.163215
0.167172
0.164126
0.157596
0.163194
0.167643
0.167462
0.167202
0.170799
0.164218
0.163524
0.162845
0.159119
0.164524
0.165419
0.160014
0.163513
0.159563
0.168443
0.167214
0.163948
0.167373
0.172084
0.167149
0.16957
0.168281
0.170357
0.172685
0.168912
0.163889
0.165115
0.162916
0.162485
0.166926
0.166783
0.162629
0.157185
0.164592
0.166245
0.167226
0.16883
0.164734
0.162425
0.16176
0.16485
0.165046
0.162914
0.160895
0.157281
0.165285
0.165864
0.157529
0.162336
0.159664
0.161772
0.160474
0.163007
0.155028
0.157954
0.162279
0.161422
0.163926
0.165036
0.17135
0.169753
0.160434
0.161573
0.171206
0.168922
0.164651
0.160664
0.171075
0.171069
0.167037
0.169811
0.170683
0.171474
0.169195
0.172766
0.173262
0.171735
0.174482
0.172436
0.172326
0.171892
0.164604
0.161894
0.171964
0.164012
0.16493
0.155171
0.161117
0.154195
0.161066
0.155406
0.159691
0.158111
0.160617
0.156237
0.162997
0.157935
0.157847
0.157887
0.157837
0.158379
0.157202
0.151821
0.149968
0.15758
0.151469
0.163704
0.162301
0.161238
0.168393
0.166824
0.160982
0.163363
0.157919
0.1613
0.153923
0.158258
0.157398
0.161983
0.161183
0.159653
0.15803
0.153534
0.154902
0.150003
0.146921
0.152334
0.150618
0.141173
0.142859
0.144001
0.142721
0.142787
0.144837
0.14765
0.145827
0.144341
0.144179
0.137007
0.13491
0.144786
0.147935
0.14869
0.142503
0.137232
0.138018
0.128045
0.133724
0.129607
0.126251
0.122651
0.126902
0.127412
0.122679
0.118446
0.124054
0.118966
0.120504
0.12002
0.118215
0.119764
0.117576
0.121436
0.110767
0.112876
0.108947
0.111817
0.112977
0.110244
0.112481
0.107039
0.112676
0.105897
0.103728
0.103468
0.106237
0.109458
0.107364
0.106365
0.110201
0.109017
0.103995
0.117105
0.114416
0.106105
0.111413
0.109694
0.114633
0.110453
0.125109
0.122626
0.113751
0.116292
0.112332
0.111862
0.113149
0.112741
0.112494
0.113751
0.111822
0.110017
0.115119
0.111348
0.110012
0.109238
0.113837
0.108184
0.113954
0.109094
0.105159
0.108555
0.12662
0.114259
0.116084
0.116586
0.125215
0.116614
0.135013
0.129625
0.121119
0.12858
0.130055
0.130569
0.142688
0.135885
0.139634
0.139943
0.137287
0.134026
0.13858
0.142862
0.141934
0.144571
0.148766
0.144903
0.141605
0.143634
0.145542
0.15139
0.141526
0.145758
0.137955
0.149175
0.141065
0.143986
0.138498
0.139909
0.144677
0.144788
0.140386
0.145774
0.137281
0.138141
0.13567
0.130638
0.133908
0.130787
0.120417
0.1227
0.124058
0.122693
0.125159
0.12388
0.124691
0.120209
0.118692
0.117515
0.115866
0.113904
0.11315
0.116467
0.112909
0.116367
0.109794
0.116367
0.113683
0.114128
0.109386
0.104435
0.110296
0.110048
0.106176
0.109036
0.105222
0.10849
0.109525
0.103824
0.110035
0.111271
0.102239
0.103707
0.109227
0.106741
0.106455
0.10383
0.104002
0.108732
0.108215
0.114441
0.110045
0.113425
0.111403
0.1134
0.11149
0.108649
0.108307
0.109474
0.109257
0.10778
0.105738
0.105534
0.101364
0.104157
0.097449
0.102575
0.10032
0.101048
0.100381
0.096683
0.095526
0.094781
0.099268
0.099184
0.096489
0.095916
0.097371
0.099905
0.096706
0.097442
0.100123
0.102925
0.097608
0.098904
0.103788
0.10151
0.101217
0.101111
0.103132
0.098161
0.097423
0.097092
0.101505
0.104659
0.10002
0.102208
0.10534
0.105154
0.106008
0.104527
0.103664
0.10634
0.105263
0.100926
0.108687
0.107507
0.102712
0.10444
0.102723
0.100037
0.10728
0.103888
0.100446
0.104021
0.103687
0.102394
0.106818
0.104738
0.103244
0.105004
0.105213
0.108617
0.105898
0.106905
0.102996
0.107255
0.104507
0.105084
0.105645
0.104066
0.108392
0.103425
0.103537
0.105919
0.103558
0.108174
0.102988
0.104654
0.104104
0.106871
0.106104
0.104457
0.09671
0.108298
0.105925
0.104136
0.10334
0.111209
0.102069
0.105945
0.103478
0.107617
0.10484
0.102981
0.106692
0.105189
0.103844
0.103238
0.105219
0.100284
0.102277
0.103158
0.104238
0.106355
0.100936
0.104997
0.106074
0.107137
0.104884
0.10713
0.102163
0.10761
0.105498
0.10436
0.105446
0.103097
0.108342
0.10001
0.103436
0.104312
0.105937
0.104047
0.100997
0.101268
0.100785
0.100647
0.101129
0.104564
0.105501
0.102524
0.103891
0.104932
0.105491
0.106093
0.105623
0.101628
0.103582
0.103131
0.099374
0.099299
0.095101
0.102901
0.100082
0.100765
0.101572
0.100406
0.103904
0.104238
0.104644
0.101776
0.103148
0.104936
0.106777
0.105884
0.107185
0.115159
0.113711
0.114307
0.11585
0.119588
0.112308
0.118355
0.113386
0.11384
0.114255
0.117226
0.108591
0.119015
0.117198
0.109896
0.11556
0.111296
0.11811
0.115613
0.117773
0.118152
0.114617
0.114995
0.115622
0.116314
0.111028
0.111829
0.113474
0.113651
0.114018
0.113436
0.112609
0.111077
0.110035
0.112064
0.103886
0.110721
0.109176
0.106046
0.10662
0.107789
0.112104
0.111637
0.113377
0.115367
0.1122
0.114932
0.11515
0.11438
0.113121
0.108204
0.114932
0.106328
0.109648
0.109013
0.112784
0.114695
0.112181
0.113827
0.113761
0.113225
0.111566
0.111541
0.111792
0.109964
0.111586
0.107008
0.110805
0.111051
0.105518
0.105323
0.108715
0.108996
0.106674
0.101603
0.10518
0.112523
0.105729
0.102063
0.104493
0.101391
0.107156
0.108517
0.109286
0.110227
0.10185
0.106563
0.108958
0.10138
0.099808
0.102023
0.101508
0.102612
0.100205
0.098406
0.097499
0.098053
0.103067
0.104829
0.105315
0.105898
0.101551
0.102827
0.106382
0.108967
0.099497
0.102507
0.101436
0.105893
0.101924
0.104398
0.109531
0.102731
0.108855
0.106001
0.106855
0.110985
0.109018
0.115253
0.110047
0.110568
0.10942
0.116757
0.124593
0.11858
0.115377
0.120373
0.122034
0.120147
0.1164
0.120153
0.114229
0.117214
0.117306
0.118542
0.116088
0.112345
0.115138
0.115231
0.118194
0.119683
0.118252
0.118189
0.118604
0.117755
0.116364
0.117023
0.109296
0.113379
0.110817
0.1136
0.118965
0.111314
0.116542
0.113688
0.112674
0.121237
0.119163
0.124869
0.11537
0.116723
0.121179
0.116792
0.115958
0.116821
0.120364
0.11711
0.117652
0.114775
0.120431
0.114406
0.114905
0.110226
0.114784
0.113995
0.110253
0.116926
0.113792
0.113814
0.114162
0.110532
0.113736
0.115589
0.11751
0.117441
0.119753
0.120722
0.114191
0.113801
0.113049
0.117958
0.109488
0.11568
0.119369
0.115773
0.108851
0.113515
0.112476
0.115257
0.111424
0.111747
0.114013
0.110818
0.111462
0.113224
0.114942
0.11982
0.116545
0.117438
0.111626
0.114137
0.109793
0.111676
0.111489
0.109102
0.11048
0.113495
0.105745
0.106455
0.111108
0.11036
0.109364
0.111713
0.113416
0.111374
0.122115
0.122432
0.118877
0.116206
0.116043
0.11785
0.116511
0.119332
0.111756
0.113679
0.11568
0.108308
0.11705
0.11645
0.120107
0.112078
0.118729
0.116779
0.118232
0.125351
0.121937
0.117475
0.124429
0.12446
0.121087
0.120469
0.121897
0.115722
0.124674
0.122017
0.11943
0.123748
0.12345
0.122568
0.12369
0.124842
0.125758
0.124699
0.132568
0.129307
0.12554
0.128228
0.12114
0.124918
0.125548
0.120625
0.125305
0.122901
0.120825
0.118294
0.116226
0.121577
0.12421
0.129643
0.129796
0.1325
0.124492
0.128974
0.127396
0.129623
0.124402
0.122599
0.121161
0.122212
0.121655
0.125017
0.11512
0.109974
0.112667
0.112028
0.118628
0.115611
0.110251
0.11189
0.109132
0.10554
0.108453
0.103389
0.101434
0.097581
0.101328
0.096557
0.093732
0.095134
0.100177
0.097867
0.093614
0.093519
0.097936
0.096678
0.095987
0.089749
0.090624
0.086908
0.090206
0.086358
0.09361
0.094697
0.095429
0.098528
0.094883
0.098799
0.100048
0.097007
0.094431
0.094849
0.100291
0.102332
0.104535
0.103099
0.104198
0.103798
0.097074
0.10174
0.102563
0.098362
0.093121
0.094812
0.093432
0.095774
0.097924
0.09367
0.107128
0.100682
0.09965
0.098921
0.097914
0.100122
0.102504
0.102472
0.098705
0.100524
0.105023
0.099148
0.101081
0.106426
0.104277
0.100085
0.103808
0.097311
0.098081
0.094108
0.091429
0.10214
0.096746
0.103374
0.102107
0.107153
0.101405
0.100622
0.103811
0.098955
0.096433
0.095854
0.098278
0.112806
0.10236
0.102368
0.100441
0.110008
0.103397
0.103465
0.105896
0.112461
0.107274
0.108697
0.115635
0.115655
0.119764
0.117688
0.137673
0.129595
0.129085
0.128562
0.1286
0.125902
0.124932
0.124533
0.128942
0.131605
0.134594
0.133103
0.131216
0.127253
0.125198
0.121018
0.114235
0.114267
0.118378
0.121339
0.117112
0.121006
0.117584
0.114436
0.11795
0.117622
0.114692
0.113408
0.115518
0.115093
0.112651
0.116035
0.115083
0.112894
0.113806
0.110158
0.115764
0.1087
0.106945
0.106325
0.106574
0.108681
0.099781
0.100126
0.099415
0.09955
0.103932
0.103324
0.107521
0.106255
0.105988
0.104587
0.10462
0.102201
0.106049
0.119496
0.111437
0.109196
0.104748
0.10327
0.103883
0.100711
0.098999
0.11587
0.109389
0.111448
0.109147
0.108926
0.103794
0.10368
0.105253
0.1172
0.111072
0.105241
0.105567
0.101816
0.103848
0.10145
0.101148
0.101284
0.099971
0.105564
0.100686
0.103745
0.103365
0.103644
0.11432
0.099403
0.105493
0.105542
0.105764
0.101831
0.105343
0.102267
0.105438
0.107495
0.101885
0.103354
0.109137
0.106607
0.104347
0.103005
0.10372
0.107928
0.109375
0.10617
0.106241
0.100797
0.105925
0.104038
0.10617
0.109961
0.108906
0.105743
0.110918
0.113891
0.111514
0.108987
0.108309
0.108682
0.109797
0.110109
0.1097
0.109196
0.113622
0.112133
0.10416
0.107449
0.105036
0.109093
0.106588
0.106135
0.109381
0.106823
0.112515
0.11199
0.112779
0.110718
0.107095
0.106009
0.10569
0.109448
0.109131
0.10689
0.106915
0.108214
0.108832
0.106465
0.108259
0.112339
0.105156
0.107457
0.110904
0.108534
0.107543
0.106147
0.109197
0.109241
0.106249
0.102177
0.100296
0.102344
0.102659
0.104421
0.109134
0.107122
0.114249
0.113767
0.114471
0.112124
0.110452
0.11321
0.105381
0.109735
0.10906
0.108541
0.106588
0.105665
0.110975
0.10605
0.106771
0.107222
0.10791
0.106135
0.107092
0.105302
0.105786
0.103068
0.104189
0.101994
0.102812
0.1033
0.10248
0.107479
0.100895
0.106539
0.103542
0.106813
0.104638
0.106048
0.108589
0.11616
0.116609
0.113631
0.112874
0.111043
0.107752
0.101359
0.112089
0.101753
0.107671
0.110446
0.105284
0.109181
0.114
0.113371
0.1135
0.111102
0.111745
0.111681
0.110248
0.109926
0.107467
0.10655
0.109259
0.106104
0.10855
0.107964
0.110258
0.111187
