0.031887
0.1328
0.1362
0.133991
0.142832
0.142293
0.141637
0.138702
0.147518
0.141999
0.144613
0.135966
0.138478
0.147053
0.136534
0.136824
0.130103
0.130992
0.133208
0.131355
0.13357
0.131885
0.136214
0.144972
0.132982
0.134582
0.140045
0.132689
0.133625
0.144722
0.135525
0.135359
0.141154
0.13666
0.129659
0.141435
0.14246
0.134904
0.130052
0.140505
0.146338
0.144318
0.131361
0.142468
0.138025
0.1403
0.138837
0.129973
0.136565
0.144309
0.144421
0.139592
0.138357
0.128281
0.135768
0.139582
0.139733
0.136964
0.127338
0.140207
0.137118
0.135902
0.124705
0.125612
0.126932
0.12547
0.126422
0.129703
0.121392
0.127761
0.126049
0.124606
0.129954
0.124953
0.1198
0.130756
0.128203
0.136294
0.138302
0.13231
0.134515
0.132934
0.129853
0.141444
0.135258
0.140046
0.131801
0.141008
0.141755
0.141401
0.139189
0.135824
0.137
0.128083
0.122499
0.129589
0.129739
0.126657
0.126057
0.131233
0.127336
0.140587
0.142004
0.137673
0.13868
0.139633
0.13827
0.133895
0.131959
0.126693
0.131858
0.129112
0.128726
0.125373
0.12236
0.127878
0.131135
0.127251
0.12052
0.125964
0.124145
0.125233
0.122118
0.118059
0.12029
0.117572
0.114615
0.112815
0.113974
0.113956
0.109854
0.109734
0.111201
0.111062
0.11052
0.111783
0.112151
0.109729
0.105942
0.102388
0.105804
0.109267
0.105428
0.104228
0.108124
0.10173
0.102499
0.107887
0.105801
0.105446
0.113008
0.109281
0.109178
0.110872
0.10917
0.110709
0.10984
0.105002
0.103413
0.1149
0.106797
0.112452
0.10599
0.105817
0.107768
0.110734
0.107835
0.104824
0.100115
0.105357
0.100264
0.102315
0.109435
0.111594
0.103767
0.105838
0.104557
0.102963
0.102129
0.101673
0.099273
0.096736
0.099623
0.101639
0.10425
0.099276
0.098189
0.101353
0.102634
0.103058
0.100886
0.101087
0.098483
0.095247
0.109682
0.105285
0.10158
0.097783
0.100113
0.096284
0.111145
0.102489
0.101785
0.098319
0.09652
0.101733
0.11707
0.106908
0.106994
0.099863
0.104926
0.103163
0.10311
0.100885
0.10727
0.103866
0.10408
0.100732
0.10096
0.115864
0.108353
0.10853
0.09959
0.104454
0.098174
0.099384
0.109986
0.105907
0.100687
0.100401
0.102032
0.116582
0.108213
0.105403
0.101702
0.098996
0.099474
0.09871
0.109385
0.108221
0.10314
0.106648
0.105832
0.110288
0.106058
0.114721
0.11137
0.109885
0.112147
0.112935
0.114252
0.107495
0.108536
0.113056
0.115397
0.114563
0.112227
0.108024
0.114829
0.111942
0.112675
0.12151
0.115487
0.124369
0.113538
0.113164
0.116785
0.118447
0.114667
0.111234
0.113702
0.113783
0.119782
0.118086
0.110733
0.119827
0.112693
0.113921
0.114536
0.113192
0.112983
0.115326
0.116568
0.123899
0.115755
0.115493
0.111616
0.117324
0.112539
0.112502
0.111061
0.11042
0.116514
0.116245
0.116666
0.118757
0.116286
0.119659
0.11678
0.113214
0.118072
0.116975
0.112739
0.120569
0.128955
0.12089
0.12373
0.121145
0.118482
0.119262
0.126133
0.12201
0.118504
0.121386
0.123882
0.123306
0.121402
0.125218
0.119276
0.121455
0.120701
0.119347
0.121115
0.112689
0.11822
0.122348
0.125577
0.125875
0.123147
0.126282
0.125039
0.122143
0.122746
0.124558
0.12268
0.120448
0.124537
0.129861
0.137698
0.138499
0.130276
0.134918
0.136611
0.135192
0.130436
0.132803
0.128948
0.135724
0.134316
0.137916
0.138704
0.134627
0.135703
0.133121
0.133335
0.135185
0.140736
0.140251
0.140135
0.148288
0.142199
0.146423
0.143186
0.144735
0.137549
0.143641
0.145771
0.142132
0.141262
0.14494
0.141091
0.136987
0.137193
0.139542
0.14143
0.14031
0.137841
0.147851
0.139536
0.16789
0.147003
0.148335
0.147242
0.145279
0.151948
0.14557
0.15174
0.16531
0.155677
0.156631
0.148222
0.151482
0.151121
0.179724
0.161457
0.158135
0.165257
0.154108
0.149655
0.152885
0.154847
0.152618
0.152767
0.148171
0.15709
0.155917
0.154772
0.16141
0.160062
0.162691
0.157044
0.170781
0.159618
0.163017
0.165244
0.156142
0.157143
0.167882
0.163666
0.158963
0.155634
0.161446
0.15384
0.160003
0.163163
0.168401
0.167691
0.171403
0.16813
0.166343
0.167619
0.163844
0.174878
0.162228
0.17309
0.169259
0.162162
0.158841
0.163553
0.16773
0.162143
0.159533
0.162221
0.16135
0.158725
0.176885
0.18034
0.179855
0.176215
0.178328
0.178245
0.178706
0.17655
0.177071
0.176445
0.179442
0.169842
0.179297
0.178731
0.178311
0.174238
0.172454
0.177656
0.174329
0.171813
0.176222
0.167188
0.167109
0.167688
0.166562
0.168004
0.160182
0.164954
0.165822
0.165169
0.157584
0.163815
0.159719
0.159218
0.162793
0.161277
0.162049
0.160338
0.158356
0.155275
0.158624
0.156703
0.161509
0.162375
0.169204
0.169167
0.165778
0.165362
0.165134
0.164947
0.159174
0.154103
0.158946
0.159876
0.160367
0.15864
0.156313
0.152592
0.15391
0.160557
0.151048
0.15599
0.15714
0.149425
0.153633
0.151185
0.152079
0.150931
0.143386
0.150647
0.148139
0.15209
0.155279
0.15141
0.155475
0.154755
0.156232
0.139887
0.142684
0.141468
0.142867
0.139455
0.138942
0.143635
0.139976
0.139561
0.153574
0.151242
0.153133
0.154663
0.151202
0.148506
0.153379
0.150073
0.148902
0.154893
0.155279
0.149076
0.147025
0.151072
0.145072
0.150604
0.146934
0.14711
0.143778
0.143836
0.149712
0.142955
0.149142
0.148723
0.152823
0.15661
0.156447
0.160117
0.157399
0.154118
0.159644
0.157532
0.14868
0.148771
0.148673
0.153785
0.145501
0.153109
0.148386
0.144975
0.145768
0.147009
0.145853
0.140539
0.148989
0.145521
0.140685
0.146113
0.152686
0.147331
0.139825
0.139519
0.138626
0.140945
0.139922
0.135091
0.141587
0.144142
0.145941
0.152422
0.144211
0.14692
0.150393
0.141658
0.151014
0.151038
0.141371
0.143077
0.145309
0.13933
0.145555
0.137784
0.147049
0.141413
0.141966
0.146062
0.133298
0.144206
0.149634
0.151143
0.14443
0.146583
0.14709
0.150964
0.146449
0.146799
0.14113
0.146463
0.145847
0.141781
0.134912
0.135921
0.140092
0.135591
0.139456
0.140655
0.143826
0.144101
0.142373
0.143612
0.152704
0.148612
0.147914
0.1434
0.147268
0.142105
0.147954
0.14432
0.144987
0.142772
0.143003
0.139643
0.144966
0.143952
0.140933
0.141489
0.139224
0.145419
0.149074
0.152201
0.149404
0.145129
0.146782
0.142097
0.141099
0.14513
0.13923
0.136519
0.137596
0.142969
0.142511
0.143669
0.140462
0.13862
0.140123
0.146637
0.144677
0.143438
0.14169
0.147138
0.145667
0.143868
0.149253
0.143437
0.1404
0.147625
0.13713
0.146637
0.145832
0.145363
0.144442
0.143012
0.138117
0.143116
0.137984
0.138732
0.13984
0.140411
0.138252
0.144508
0.153896
0.149501
0.14444
0.146668
0.142838
0.145819
0.147225
0.147891
0.142887
0.141865
0.148361
0.138897
0.142641
0.139168
0.142638
0.134761
0.136828
0.142751
0.142322
0.144758
0.147409
0.150091
0.146109
0.14988
0.15043
0.146015
0.155752
0.144419
0.14474
0.144883
0.148371
0.147782
0.1463
0.144175
0.140249
0.147484
0.14161
0.14164
0.144103
0.148036
0.154327
0.147588
0.146488
0.14727
0.14649
0.14835
0.152231
0.137983
0.149042
0.141673
0.141115
0.143126
0.14438
0.138625
0.132453
0.135009
0.134115
0.126764
0.129743
0.133322
0.129394
0.13498
0.13531
0.130828
0.128249
0.132325
0.123951
0.127582
0.130705
0.131899
0.130544
0.129409
0.127369
0.130279
0.123544
0.12854
0.127926
0.127586
0.129401
0.131252
0.132956
0.141681
0.132916
0.130898
0.134947
0.13143
0.132567
0.126431
0.133915
0.126417
0.131115
0.132293
0.133368
0.131625
0.140421
0.144872
0.141609
0.131597
0.140368
0.132644
0.134824
0.125556
0.128719
0.133794
0.135278
0.134489
0.139603
0.136847
0.140782
0.136192
0.135425
0.139118
0.139407
0.137638
0.142022
0.139495
0.144754
0.139349
0.140844
0.13819
0.141772
0.136111
0.137791
0.13797
0.139494
0.141715
0.141973
0.13869
0.140531
0.140208
0.150584
0.149507
0.150827
0.156891
0.149303
0.152659
0.152557
0.146616
0.148814
0.147329
0.154192
0.148006
0.149978
0.155305
0.152371
0.152214
0.153245
0.150952
0.152214
0.149958
0.144087
0.144155
0.142477
0.145115
0.145874
0.139824
0.140811
0.143231
0.142236
0.149132
0.143993
0.14
0.143229
0.143485
0.140275
0.14573
0.143325
0.13999
0.139116
0.140608
0.132827
0.135587
0.142231
0.140719
0.138954
0.141696
0.137327
0.135246
0.139487
0.138006
0.13496
0.131221
0.138037
0.134907
0.138259
0.133935
0.132105
0.131903
0.137449
0.130876
0.133189
0.139628
0.140561
0.142746
0.142496
0.139997
0.142628
0.141443
0.141091
0.143177
0.138634
0.134724
0.134383
0.134036
0.132274
0.132766
0.135588
0.129793
0.135952
0.135268
0.135004
0.136196
0.13761
0.139339
0.133083
0.140104
0.137968
0.135111
0.140181
0.140788
0.141562
0.148746
0.148058
0.146579
0.148035
0.142804
0.137789
0.141972
0.143443
0.144512
0.143494
0.145719
0.140419
0.141435
0.145254
0.138486
0.137556
0.141896
0.14301
0.13823
0.143045
0.147677
0.149314
0.146015
0.144197
0.144728
0.143897
0.140281
0.137527
0.140401
0.13801
0.141071
0.144161
0.136676
0.144539
0.151622
0.145864
0.142092
0.14107
0.141152
0.141336
0.141748
0.136928
0.138804
0.143045
0.148226
0.147776
0.147722
0.147126
0.153109
0.15264
0.146586
0.150479
0.146768
0.138764
0.143863
0.146465
0.144359
0.143385
0.152226
0.146555
0.1444
0.142403
0.143195
0.148694
0.139789
0.144709
0.138748
0.135225
0.140477
0.134239
0.13686
0.136061
0.137743
0.143251
0.140982
0.135924
0.133346
0.134715
0.131673
0.13501
0.133869
0.130003
0.127321
0.133692
0.13148
0.128939
0.127766
0.128611
0.12991
0.127655
0.128532
0.122801
0.125136
0.130537
0.121885
0.124025
0.123373
0.117453
0.121028
0.121421
0.118018
0.116202
0.125369
0.119092
0.119633
0.115428
0.113746
0.121067
0.11809
0.118964
0.124216
0.124984
0.123532
0.115644
0.118377
0.114031
0.115695
0.115523
0.110596
0.107238
0.105285
0.107902
0.116372
0.11588
0.115365
0.116992
0.120269
0.129416
0.124432
0.120887
0.121753
0.118875
0.121218
0.121581
0.121603
0.123441
0.118637
0.123473
0.119593
0.131683
0.13237
0.127777
0.123656
0.123559
0.125042
0.124442
0.120419
0.123769
0.121705
0.121168
0.118147
0.117755
0.111473
0.109244
0.109945
0.107978
0.110113
0.109066
0.112936
0.114904
0.113547
0.125077
0.119734
0.122386
0.117207
0.122784
0.121385
0.125232
0.12369
0.125154
0.124116
0.119671
0.121998
0.127632
0.129534
0.132721
0.127183
0.130617
0.147418
0.130568
0.135613
0.134572
0.134593
0.127977
0.133854
0.135556
0.134619
0.134744
0.140792
0.135161
0.136061
0.139523
0.132437
0.135919
0.147621
0.142601
0.133427
0.134531
0.139385
0.134861
0.13708
0.131336
0.134196
0.129286
0.127288
0.124844
0.12262
0.126428
0.128525
0.126688
0.126305
0.127057
0.125156
0.143552
0.131058
0.130702
0.123284
0.130526
0.122815
0.123882
0.124996
0.121428
0.127312
0.127393
0.125929
0.131282
0.125019
0.120881
0.122828
0.134607
0.123808
0.129602
0.129928
0.127617
0.122653
0.128259
0.127681
0.125635
0.127404
0.127797
0.130288
0.122601
0.122688
0.126967
0.12764
0.125321
0.129331
0.123286
0.12304
0.124353
0.11752
0.125976
0.120752
0.123097
0.130025
0.120719
0.121595
0.117112
0.11974
0.119988
0.11806
0.121825
0.118866
0.121906
0.138442
0.130019
0.124032
0.128715
0.127979
0.120158
0.123211
0.116475
0.130369
0.1267
0.128631
0.153428
0.135883
0.13561
0.14394
0.139038
0.137592
0.1357
0.140468
0.142387
0.146031
0.146465
0.136348
0.144869
0.145673
0.151421
0.151794
0.151939
0.150851
0.148743
0.143487
0.147874
0.140914
0.145807
0.143236
0.140313
0.141381
0.139938
0.137785
0.135653
0.134756
0.137109
0.138903
0.135569
0.129604
0.127593
0.129579
0.127426
0.128274
0.121325
0.128739
0.123923
0.127644
0.13275
0.127499
0.130312
0.123801
0.121045
0.124453
0.130528
0.123492
0.123867
0.123155
0.128285
0.123809
0.126059
0.125676
0.120754
0.125873
0.129278
0.126468
0.133451
0.125753
0.130636
0.136494
0.136012
0.125969
0.131687
0.132301
0.132207
0.135393
0.133042
0.141064
0.140372
0.136028
0.135563
0.123054
0.128613
0.125159
0.131607
0.132705
0.125068
0.132729
0.125924
0.127037
0.13371
0.141245
0.134582
0.134115
0.131665
0.127399
0.123533
0.125454
0.12326
0.125725
0.127395
0.125268
0.123079
0.126036
0.141388
0.130726
0.123556
0.126988
0.126881
0.128202
0.122909
0.129307
0.13119
0.139913
0.132124
0.140288
0.141581
0.143926
0.137597
0.132156
0.13902
0.138431
0.149459
0.148164
0.144653
0.147621
0.14076
0.148032
0.144029
0.141241
0.146701
0.146006
0.146732
0.14761
0.150383
0.147756
0.145616
0.142483
0.144331
0.144435
0.137699
0.140869
0.143425
0.149182
0.142937
0.150756
0.142849
0.147336
0.132039
0.141943
0.141624
0.147139
0.145218
0.135674
0.142814
0.142641
0.142367
0.135667
0.135106
0.137737
0.141763
0.136007
0.134533
0.144694
0.137221
0.142426
0.143594
0.144086
0.142657
0.135405
0.133932
0.133642
0.140286
0.141555
0.143607
0.142237
0.146723
0.144714
0.143135
0.143318
0.151833
0.142883
0.144966
0.141972
0.143881
0.147754
0.137083
0.144394
0.144539
0.143802
0.145264
0.15021
0.145961
0.136153
0.140179
0.144314
0.145226
0.154678
0.146769
0.147655
0.152627
0.149116
0.144793
0.150937
0.145569
0.144208
0.143397
0.137902
0.144952
0.146711
0.149531
0.144048
0.152959
0.148925
0.148519
0.151477
0.145239
0.14264
0.143208
0.140262
0.141807
0.139282
0.142825
0.142496
0.144592
0.142463
0.143141
0.139472
0.146046
0.142394
0.142206
0.141647
0.138388
0.142715
0.144016
0.15147
0.14581
0.151563
0.147321
0.149061
0.144252
0.145223
0.140765
0.147035
0.148418
0.149543
0.152794
0.148324
0.148698
0.14102
0.148563
0.144441
0.143019
0.148105
0.138763
0.145984
0.154111
0.155798
0.152902
0.154337
0.143429
0.152262
0.145986
0.150358
0.150667
0.14754
0.150407
0.150281
0.156363
0.157929
0.154221
0.154087
0.154986
0.151108
0.144515
0.144985
0.143156
0.142185
0.14265
0.146834
0.138992
0.145184
0.143427
0.149459
0.146864
0.143098
0.151758
0.144229
0.139421
0.138745
0.140895
0.13749
0.13764
0.130449
0.136886
0.137888
0.133031
0.131829
0.136793
0.139446
0.145601
0.143701
0.144509
0.146055
0.145061
0.141411
0.139225
0.14098
0.143157
0.141224
0.138322
0.141243
0.144191
0.139944
0.144853
0.150665
0.150602
0.155027
0.153991
0.152949
0.152111
0.153065
0.148883
0.148195
0.154796
0.151497
0.153571
0.148221
0.150822
0.150217
0.155064
0.145149
0.154001
0.153608
0.149432
0.150278
0.148674
0.144267
0.141702
0.139363
0.141303
0.14854
0.150929
0.152509
0.149002
0.145394
0.14742
0.146764
0.149888
0.143901
0.146238
0.149097
0.148588
0.139497
0.143827
0.1432
0.147087
0.141305
0.14775
0.151074
0.156138
0.157908
0.156835
0.152918
0.157865
0.153823
0.152026
0.15338
0.151374
0.154682
0.149948
0.152396
0.151894
0.149204
0.157382
0.162224
0.158934
0.15711
0.159262
0.155532
0.152288
0.153949
0.158087
0.15105
0.151651
0.152
0.153621
0.139989
0.149204
0.14614
0.142442
0.145437
0.15229
0.153975
0.156809
0.148473
0.152224
0.147692
0.146827
0.1466
0.146111
0.144748
0.149408
0.147958
0.15677
0.146272
0.150261
0.150765
0.141995
0.150038
0.152926
0.146345
0.141068
0.148501
0.150315
0.140165
0.147061
0.145706
0.145632
0.145881
0.137533
0.133852
0.138589
0.14212
0.140607
0.146469
0.137004
0.139665
0.140685
0.141665
0.130645
0.133872
0.143045
0.136981
0.143663
0.136853
0.14034
0.142913
0.142635
0.138115
0.136561
0.138308
0.129442
0.132294
0.130528
0.129957
0.129271
0.139253
0.138627
0.127013
0.130154
0.133136
0.148953
0.136282
0.133189
0.129108
0.12598
0.124472
0.127693
0.124792
0.121376
0.131823
0.125395
0.123162
0.130029
0.118816
0.119278
0.128914
0.119928
0.114883
0.114978
0.113907
0.113987
0.122132
0.112918
0.11717
0.111472
0.109596
0.111587
0.114263
0.129199
0.123029
0.118717
0.12168
0.124524
0.128357
0.127627
0.124248
0.12442
0.136571
0.134165
0.138946
0.134076
0.135844
0.137468
0.141252
0.137339
0.135799
0.137613
0.132579
0.139024
0.134892
0.142761
0.137097
0.139221
0.139614
0.138785
0.136215
0.133603
0.137726
0.143533
0.144445
0.148214
0.142133
0.140834
0.145051
0.144461
0.136877
0.139535
0.141906
0.147236
0.142813
0.150624
0.146955
0.143196
0.142187
0.136651
0.141839
0.140207
0.137393
0.1388
0.136411
0.135015
0.146263
0.138813
0.138573
0.134335
0.148342
0.136578
0.139864
0.136472
0.132869
0.142456
0.137752
0.126866
0.126155
0.124139
0.126933
0.128059
0.129878
0.132694
0.126163
0.134088
0.134714
0.132049
0.155793
0.13118
0.141661
0.139281
0.135441
0.128936
0.126936
0.128027
0.124683
0.127218
0.134854
0.135715
0.136731
0.136249
0.133906
0.14874
0.139043
0.144529
0.142107
0.134472
0.135501
0.130135
0.133147
0.136759
0.133068
0.128645
0.125696
0.133889
0.13048
0.129491
0.128433
0.129983
0.125132
0.136482
0.131818
0.133079
0.129491
0.133121
0.127057
0.132348
0.129995
0.127971
0.129684
0.121808
0.122661
0.122145
0.123363
0.11959
0.123931
0.128439
0.120838
0.118332
0.117397
0.130982
0.118973
0.123444
0.123564
0.12317
0.125514
0.124788
0.123129
0.128886
0.126145
0.119418
0.117657
0.123986
0.12544
0.123129
0.11956
0.126718
0.125042
0.116546
0.113575
0.111744
0.12214
0.117802
0.118958
0.122619
0.117812
0.11597
0.136839
0.126024
0.121593
0.119142
0.123242
0.12193
0.12256
0.127963
0.127869
0.130401
0.131042
0.127845
0.140172
0.130667
0.13805
0.135773
0.135772
0.133613
0.123062
0.133355
0.136261
0.129863
0.135711
0.130579
0.138195
0.137075
0.139117
0.133425
0.13101
0.133641
0.131903
0.132461
0.142923
0.139109
0.134065
0.139715
0.137553
0.139444
0.138087
0.138293
0.146676
0.136546
0.136189
0.130585
0.134462
0.132286
0.140128
0.132666
0.13198
0.137248
0.13151
0.135526
0.137858
0.147665
0.141243
0.137638
0.140233
0.138087
0.140097
0.144234
0.140202
0.143361
0.145704
0.141722
0.139449
0.143069
0.136614
0.132652
0.13187
0.132154
0.137104
0.130331
0.127401
0.135011
0.136185
0.12888
0.128773
0.13022
0.132372
0.132839
0.121817
0.125809
0.14029
0.129737
0.127328
0.13126
0.142613
0.131229
0.128265
0.130913
0.129769
0.130324
0.141397
0.139304
0.13422
0.134659
0.130432
0.153179
0.142619
0.1415
0.137393
0.143173
0.138185
0.142869
0.13863
0.141221
0.148151
0.151269
0.142461
0.146611
0.145553
0.14646
0.144672
0.139453
0.143815
0.143071
0.145625
0.14588
0.144155
0.145874
0.141133
0.135794
0.136176
0.143146
0.13833
0.134962
0.139148
0.132098
0.142016
0.137608
0.149784
0.147469
0.140745
0.147044
0.140213
0.143613
0.133608
0.137123
0.128474
0.139385
0.136198
0.13692
0.136236
0.136646
0.155727
0.135689
0.134974
0.132338
0.137375
0.13767
0.133512
0.142133
0.15334
0.140585
0.148209
0.141462
0.145285
0.142048
0.13402
0.140617
0.130106
0.138763
0.133043
0.127729
0.127348
0.125328
0.126113
0.132551
0.135609
0.122648
0.125414
0.151433
0.141105
0.135546
0.137002
0.133223
0.132549
0.129284
0.136202
0.134085
0.127316
0.129733
0.127645
0.132581
0.127613
0.138604
0.134497
0.131371
0.130069
0.137405
0.132102
0.131053
0.138693
0.131575
0.139584
0.1306
0.13523
0.132213
0.131562
0.132585
0.139046
0.132792
0.132919
0.136845
0.135635
0.126586
0.135643
0.134576
0.134178
0.128942
0.125337
0.128831
0.127122
0.125987
0.122605
0.1352
0.122338
0.123578
0.123187
0.118295
0.125074
0.14898
0.135763
0.12839
0.128314
0.130114
0.126982
0.126287
0.125847
0.12865
0.131126
0.129195
0.128527
0.127768
0.15496
0.142696
0.140525
0.142406
0.141353
0.142079
0.143667
0.140472
0.138786
0.134621
0.145164
0.140581
0.142694
0.141634
0.144087
0.144605
0.144206
0.164112
0.159824
0.15573
0.151436
0.149197
0.146953
0.148516
0.145611
0.145469
0.144747
0.14516
0.143135
0.143585
0.142197
0.143976
0.146703
0.141793
0.142118
0.147849
0.142681
0.145034
0.143615
0.136188
0.141852
0.139919
0.143261
0.137701
0.136491
0.15064
0.144187
0.141367
0.142066
0.142342
0.142004
0.139463
0.148382
0.145598
0.146988
0.140557
0.135749
0.146802
0.143692
0.143349
0.140299
0.142045
0.147651
0.145165
0.142549
0.141003
0.141622
0.140404
0.137503
0.139632
0.142225
0.146101
0.138978
0.137622
0.144854
0.147169
0.145631
0.1469
0.144852
0.141215
0.142107
0.14159
0.141423
0.140802
0.14137
0.141506
0.132116
0.133832
0.138242
0.137538
0.136508
0.14214
0.140946
0.13903
0.135327
0.137148
0.135473
0.139913
0.138554
0.141576
0.137858
0.13421
0.131227
0.144774
0.138033
0.134764
0.132088
0.132798
0.139981
0.148005
0.139198
0.142736
0.142419
0.140863
0.140141
0.141536
0.139431
0.139197
0.14493
0.138279
0.143239
0.141171
0.150613
0.140213
0.14147
0.136631
0.13936
0.143186
0.139213
0.139877
0.138948
0.13887
0.14084
0.140894
0.138598
0.137303
0.142062
0.14523
0.146516
0.150448
0.146206
0.144666
0.152165
0.14848
0.14612
0.146061
0.149609
0.140676
0.136754
0.146562
0.1513
0.144888
0.141616
0.147381
0.151335
0.152044
0.147255
0.150093
0.146084
0.156892
0.163467
0.157573
0.165366
0.166554
0.158236
0.155549
0.155483
0.154131
0.150091
0.152023
0.157313
0.147945
0.150801
0.156208
0.161611
0.167614
0.158835
0.161385
0.163013
0.155804
0.15942
0.15979
0.159763
0.157342
0.153922
0.164299
0.1541
0.16359
0.152949
0.150257
0.146554
0.156039
0.153738
0.153337
0.153192
0.151673
0.151417
0.150123
0.148934
0.147552
0.148966
0.145151
0.147766
0.158833
0.1554
0.158974
0.16201
0.159262
0.161553
0.162698
0.157395
0.152798
0.166786
0.157821
0.160657
0.161111
0.160593
0.159209
0.150812
0.159578
0.156172
0.154815
0.160088
0.159392
0.153242
0.151658
0.156325
0.158681
0.15454
0.149706
0.149749
0.150039
0.152247
0.148732
0.144896
0.146494
0.146858
0.153649
0.148672
0.146767
0.149259
0.155191
0.153602
0.161671
0.159148
0.156637
0.15208
0.153046
0.151121
0.1617
0.163289
0.154331
0.160113
0.162112
0.162332
0.160626
0.158167
0.159598
0.159822
0.153986
0.152821
0.149554
0.150378
0.14795
0.152915
0.16173
0.167582
0.160317
0.161178
0.163217
0.162847
0.159431
0.160334
0.163926
0.15703
0.157559
0.154235
0.15831
0.153959
0.157994
0.154915
0.155749
0.157411
0.159338
0.157204
0.171075
0.160991
0.160969
0.161653
0.166799
0.163584
0.163812
0.156493
0.163186
0.161436
0.159133
0.155786
0.159159
0.160473
0.15722
0.155141
0.155706
0.15903
0.166373
0.16224
0.160017
0.163489
0.160353
0.159433
0.159659
0.156117
0.159121
0.154582
0.158769
0.158903
0.159676
0.150675
0.153296
0.163446
0.161012
0.165222
0.163441
0.158111
0.165005
0.156328
0.153552
0.159298
0.155223
0.149243
0.156688
0.159815
0.164099
0.162024
0.158217
0.159575
0.155707
0.150814
0.153834
0.153895
0.153711
0.154634
0.155501
0.14941
0.153704
0.156023
0.163847
0.159646
0.156028
0.157622
0.155964
0.149915
0.152899
0.15335
0.155369
0.149017
0.153734
0.15208
0.153118
0.15495
0.164061
0.164557
0.164029
0.164291
0.161936
0.159497
0.157579
0.153041
0.153833
0.155136
0.157228
0.151615
0.152399
0.157429
0.164287
0.167448
0.16301
0.159952
0.161344
0.156478
0.156613
0.164923
0.160972
0.156999
0.154758
0.153015
0.151523
0.146436
0.157169
0.155961
0.166181
0.158771
0.1569
0.160222
0.159315
0.155698
0.149646
0.157022
0.149384
0.1493
0.147742
0.143148
0.147889
0.144079
0.144057
0.14459
0.15524
0.16416
0.152103
0.155333
0.153535
0.148062
0.153977
0.147606
0.152774
0.14677
0.144231
0.145944
0.140485
0.145205
0.150475
0.153974
0.150539
0.154954
0.157212
0.161453
0.15854
0.150601
0.162523
0.157456
0.159157
0.154087
0.161105
0.156059
0.155646
0.155262
0.157277
0.15713
0.161443
0.15923
0.169648
0.166967
0.165978
0.163629
0.166267
0.164222
0.164933
0.155678
0.161147
0.161475
0.161888
0.156944
0.152793
0.160255
0.156766
0.153824
0.159879
0.168959
0.168808
0.167284
0.169626
0.167558
0.16777
0.160914
0.158286
0.157159
0.155733
0.157548
0.156781
0.163085
0.159231
0.161569
0.158704
0.159404
0.158744
0.164868
0.1609
0.161251
0.161342
0.158929
0.159476
0.162037
0.158487
0.155879
0.156174
0.149315
0.15451
0.154776
0.155988
0.149185
0.153773
0.158569
0.150708
0.156055
0.158631
0.159963
0.16137
0.159024
0.164886
0.151441
0.151871
0.150745
0.150084
0.147684
0.144372
0.14175
0.148023
0.149856
0.149567
0.146495
0.150924
0.151723
0.150221
0.156787
0.150895
0.154967
0.150554
0.149254
0.152583
0.149796
0.148292
0.142995
0.144216
0.151142
0.149132
0.148687
0.155051
0.153304
0.148707
0.142206
0.150135
0.141522
0.142444
0.147234
0.145792
0.141478
0.147219
0.151412
0.153614
0.154549
0.154994
0.153873
0.154672
0.152441
0.153983
0.151911
0.151856
0.15149
0.148652
0.15279
0.150895
0.147211
0.148684
0.158196
0.156862
0.15527
0.153043
0.152999
0.16222
0.1612
0.160377
0.157645
0.150003
0.148381
0.149033
0.147897
0.145026
0.149926
0.152309
0.152044
0.150415
0.16025
0.151872
0.154043
0.143663
0.151294
0.152819
0.151306
0.151769
0.147077
0.145508
0.148469
0.147244
0.148657
0.148506
0.144197
0.151147
0.14181
0.149291
0.14051
0.147285
0.141334
0.148203
0.144949
0.14473
0.140065
0.140847
0.137431
0.143692
0.149481
0.153557
0.154668
0.155661
0.149958
0.148303
0.139367
0.140651
0.150473
0.143209
0.149171
0.142431
0.145194
0.144676
0.143769
0.143569
0.148675
0.151619
0.149219
0.151089
0.143339
0.142411
0.145883
0.144249
0.142676
0.142937
0.143651
0.141534
0.150904
0.147572
0.151368
0.14188
0.150386
0.150225
0.1506
0.154523
0.152253
0.154788
0.14757
0.146446
0.148914
0.158484
0.149326
0.153131
0.146707
0.14856
0.154327
0.154712
0.13981
0.151403
0.154049
0.15286
0.151718
0.155907
0.158562
0.159484
0.151996
0.147127
0.154614
0.151326
0.155336
0.154761
0.149862
0.144082
0.145199
0.140521
0.143987
0.150105
0.146862
0.145078
0.148834
0.149698
0.150925
0.153286
0.151558
0.14893
0.147024
0.153117
0.153517
0.149866
0.151415
0.145512
0.150279
0.147058
0.157818
0.156338
0.155789
0.150375
0.15084
0.149489
0.142947
0.146632
0.145956
0.148906
0.150089
0.145788
0.143751
0.144216
0.151222
0.145897
0.147471
0.153168
0.143671
0.145828
0.145319
0.146395
0.148778
0.142999
0.149363
0.143018
0.148888
0.149462
0.149863
0.151729
0.156191
0.151483
0.150978
0.145059
0.147288
0.142408
0.152332
0.152376
0.142819
0.151801
0.156345
0.155701
0.149764
0.154254
0.160621
0.155464
0.151574
0.157955
0.156487
0.161988
0.156197
0.162413
0.160087
0.167059
0.158251
0.157601
0.161338
0.166949
0.163423
0.165936
0.165127
0.168254
0.169137
0.167266
0.163761
0.161682
0.161074
0.166612
0.172298
0.163811
0.168372
0.16664
0.166157
0.163181
0.164287
0.160244
0.163369
0.163197
0.160303
0.16397
0.162751
0.160317
0.160096
0.165215
0.170366
0.173508
0.163095
0.166484
0.175861
0.173448
0.168959
0.173242
0.169451
0.174364
0.171462
0.172758
0.168964
0.168288
0.167462
0.169402
0.175841
0.176183
0.175691
0.17449
0.1709
0.165372
0.16142
0.158718
0.164197
0.159512
0.155546
0.157616
0.166156
0.167439
0.160254
0.16573
0.166994
0.15856
0.156271
0.153067
0.159982
0.156334
0.146654
0.151208
0.151208
0.154043
0.158228
0.161663
0.162641
0.164484
0.164114
0.162635
0.153305
0.152613
0.148889
0.152662
0.154886
0.151712
0.154868
0.156831
0.151264
0.155189
0.156703
0.152838
0.1565
0.154772
0.159623
0.151546
0.151678
0.147908
0.147832
0.148393
0.145681
0.147744
0.153761
0.15382
0.157979
0.158608
0.160806
0.151886
0.153173
0.155136
0.155457
0.153202
0.148425
0.15146
0.152673
0.147334
0.15271
0.154708
0.15564
0.156115
0.149222
0.155918
0.155273
0.150186
0.142915
0.137957
0.145674
0.145976
0.146596
0.14291
0.147874
0.14987
0.145389
0.15127
0.148728
0.148957
0.143366
0.13743
0.136097
0.132723
0.138301
0.143499
0.137327
0.141461
0.138363
0.149776
0.148474
0.143224
0.142946
0.13988
0.136515
0.139908
0.145126
0.148343
0.146021
0.145788
0.147683
0.141557
0.146051
0.146683
0.140888
0.142435
0.142254
0.144794
0.151266
0.153997
0.154149
0.153658
0.152541
0.148258
0.151638
0.147402
0.145131
0.14678
0.145262
0.156147
0.15834
0.151997
0.14716
0.151655
0.149741
0.148918
0.150643
0.150012
0.149035
0.14609
0.149498
0.152269
0.151037
0.158268
0.152407
0.151868
0.149685
0.147998
0.14594
0.139893
0.137017
0.141383
0.142472
0.145136
0.141649
0.150926
0.156884
0.158019
0.156471
0.149368
0.155378
0.146338
0.155274
0.143058
0.15398
0.150756
0.153765
0.152676
0.151484
0.14987
0.153157
0.155925
0.152754
0.157413
0.157539
0.160632
0.155746
0.15896
0.14438
0.158704
0.151518
0.15493
0.154406
0.146938
0.142859
0.150456
0.153297
0.152002
0.157457
0.152394
0.140951
0.145349
0.145533
0.146312
0.1466
0.146246
0.142754
0.143795
0.143379
0.14665
0.138141
0.142398
0.136473
0.146449
0.143098
0.144836
0.137414
0.141765
0.146452
0.14231
0.1394
0.141981
0.141526
0.139694
0.140609
0.133104
0.135731
0.138452
0.146866
0.142875
0.145671
0.138
0.137925
0.141802
0.135792
0.138794
0.140709
0.144022
0.145713
0.149226
0.147144
0.135225
0.13779
0.137337
0.134491
0.135477
0.129789
0.133514
0.136145
0.131041
0.13868
0.139147
0.138641
0.139606
0.132875
0.134045
0.135023
0.129393
0.124583
0.12546
0.131717
0.133231
0.136773
0.13343
0.133248
0.131814
0.13366
0.128034
0.125876
0.137256
0.130739
0.132846
0.132503
0.13971
0.132162
0.130388
0.128736
0.12845
0.133412
0.135802
0.131199
0.129441
0.127596
0.130427
0.137321
0.133808
0.130981
0.132264
0.129893
0.131492
0.134536
0.133958
0.139934
0.140478
0.138693
0.130116
0.137121
0.134916
0.131421
0.128961
0.135422
0.131083
0.130902
0.134139
0.134091
0.133537
0.131741
0.129251
0.129314
0.140866
0.134466
0.134606
0.136311
0.128425
0.131821
0.135881
0.134462
0.137148
0.133817
0.136494
0.137367
0.134453
0.14219
0.138552
0.142475
0.134924
0.138373
0.135613
0.13108
0.135509
0.13353
0.140072
0.143899
0.140832
0.141502
0.143732
0.141488
0.13914
0.135287
0.140837
0.135442
0.138684
0.146847
0.141632
0.140768
0.139154
0.140871
0.141719
0.141482
0.141814
0.140613
0.142515
0.143586
0.146056
0.151142
0.151273
0.1411
0.14141
0.144418
0.144722
0.142323
0.141611
0.142717
0.138413
0.137466
0.146186
0.146462
0.146542
0.146272
0.138885
0.140969
0.141615
0.136618
0.138297
0.141927
0.150626
0.153642
0.150276
0.160705
0.154299
0.146611
0.150207
0.144554
0.147284
0.149424
0.151424
0.144592
0.149762
0.147118
0.150149
0.1475
0.146175
0.142539
0.142766
0.146884
0.148363
0.148935
0.150981
0.157011
0.150757
0.152307
0.151025
0.148059
0.14489
0.147225
0.14358
0.149852
0.151189
0.150371
0.148937
0.149253
0.14696
0.148483
0.156436
0.153716
0.153294
0.155015
0.156752
0.154372
0.149629
0.152801
0.151775
0.151389
0.148278
0.151187
0.149829
0.152593
0.161036
0.158336
0.153578
0.148672
0.152015
0.154661
0.153025
0.152838
0.151513
0.150717
0.141379
0.146612
0.145726
0.147695
0.144687
0.148851
0.144149
0.139355
0.143446
0.135217
0.143466
0.148786
0.154216
0.153911
0.1487
0.154252
0.154619
0.142663
0.144915
0.148709
0.149306
0.146292
0.148864
0.150443
0.151178
0.148312
0.149656
0.14691
0.144814
0.145232
0.144972
0.145088
0.151155
0.152383
0.154417
0.153751
0.150564
0.152689
0.148679
0.148353
0.152484
0.145661
0.14838
0.147421
0.145743
0.145327
0.14402
0.155155
0.150732
0.151071
0.158392
0.151367
0.150746
0.152074
0.149914
0.149265
0.144728
0.150204
0.141598
0.149521
0.153498
0.154531
0.153253
0.153004
0.146431
0.150783
0.149523
0.139576
0.147605
0.141816
0.137414
0.140313
0.144709
0.151254
0.146899
0.143003
0.149414
0.146871
0.146388
0.141986
0.138778
0.143917
0.145354
0.143256
0.143436
0.149897
0.149853
0.147796
0.148439
0.143875
0.139569
0.145058
0.146672
0.145631
0.145409
0.14334
0.141321
0.142145
0.147166
0.147953
0.153931
0.159081
0.156
0.159925
0.157684
0.154796
0.160079
0.150686
0.145544
0.153701
0.145632
0.149745
0.151414
0.15258
0.151681
0.154937
0.145085
0.148959
0.152191
0.142135
0.14726
0.141131
0.143392
0.144014
0.147199
0.144912
0.142788
0.149009
0.146529
0.148862
0.139924
0.140447
0.140459
0.141222
0.136323
0.135606
0.139267
0.137555
0.136144
0.139053
0.135389
0.133645
0.135422
0.141143
0.143995
0.143035
0.145296
0.143219
0.147533
0.146044
0.147179
0.143457
0.140116
0.155413
0.153935
0.146266
0.152661
0.150064
0.147796
0.148845
0.151637
0.151307
0.149472
0.149934
0.143235
0.145763
0.147867
0.148535
0.146675
0.148266
0.137888
0.149418
0.149173
0.146349
0.147202
0.146952
0.148946
0.148507
0.1511
0.150598
0.146777
0.147518
0.140533
0.142575
0.141538
0.145863
0.141287
0.148499
0.141361
0.143544
0.145788
0.141832
0.151001
0.143834
0.148461
0.148602
0.149714
0.148266
0.152011
0.151623
0.148173
0.152369
0.14741
0.144809
0.152255
