0.0000 0.0000 0.0000 0.0000 0.0000 0.0000 0.0000 1.0000
1.0000 -0.0039 0.0035 0.0224 0.0001 -0.0001 0.0003 1.0000
2.0000 0.0034 0.0053 0.0122 0.0001 -0.0001 0.0002 1.0000
3.0000 0.0008 -0.0053 0.0137 -0.0001 -0.0001 0.0001 1.0000
4.0000 0.0012 0.0044 0.0119 0.0000 -0.0001 0.0003 1.0000
5.0000 -0.0052 0.0045 0.0149 -0.0001 -0.0000 0.0002 1.0000
6.0000 -0.0040 0.0081 0.0141 0.0001 -0.0000 0.0002 1.0000
7.0000 -0.0000 0.0012 0.0152 0.0000 0.0000 0.0002 1.0000
8.0000 -0.0012 0.0028 0.0136 0.0001 -0.0000 0.0002 1.0000
9.0000 0.0003 0.0030 0.0162 0.0001 -0.0001 0.0003 1.0000
10.0000 0.0006 -0.0020 0.0127 -0.0001 -0.0000 0.0002 1.0000
11.0000 -0.0012 0.0041 0.0144 -0.0000 -0.0001 0.0002 1.0000
12.0000 -0.0010 0.0005 0.0143 -0.0000 -0.0000 0.0002 1.0000
13.0000 0.0002 0.0031 0.0136 0.0000 -0.0000 0.0003 1.0000
14.0000 -0.0033 -0.0035 0.0141 0.0000 -0.0000 0.0003 1.0000
15.0000 -0.0027 0.0054 0.0154 0.0000 -0.0001 0.0003 1.0000
16.0000 -0.0006 -0.0019 0.0149 0.0000 0.0001 0.0002 1.0000
17.0000 -0.0021 0.0050 0.0154 0.0000 -0.0000 0.0003 1.0000
18.0000 -0.0030 0.0014 0.0150 -0.0000 -0.0001 0.0003 1.0000
19.0000 -0.0043 0.0051 0.0137 -0.0000 -0.0001 0.0002 1.0000
20.0000 -0.0026 0.0052 0.0162 0.0001 -0.0001 0.0003 1.0000
21.0000 -0.0002 0.0004 0.0157 -0.0000 -0.0000 0.0003 1.0000
22.0000 0.0007 -0.0041 0.0144 -0.0000 -0.0000 0.0002 1.0000
23.0000 0.0010 0.0043 0.0147 0.0000 0.0000 0.0002 1.0000
24.0000 -0.0006 -0.0009 0.0141 0.0001 -0.0001 0.0002 1.0000
25.0000 0.0019 -0.0007 0.0148 0.0001 -0.0001 0.0002 1.0000
26.0000 -0.0008 -0.0021 0.0147 0.0001 -0.0000 0.0002 1.0000
27.0000 -0.0026 0.0020 0.0148 0.0000 -0.0000 0.0003 1.0000
28.0000 -0.0019 0.0007 0.0141 -0.0000 -0.0001 0.0002 1.0000
29.0000 0.0022 0.0036 0.0131 0.0000 -0.0001 0.0002 1.0000
30.0000 -0.0036 0.0007 0.0153 -0.0000 -0.0000 0.0002 1.0000
31.0000 -0.0033 0.0021 0.0150 0.0001 -0.0001 0.0003 1.0000
32.0000 -0.0017 -0.0000 0.0160 0.0000 -0.0001 0.0002 1.0000
33.0000 -0.0038 -0.0004 0.0148 0.0002 -0.0001 0.0003 1.0000
34.0000 -0.0043 -0.0009 0.0165 0.0001 -0.0000 0.0003 1.0000
35.0000 -0.0018 -0.0025 0.0140 0.0001 -0.0000 0.0003 1.0000
36.0000 -0.0020 -0.0002 0.0149 0.0000 -0.0000 0.0003 1.0000
37.0000 -0.0029 0.0013 0.0154 0.0001 -0.0001 0.0002 1.0000
38.0000 0.0044 -0.0060 0.0151 0.0001 -0.0002 0.0002 1.0000
39.0000 0.0078 -0.0038 0.0141 0.0002 -0.0003 0.0002 1.0000
40.0000 0.0178 -0.0033 0.0106 0.0002 -0.0003 0.0001 1.0000
41.0000 0.0379 -0.0123 0.0116 0.0003 -0.0004 -0.0001 1.0000
42.0000 0.0648 -0.0123 0.0111 0.0003 -0.0003 -0.0004 1.0000
43.0000 0.0958 -0.0106 0.0139 0.0003 -0.0004 -0.0009 1.0000
44.0000 0.1289 -0.0153 0.0160 0.0004 -0.0004 -0.0015 1.0000
45.0000 0.1743 -0.0117 0.0169 0.0007 -0.0004 -0.0022 1.0000
46.0000 0.2166 -0.0225 0.0187 0.0008 -0.0002 -0.0030 1.0000
47.0000 0.2723 -0.0151 0.0213 0.0009 -0.0003 -0.0041 1.0000
48.0000 0.3279 -0.0172 0.0249 0.0007 -0.0003 -0.0049 1.0000
49.0000 0.4016 -0.0139 0.0277 0.0006 -0.0003 -0.0057 1.0000
50.0000 0.4686 -0.0122 0.0291 0.0002 -0.0000 -0.0067 1.0000
51.0000 0.5500 -0.0148 0.0278 0.0003 0.0001 -0.0076 1.0000
52.0000 0.6346 -0.0200 0.0317 0.0002 0.0006 -0.0085 1.0000
53.0000 0.7333 -0.0197 0.0342 0.0004 0.0010 -0.0095 1.0000
54.0000 0.8172 -0.0237 0.0337 0.0004 0.0013 -0.0102 0.9999
55.0000 0.9243 -0.0270 0.0359 0.0004 0.0014 -0.0111 0.9999
56.0000 1.0353 -0.0363 0.0335 0.0006 0.0018 -0.0120 0.9999
57.0000 1.1450 -0.0396 0.0360 0.0007 0.0020 -0.0126 0.9999
58.0000 1.2572 -0.0404 0.0382 0.0009 0.0021 -0.0134 0.9999
59.0000 1.3807 -0.0452 0.0408 0.0010 0.0019 -0.0143 0.9999
60.0000 1.5000 -0.0522 0.0406 0.0010 0.0018 -0.0150 0.9999
61.0000 1.6235 -0.0587 0.0419 0.0011 0.0018 -0.0156 0.9999
62.0000 1.7650 -0.0582 0.0444 0.0009 0.0008 -0.0165 0.9999
63.0000 1.9027 -0.0681 0.0415 0.0004 -0.0003 -0.0174 0.9998
64.0000 2.0452 -0.0750 0.0394 0.0003 -0.0008 -0.0181 0.9998
65.0000 2.1810 -0.0815 0.0389 0.0006 -0.0013 -0.0188 0.9998
66.0000 2.3271 -0.0804 0.0408 0.0011 -0.0018 -0.0194 0.9998
67.0000 2.4678 -0.0985 0.0429 0.0013 -0.0021 -0.0202 0.9998
68.0000 2.6187 -0.0918 0.0434 0.0012 -0.0024 -0.0211 0.9998
69.0000 2.7482 -0.1080 0.0418 0.0015 -0.0023 -0.0213 0.9998
70.0000 2.8910 -0.1106 0.0459 0.0023 -0.0026 -0.0219 0.9998
71.0000 3.0331 -0.1280 0.0533 0.0028 -0.0026 -0.0227 0.9997
72.0000 3.1799 -0.1321 0.0556 0.0026 -0.0026 -0.0234 0.9997
73.0000 3.3115 -0.1322 0.0571 0.0021 -0.0032 -0.0239 0.9997
74.0000 3.4631 -0.1408 0.0551 0.0012 -0.0037 -0.0246 0.9997
75.0000 3.5954 -0.1540 0.0486 0.0012 -0.0038 -0.0251 0.9997
76.0000 3.7511 -0.1654 0.0567 0.0020 -0.0037 -0.0256 0.9997
77.0000 3.8883 -0.1759 0.0653 0.0025 -0.0038 -0.0262 0.9996
78.0000 4.0247 -0.1810 0.0679 0.0026 -0.0040 -0.0268 0.9996
79.0000 4.1593 -0.1970 0.0688 0.0022 -0.0042 -0.0282 0.9996
80.0000 4.3015 -0.2035 0.0677 0.0015 -0.0043 -0.0311 0.9995
81.0000 4.4338 -0.2203 0.0681 0.0009 -0.0042 -0.0353 0.9994
82.0000 4.5718 -0.2352 0.0702 0.0009 -0.0040 -0.0411 0.9991
83.0000 4.6979 -0.2683 0.0761 0.0007 -0.0040 -0.0485 0.9988
84.0000 4.8395 -0.3000 0.0746 0.0005 -0.0039 -0.0578 0.9983
85.0000 4.9647 -0.3338 0.0763 0.0007 -0.0038 -0.0688 0.9976
86.0000 5.1071 -0.3730 0.0836 0.0009 -0.0040 -0.0812 0.9967
87.0000 5.2301 -0.4198 0.0813 0.0009 -0.0040 -0.0948 0.9955
88.0000 5.3644 -0.4770 0.0815 0.0010 -0.0039 -0.1098 0.9939
89.0000 5.4913 -0.5434 0.0822 0.0016 -0.0038 -0.1250 0.9921
90.0000 5.6061 -0.6123 0.0857 0.0019 -0.0039 -0.1411 0.9900
91.0000 5.7273 -0.6934 0.0856 0.0024 -0.0038 -0.1582 0.9874
92.0000 5.8604 -0.7525 0.0885 0.0026 -0.0039 -0.1760 0.9844
93.0000 5.9740 -0.8396 0.0900 0.0029 -0.0038 -0.1931 0.9812
94.0000 6.1038 -0.9136 0.0881 0.0033 -0.0040 -0.2108 0.9775
95.0000 6.2157 -1.0227 0.0942 0.0039 -0.0038 -0.2280 0.9736
96.0000 6.3182 -1.1214 0.0941 0.0043 -0.0041 -0.2452 0.9694
97.0000 6.4412 -1.2201 0.0967 0.0046 -0.0041 -0.2614 0.9652
98.0000 6.5464 -1.3236 0.0993 0.0047 -0.0041 -0.2768 0.9609
99.0000 6.6478 -1.4145 0.1025 0.0045 -0.0034 -0.2923 0.9563
100.0000 6.7528 -1.5076 0.0954 0.0043 -0.0029 -0.3084 0.9513
101.0000 6.8361 -1.6243 0.0886 0.0046 -0.0029 -0.3245 0.9459
102.0000 6.9099 -1.7286 0.0958 0.0054 -0.0032 -0.3402 0.9403
103.0000 6.9799 -1.8331 0.0992 0.0064 -0.0034 -0.3550 0.9348
104.0000 7.0537 -1.9365 0.1025 0.0064 -0.0032 -0.3695 0.9292
105.0000 7.1116 -2.0423 0.0972 0.0064 -0.0034 -0.3838 0.9234
106.0000 7.1625 -2.1409 0.0997 0.0063 -0.0032 -0.3972 0.9177
107.0000 7.2123 -2.2436 0.0976 0.0069 -0.0032 -0.4102 0.9120
108.0000 7.2635 -2.3470 0.0965 0.0076 -0.0030 -0.4226 0.9063
109.0000 7.3111 -2.4316 0.1047 0.0080 -0.0031 -0.4341 0.9008
110.0000 7.3404 -2.5169 0.1020 0.0079 -0.0027 -0.4451 0.8955
111.0000 7.3889 -2.6099 0.0979 0.0077 -0.0026 -0.4552 0.8904
112.0000 7.3995 -2.6895 0.0958 0.0077 -0.0026 -0.4644 0.8856
113.0000 7.4441 -2.7585 0.1012 0.0075 -0.0023 -0.4740 0.8805
114.0000 7.4760 -2.8350 0.0954 0.0076 -0.0024 -0.4834 0.8754
115.0000 7.4883 -2.9114 0.1017 0.0075 -0.0020 -0.4924 0.8703
116.0000 7.5286 -2.9903 0.0985 0.0073 -0.0020 -0.5018 0.8649
117.0000 7.5393 -3.0734 0.0981 0.0069 -0.0018 -0.5111 0.8595
118.0000 7.5700 -3.1481 0.0912 0.0069 -0.0017 -0.5205 0.8539
119.0000 7.5763 -3.2479 0.0911 0.0076 -0.0020 -0.5296 0.8482
120.0000 7.5971 -3.3404 0.0957 0.0084 -0.0025 -0.5383 0.8427
121.0000 7.6147 -3.4408 0.1027 0.0090 -0.0028 -0.5462 0.8376
122.0000 7.6339 -3.5477 0.1009 0.0092 -0.0027 -0.5537 0.8327
123.0000 7.6793 -3.6542 0.0958 0.0092 -0.0024 -0.5611 0.8277
124.0000 7.6950 -3.7564 0.0977 0.0091 -0.0019 -0.5682 0.8228
125.0000 7.7259 -3.8597 0.0970 0.0093 -0.0017 -0.5748 0.8182
126.0000 7.7595 -3.9613 0.0979 0.0090 -0.0013 -0.5809 0.8139
127.0000 7.7917 -4.0704 0.0921 0.0088 -0.0010 -0.5870 0.8096
128.0000 7.8137 -4.1956 0.0910 0.0087 -0.0008 -0.5926 0.8054
129.0000 7.8295 -4.3059 0.0892 0.0086 -0.0009 -0.5982 0.8013
130.0000 7.8601 -4.4445 0.0881 0.0090 -0.0013 -0.6036 0.7973
131.0000 7.8768 -4.5696 0.0916 0.0092 -0.0014 -0.6087 0.7934
132.0000 7.9008 -4.7108 0.0937 0.0089 -0.0012 -0.6137 0.7895
133.0000 7.9268 -4.8480 0.0914 0.0084 -0.0006 -0.6182 0.7860
134.0000 7.9433 -4.9790 0.0885 0.0083 -0.0004 -0.6224 0.7827
135.0000 7.9720 -5.1174 0.0893 0.0085 -0.0003 -0.6267 0.7793
136.0000 7.9916 -5.2645 0.0906 0.0089 -0.0007 -0.6305 0.7761
137.0000 8.0133 -5.4145 0.0911 0.0090 -0.0008 -0.6342 0.7731
138.0000 8.0265 -5.5590 0.0902 0.0087 -0.0007 -0.6378 0.7701
139.0000 8.0482 -5.7027 0.0861 0.0086 -0.0003 -0.6411 0.7674
140.0000 8.0661 -5.8567 0.0888 0.0087 -0.0004 -0.6443 0.7647
141.0000 8.0814 -6.0151 0.0880 0.0087 -0.0004 -0.6475 0.7620
142.0000 8.1128 -6.1607 0.0850 0.0085 -0.0004 -0.6505 0.7594
143.0000 8.1294 -6.3313 0.0790 0.0083 -0.0006 -0.6532 0.7571
144.0000 8.1395 -6.4830 0.0787 0.0083 -0.0006 -0.6557 0.7549
145.0000 8.1517 -6.6461 0.0805 0.0083 -0.0008 -0.6578 0.7532
146.0000 8.1759 -6.7865 0.0805 0.0081 -0.0007 -0.6597 0.7515
147.0000 8.1885 -6.9262 0.0803 0.0077 -0.0006 -0.6615 0.7499
148.0000 8.2001 -7.0677 0.0763 0.0079 -0.0008 -0.6633 0.7483
149.0000 8.2337 -7.2075 0.0775 0.0082 -0.0005 -0.6652 0.7466
150.0000 8.2359 -7.3577 0.0791 0.0085 -0.0005 -0.6669 0.7451
151.0000 8.2491 -7.4954 0.0786 0.0083 -0.0003 -0.6686 0.7436
152.0000 8.2520 -7.6197 0.0740 0.0077 -0.0002 -0.6702 0.7421
153.0000 8.2701 -7.7433 0.0720 0.0075 0.0001 -0.6720 0.7405
154.0000 8.2790 -7.8724 0.0762 0.0073 0.0004 -0.6736 0.7391
155.0000 8.2794 -7.9914 0.0740 0.0074 0.0001 -0.6752 0.7376
156.0000 8.2860 -8.1172 0.0735 0.0074 0.0000 -0.6767 0.7363
157.0000 8.2852 -8.2346 0.0732 0.0077 -0.0003 -0.6780 0.7350
158.0000 8.3020 -8.3292 0.0715 0.0081 -0.0007 -0.6796 0.7335
159.0000 8.3128 -8.4410 0.0715 0.0081 -0.0006 -0.6810 0.7323
160.0000 8.3163 -8.5465 0.0691 0.0079 -0.0002 -0.6823 0.7310
161.0000 8.3166 -8.6562 0.0715 0.0076 0.0003 -0.6834 0.7300
162.0000 8.3193 -8.7505 0.0713 0.0075 0.0004 -0.6846 0.7289
163.0000 8.3279 -8.8347 0.0727 0.0075 0.0005 -0.6858 0.7277
164.0000 8.3277 -8.9378 0.0726 0.0073 0.0007 -0.6870 0.7266
165.0000 8.3300 -9.0300 0.0698 0.0073 0.0007 -0.6881 0.7256
166.0000 8.3376 -9.1147 0.0716 0.0073 0.0008 -0.6892 0.7245
167.0000 8.3353 -9.2025 0.0703 0.0075 0.0007 -0.6904 0.7234
168.0000 8.3207 -9.2952 0.0692 0.0079 0.0007 -0.6914 0.7225
169.0000 8.3295 -9.3885 0.0691 0.0080 0.0010 -0.6925 0.7214
170.0000 8.3253 -9.4843 0.0665 0.0082 0.0013 -0.6935 0.7204
171.0000 8.3253 -9.5709 0.0677 0.0086 0.0014 -0.6944 0.7195
172.0000 8.3228 -9.6564 0.0662 0.0094 0.0015 -0.6956 0.7183
173.0000 8.3224 -9.7461 0.0659 0.0101 0.0012 -0.6968 0.7171
174.0000 8.3240 -9.8361 0.0646 0.0099 0.0012 -0.6979 0.7161
175.0000 8.3340 -9.9217 0.0612 0.0097 0.0014 -0.6988 0.7152
176.0000 8.3361 -10.0142 0.0594 0.0097 0.0014 -0.6999 0.7142
177.0000 8.3180 -10.1031 0.0581 0.0099 0.0013 -0.7008 0.7133
178.0000 8.3267 -10.1963 0.0602 0.0100 0.0014 -0.7019 0.7122
179.0000 8.3252 -10.2872 0.0632 0.0101 0.0017 -0.7028 0.7113
180.0000 8.3189 -10.3645 0.0599 0.0100 0.0021 -0.7039 0.7102
181.0000 8.3208 -10.4681 0.0590 0.0100 0.0024 -0.7046 0.7095
182.0000 8.3222 -10.5595 0.0577 0.0102 0.0025 -0.7056 0.7085
183.0000 8.3148 -10.6511 0.0593 0.0103 0.0026 -0.7066 0.7075
184.0000 8.3060 -10.7497 0.0584 -0.0104 -0.0026 0.7075 -0.7066
185.0000 8.3027 -10.8409 0.0578 -0.0108 -0.0026 0.7083 -0.7058
186.0000 8.3086 -10.9292 0.0584 -0.0112 -0.0022 0.7091 -0.7050
187.0000 8.2993 -11.0172 0.0593 -0.0115 -0.0020 0.7102 -0.7039
188.0000 8.3113 -11.1064 0.0573 -0.0115 -0.0021 0.7110 -0.7031
189.0000 8.3167 -11.1924 0.0597 -0.0113 -0.0024 0.7120 -0.7021
190.0000 8.3088 -11.2840 0.0533 -0.0113 -0.0026 0.7127 -0.7013
191.0000 8.3083 -11.3689 0.0550 -0.0114 -0.0026 0.7135 -0.7005
192.0000 8.2976 -11.4654 0.0563 -0.0113 -0.0023 0.7144 -0.6997
193.0000 8.2858 -11.5532 0.0565 -0.0112 -0.0020 0.7149 -0.6991
194.0000 8.2816 -11.6425 0.0545 -0.0112 -0.0018 0.7153 -0.6987
195.0000 8.2757 -11.7305 0.0576 -0.0111 -0.0017 0.7158 -0.6983
196.0000 8.2834 -11.8239 0.0583 -0.0109 -0.0017 0.7159 -0.6981
197.0000 8.2789 -11.9143 0.0556 -0.0108 -0.0018 0.7157 -0.6983
198.0000 8.2803 -11.9911 0.0538 -0.0105 -0.0020 0.7157 -0.6983
199.0000 8.2770 -12.0856 0.0521 -0.0104 -0.0018 0.7153 -0.6987
200.0000 8.2761 -12.1770 0.0520 -0.0102 -0.0018 0.7149 -0.6991
201.0000 8.2648 -12.2686 0.0463 -0.0103 -0.0016 0.7145 -0.6996
202.0000 8.2723 -12.3671 0.0452 -0.0103 -0.0011 0.7140 -0.7001
203.0000 8.2834 -12.4664 0.0447 -0.0102 -0.0009 0.7135 -0.7006
204.0000 8.2841 -12.5776 0.0409 -0.0102 -0.0010 0.7128 -0.7013
205.0000 8.2863 -12.6942 0.0359 -0.0103 -0.0014 0.7118 -0.7023
206.0000 8.2830 -12.8224 0.0304 -0.0104 -0.0015 0.7109 -0.7032
207.0000 8.2874 -12.9383 0.0328 -0.0105 -0.0014 0.7101 -0.7041
208.0000 8.2878 -13.0611 0.0326 -0.0107 -0.0014 0.7093 -0.7048
209.0000 8.2807 -13.2020 0.0260 -0.0112 -0.0014 0.7085 -0.7056
210.0000 8.2862 -13.3242 0.0273 -0.0114 -0.0016 0.7077 -0.7064
211.0000 8.2861 -13.4712 0.0252 0.0116 0.0019 -0.7070 0.7071
212.0000 8.2971 -13.6050 0.0270 0.0121 0.0022 -0.7066 0.7075
213.0000 8.2861 -13.7509 0.0207 0.0130 0.0024 -0.7057 0.7084
214.0000 8.2835 -13.9092 0.0192 0.0134 0.0030 -0.7051 0.7090
215.0000 8.2909 -14.0584 0.0222 0.0132 0.0035 -0.7047 0.7094
216.0000 8.2937 -14.2129 0.0155 0.0136 0.0038 -0.7042 0.7098
217.0000 8.2967 -14.3710 0.0163 0.0147 0.0041 -0.7036 0.7104
218.0000 8.3096 -14.5107 0.0194 0.0156 0.0042 -0.7031 0.7109
219.0000 8.3048 -14.6752 0.0179 0.0162 0.0044 -0.7025 0.7115
220.0000 8.3084 -14.8400 0.0149 0.0162 0.0045 -0.7020 0.7120
221.0000 8.3068 -15.0152 0.0125 0.0156 0.0046 -0.7013 0.7126
222.0000 8.3150 -15.1643 0.0115 0.0151 0.0046 -0.7007 0.7132
223.0000 8.3208 -15.3336 0.0079 0.0146 0.0045 -0.7003 0.7137
224.0000 8.3203 -15.5115 0.0016 0.0141 0.0042 -0.7001 0.7139
225.0000 8.3218 -15.6835 0.0000 0.0138 0.0039 -0.6999 0.7141
226.0000 8.3227 -15.8698 -0.0019 0.0142 0.0034 -0.6998 0.7142
227.0000 8.3302 -16.0381 -0.0037 0.0150 0.0026 -0.6998 0.7142
228.0000 8.3351 -16.2087 -0.0086 0.0151 0.0021 -0.6997 0.7143
229.0000 8.3455 -16.3903 -0.0105 0.0147 0.0017 -0.6996 0.7144
230.0000 8.3408 -16.5627 -0.0180 0.0142 0.0017 -0.6994 0.7146
231.0000 8.3507 -16.7535 -0.0255 0.0139 0.0020 -0.6993 0.7147
232.0000 8.3661 -16.9377 -0.0255 0.0136 0.0019 -0.6991 0.7149
233.0000 8.3612 -17.1281 -0.0298 0.0137 0.0012 -0.6989 0.7151
234.0000 8.3633 -17.3222 -0.0338 0.0139 0.0008 -0.6988 0.7152
235.0000 8.3787 -17.5090 -0.0342 0.0138 0.0005 -0.6987 0.7152
236.0000 8.3837 -17.7015 -0.0339 0.0135 0.0008 -0.6986 0.7154
237.0000 8.3897 -17.8955 -0.0395 0.0131 0.0014 -0.6985 0.7155
238.0000 8.3988 -18.0867 -0.0411 0.0131 0.0017 -0.6983 0.7156
239.0000 8.3981 -18.2909 -0.0399 0.0134 0.0011 -0.6982 0.7158
240.0000 8.3975 -18.4815 -0.0423 0.0140 0.0007 -0.6981 0.7159
241.0000 8.4007 -18.6712 -0.0449 0.0142 0.0006 -0.6981 0.7159
242.0000 8.4083 -18.8722 -0.0478 0.0141 0.0006 -0.6979 0.7161
243.0000 8.4185 -19.0721 -0.0551 0.0142 0.0006 -0.6978 0.7161
244.0000 8.4120 -19.2796 -0.0555 0.0145 0.0003 -0.6978 0.7162
245.0000 8.4237 -19.4716 -0.0567 0.0141 0.0003 -0.6977 0.7162
246.0000 8.4333 -19.6734 -0.0648 0.0139 0.0004 -0.6976 0.7163
247.0000 8.4527 -19.8687 -0.0658 0.0138 0.0006 -0.6977 0.7162
248.0000 8.4563 -20.0660 -0.0676 0.0137 0.0007 -0.6976 0.7163
249.0000 8.4575 -20.2869 -0.0696 0.0140 0.0007 -0.6973 0.7167
250.0000 8.4599 -20.4951 -0.0721 0.0141 0.0011 -0.6971 0.7168
251.0000 8.4791 -20.6993 -0.0653 0.0135 0.0014 -0.6973 0.7166
252.0000 8.4764 -20.9012 -0.0745 0.0131 0.0012 -0.6973 0.7166
253.0000 8.4817 -21.1007 -0.0824 0.0133 0.0012 -0.6977 0.7163
254.0000 8.4874 -21.3089 -0.0814 0.0135 0.0008 -0.6985 0.7155
255.0000 8.4952 -21.5296 -0.0824 0.0135 0.0005 -0.6992 0.7148
256.0000 8.4959 -21.7412 -0.0867 0.0133 0.0002 -0.6997 0.7143
257.0000 8.4962 -21.9596 -0.0903 0.0134 -0.0002 -0.7002 0.7138
258.0000 8.5031 -22.1726 -0.0937 0.0134 -0.0003 -0.7007 0.7133
259.0000 8.5043 -22.3958 -0.0931 0.0133 -0.0005 -0.7011 0.7129
260.0000 8.5077 -22.6241 -0.0971 0.0132 -0.0002 -0.7018 0.7123
261.0000 8.5058 -22.8703 -0.1019 0.0131 -0.0001 -0.7021 0.7120
262.0000 8.5085 -23.1085 -0.1090 0.0134 -0.0005 -0.7023 0.7117
263.0000 8.5199 -23.3489 -0.1034 0.0137 -0.0008 -0.7024 0.7116
264.0000 8.5185 -23.6073 -0.1096 0.0136 -0.0010 -0.7025 0.7116
265.0000 8.5305 -23.8690 -0.1133 0.0129 -0.0008 -0.7023 0.7118
266.0000 8.5322 -24.1355 -0.1134 0.0119 -0.0004 -0.7022 0.7119
267.0000 8.5404 -24.3873 -0.1185 0.0120 -0.0007 -0.7020 0.7121
268.0000 8.5386 -24.6603 -0.1187 0.0128 -0.0006 -0.7018 0.7123
269.0000 8.5436 -24.9467 -0.1207 0.0135 -0.0005 -0.7016 0.7124
270.0000 8.5434 -25.2151 -0.1225 0.0140 -0.0002 -0.7016 0.7125
271.0000 8.5462 -25.4835 -0.1295 0.0137 0.0001 -0.7018 0.7123
272.0000 8.5697 -25.7507 -0.1343 0.0132 -0.0001 -0.7017 0.7123
273.0000 8.5655 -26.0296 -0.1379 0.0135 -0.0005 -0.7012 0.7128
274.0000 8.5685 -26.2941 -0.1358 0.0141 -0.0001 -0.7013 0.7127
275.0000 8.5631 -26.5604 -0.1379 0.0144 0.0006 -0.7010 0.7130
276.0000 8.5806 -26.8240 -0.1402 0.0142 0.0019 -0.7008 0.7132
277.0000 8.5885 -27.0889 -0.1435 0.0142 0.0024 -0.7007 0.7133
278.0000 8.5823 -27.3499 -0.1488 0.0144 0.0020 -0.7004 0.7136
279.0000 8.5980 -27.6120 -0.1485 0.0143 0.0015 -0.7002 0.7138
280.0000 8.6051 -27.8638 -0.1523 0.0140 0.0012 -0.7000 0.7140
281.0000 8.6029 -28.1269 -0.1583 0.0137 0.0016 -0.6997 0.7143
282.0000 8.6165 -28.3948 -0.1597 0.0137 0.0015 -0.6993 0.7147
283.0000 8.6136 -28.6484 -0.1622 0.0140 0.0015 -0.6991 0.7149
284.0000 8.6299 -28.8860 -0.1638 0.0140 0.0015 -0.6989 0.7150
285.0000 8.6514 -29.1322 -0.1673 0.0135 0.0012 -0.6987 0.7153
286.0000 8.6536 -29.3802 -0.1787 0.0132 0.0010 -0.6986 0.7154
287.0000 8.6621 -29.6394 -0.1779 0.0129 0.0009 -0.6984 0.7156
288.0000 8.6695 -29.8963 -0.1814 0.0127 0.0007 -0.6978 0.7162
289.0000 8.6670 -30.1310 -0.1839 0.0124 0.0001 -0.6975 0.7164
290.0000 8.6867 -30.3882 -0.1840 0.0119 -0.0000 -0.6974 0.7166
291.0000 8.6885 -30.6701 -0.1898 0.0116 0.0000 -0.6970 0.7170
292.0000 8.7042 -30.9510 -0.1928 0.0116 -0.0001 -0.6966 0.7173
293.0000 8.7058 -31.2024 -0.1940 0.0119 0.0001 -0.6964 0.7175
294.0000 8.7217 -31.4752 -0.1965 0.0119 -0.0000 -0.6963 0.7176
295.0000 8.7377 -31.7653 -0.1984 0.0118 -0.0001 -0.6960 0.7179
296.0000 8.7488 -32.0562 -0.2010 0.0117 -0.0001 -0.6957 0.7183
297.0000 8.7658 -32.3390 -0.2061 0.0118 -0.0001 -0.6955 0.7185
298.0000 8.7636 -32.6400 -0.2088 0.0120 0.0004 -0.6949 0.7190
299.0000 8.7749 -32.9287 -0.2081 0.0119 0.0008 -0.6946 0.7193
300.0000 8.7963 -33.2104 -0.2124 0.0116 0.0014 -0.6943 0.7196
301.0000 8.8257 -33.4912 -0.2145 0.0115 0.0025 -0.6940 0.7199
302.0000 8.8319 -33.7685 -0.2181 0.0114 0.0030 -0.6937 0.7202
303.0000 8.8346 -34.0635 -0.2266 0.0118 0.0025 -0.6932 0.7207
304.0000 8.8385 -34.3587 -0.2231 0.0129 0.0012 -0.6929 0.7209
305.0000 8.8444 -34.6354 -0.2229 0.0136 0.0001 -0.6929 0.7209
306.0000 8.8609 -34.8896 -0.2246 0.0138 0.0000 -0.6931 0.7207
307.0000 8.8840 -35.1676 -0.2294 0.0132 0.0008 -0.6940 0.7199
308.0000 8.8822 -35.4355 -0.2348 0.0128 0.0019 -0.6954 0.7185
309.0000 8.8924 -35.7166 -0.2371 0.0125 0.0026 -0.6973 0.7167
310.0000 8.8826 -35.9822 -0.2395 0.0122 0.0028 -0.7001 0.7139
311.0000 8.8840 -36.2489 -0.2418 0.0113 0.0033 -0.7037 0.7104
312.0000 8.8903 -36.5269 -0.2489 -0.0104 -0.0043 0.7082 -0.7059
313.0000 8.8729 -36.7861 -0.2570 -0.0108 -0.0048 0.7128 -0.7013
314.0000 8.8462 -37.0334 -0.2576 -0.0122 -0.0047 0.7181 -0.6959
315.0000 8.8119 -37.2938 -0.2573 -0.0135 -0.0043 0.7242 -0.6895
316.0000 8.7827 -37.5605 -0.2596 -0.0140 -0.0039 0.7308 -0.6824
317.0000 8.7452 -37.8167 -0.2621 -0.0136 -0.0040 0.7374 -0.6753
318.0000 8.6963 -38.0670 -0.2689 -0.0134 -0.0042 0.7444 -0.6676
319.0000 8.6590 -38.2998 -0.2728 -0.0131 -0.0046 0.7517 -0.6593
320.0000 8.5986 -38.5591 -0.2782 -0.0130 -0.0049 0.7593 -0.6507
321.0000 8.5391 -38.7949 -0.2827 -0.0131 -0.0052 0.7675 -0.6409
322.0000 8.4690 -39.0357 -0.2866 -0.0130 -0.0056 0.7761 -0.6305
323.0000 8.3951 -39.2723 -0.2910 -0.0127 -0.0062 0.7849 -0.6194
324.0000 8.3031 -39.4847 -0.2999 -0.0124 -0.0069 0.7941 -0.6076
325.0000 8.2219 -39.7053 -0.3053 -0.0121 -0.0072 0.8039 -0.5946
326.0000 8.1195 -39.9091 -0.3066 -0.0124 -0.0075 0.8139 -0.5808
327.0000 8.0093 -40.1140 -0.3131 -0.0127 -0.0078 0.8240 -0.5664
328.0000 7.9035 -40.3136 -0.3201 -0.0127 -0.0081 0.8341 -0.5514
329.0000 7.7678 -40.5249 -0.3251 -0.0127 -0.0083 0.8441 -0.5360
330.0000 7.6348 -40.7028 -0.3299 -0.0130 -0.0081 0.8538 -0.5203
331.0000 7.4989 -40.8720 -0.3376 -0.0136 -0.0075 0.8629 -0.5051
332.0000 7.3690 -41.0490 -0.3388 -0.0140 -0.0067 0.8717 -0.4898
333.0000 7.2333 -41.2044 -0.3441 -0.0140 -0.0063 0.8801 -0.4746
334.0000 7.0904 -41.3590 -0.3467 -0.0141 -0.0064 0.8881 -0.4595
335.0000 6.9348 -41.5206 -0.3528 -0.0141 -0.0069 0.8955 -0.4448
336.0000 6.7838 -41.6643 -0.3583 -0.0136 -0.0078 0.9027 -0.4301
337.0000 6.6302 -41.8004 -0.3620 -0.0128 -0.0090 0.9095 -0.4154
338.0000 6.4688 -41.9408 -0.3759 -0.0120 -0.0098 0.9161 -0.4007
339.0000 6.3135 -42.0603 -0.3779 -0.0122 -0.0099 0.9224 -0.3860
340.0000 6.1480 -42.1758 -0.3849 -0.0122 -0.0095 0.9284 -0.3712
341.0000 5.9818 -42.2918 -0.3880 -0.0124 -0.0090 0.9342 -0.3565
342.0000 5.8095 -42.4087 -0.3892 -0.0128 -0.0082 0.9395 -0.3422
343.0000 5.6280 -42.5126 -0.3907 -0.0131 -0.0075 0.9444 -0.3285
344.0000 5.4522 -42.6184 -0.3973 -0.0136 -0.0071 0.9490 -0.3148
345.0000 5.2741 -42.7041 -0.4022 -0.0136 -0.0074 0.9531 -0.3023
346.0000 5.0939 -42.8009 -0.4106 -0.0135 -0.0076 0.9567 -0.2907
347.0000 4.9181 -42.8984 -0.4140 -0.0136 -0.0077 0.9599 -0.2801
348.0000 4.7532 -42.9981 -0.4154 -0.0141 -0.0081 0.9626 -0.2703
349.0000 4.5897 -43.0765 -0.4208 -0.0142 -0.0092 0.9650 -0.2618
350.0000 4.4410 -43.1430 -0.4258 -0.0137 -0.0108 0.9670 -0.2543
351.0000 4.2791 -43.2241 -0.4358 -0.0129 -0.0119 0.9686 -0.2478
352.0000 4.1276 -43.2922 -0.4382 -0.0125 -0.0121 0.9702 -0.2418
353.0000 3.9683 -43.3486 -0.4436 -0.0129 -0.0115 0.9714 -0.2367
354.0000 3.8379 -43.4166 -0.4431 -0.0132 -0.0103 0.9725 -0.2324
355.0000 3.7049 -43.4799 -0.4420 -0.0135 -0.0091 0.9734 -0.2285
356.0000 3.5673 -43.5257 -0.4420 -0.0138 -0.0084 0.9741 -0.2255
357.0000 3.4444 -43.5803 -0.4449 -0.0139 -0.0082 0.9747 -0.2231
358.0000 3.3304 -43.6434 -0.4524 -0.0142 -0.0082 0.9750 -0.2215
359.0000 3.2177 -43.6755 -0.4579 -0.0142 -0.0083 0.9754 -0.2199
360.0000 3.1108 -43.7339 -0.4628 -0.0142 -0.0082 0.9755 -0.2192
361.0000 3.0063 -43.7756 -0.4634 -0.0145 -0.0078 0.9756 -0.2188
362.0000 2.9084 -43.8219 -0.4657 -0.0147 -0.0075 0.9757 -0.2187
363.0000 2.8239 -43.8633 -0.4695 -0.0149 -0.0077 0.9755 -0.2192
364.0000 2.7359 -43.9064 -0.4737 -0.0152 -0.0078 0.9753 -0.2201
365.0000 2.6726 -43.9405 -0.4746 -0.0150 -0.0077 0.9751 -0.2210
366.0000 2.6081 -43.9780 -0.4758 -0.0149 -0.0079 0.9749 -0.2221
367.0000 2.5414 -44.0228 -0.4811 -0.0150 -0.0079 0.9745 -0.2237
368.0000 2.4873 -44.0367 -0.4824 -0.0149 -0.0080 0.9742 -0.2249
369.0000 2.4310 -44.0681 -0.4852 -0.0150 -0.0079 0.9738 -0.2266
370.0000 2.3939 -44.0862 -0.4841 -0.0151 -0.0077 0.9735 -0.2279
371.0000 2.3569 -44.1107 -0.4859 -0.0153 -0.0077 0.9732 -0.2293
372.0000 2.3450 -44.1277 -0.4880 -0.0153 -0.0077 0.9730 -0.2303
373.0000 2.3279 -44.1394 -0.4883 -0.0152 -0.0077 0.9728 -0.2312
374.0000 2.3087 -44.1547 -0.4896 -0.0153 -0.0077 0.9727 -0.2316
375.0000 2.3008 -44.1396 -0.4873 -0.0151 -0.0077 0.9726 -0.2318
376.0000 2.3042 -44.1575 -0.4883 -0.0151 -0.0077 0.9726 -0.2320
377.0000 2.3056 -44.1455 -0.4888 -0.0149 -0.0076 0.9726 -0.2319
378.0000 2.3054 -44.1503 -0.4874 -0.0147 -0.0076 0.9725 -0.2322
379.0000 2.3078 -44.1491 -0.4870 -0.0147 -0.0076 0.9726 -0.2320
380.0000 2.3043 -44.1526 -0.4882 -0.0147 -0.0077 0.9726 -0.2321
381.0000 2.3049 -44.1491 -0.4879 -0.0147 -0.0076 0.9726 -0.2320
382.0000 2.3084 -44.1501 -0.4876 -0.0147 -0.0076 0.9725 -0.2321
383.0000 2.3069 -44.1401 -0.4874 -0.0146 -0.0075 0.9726 -0.2321
384.0000 2.3080 -44.1609 -0.4865 -0.0147 -0.0076 0.9726 -0.2321
385.0000 2.3112 -44.1577 -0.4872 -0.0147 -0.0076 0.9725 -0.2321
386.0000 2.3058 -44.1500 -0.4876 -0.0147 -0.0076 0.9726 -0.2320
387.0000 2.3060 -44.1490 -0.4867 -0.0147 -0.0076 0.9725 -0.2321
388.0000 2.3045 -44.1467 -0.4872 -0.0147 -0.0076 0.9726 -0.2320
389.0000 2.3022 -44.1512 -0.4877 -0.0147 -0.0076 0.9726 -0.2321
390.0000 2.3079 -44.1448 -0.4873 -0.0147 -0.0076 0.9726 -0.2321
391.0000 2.3056 -44.1521 -0.4875 -0.0147 -0.0076 0.9725 -0.2321
392.0000 2.3109 -44.1472 -0.4870 -0.0146 -0.0076 0.9726 -0.2320
393.0000 2.3073 -44.1649 -0.4874 -0.0146 -0.0077 0.9725 -0.2322
394.0000 2.3091 -44.1554 -0.4876 -0.0146 -0.0076 0.9726 -0.2321
395.0000 2.3065 -44.1514 -0.4864 -0.0148 -0.0076 0.9726 -0.2320
396.0000 2.3116 -44.1574 -0.4865 -0.0146 -0.0075 0.9725 -0.2321
397.0000 2.3043 -44.1528 -0.4858 -0.0147 -0.0076 0.9726 -0.2320
398.0000 2.3096 -44.1527 -0.4886 -0.0147 -0.0076 0.9725 -0.2322
399.0000 2.3067 -44.1517 -0.4878 -0.0147 -0.0076 0.9726 -0.2320
400.0000 2.3091 -44.1534 -0.4869 -0.0146 -0.0076 0.9725 -0.2321
401.0000 2.3050 -44.1600 -0.4881 -0.0145 -0.0076 0.9725 -0.2322
402.0000 2.3019 -44.1467 -0.4884 -0.0144 -0.0075 0.9725 -0.2325
403.0000 2.2962 -44.1575 -0.4867 -0.0142 -0.0074 0.9724 -0.2326
404.0000 2.2819 -44.1627 -0.4904 -0.0141 -0.0074 0.9723 -0.2332
405.0000 2.2706 -44.1803 -0.4886 -0.0141 -0.0074 0.9721 -0.2338
406.0000 2.2462 -44.1954 -0.4892 -0.0141 -0.0073 0.9720 -0.2346
407.0000 2.2145 -44.2067 -0.4886 -0.0141 -0.0074 0.9718 -0.2354
408.0000 2.1858 -44.2252 -0.4912 -0.0141 -0.0073 0.9714 -0.2369
409.0000 2.1647 -44.2465 -0.4900 -0.0141 -0.0073 0.9710 -0.2384
410.0000 2.1133 -44.2681 -0.4931 -0.0142 -0.0073 0.9706 -0.2401
411.0000 2.0723 -44.3064 -0.4922 -0.0141 -0.0074 0.9701 -0.2423
412.0000 2.0171 -44.3429 -0.4978 -0.0141 -0.0075 0.9693 -0.2452
413.0000 1.9556 -44.3789 -0.4978 -0.0144 -0.0075 0.9685 -0.2485
414.0000 1.8839 -44.4222 -0.5006 -0.0145 -0.0073 0.9675 -0.2525
415.0000 1.8103 -44.4802 -0.4996 -0.0147 -0.0072 0.9662 -0.2571
416.0000 1.7373 -44.5328 -0.5036 -0.0146 -0.0072 0.9647 -0.2629
417.0000 1.6439 -44.6080 -0.5083 -0.0145 -0.0071 0.9628 -0.2696
418.0000 1.5517 -44.6834 -0.5082 -0.0147 -0.0068 0.9606 -0.2775
419.0000 1.4638 -44.7581 -0.5086 -0.0149 -0.0063 0.9579 -0.2867
420.0000 1.3643 -44.8431 -0.5096 -0.0153 -0.0056 0.9548 -0.2967
421.0000 1.2598 -44.9370 -0.5120 -0.0154 -0.0048 0.9513 -0.3078
422.0000 1.1688 -45.0383 -0.5174 -0.0151 -0.0041 0.9471 -0.3204
423.0000 1.0703 -45.1541 -0.5184 -0.0150 -0.0038 0.9426 -0.3334
424.0000 0.9704 -45.2711 -0.5272 -0.0148 -0.0032 0.9376 -0.3474
425.0000 0.8601 -45.4163 -0.5259 -0.0141 -0.0029 0.9321 -0.3620
426.0000 0.7629 -45.5477 -0.5329 -0.0138 -0.0022 0.9260 -0.3773
427.0000 0.6682 -45.6899 -0.5348 -0.0139 -0.0017 0.9193 -0.3934
428.0000 0.5683 -45.8312 -0.5392 -0.0144 -0.0011 0.9120 -0.4098
429.0000 0.4696 -46.0032 -0.5437 -0.0145 -0.0003 0.9044 -0.4265
430.0000 0.3728 -46.1762 -0.5480 -0.0146 0.0002 0.8961 -0.4436
431.0000 0.2822 -46.3432 -0.5497 -0.0146 0.0008 0.8871 -0.4613
432.0000 0.1988 -46.5469 -0.5584 -0.0148 0.0012 0.8777 -0.4790
433.0000 0.1251 -46.7428 -0.5624 -0.0148 0.0019 0.8675 -0.4972
434.0000 0.0550 -46.9506 -0.5587 -0.0152 0.0027 0.8567 -0.5156
435.0000 -0.0175 -47.1728 -0.5648 -0.0159 0.0035 0.8453 -0.5340
436.0000 -0.0685 -47.4043 -0.5673 -0.0158 0.0040 0.8335 -0.5524
437.0000 -0.1151 -47.6173 -0.5674 -0.0150 0.0039 0.8214 -0.5702
438.0000 -0.1436 -47.8527 -0.5738 -0.0143 0.0031 0.8093 -0.5873
439.0000 -0.1837 -48.0885 -0.5829 -0.0135 0.0029 0.7973 -0.6034
440.0000 -0.2011 -48.3689 -0.5771 -0.0136 0.0026 0.7852 -0.6191
441.0000 -0.2317 -48.6162 -0.5861 -0.0149 0.0032 0.7737 -0.6333
442.0000 -0.2370 -48.8777 -0.5844 -0.0154 0.0034 0.7626 -0.6467
443.0000 -0.2592 -49.1512 -0.5883 -0.0148 0.0026 0.7521 -0.6588
444.0000 -0.2494 -49.4567 -0.5971 -0.0140 0.0017 0.7422 -0.6700
445.0000 -0.2510 -49.7313 -0.6024 -0.0135 0.0009 0.7332 -0.6799
446.0000 -0.2529 -50.0281 -0.6049 -0.0133 0.0002 0.7251 -0.6885
447.0000 -0.2367 -50.3371 -0.6101 -0.0135 -0.0006 0.7175 -0.6964
448.0000 -0.2257 -50.6489 -0.6161 -0.0138 -0.0009 0.7108 -0.7032
449.0000 -0.2109 -50.9510 -0.6195 0.0140 0.0008 -0.7049 0.7092
450.0000 -0.1900 -51.2500 -0.6186 0.0134 0.0013 -0.6999 0.7141
451.0000 -0.1670 -51.5760 -0.6222 0.0120 0.0021 -0.6956 0.7183
452.0000 -0.1410 -51.8731 -0.6294 0.0115 0.0020 -0.6925 0.7214
453.0000 -0.1333 -52.2054 -0.6335 0.0117 0.0013 -0.6901 0.7236
454.0000 -0.1047 -52.5473 -0.6331 0.0124 0.0003 -0.6883 0.7253
455.0000 -0.0901 -52.8496 -0.6368 0.0127 0.0001 -0.6868 0.7267
456.0000 -0.0653 -53.1744 -0.6435 0.0127 -0.0002 -0.6860 0.7275
457.0000 -0.0652 -53.5126 -0.6462 0.0127 -0.0001 -0.6858 0.7277
458.0000 -0.0332 -53.8388 -0.6527 0.0135 -0.0000 -0.6856 0.7278
459.0000 -0.0162 -54.1703 -0.6520 0.0136 0.0007 -0.6855 0.7279
460.0000 0.0070 -54.4947 -0.6587 0.0130 0.0017 -0.6853 0.7281
461.0000 0.0366 -54.8164 -0.6613 0.0125 0.0024 -0.6850 0.7284
462.0000 0.0541 -55.1284 -0.6662 0.0132 0.0022 -0.6848 0.7286
463.0000 0.0759 -55.4555 -0.6667 0.0139 0.0018 -0.6847 0.7287
464.0000 0.1001 -55.7711 -0.6723 0.0145 0.0018 -0.6846 0.7287
465.0000 0.1124 -56.0971 -0.6773 0.0151 0.0017 -0.6849 0.7285
466.0000 0.1244 -56.4183 -0.6813 0.0154 0.0014 -0.6855 0.7279
467.0000 0.1469 -56.7413 -0.6869 0.0154 0.0012 -0.6861 0.7273
468.0000 0.1745 -57.0445 -0.6878 0.0150 0.0008 -0.6868 0.7266
469.0000 0.1708 -57.3387 -0.6917 0.0146 0.0011 -0.6880 0.7255
470.0000 0.1964 -57.6700 -0.6965 0.0144 0.0013 -0.6890 0.7246
471.0000 0.2147 -58.0001 -0.7013 0.0140 0.0015 -0.6898 0.7239
472.0000 0.2208 -58.2933 -0.7093 0.0131 0.0019 -0.6907 0.7230
473.0000 0.2290 -58.5915 -0.7110 0.0130 0.0017 -0.6916 0.7222
474.0000 0.2432 -58.9048 -0.7186 0.0137 0.0011 -0.6923 0.7215
475.0000 0.2534 -59.2103 -0.7173 0.0143 0.0007 -0.6930 0.7208
476.0000 0.2692 -59.5365 -0.7215 0.0144 0.0011 -0.6936 0.7203
477.0000 0.2784 -59.8213 -0.7262 0.0146 0.0017 -0.6940 0.7198
478.0000 0.2960 -60.1277 -0.7312 0.0147 0.0021 -0.6944 0.7194
479.0000 0.2931 -60.4205 -0.7385 0.0152 0.0023 -0.6949 0.7190
480.0000 0.2936 -60.7152 -0.7443 0.0157 0.0023 -0.6952 0.7187
481.0000 0.3087 -61.0109 -0.7473 0.0160 0.0023 -0.6954 0.7185
482.0000 0.3162 -61.3049 -0.7470 0.0163 0.0024 -0.6955 0.7183
483.0000 0.3307 -61.5963 -0.7537 0.0164 0.0025 -0.6957 0.7182
484.0000 0.3342 -61.8990 -0.7574 0.0169 0.0021 -0.6957 0.7181
485.0000 0.3556 -62.1863 -0.7593 0.0165 0.0023 -0.6960 0.7178
486.0000 0.3672 -62.4787 -0.7673 0.0159 0.0025 -0.6961 0.7178
487.0000 0.3892 -62.7695 -0.7730 0.0151 0.0026 -0.6962 0.7177
488.0000 0.3896 -63.0563 -0.7783 0.0143 0.0023 -0.6963 0.7176
489.0000 0.3905 -63.3554 -0.7851 0.0137 0.0023 -0.6961 0.7178
490.0000 0.3942 -63.6334 -0.7893 0.0137 0.0017 -0.6960 0.7179
491.0000 0.4148 -63.9377 -0.7901 0.0136 0.0013 -0.6957 0.7182
492.0000 0.4304 -64.2463 -0.7966 0.0137 0.0007 -0.6955 0.7184
493.0000 0.4349 -64.5393 -0.7990 0.0138 0.0006 -0.6952 0.7187
494.0000 0.4440 -64.8433 -0.8044 0.0141 0.0003 -0.6951 0.7188
495.0000 0.4579 -65.1460 -0.8061 0.0140 0.0003 -0.6950 0.7189
496.0000 0.4768 -65.4439 -0.8101 0.0134 0.0010 -0.6951 0.7188
497.0000 0.4911 -65.7512 -0.8177 0.0135 0.0010 -0.6954 0.7185
498.0000 0.5082 -66.0476 -0.8174 0.0137 0.0006 -0.6959 0.7180
499.0000 0.5087 -66.3432 -0.8177 0.0130 0.0008 -0.6964 0.7175
500.0000 0.5263 -66.6566 -0.8222 0.0122 0.0014 -0.6966 0.7173
501.0000 0.5235 -66.9536 -0.8274 0.0123 0.0013 -0.6971 0.7169
502.0000 0.5363 -67.2546 -0.8282 0.0124 0.0011 -0.6975 0.7165
503.0000 0.5469 -67.5750 -0.8280 0.0125 0.0007 -0.6978 0.7162
504.0000 0.5561 -67.8710 -0.8313 0.0127 0.0008 -0.6983 0.7157
505.0000 0.5655 -68.1718 -0.8368 0.0130 0.0005 -0.6986 0.7154
506.0000 0.5614 -68.4772 -0.8389 0.0130 0.0008 -0.6991 0.7149
507.0000 0.5815 -68.7856 -0.8436 0.0132 0.0011 -0.6992 0.7148
508.0000 0.5877 -69.1014 -0.8461 0.0130 0.0020 -0.6998 0.7142
509.0000 0.5942 -69.4046 -0.8501 0.0138 0.0030 -0.6999 0.7141
510.0000 0.5966 -69.7128 -0.8626 0.0145 0.0036 -0.7005 0.7135
511.0000 0.5999 -70.0173 -0.8665 0.0155 0.0036 -0.7009 0.7131
512.0000 0.6111 -70.3355 -0.8675 0.0161 0.0030 -0.7013 0.7127
513.0000 0.6084 -70.6331 -0.8661 0.0160 0.0026 -0.7016 0.7124
514.0000 0.6085 -70.9409 -0.8703 0.0150 0.0031 -0.7021 0.7119
515.0000 0.6203 -71.2361 -0.8772 0.0140 0.0037 -0.7024 0.7116
516.0000 0.6377 -71.5300 -0.8786 0.0136 0.0043 -0.7027 0.7113
517.0000 0.6399 -71.8189 -0.8910 0.0132 0.0044 -0.7032 0.7108
518.0000 0.6292 -72.1039 -0.8974 0.0128 0.0033 -0.7034 0.7107
519.0000 0.6400 -72.3887 -0.8967 0.0126 0.0026 -0.7036 0.7105
520.0000 0.6365 -72.6875 -0.8977 0.0128 0.0024 -0.7037 0.7103
521.0000 0.6439 -72.9621 -0.9034 0.0131 0.0027 -0.7038 0.7102
522.0000 0.6497 -73.2464 -0.9099 0.0133 0.0028 -0.7040 0.7100
523.0000 0.6586 -73.5388 -0.9073 0.0128 0.0036 -0.7042 0.7098
524.0000 0.6599 -73.8426 -0.9150 0.0121 0.0047 -0.7044 0.7097
525.0000 0.6558 -74.1062 -0.9234 0.0122 0.0051 -0.7048 0.7093
526.0000 0.6612 -74.3842 -0.9265 0.0120 0.0049 -0.7049 0.7092
527.0000 0.6690 -74.6486 -0.9305 0.0123 0.0047 -0.7051 0.7089
528.0000 0.6664 -74.9266 -0.9310 0.0129 0.0043 -0.7052 0.7089
529.0000 0.6562 -75.1998 -0.9363 0.0138 0.0037 -0.7056 0.7084
530.0000 0.6600 -75.4875 -0.9393 0.0140 0.0034 -0.7058 0.7082
531.0000 0.6516 -75.7582 -0.9437 0.0145 0.0035 -0.7062 0.7078
532.0000 0.6568 -76.0283 -0.9476 0.0144 0.0039 -0.7067 0.7073
533.0000 0.6629 -76.3119 -0.9520 -0.0145 -0.0040 0.7071 -0.7070
534.0000 0.6697 -76.5611 -0.9568 -0.0136 -0.0040 0.7079 -0.7062
535.0000 0.6631 -76.8367 -0.9585 -0.0135 -0.0043 0.7086 -0.7055
536.0000 0.6573 -77.0800 -0.9648 -0.0136 -0.0046 0.7100 -0.7040
537.0000 0.6454 -77.3462 -0.9701 -0.0138 -0.0052 0.7114 -0.7026
538.0000 0.6475 -77.6080 -0.9805 -0.0137 -0.0057 0.7132 -0.7008
539.0000 0.6420 -77.8571 -0.9844 -0.0136 -0.0058 0.7154 -0.6986
540.0000 0.6344 -78.1264 -0.9867 -0.0135 -0.0056 0.7180 -0.6959
541.0000 0.6235 -78.3717 -0.9890 -0.0132 -0.0057 0.7212 -0.6926
542.0000 0.5994 -78.6271 -0.9913 -0.0126 -0.0062 0.7251 -0.6885
543.0000 0.5670 -78.8851 -0.9981 -0.0124 -0.0066 0.7297 -0.6836
544.0000 0.5399 -79.1367 -1.0004 -0.0124 -0.0064 0.7346 -0.6784
545.0000 0.5044 -79.3843 -1.0032 -0.0129 -0.0063 0.7400 -0.6724
546.0000 0.4708 -79.6036 -1.0112 -0.0126 -0.0059 0.7461 -0.6657
547.0000 0.4311 -79.8438 -1.0094 -0.0114 -0.0070 0.7523 -0.6586
548.0000 0.3648 -80.0519 -1.0226 -0.0100 -0.0077 0.7589 -0.6511
549.0000 0.3170 -80.2818 -1.0285 -0.0095 -0.0083 0.7647 -0.6442
550.0000 0.2608 -80.4810 -1.0334 -0.0100 -0.0078 0.7704 -0.6375
551.0000 0.1976 -80.7075 -1.0365 -0.0113 -0.0071 0.7749 -0.6320
552.0000 0.1360 -80.9011 -1.0449 -0.0132 -0.0055 0.7778 -0.6283
553.0000 0.1000 -81.0984 -1.0425 -0.0138 -0.0051 0.7788 -0.6272
554.0000 0.0474 -81.2682 -1.0480 -0.0137 -0.0051 0.7786 -0.6273
555.0000 0.0270 -81.4486 -1.0472 -0.0133 -0.0054 0.7775 -0.6288
556.0000 -0.0054 -81.6219 -1.0532 -0.0134 -0.0053 0.7753 -0.6314
557.0000 -0.0398 -81.7894 -1.0567 -0.0134 -0.0052 0.7722 -0.6352
558.0000 -0.0422 -81.9561 -1.0577 -0.0133 -0.0051 0.7681 -0.6402
559.0000 -0.0448 -82.1218 -1.0549 -0.0133 -0.0052 0.7636 -0.6455
560.0000 -0.0635 -82.2644 -1.0594 -0.0133 -0.0051 0.7594 -0.6505
561.0000 -0.0823 -82.4297 -1.0579 -0.0130 -0.0059 0.7548 -0.6558
562.0000 -0.0646 -82.5903 -1.0652 -0.0126 -0.0059 0.7498 -0.6615
563.0000 -0.0820 -82.7457 -1.0650 -0.0123 -0.0063 0.7445 -0.6674
564.0000 -0.0876 -82.8912 -1.0734 -0.0124 -0.0057 0.7390 -0.6736
565.0000 -0.0891 -83.0407 -1.0722 -0.0125 -0.0054 0.7330 -0.6801
566.0000 -0.0791 -83.1834 -1.0743 -0.0124 -0.0052 0.7265 -0.6871
567.0000 -0.0528 -83.3336 -1.0727 -0.0118 -0.0056 0.7192 -0.6946
568.0000 -0.0474 -83.4619 -1.0741 -0.0113 -0.0057 0.7116 -0.7024
569.0000 -0.0105 -83.5988 -1.0770 0.0110 0.0056 -0.7031 0.7109
570.0000 0.0117 -83.7335 -1.0782 0.0107 0.0053 -0.6941 0.7198
571.0000 0.0513 -83.8594 -1.0817 0.0104 0.0050 -0.6846 0.7288
572.0000 0.0847 -83.9684 -1.0831 0.0100 0.0048 -0.6747 0.7380
573.0000 0.1253 -84.0907 -1.0812 0.0096 0.0049 -0.6642 0.7475
574.0000 0.1655 -84.1992 -1.0858 0.0097 0.0051 -0.6533 0.7570
575.0000 0.2264 -84.3327 -1.0860 0.0100 0.0051 -0.6421 0.7665
576.0000 0.2772 -84.4357 -1.0866 0.0102 0.0047 -0.6303 0.7763
577.0000 0.3254 -84.5456 -1.0867 0.0101 0.0039 -0.6183 0.7859
578.0000 0.3837 -84.6583 -1.0824 0.0097 0.0032 -0.6062 0.7952
579.0000 0.4353 -84.7797 -1.0859 0.0100 0.0028 -0.5936 0.8047
580.0000 0.5129 -84.8976 -1.0858 0.0105 0.0020 -0.5810 0.8139
581.0000 0.5659 -85.0026 -1.0851 0.0108 0.0015 -0.5686 0.8226
582.0000 0.6461 -85.1106 -1.0870 0.0110 0.0010 -0.5559 0.8311
583.0000 0.7080 -85.2033 -1.0863 0.0116 0.0003 -0.5436 0.8393
584.0000 0.7946 -85.3017 -1.0857 0.0123 -0.0002 -0.5313 0.8471
585.0000 0.8706 -85.4048 -1.0881 0.0121 -0.0002 -0.5190 0.8547
586.0000 0.9621 -85.5099 -1.0901 0.0118 -0.0003 -0.5068 0.8620
587.0000 1.0496 -85.6039 -1.0874 0.0112 -0.0007 -0.4944 0.8691
588.0000 1.1172 -85.6902 -1.0867 0.0111 -0.0016 -0.4823 0.8760
589.0000 1.2073 -85.7758 -1.0862 0.0111 -0.0022 -0.4702 0.8825
590.0000 1.2958 -85.8538 -1.0855 0.0111 -0.0025 -0.4586 0.8886
591.0000 1.3940 -85.9319 -1.0838 0.0106 -0.0029 -0.4474 0.8942
592.0000 1.4635 -85.9895 -1.0877 0.0102 -0.0038 -0.4365 0.8996
593.0000 1.5454 -86.0548 -1.0854 0.0093 -0.0042 -0.4259 0.9047
594.0000 1.6346 -86.1308 -1.0892 0.0088 -0.0045 -0.4156 0.9095
595.0000 1.7253 -86.1884 -1.0885 0.0089 -0.0051 -0.4056 0.9140
596.0000 1.7878 -86.2469 -1.0850 0.0091 -0.0055 -0.3959 0.9182
597.0000 1.8782 -86.3091 -1.0844 0.0091 -0.0057 -0.3864 0.9222
598.0000 1.9534 -86.3519 -1.0876 0.0091 -0.0060 -0.3778 0.9258
599.0000 2.0251 -86.3957 -1.0853 0.0092 -0.0063 -0.3695 0.9292
600.0000 2.0989 -86.4517 -1.0814 0.0093 -0.0066 -0.3614 0.9324
601.0000 2.1676 -86.4923 -1.0814 0.0092 -0.0067 -0.3539 0.9352
602.0000 2.2345 -86.5165 -1.0803 0.0090 -0.0070 -0.3468 0.9379
603.0000 2.2953 -86.5560 -1.0796 0.0093 -0.0073 -0.3396 0.9405
604.0000 2.3572 -86.6003 -1.0767 0.0095 -0.0074 -0.3326 0.9430
605.0000 2.4232 -86.6349 -1.0746 0.0097 -0.0075 -0.3259 0.9453
606.0000 2.4736 -86.6620 -1.0780 0.0102 -0.0076 -0.3193 0.9476
607.0000 2.5375 -86.6939 -1.0741 0.0103 -0.0076 -0.3129 0.9497
608.0000 2.5959 -86.7098 -1.0723 0.0102 -0.0074 -0.3067 0.9517
609.0000 2.6484 -86.7442 -1.0716 0.0100 -0.0076 -0.3004 0.9537
610.0000 2.7069 -86.7737 -1.0710 0.0098 -0.0078 -0.2938 0.9558
611.0000 2.7690 -86.7966 -1.0654 0.0095 -0.0078 -0.2875 0.9577
612.0000 2.8390 -86.8182 -1.0676 0.0096 -0.0079 -0.2812 0.9596
613.0000 2.8935 -86.8538 -1.0676 0.0096 -0.0081 -0.2749 0.9614
614.0000 2.9566 -86.8845 -1.0630 0.0094 -0.0082 -0.2685 0.9632
615.0000 3.0191 -86.8959 -1.0640 0.0094 -0.0082 -0.2622 0.9649
616.0000 3.0825 -86.9159 -1.0602 0.0093 -0.0083 -0.2560 0.9666
617.0000 3.1549 -86.9364 -1.0582 0.0091 -0.0083 -0.2495 0.9683
618.0000 3.2207 -86.9536 -1.0561 0.0087 -0.0084 -0.2430 0.9699
619.0000 3.2905 -86.9884 -1.0591 0.0086 -0.0084 -0.2362 0.9716
620.0000 3.3480 -86.9905 -1.0520 0.0079 -0.0083 -0.2294 0.9733
621.0000 3.4346 -87.0121 -1.0517 0.0074 -0.0083 -0.2224 0.9749
622.0000 3.4990 -87.0138 -1.0526 0.0070 -0.0082 -0.2157 0.9764
623.0000 3.5810 -87.0551 -1.0484 0.0066 -0.0078 -0.2081 0.9780
624.0000 3.6660 -87.0787 -1.0435 0.0060 -0.0076 -0.2006 0.9796
625.0000 3.7628 -87.0999 -1.0461 0.0057 -0.0073 -0.1932 0.9811
626.0000 3.8443 -87.1122 -1.0440 0.0054 -0.0072 -0.1857 0.9826
627.0000 3.9248 -87.1210 -1.0421 0.0050 -0.0072 -0.1783 0.9839
628.0000 4.0273 -87.1396 -1.0389 0.0048 -0.0073 -0.1707 0.9853
629.0000 4.0952 -87.1526 -1.0384 0.0047 -0.0073 -0.1640 0.9864
630.0000 4.1874 -87.1686 -1.0369 0.0045 -0.0074 -0.1574 0.9875
631.0000 4.2615 -87.1717 -1.0360 0.0044 -0.0074 -0.1512 0.9885
632.0000 4.3301 -87.1900 -1.0357 0.0046 -0.0074 -0.1452 0.9894
633.0000 4.3951 -87.1993 -1.0373 0.0050 -0.0073 -0.1397 0.9901
634.0000 4.4460 -87.2033 -1.0303 0.0051 -0.0073 -0.1346 0.9909
635.0000 4.5025 -87.2037 -1.0304 0.0052 -0.0074 -0.1298 0.9915
636.0000 4.5528 -87.2134 -1.0247 0.0051 -0.0073 -0.1251 0.9921
637.0000 4.6128 -87.2219 -1.0240 0.0051 -0.0075 -0.1209 0.9926
638.0000 4.6551 -87.2290 -1.0259 0.0051 -0.0075 -0.1169 0.9931
639.0000 4.6930 -87.2312 -1.0238 0.0052 -0.0075 -0.1135 0.9935
640.0000 4.7209 -87.2377 -1.0239 0.0053 -0.0076 -0.1102 0.9939
641.0000 4.7565 -87.2322 -1.0195 0.0052 -0.0074 -0.1072 0.9942
642.0000 4.7823 -87.2369 -1.0197 0.0052 -0.0075 -0.1048 0.9944
643.0000 4.8296 -87.2374 -1.0177 0.0051 -0.0075 -0.1024 0.9947
644.0000 4.8512 -87.2428 -1.0198 0.0052 -0.0075 -0.1004 0.9949
645.0000 4.8483 -87.2327 -1.0178 0.0051 -0.0076 -0.0989 0.9951
646.0000 4.8748 -87.2469 -1.0231 0.0053 -0.0077 -0.0973 0.9952
647.0000 4.8819 -87.2344 -1.0175 0.0050 -0.0076 -0.0963 0.9953
648.0000 4.9117 -87.2504 -1.0193 0.0050 -0.0077 -0.0954 0.9954
649.0000 4.8808 -87.2360 -1.0218 0.0052 -0.0076 -0.0951 0.9954
650.0000 4.9153 -87.2440 -1.0175 0.0050 -0.0076 -0.0942 0.9955
651.0000 4.9246 -87.2387 -1.0167 0.0049 -0.0075 -0.0938 0.9955
652.0000 4.9403 -87.2410 -1.0165 0.0050 -0.0077 -0.0935 0.9956
653.0000 4.9269 -87.2382 -1.0144 0.0050 -0.0077 -0.0934 0.9956
654.0000 4.9315 -87.2469 -1.0149 0.0049 -0.0077 -0.0933 0.9956
655.0000 4.9434 -87.2430 -1.0144 0.0049 -0.0078 -0.0933 0.9956
656.0000 4.9476 -87.2378 -1.0156 0.0049 -0.0077 -0.0933 0.9956
657.0000 4.9395 -87.2405 -1.0143 0.0049 -0.0077 -0.0933 0.9956
658.0000 4.9304 -87.2416 -1.0154 0.0050 -0.0076 -0.0933 0.9956
659.0000 4.9348 -87.2413 -1.0147 0.0050 -0.0076 -0.0934 0.9956
660.0000 4.9378 -87.2386 -1.0160 0.0051 -0.0077 -0.0934 0.9956
661.0000 4.9343 -87.2414 -1.0145 0.0050 -0.0076 -0.0934 0.9956
662.0000 4.9520 -87.2458 -1.0150 0.0050 -0.0077 -0.0932 0.9956
663.0000 4.9400 -87.2440 -1.0157 0.0050 -0.0076 -0.0933 0.9956
664.0000 4.9423 -87.2408 -1.0128 0.0049 -0.0076 -0.0933 0.9956
665.0000 4.9520 -87.2465 -1.0141 0.0049 -0.0076 -0.0933 0.9956
666.0000 4.9508 -87.2458 -1.0158 0.0050 -0.0077 -0.0933 0.9956
667.0000 4.9469 -87.2427 -1.0156 0.0049 -0.0077 -0.0933 0.9956
668.0000 4.9515 -87.2463 -1.0130 0.0049 -0.0076 -0.0931 0.9956
669.0000 4.9523 -87.2470 -1.0129 0.0049 -0.0077 -0.0931 0.9956
670.0000 4.9475 -87.2476 -1.0152 0.0050 -0.0076 -0.0932 0.9956
671.0000 4.9454 -87.2408 -1.0154 0.0050 -0.0077 -0.0934 0.9956
672.0000 4.9370 -87.2465 -1.0141 0.0050 -0.0075 -0.0933 0.9956
673.0000 4.9426 -87.2491 -1.0126 0.0049 -0.0075 -0.0932 0.9956
674.0000 4.9528 -87.2410 -1.0149 0.0050 -0.0077 -0.0932 0.9956
675.0000 4.9379 -87.2327 -1.0127 0.0049 -0.0075 -0.0934 0.9956
676.0000 4.9286 -87.2311 -1.0130 0.0050 -0.0076 -0.0935 0.9956
677.0000 4.9349 -87.2333 -1.0137 0.0050 -0.0077 -0.0935 0.9956
678.0000 4.9344 -87.2326 -1.0119 0.0050 -0.0076 -0.0933 0.9956
679.0000 4.9377 -87.2424 -1.0133 0.0050 -0.0077 -0.0934 0.9956
680.0000 4.9350 -87.2344 -1.0125 0.0050 -0.0076 -0.0933 0.9956
681.0000 4.9348 -87.2349 -1.0122 0.0050 -0.0076 -0.0933 0.9956
682.0000 4.9398 -87.2316 -1.0122 0.0050 -0.0075 -0.0933 0.9956
683.0000 4.9276 -87.2292 -1.0143 0.0050 -0.0076 -0.0934 0.9956
684.0000 4.9286 -87.2324 -1.0121 0.0050 -0.0076 -0.0936 0.9956
685.0000 4.9249 -87.2315 -1.0125 0.0050 -0.0076 -0.0935 0.9956
686.0000 4.9361 -87.2399 -1.0123 0.0049 -0.0076 -0.0933 0.9956
687.0000 4.9485 -87.2488 -1.0130 0.0048 -0.0076 -0.0932 0.9956
688.0000 4.9429 -87.2291 -1.0121 0.0049 -0.0075 -0.0933 0.9956
689.0000 4.9314 -87.2359 -1.0102 0.0050 -0.0078 -0.0932 0.9956
690.0000 4.9376 -87.2394 -1.0154 0.0053 -0.0081 -0.0927 0.9956
691.0000 4.9484 -87.2331 -1.0119 0.0053 -0.0082 -0.0919 0.9957
692.0000 4.9654 -87.2385 -1.0115 0.0053 -0.0082 -0.0905 0.9959
693.0000 4.9813 -87.2310 -1.0134 0.0055 -0.0083 -0.0887 0.9960
694.0000 5.0141 -87.2386 -1.0105 0.0052 -0.0084 -0.0865 0.9962
695.0000 5.0370 -87.2315 -1.0114 0.0050 -0.0084 -0.0840 0.9964
696.0000 5.0757 -87.2333 -1.0106 0.0049 -0.0085 -0.0808 0.9967
697.0000 5.1248 -87.2344 -1.0085 0.0048 -0.0086 -0.0772 0.9970
698.0000 5.1639 -87.2325 -1.0038 0.0044 -0.0087 -0.0733 0.9973
699.0000 5.2153 -87.2300 -1.0067 0.0043 -0.0088 -0.0688 0.9976
700.0000 5.2716 -87.2270 -1.0084 0.0043 -0.0089 -0.0641 0.9979
701.0000 5.3209 -87.2264 -1.0066 0.0041 -0.0088 -0.0589 0.9982
702.0000 5.3916 -87.2243 -1.0071 0.0039 -0.0090 -0.0538 0.9985
703.0000 5.4742 -87.2263 -1.0060 0.0036 -0.0092 -0.0489 0.9988
704.0000 5.5648 -87.2160 -1.0033 0.0035 -0.0094 -0.0441 0.9990
705.0000 5.6575 -87.2181 -0.9994 0.0033 -0.0096 -0.0398 0.9992
706.0000 5.7732 -87.2225 -0.9968 0.0033 -0.0095 -0.0352 0.9993
707.0000 5.8923 -87.2191 -0.9934 0.0032 -0.0094 -0.0317 0.9994
708.0000 6.0145 -87.2150 -0.9904 0.0028 -0.0093 -0.0289 0.9995
709.0000 6.1414 -87.2184 -0.9871 0.0026 -0.0093 -0.0267 0.9996
710.0000 6.2933 -87.2239 -0.9832 0.0026 -0.0093 -0.0249 0.9996
711.0000 6.4488 -87.2420 -0.9817 0.0026 -0.0094 -0.0241 0.9997
712.0000 6.6090 -87.2430 -0.9802 0.0025 -0.0096 -0.0234 0.9997
713.0000 6.7639 -87.2513 -0.9766 0.0026 -0.0099 -0.0232 0.9997
714.0000 6.9382 -87.2755 -0.9758 0.0030 -0.0096 -0.0236 0.9997
715.0000 7.1148 -87.2731 -0.9663 0.0032 -0.0091 -0.0243 0.9997
716.0000 7.3203 -87.2759 -0.9606 0.0029 -0.0086 -0.0246 0.9997
717.0000 7.5190 -87.2880 -0.9607 0.0028 -0.0084 -0.0248 0.9997
718.0000 7.7025 -87.2905 -0.9538 0.0026 -0.0076 -0.0254 0.9996
719.0000 7.9055 -87.3035 -0.9454 0.0025 -0.0070 -0.0255 0.9996
720.0000 8.1249 -87.3122 -0.9448 0.0026 -0.0068 -0.0256 0.9996
721.0000 8.3427 -87.3238 -0.9400 0.0025 -0.0066 -0.0256 0.9996
722.0000 8.5468 -87.3313 -0.9352 0.0023 -0.0067 -0.0258 0.9996
723.0000 8.7728 -87.3436 -0.9288 0.0023 -0.0065 -0.0255 0.9997
724.0000 9.0077 -87.3633 -0.9227 0.0027 -0.0063 -0.0250 0.9997
725.0000 9.2477 -87.3704 -0.9182 0.0026 -0.0062 -0.0241 0.9997
726.0000 9.4777 -87.3775 -0.9087 0.0022 -0.0061 -0.0236 0.9997
727.0000 9.7259 -87.3857 -0.9056 0.0021 -0.0061 -0.0224 0.9997
728.0000 9.9793 -87.3987 -0.9038 0.0029 -0.0058 -0.0215 0.9997
729.0000 10.2348 -87.4175 -0.8944 0.0029 -0.0058 -0.0207 0.9998
730.0000 10.4862 -87.4077 -0.8916 0.0026 -0.0058 -0.0201 0.9998
731.0000 10.7502 -87.4218 -0.8903 0.0024 -0.0058 -0.0192 0.9998
732.0000 10.9743 -87.4251 -0.8878 0.0024 -0.0055 -0.0188 0.9998
733.0000 11.2440 -87.4288 -0.8827 0.0025 -0.0051 -0.0180 0.9998
734.0000 11.5278 -87.4387 -0.8747 0.0026 -0.0050 -0.0172 0.9998
735.0000 11.7942 -87.4510 -0.8628 0.0031 -0.0051 -0.0165 0.9998
736.0000 12.0672 -87.4554 -0.8614 0.0037 -0.0051 -0.0160 0.9999
737.0000 12.3496 -87.4696 -0.8545 0.0036 -0.0049 -0.0155 0.9999
738.0000 12.6170 -87.4751 -0.8554 0.0035 -0.0044 -0.0153 0.9999
739.0000 12.9024 -87.4841 -0.8464 0.0032 -0.0042 -0.0150 0.9999
740.0000 13.2179 -87.4934 -0.8420 0.0036 -0.0045 -0.0143 0.9999
741.0000 13.4975 -87.4979 -0.8338 0.0039 -0.0054 -0.0146 0.9999
742.0000 13.7822 -87.5102 -0.8332 0.0043 -0.0061 -0.0146 0.9999
743.0000 14.0886 -87.5236 -0.8299 0.0045 -0.0063 -0.0142 0.9999
744.0000 14.3825 -87.5166 -0.8214 0.0048 -0.0058 -0.0141 0.9999
745.0000 14.7016 -87.5328 -0.8135 0.0049 -0.0053 -0.0138 0.9999
746.0000 15.0148 -87.5448 -0.8069 0.0050 -0.0054 -0.0135 0.9999
747.0000 15.3046 -87.5454 -0.8079 0.0048 -0.0063 -0.0132 0.9999
748.0000 15.5996 -87.5450 -0.8083 0.0045 -0.0064 -0.0128 0.9999
749.0000 15.9165 -87.5489 -0.7966 0.0045 -0.0055 -0.0121 0.9999
750.0000 16.2239 -87.5674 -0.7881 0.0047 -0.0049 -0.0113 0.9999
751.0000 16.5237 -87.5795 -0.7777 0.0049 -0.0050 -0.0106 0.9999
752.0000 16.8407 -87.5726 -0.7674 0.0044 -0.0056 -0.0098 0.9999
753.0000 17.1462 -87.5797 -0.7670 0.0037 -0.0059 -0.0090 0.9999
754.0000 17.4676 -87.5785 -0.7667 0.0035 -0.0055 -0.0082 0.9999
755.0000 17.7996 -87.5822 -0.7564 0.0037 -0.0052 -0.0071 1.0000
756.0000 18.1127 -87.5722 -0.7425 0.0044 -0.0050 -0.0061 1.0000
757.0000 18.4324 -87.5842 -0.7370 0.0046 -0.0058 -0.0051 1.0000
758.0000 18.7270 -87.5848 -0.7331 0.0040 -0.0069 -0.0045 1.0000
759.0000 19.0486 -87.5910 -0.7263 0.0034 -0.0075 -0.0036 1.0000
760.0000 19.3761 -87.5788 -0.7164 0.0034 -0.0076 -0.0027 1.0000
761.0000 19.6836 -87.5858 -0.7106 0.0035 -0.0076 -0.0020 1.0000
762.0000 19.9853 -87.5810 -0.7034 0.0032 -0.0082 -0.0015 1.0000
763.0000 20.2839 -87.5824 -0.7024 0.0030 -0.0092 -0.0014 1.0000
764.0000 20.6141 -87.5930 -0.6949 0.0033 -0.0096 -0.0012 0.9999
765.0000 20.9423 -87.5851 -0.6871 0.0034 -0.0087 -0.0012 1.0000
766.0000 21.2661 -87.5754 -0.6748 0.0028 -0.0078 -0.0009 1.0000
767.0000 21.5775 -87.5632 -0.6663 0.0018 -0.0072 -0.0006 1.0000
768.0000 21.9142 -87.5711 -0.6587 0.0014 -0.0068 -0.0001 1.0000
769.0000 22.2324 -87.5617 -0.6497 0.0018 -0.0063 -0.0000 1.0000
770.0000 22.5379 -87.5771 -0.6430 0.0026 -0.0061 -0.0003 1.0000
771.0000 22.8718 -87.5783 -0.6364 0.0028 -0.0060 0.0006 1.0000
772.0000 23.1605 -87.5712 -0.6308 0.0024 -0.0059 0.0005 1.0000
773.0000 23.5145 -87.5558 -0.6222 0.0017 -0.0054 0.0009 1.0000
774.0000 23.7960 -87.5542 -0.6184 0.0012 -0.0049 0.0004 1.0000
775.0000 24.1401 -87.5529 -0.6102 0.0012 -0.0048 0.0008 1.0000
776.0000 24.4266 -87.5526 -0.6115 0.0013 -0.0042 0.0008 1.0000
777.0000 24.7576 -87.5520 -0.6016 0.0014 -0.0033 0.0010 1.0000
778.0000 25.1051 -87.5531 -0.5974 0.0018 -0.0026 0.0016 1.0000
779.0000 25.4056 -87.5547 -0.5917 0.0026 -0.0022 0.0017 1.0000
780.0000 25.7317 -87.5623 -0.5829 0.0031 -0.0024 0.0018 1.0000
781.0000 26.0690 -87.5534 -0.5778 0.0035 -0.0027 0.0017 1.0000
782.0000 26.3703 -87.5430 -0.5699 0.0038 -0.0035 0.0016 1.0000
783.0000 26.6817 -87.5508 -0.5700 0.0042 -0.0041 0.0015 1.0000
784.0000 27.0145 -87.5519 -0.5645 0.0040 -0.0045 0.0020 1.0000
785.0000 27.3538 -87.5336 -0.5586 0.0033 -0.0049 0.0026 1.0000
786.0000 27.6707 -87.5319 -0.5624 0.0025 -0.0053 0.0031 1.0000
787.0000 27.9497 -87.5250 -0.5555 0.0014 -0.0052 0.0033 1.0000
788.0000 28.2974 -87.5301 -0.5527 0.0011 -0.0042 0.0036 1.0000
789.0000 28.6151 -87.5238 -0.5438 0.0012 -0.0032 0.0039 1.0000
790.0000 28.9319 -87.5336 -0.5336 0.0035 -0.0037 0.0043 1.0000
791.0000 29.2194 -87.5331 -0.5224 0.0049 -0.0048 0.0051 1.0000
792.0000 29.5327 -87.5196 -0.5207 0.0056 -0.0050 0.0056 1.0000
793.0000 29.8341 -87.5222 -0.5103 0.0044 -0.0052 0.0064 1.0000
794.0000 30.1644 -87.4993 -0.5067 0.0032 -0.0051 0.0073 1.0000
795.0000 30.4645 -87.4981 -0.5087 0.0013 -0.0046 0.0076 1.0000
796.0000 30.7838 -87.4848 -0.5056 0.0002 -0.0040 0.0088 1.0000
797.0000 31.0913 -87.4681 -0.4941 -0.0013 -0.0050 0.0099 0.9999
798.0000 31.4006 -87.4602 -0.4885 -0.0009 -0.0065 0.0112 0.9999
799.0000 31.6935 -87.4696 -0.4794 0.0010 -0.0063 0.0133 0.9999
800.0000 31.9983 -87.4600 -0.4661 0.0039 -0.0051 0.0152 0.9999
801.0000 32.2998 -87.4516 -0.4580 0.0049 -0.0041 0.0174 0.9998
802.0000 32.6115 -87.4226 -0.4577 0.0039 -0.0041 0.0204 0.9998
803.0000 32.8913 -87.4022 -0.4509 0.0024 -0.0059 0.0231 0.9997
804.0000 33.1858 -87.3745 -0.4567 0.0010 -0.0083 0.0263 0.9996
805.0000 33.4669 -87.3376 -0.4581 0.0003 -0.0094 0.0301 0.9995
806.0000 33.7895 -87.3081 -0.4505 0.0002 -0.0083 0.0349 0.9994
807.0000 34.1063 -87.2728 -0.4297 0.0004 -0.0068 0.0406 0.9992
808.0000 34.3829 -87.2493 -0.4107 0.0010 -0.0060 0.0459 0.9989
809.0000 34.6815 -87.2144 -0.4084 0.0018 -0.0065 0.0520 0.9986
810.0000 34.9864 -87.1486 -0.4188 0.0019 -0.0069 0.0596 0.9982
811.0000 35.2824 -87.0993 -0.4142 0.0008 -0.0067 0.0674 0.9977
812.0000 35.5617 -87.0526 -0.3962 -0.0006 -0.0066 0.0754 0.9971
813.0000 35.8242 -86.9878 -0.3887 -0.0007 -0.0066 0.0838 0.9965
814.0000 36.1398 -86.9156 -0.3876 -0.0004 -0.0060 0.0926 0.9957
815.0000 36.4075 -86.8523 -0.3806 -0.0004 -0.0052 0.1017 0.9948
816.0000 36.6789 -86.7735 -0.3657 -0.0003 -0.0050 0.1113 0.9938
817.0000 36.9543 -86.6903 -0.3634 -0.0001 -0.0050 0.1216 0.9926
818.0000 37.2499 -86.6051 -0.3632 -0.0006 -0.0045 0.1320 0.9912
819.0000 37.5390 -86.4963 -0.3514 -0.0010 -0.0042 0.1423 0.9898
820.0000 37.8083 -86.3914 -0.3488 -0.0011 -0.0040 0.1520 0.9884
821.0000 38.0687 -86.2712 -0.3414 -0.0018 -0.0042 0.1614 0.9869
822.0000 38.3202 -86.1602 -0.3315 -0.0029 -0.0052 0.1710 0.9853
823.0000 38.5933 -86.0488 -0.3290 -0.0028 -0.0063 0.1805 0.9836
824.0000 38.8489 -85.9423 -0.3311 -0.0015 -0.0059 0.1892 0.9819
825.0000 39.1043 -85.8241 -0.3238 -0.0013 -0.0049 0.1965 0.9805
826.0000 39.3732 -85.6915 -0.3140 -0.0016 -0.0046 0.2038 0.9790
827.0000 39.6105 -85.5643 -0.3099 -0.0019 -0.0055 0.2108 0.9775
828.0000 39.8613 -85.4423 -0.3092 -0.0013 -0.0067 0.2174 0.9760
829.0000 40.1028 -85.3151 -0.3078 -0.0007 -0.0074 0.2237 0.9746
830.0000 40.3416 -85.1867 -0.2973 -0.0013 -0.0077 0.2295 0.9733
831.0000 40.5930 -85.0482 -0.2841 -0.0029 -0.0082 0.2345 0.9721
832.0000 40.8121 -84.9086 -0.2771 -0.0039 -0.0090 0.2392 0.9709
833.0000 41.0728 -84.7710 -0.2790 -0.0031 -0.0094 0.2443 0.9697
834.0000 41.3181 -84.6262 -0.2746 -0.0011 -0.0091 0.2487 0.9685
835.0000 41.5737 -84.4853 -0.2666 -0.0001 -0.0088 0.2522 0.9676
836.0000 41.8112 -84.3434 -0.2610 -0.0010 -0.0090 0.2556 0.9667
837.0000 42.0361 -84.2035 -0.2587 -0.0021 -0.0094 0.2591 0.9658
838.0000 42.2885 -84.0410 -0.2487 -0.0031 -0.0098 0.2623 0.9649
839.0000 42.5113 -83.9025 -0.2435 -0.0029 -0.0096 0.2644 0.9644
840.0000 42.7713 -83.7399 -0.2316 -0.0027 -0.0093 0.2670 0.9637
841.0000 42.9894 -83.6049 -0.2222 -0.0023 -0.0090 0.2691 0.9631
842.0000 43.2061 -83.4651 -0.2102 -0.0021 -0.0090 0.2711 0.9625
843.0000 43.4477 -83.3182 -0.2073 -0.0014 -0.0090 0.2731 0.9620
844.0000 43.6692 -83.1780 -0.2018 -0.0000 -0.0087 0.2750 0.9614
845.0000 43.9136 -83.0290 -0.1978 0.0007 -0.0084 0.2772 0.9608
846.0000 44.1472 -82.8793 -0.1858 0.0002 -0.0090 0.2792 0.9602
847.0000 44.3622 -82.7340 -0.1837 -0.0002 -0.0097 0.2815 0.9595
848.0000 44.5819 -82.5894 -0.1766 -0.0004 -0.0100 0.2835 0.9589
849.0000 44.7933 -82.4442 -0.1653 -0.0003 -0.0093 0.2853 0.9584
850.0000 45.0192 -82.2857 -0.1564 -0.0004 -0.0084 0.2873 0.9578
851.0000 45.2231 -82.1459 -0.1486 -0.0007 -0.0080 0.2890 0.9573
852.0000 45.4566 -81.9881 -0.1401 -0.0012 -0.0080 0.2914 0.9566
853.0000 45.6362 -81.8638 -0.1325 -0.0012 -0.0085 0.2931 0.9561
854.0000 45.8298 -81.7219 -0.1284 -0.0006 -0.0088 0.2951 0.9554
855.0000 46.0252 -81.5813 -0.1251 0.0002 -0.0088 0.2972 0.9548
856.0000 46.2236 -81.4454 -0.1219 0.0010 -0.0085 0.2993 0.9541
857.0000 46.3875 -81.3336 -0.1095 0.0005 -0.0087 0.3013 0.9535
858.0000 46.5710 -81.1896 -0.1035 0.0003 -0.0086 0.3043 0.9525
859.0000 46.7454 -81.0546 -0.0984 -0.0001 -0.0092 0.3076 0.9515
860.0000 46.8832 -80.9320 -0.0944 0.0001 -0.0096 0.3115 0.9502
861.0000 47.0564 -80.8089 -0.0933 0.0008 -0.0092 0.3170 0.9484
862.0000 47.2103 -80.6693 -0.0792 0.0010 -0.0089 0.3234 0.9462
863.0000 47.3550 -80.5398 -0.0745 0.0008 -0.0089 0.3302 0.9439
864.0000 47.4972 -80.3999 -0.0768 0.0002 -0.0091 0.3382 0.9410
865.0000 47.6197 -80.2693 -0.0739 -0.0004 -0.0095 0.3468 0.9379
866.0000 47.7199 -80.1469 -0.0643 -0.0009 -0.0099 0.3566 0.9342
867.0000 47.8412 -80.0038 -0.0597 -0.0009 -0.0094 0.3677 0.9299
868.0000 47.9814 -79.8472 -0.0628 -0.0006 -0.0086 0.3806 0.9247
869.0000 48.0772 -79.7007 -0.0582 -0.0014 -0.0082 0.3949 0.9187
870.0000 48.1839 -79.5546 -0.0458 -0.0025 -0.0080 0.4101 0.9120
871.0000 48.2667 -79.4065 -0.0397 -0.0035 -0.0077 0.4256 0.9049
872.0000 48.3596 -79.2367 -0.0402 -0.0043 -0.0076 0.4416 0.8972
873.0000 48.4149 -79.0886 -0.0378 -0.0050 -0.0076 0.4575 0.8891
874.0000 48.4705 -78.9386 -0.0326 -0.0055 -0.0076 0.4735 0.8807
875.0000 48.5683 -78.7576 -0.0348 -0.0049 -0.0071 0.4899 0.8718
876.0000 48.6106 -78.6030 -0.0377 -0.0039 -0.0063 0.5053 0.8629
877.0000 48.6705 -78.4199 -0.0309 -0.0043 -0.0054 0.5205 0.8538
878.0000 48.7209 -78.2336 -0.0222 -0.0048 -0.0050 0.5354 0.8446
879.0000 48.7452 -78.0798 -0.0249 -0.0051 -0.0053 0.5494 0.8355
880.0000 48.8121 -77.8800 -0.0183 -0.0059 -0.0051 0.5634 0.8261
881.0000 48.8431 -77.7013 -0.0203 -0.0059 -0.0049 0.5763 0.8172
882.0000 48.8725 -77.4951 -0.0196 -0.0056 -0.0054 0.5891 0.8080
883.0000 48.9150 -77.2791 -0.0171 -0.0054 -0.0059 0.6014 0.7989
884.0000 48.9522 -77.0700 -0.0200 -0.0052 -0.0064 0.6128 0.7902
885.0000 48.9772 -76.8619 -0.0194 -0.0054 -0.0071 0.6234 0.7819
886.0000 49.0166 -76.6349 -0.0231 -0.0059 -0.0082 0.6331 0.7740
887.0000 49.0224 -76.4114 -0.0204 -0.0067 -0.0093 0.6416 0.7670
888.0000 49.0427 -76.1745 -0.0257 -0.0064 -0.0092 0.6495 0.7603
889.0000 49.0807 -75.9256 -0.0177 -0.0060 -0.0085 0.6564 0.7543
890.0000 49.0826 -75.6862 -0.0110 -0.0060 -0.0080 0.6624 0.7491
891.0000 49.1031 -75.4187 -0.0121 -0.0055 -0.0075 0.6679 0.7442
892.0000 49.1159 -75.1578 -0.0114 -0.0053 -0.0080 0.6729 0.7397
893.0000 49.1124 -74.9011 -0.0101 -0.0050 -0.0083 0.6771 0.7359
894.0000 49.1421 -74.6072 -0.0053 -0.0052 -0.0088 0.6811 0.7321
895.0000 49.1573 -74.3485 -0.0066 -0.0056 -0.0088 0.6841 0.7293
896.0000 49.1572 -74.0553 -0.0007 -0.0060 -0.0086 0.6872 0.7264
897.0000 49.1603 -73.7734 0.0013 -0.0054 -0.0090 0.6897 0.7240
898.0000 49.1594 -73.4631 0.0064 -0.0054 -0.0101 0.6920 0.7218
899.0000 49.1537 -73.1770 0.0053 -0.0051 -0.0105 0.6937 0.7202
900.0000 49.1659 -72.8686 0.0042 -0.0048 -0.0106 0.6956 0.7184
901.0000 49.1649 -72.5547 0.0091 -0.0048 -0.0103 0.6972 0.7168
902.0000 49.1745 -72.2439 0.0116 -0.0047 -0.0098 0.6985 0.7155
903.0000 49.1849 -71.9218 0.0170 -0.0046 -0.0090 0.7000 0.7141
904.0000 49.1726 -71.6036 0.0278 -0.0043 -0.0090 0.7016 0.7125
905.0000 49.1699 -71.2688 0.0302 -0.0044 -0.0092 0.7032 0.7109
906.0000 49.1838 -70.9572 0.0298 -0.0050 -0.0083 0.7047 0.7095
907.0000 49.1798 -70.6230 0.0376 -0.0056 -0.0078 0.7062 0.7080
908.0000 49.1516 -70.2927 0.0413 -0.0053 -0.0082 0.7075 0.7067
909.0000 49.1488 -69.9580 0.0460 -0.0051 -0.0087 0.7088 0.7053
910.0000 49.1474 -69.6045 0.0503 -0.0051 -0.0089 0.7104 0.7037
911.0000 49.1582 -69.2549 0.0511 -0.0053 -0.0093 0.7116 0.7025
912.0000 49.1386 -68.9236 0.0601 -0.0051 -0.0092 0.7124 0.7017
913.0000 49.1179 -68.5962 0.0638 -0.0050 -0.0088 0.7131 0.7010
914.0000 49.1480 -68.2334 0.0724 -0.0047 -0.0090 0.7141 0.6999
915.0000 49.1324 -67.8810 0.0744 -0.0045 -0.0092 0.7144 0.6996
916.0000 49.1075 -67.5361 0.0756 -0.0050 -0.0091 0.7146 0.6994
917.0000 49.0942 -67.2087 0.0850 -0.0060 -0.0093 0.7144 0.6997
918.0000 49.1022 -66.8538 0.0945 -0.0062 -0.0095 0.7142 0.6999
919.0000 49.0998 -66.5007 0.0962 -0.0062 -0.0094 0.7139 0.7001
920.0000 49.0839 -66.1663 0.1004 -0.0063 -0.0097 0.7137 0.7004
921.0000 49.0912 -65.8306 0.1070 -0.0059 -0.0097 0.7136 0.7004
922.0000 49.0766 -65.4742 0.1131 -0.0059 -0.0101 0.7136 0.7004
923.0000 49.0655 -65.1256 0.1125 -0.0055 -0.0099 0.7137 0.7003
924.0000 49.0513 -64.8089 0.1154 -0.0054 -0.0098 0.7138 0.7002
925.0000 49.0540 -64.4527 0.1285 -0.0057 -0.0099 0.7140 0.7000
926.0000 49.0193 -64.1267 0.1283 -0.0057 -0.0105 0.7142 0.6999
927.0000 49.0043 -63.8015 0.1279 -0.0058 -0.0106 0.7145 0.6995
928.0000 49.0103 -63.4227 0.1345 -0.0060 -0.0102 0.7152 0.6989
929.0000 48.9938 -63.0803 0.1417 -0.0060 -0.0098 0.7151 0.6989
930.0000 48.9851 -62.7417 0.1484 -0.0059 -0.0091 0.7157 0.6983
931.0000 48.9907 -62.3675 0.1565 -0.0059 -0.0092 0.7162 0.6978
932.0000 48.9925 -62.0013 0.1571 -0.0060 -0.0094 0.7165 0.6975
933.0000 48.9674 -61.6806 0.1592 -0.0063 -0.0092 0.7162 0.6978
934.0000 48.9528 -61.3389 0.1652 -0.0063 -0.0090 0.7161 0.6979
935.0000 48.9602 -60.9867 0.1698 -0.0060 -0.0094 0.7160 0.6980
936.0000 48.9509 -60.6391 0.1695 -0.0058 -0.0096 0.7158 0.6983
937.0000 48.9526 -60.2995 0.1741 -0.0063 -0.0097 0.7157 0.6983
938.0000 48.9368 -59.9521 0.1763 -0.0063 -0.0089 0.7155 0.6986
939.0000 48.9181 -59.6257 0.1860 -0.0062 -0.0083 0.7151 0.6989
940.0000 48.9003 -59.2624 0.1939 -0.0059 -0.0081 0.7148 0.6993
941.0000 48.8878 -58.9321 0.1949 -0.0056 -0.0081 0.7144 0.6997
942.0000 48.8866 -58.6020 0.2013 -0.0056 -0.0080 0.7142 0.6999
943.0000 48.8865 -58.2562 0.2043 -0.0059 -0.0080 0.7138 0.7002
944.0000 48.8773 -57.9310 0.2102 -0.0064 -0.0087 0.7136 0.7005
945.0000 48.8714 -57.5871 0.2127 -0.0062 -0.0089 0.7133 0.7007
946.0000 48.8514 -57.2657 0.2107 -0.0060 -0.0091 0.7130 0.7011
947.0000 48.8590 -56.9214 0.2152 -0.0055 -0.0083 0.7128 0.7013
948.0000 48.8621 -56.5847 0.2224 -0.0056 -0.0080 0.7130 0.7010
949.0000 48.8700 -56.2571 0.2270 -0.0057 -0.0079 0.7127 0.7014
950.0000 48.8380 -55.9437 0.2309 -0.0059 -0.0081 0.7122 0.7019
951.0000 48.8298 -55.6204 0.2354 -0.0061 -0.0079 0.7120 0.7021
952.0000 48.8297 -55.3066 0.2383 -0.0060 -0.0079 0.7118 0.7023
953.0000 48.8153 -54.9958 0.2418 -0.0062 -0.0081 0.7117 0.7024
954.0000 48.7987 -54.6603 0.2452 -0.0065 -0.0084 0.7115 0.7026
955.0000 48.7940 -54.3355 0.2515 -0.0071 -0.0087 0.7119 0.7022
956.0000 48.7994 -54.0178 0.2512 -0.0069 -0.0083 0.7120 0.7021
957.0000 48.8075 -53.6685 0.2586 -0.0063 -0.0081 0.7122 0.7019
958.0000 48.7949 -53.3486 0.2617 -0.0061 -0.0084 0.7123 0.7018
959.0000 48.7990 -53.0247 0.2613 -0.0060 -0.0084 0.7126 0.7015
960.0000 48.7894 -52.6927 0.2702 -0.0062 -0.0083 0.7128 0.7013
961.0000 48.7837 -52.3334 0.2753 -0.0060 -0.0082 0.7128 0.7012
962.0000 48.7733 -52.0151 0.2803 -0.0058 -0.0084 0.7129 0.7011
963.0000 48.7710 -51.6335 0.2817 -0.0053 -0.0091 0.7134 0.7006
964.0000 48.7643 -51.2991 0.2837 -0.0050 -0.0099 0.7136 0.7005
965.0000 48.7506 -50.9481 0.2854 -0.0045 -0.0098 0.7137 0.7004
966.0000 48.7383 -50.5974 0.2920 -0.0046 -0.0093 0.7139 0.7002
967.0000 48.7291 -50.2677 0.2954 -0.0050 -0.0093 0.7139 0.7002
968.0000 48.7170 -49.8693 0.2999 -0.0052 -0.0094 0.7143 0.6998
969.0000 48.6975 -49.5187 0.3055 -0.0054 -0.0090 0.7145 0.6996
970.0000 48.7082 -49.1582 0.3099 -0.0052 -0.0079 0.7148 0.6992
971.0000 48.6970 -48.7892 0.3203 -0.0053 -0.0073 0.7149 0.6992
972.0000 48.6943 -48.4069 0.3242 -0.0056 -0.0068 0.7152 0.6989
973.0000 48.6771 -48.0491 0.3315 -0.0059 -0.0067 0.7155 0.6985
974.0000 48.6756 -47.6823 0.3312 -0.0063 -0.0074 0.7157 0.6983
975.0000 48.6648 -47.3203 0.3309 -0.0063 -0.0075 0.7159 0.6981
976.0000 48.6485 -46.9536 0.3349 -0.0062 -0.0074 0.7160 0.6981
977.0000 48.6351 -46.6166 0.3407 -0.0056 -0.0073 0.7158 0.6982
978.0000 48.6270 -46.2589 0.3459 -0.0056 -0.0074 0.7154 0.6986
979.0000 48.6283 -45.9185 0.3479 -0.0048 -0.0071 0.7153 0.6987
980.0000 48.6179 -45.5920 0.3568 -0.0045 -0.0075 0.7151 0.6989
981.0000 48.5951 -45.2452 0.3579 -0.0041 -0.0081 0.7147 0.6994
982.0000 48.5906 -44.8509 0.3669 -0.0041 -0.0086 0.7147 0.6993
983.0000 48.5742 -44.5209 0.3655 -0.0038 -0.0088 0.7149 0.6992
984.0000 48.5839 -44.1758 0.3763 -0.0038 -0.0086 0.7148 0.6993
985.0000 48.5612 -43.8406 0.3756 -0.0043 -0.0083 0.7142 0.6999
986.0000 48.5519 -43.4869 0.3818 -0.0044 -0.0075 0.7140 0.7001
987.0000 48.5595 -43.1455 0.3898 -0.0044 -0.0073 0.7139 0.7002
988.0000 48.5458 -42.8314 0.3905 -0.0043 -0.0073 0.7136 0.7005
989.0000 48.5631 -42.5080 0.3985 -0.0048 -0.0070 0.7134 0.7007
990.0000 48.5436 -42.1534 0.4020 -0.0053 -0.0068 0.7133 0.7008
991.0000 48.5473 -41.8043 0.4070 -0.0055 -0.0066 0.7131 0.7010
992.0000 48.5399 -41.4974 0.4102 -0.0055 -0.0063 0.7129 0.7012
993.0000 48.5435 -41.1647 0.4139 -0.0049 -0.0066 0.7128 0.7013
994.0000 48.5179 -40.8537 0.4112 -0.0046 -0.0072 0.7122 0.7019
995.0000 48.5023 -40.5386 0.4171 -0.0051 -0.0074 0.7121 0.7020
996.0000 48.5116 -40.1721 0.4229 -0.0054 -0.0072 0.7123 0.7018
997.0000 48.5049 -39.8481 0.4248 -0.0053 -0.0070 0.7121 0.7020
998.0000 48.4979 -39.5318 0.4323 -0.0054 -0.0073 0.7118 0.7024
999.0000 48.4920 -39.2142 0.4341 -0.0052 -0.0075 0.7116 0.7025
1000.0000 48.4859 -38.8640 0.4375 -0.0053 -0.0078 0.7114 0.7027
1001.0000 48.4750 -38.5517 0.4409 -0.0055 -0.0076 0.7109 0.7033
1002.0000 48.4939 -38.2114 0.4459 -0.0054 -0.0073 0.7104 0.7037
1003.0000 48.4834 -37.8711 0.4514 -0.0049 -0.0073 0.7103 0.7038
1004.0000 48.4714 -37.5371 0.4552 -0.0049 -0.0076 0.7097 0.7045
1005.0000 48.4788 -37.1758 0.4635 -0.0048 -0.0078 0.7095 0.7047
1006.0000 48.4666 -36.8384 0.4661 -0.0052 -0.0077 0.7090 0.7052
1007.0000 48.4549 -36.5006 0.4663 -0.0060 -0.0078 0.7087 0.7054
1008.0000 48.4702 -36.1371 0.4666 -0.0063 -0.0082 0.7083 0.7058
1009.0000 48.4555 -35.7953 0.4739 -0.0058 -0.0087 0.7081 0.7060
1010.0000 48.4788 -35.4378 0.4804 -0.0049 -0.0085 0.7081 0.7061
1011.0000 48.4703 -35.0967 0.4910 -0.0046 -0.0085 0.7079 0.7062
1012.0000 48.4572 -34.7259 0.4921 -0.0048 -0.0083 0.7084 0.7057
1013.0000 48.4538 -34.3567 0.4911 -0.0049 -0.0080 0.7084 0.7057
1014.0000 48.4447 -33.9972 0.4943 -0.0044 -0.0084 0.7083 0.7059
1015.0000 48.4552 -33.6113 0.4961 -0.0044 -0.0088 0.7084 0.7057
1016.0000 48.4472 -33.2329 0.5038 -0.0054 -0.0086 0.7087 0.7054
1017.0000 48.4531 -32.8544 0.5077 -0.0061 -0.0075 0.7089 0.7053
1018.0000 48.4441 -32.5021 0.5149 -0.0061 -0.0064 0.7090 0.7051
1019.0000 48.4331 -32.1451 0.5210 -0.0060 -0.0065 0.7090 0.7052
1020.0000 48.4393 -31.7695 0.5237 -0.0061 -0.0070 0.7092 0.7049
1021.0000 48.4362 -31.4388 0.5281 -0.0062 -0.0074 0.7093 0.7048
1022.0000 48.4431 -31.0605 0.5315 -0.0056 -0.0075 0.7094 0.7048
1023.0000 48.4325 -30.7101 0.5365 -0.0053 -0.0077 0.7095 0.7047
1024.0000 48.4282 -30.3578 0.5399 -0.0050 -0.0077 0.7097 0.7044
1025.0000 48.4145 -29.9981 0.5407 -0.0048 -0.0073 0.7098 0.7044
1026.0000 48.4155 -29.6593 0.5476 -0.0047 -0.0068 0.7102 0.7040
1027.0000 48.4119 -29.3185 0.5518 -0.0047 -0.0066 0.7101 0.7041
1028.0000 48.4155 -28.9420 0.5580 -0.0051 -0.0066 0.7104 0.7038
1029.0000 48.4133 -28.6013 0.5591 -0.0054 -0.0065 0.7103 0.7038
1030.0000 48.4106 -28.2745 0.5648 -0.0056 -0.0061 0.7105 0.7036
1031.0000 48.4075 -27.9023 0.5677 -0.0061 -0.0064 0.7108 0.7034
1032.0000 48.3893 -27.5711 0.5711 -0.0062 -0.0067 0.7107 0.7034
1033.0000 48.3844 -27.2197 0.5756 -0.0063 -0.0073 0.7111 0.7030
1034.0000 48.3867 -26.8698 0.5792 -0.0062 -0.0076 0.7113 0.7028
1035.0000 48.3824 -26.5529 0.5836 -0.0061 -0.0075 0.7115 0.7026
1036.0000 48.3679 -26.2014 0.5853 -0.0058 -0.0074 0.7118 0.7023
1037.0000 48.3675 -25.8652 0.5883 -0.0057 -0.0074 0.7118 0.7023
1038.0000 48.3658 -25.5408 0.5899 -0.0056 -0.0073 0.7119 0.7022
1039.0000 48.3508 -25.2080 0.5954 -0.0058 -0.0072 0.7120 0.7021
1040.0000 48.3497 -24.8830 0.5995 -0.0064 -0.0074 0.7119 0.7022
1041.0000 48.3506 -24.5360 0.6032 -0.0073 -0.0075 0.7122 0.7019
1042.0000 48.3348 -24.2174 0.6080 -0.0078 -0.0075 0.7124 0.7017
1043.0000 48.3354 -23.8762 0.6136 -0.0078 -0.0073 0.7126 0.7015
1044.0000 48.3319 -23.5486 0.6160 -0.0076 -0.0071 0.7125 0.7016
1045.0000 48.3246 -23.2409 0.6178 -0.0077 -0.0073 0.7126 0.7015
1046.0000 48.3190 -22.9199 0.6209 -0.0071 -0.0076 0.7130 0.7011
1047.0000 48.3150 -22.5849 0.6260 -0.0067 -0.0080 0.7132 0.7009
1048.0000 48.2992 -22.2764 0.6278 -0.0063 -0.0080 0.7132 0.7008
1049.0000 48.2893 -21.9579 0.6334 -0.0059 -0.0080 0.7134 0.7007
1050.0000 48.2859 -21.6633 0.6331 -0.0059 -0.0084 0.7133 0.7008
1051.0000 48.2828 -21.3281 0.6388 -0.0060 -0.0086 0.7137 0.7004
1052.0000 48.2713 -21.0146 0.6405 -0.0060 -0.0087 0.7138 0.7002
1053.0000 48.2743 -20.7135 0.6440 -0.0059 -0.0083 0.7140 0.7001
1054.0000 48.2502 -20.3963 0.6464 -0.0057 -0.0079 0.7142 0.6998
1055.0000 48.2297 -20.0759 0.6497 -0.0056 -0.0073 0.7143 0.6998
1056.0000 48.2377 -19.7826 0.6589 -0.0056 -0.0072 0.7144 0.6997
1057.0000 48.2308 -19.4545 0.6645 -0.0054 -0.0071 0.7145 0.6996
1058.0000 48.2448 -19.1542 0.6674 -0.0059 -0.0072 0.7146 0.6995
1059.0000 48.2483 -18.8645 0.6658 -0.0061 -0.0073 0.7145 0.6996
1060.0000 48.2293 -18.5594 0.6709 -0.0061 -0.0073 0.7148 0.6993
1061.0000 48.2037 -18.2614 0.6745 -0.0060 -0.0075 0.7150 0.6991
1062.0000 48.1870 -17.9811 0.6780 -0.0058 -0.0077 0.7151 0.6989
1063.0000 48.1960 -17.6727 0.6781 -0.0056 -0.0075 0.7150 0.6990
1064.0000 48.1827 -17.3686 0.6850 -0.0061 -0.0076 0.7155 0.6986
1065.0000 48.1845 -17.0757 0.6862 -0.0059 -0.0069 0.7156 0.6985
1066.0000 48.1728 -16.7837 0.6912 -0.0060 -0.0064 0.7157 0.6983
1067.0000 48.1697 -16.5011 0.6934 -0.0059 -0.0066 0.7157 0.6983
1068.0000 48.1460 -16.2054 0.6987 -0.0062 -0.0074 0.7158 0.6983
1069.0000 48.1581 -15.9001 0.6988 -0.0067 -0.0076 0.7159 0.6981
1070.0000 48.1452 -15.6094 0.7045 -0.0070 -0.0076 0.7161 0.6979
1071.0000 48.1290 -15.3248 0.7083 -0.0073 -0.0072 0.7162 0.6978
1072.0000 48.1290 -15.0689 0.7065 -0.0070 -0.0063 0.7162 0.6978
1073.0000 48.1175 -14.8014 0.7113 -0.0066 -0.0060 0.7164 0.6977
1074.0000 48.1219 -14.5046 0.7142 -0.0067 -0.0053 0.7164 0.6976
1075.0000 48.1136 -14.2342 0.7121 -0.0075 -0.0039 0.7165 0.6975
1076.0000 48.1050 -13.9834 0.7121 -0.0082 -0.0028 0.7166 0.6975
1077.0000 48.0934 -13.7080 0.7146 -0.0085 -0.0033 0.7166 0.6975
1078.0000 48.0937 -13.4265 0.7201 -0.0086 -0.0048 0.7168 0.6973
1079.0000 48.0669 -13.2085 0.7226 -0.0090 -0.0065 0.7166 0.6973
1080.0000 48.0522 -12.9631 0.7229 -0.0088 -0.0067 0.7165 0.6974
1081.0000 48.0476 -12.6628 0.7269 -0.0079 -0.0061 0.7167 0.6973
1082.0000 48.0545 -12.3944 0.7289 -0.0074 -0.0060 0.7167 0.6973
1083.0000 48.0489 -12.1577 0.7292 -0.0073 -0.0058 0.7165 0.6976
1084.0000 48.0268 -11.9084 0.7259 -0.0066 -0.0056 0.7162 0.6978
1085.0000 48.0416 -11.6540 0.7264 -0.0050 -0.0056 0.7157 0.6983
1086.0000 48.0349 -11.3923 0.7297 -0.0040 -0.0063 0.7152 0.6989
1087.0000 48.0095 -11.1339 0.7306 -0.0050 -0.0068 0.7148 0.6993
1088.0000 48.0166 -10.8955 0.7312 -0.0062 -0.0067 0.7140 0.7001
1089.0000 48.0150 -10.6299 0.7359 -0.0067 -0.0064 0.7132 0.7009
1090.0000 48.0111 -10.3791 0.7399 -0.0063 -0.0062 0.7123 0.7018
1091.0000 48.0141 -10.1484 0.7459 -0.0058 -0.0063 0.7115 0.7026
1092.0000 48.0080 -9.8762 0.7494 -0.0056 -0.0066 0.7110 0.7032
1093.0000 47.9948 -9.6344 0.7512 -0.0057 -0.0074 0.7102 0.7039
1094.0000 48.0072 -9.3900 0.7524 -0.0054 -0.0081 0.7096 0.7045
1095.0000 48.0006 -9.1302 0.7577 -0.0050 -0.0078 0.7091 0.7050
1096.0000 48.0030 -8.8735 0.7546 -0.0045 -0.0069 0.7082 0.7059
1097.0000 48.0076 -8.6208 0.7553 -0.0038 -0.0060 0.7078 0.7064
1098.0000 48.0137 -8.3849 0.7622 -0.0037 -0.0061 0.7072 0.7069
1099.0000 48.0224 -8.1318 0.7621 -0.0038 -0.0063 0.7068 0.7074
1100.0000 48.0089 -7.8787 0.7671 -0.0041 -0.0070 0.7063 0.7079
1101.0000 48.0152 -7.6465 0.7715 -0.0048 -0.0074 0.7058 0.7083
1102.0000 48.0059 -7.4029 0.7742 -0.0054 -0.0071 0.7057 0.7085
1103.0000 47.9952 -7.1521 0.7748 -0.0056 -0.0065 0.7058 0.7084
1104.0000 48.0005 -6.8916 0.7802 -0.0056 -0.0060 0.7059 0.7083
1105.0000 48.0124 -6.6720 0.7810 -0.0054 -0.0051 0.7052 0.7089
1106.0000 48.0143 -6.4135 0.7809 -0.0049 -0.0045 0.7052 0.7090
1107.0000 48.0061 -6.1620 0.7858 -0.0049 -0.0053 0.7052 0.7089
1108.0000 48.0149 -5.9212 0.7880 -0.0051 -0.0061 0.7049 0.7092
1109.0000 48.0162 -5.6538 0.7892 -0.0053 -0.0066 0.7051 0.7091
1110.0000 48.0354 -5.4354 0.7977 -0.0049 -0.0064 0.7046 0.7095
1111.0000 48.0214 -5.1789 0.7991 -0.0051 -0.0059 0.7047 0.7095
1112.0000 48.0361 -4.9343 0.8020 -0.0054 -0.0060 0.7045 0.7097
1113.0000 48.0279 -4.7200 0.8026 -0.0059 -0.0062 0.7045 0.7097
1114.0000 48.0342 -4.5002 0.8013 -0.0058 -0.0062 0.7044 0.7098
1115.0000 48.0399 -4.2492 0.8020 -0.0050 -0.0056 0.7044 0.7097
1116.0000 48.0253 -4.0257 0.8064 -0.0042 -0.0055 0.7044 0.7098
1117.0000 48.0243 -3.7970 0.8119 -0.0038 -0.0058 0.7045 0.7097
1118.0000 48.0305 -3.5807 0.8120 -0.0044 -0.0062 0.7043 0.7099
1119.0000 48.0206 -3.3679 0.8132 -0.0054 -0.0070 0.7042 0.7100
1120.0000 48.0161 -3.1323 0.8162 -0.0062 -0.0079 0.7043 0.7098
1121.0000 48.0107 -2.9070 0.8189 -0.0065 -0.0076 0.7044 0.7097
1122.0000 48.0125 -2.6841 0.8192 -0.0058 -0.0063 0.7043 0.7099
1123.0000 48.0445 -2.4570 0.8275 -0.0051 -0.0057 0.7041 0.7100
1124.0000 48.0358 -2.2333 0.8284 -0.0054 -0.0058 0.7042 0.7099
1125.0000 48.0232 -1.9895 0.8272 -0.0056 -0.0062 0.7045 0.7097
1126.0000 48.0422 -1.7722 0.8280 -0.0058 -0.0067 0.7042 0.7100
1127.0000 48.0349 -1.5352 0.8341 -0.0055 -0.0066 0.7043 0.7098
1128.0000 48.0527 -1.3299 0.8387 -0.0052 -0.0060 0.7044 0.7097
1129.0000 48.0340 -1.0928 0.8408 -0.0053 -0.0059 0.7043 0.7098
1130.0000 48.0531 -0.8521 0.8417 -0.0056 -0.0064 0.7046 0.7095
1131.0000 48.0360 -0.6498 0.8403 -0.0059 -0.0070 0.7047 0.7095
1132.0000 48.0484 -0.4214 0.8451 -0.0055 -0.0071 0.7051 0.7091
1133.0000 48.0556 -0.1664 0.8481 -0.0047 -0.0066 0.7058 0.7084
1134.0000 48.0368 0.0653 0.8526 -0.0042 -0.0064 0.7070 0.7072
1135.0000 48.0465 0.2819 0.8543 -0.0041 -0.0065 0.7085 0.7056
1136.0000 48.0314 0.5108 0.8560 -0.0042 -0.0072 0.7102 0.7039
1137.0000 48.0365 0.7522 0.8583 -0.0039 -0.0075 0.7125 0.7016
1138.0000 48.0121 0.9818 0.8613 -0.0033 -0.0070 0.7157 0.6984
1139.0000 48.0057 1.1952 0.8681 -0.0029 -0.0063 0.7196 0.6944
1140.0000 47.9990 1.4144 0.8689 -0.0027 -0.0057 0.7242 0.6895
1141.0000 47.9867 1.6628 0.8686 -0.0026 -0.0055 0.7298 0.6836
1142.0000 47.9360 1.8880 0.8708 -0.0030 -0.0053 0.7363 0.6766
1143.0000 47.8746 2.1092 0.8736 -0.0032 -0.0050 0.7434 0.6688
1144.0000 47.8331 2.3096 0.8752 -0.0032 -0.0040 0.7516 0.6596
1145.0000 47.7635 2.5243 0.8788 -0.0030 -0.0031 0.7611 0.6486
1146.0000 47.7067 2.7353 0.8830 -0.0030 -0.0030 0.7713 0.6365
1147.0000 47.6158 2.9448 0.8848 -0.0034 -0.0037 0.7823 0.6229
1148.0000 47.5279 3.1284 0.8833 -0.0037 -0.0044 0.7938 0.6081
1149.0000 47.4389 3.3407 0.8882 -0.0039 -0.0051 0.8056 0.5924
1150.0000 47.3397 3.5152 0.8909 -0.0037 -0.0056 0.8171 0.5765
1151.0000 47.2377 3.6932 0.8893 -0.0035 -0.0059 0.8287 0.5597
1152.0000 47.1235 3.8587 0.8908 -0.0035 -0.0057 0.8403 0.5421
1153.0000 46.9682 4.0227 0.8961 -0.0042 -0.0060 0.8512 0.5248
1154.0000 46.8595 4.1822 0.8943 -0.0047 -0.0064 0.8613 0.5081
1155.0000 46.7284 4.3264 0.8881 -0.0051 -0.0066 0.8710 0.4912
1156.0000 46.5811 4.4894 0.8880 -0.0052 -0.0063 0.8808 0.4735
1157.0000 46.4362 4.6032 0.8896 -0.0056 -0.0065 0.8897 0.4564
1158.0000 46.2961 4.7400 0.8881 -0.0061 -0.0065 0.8982 0.4394
1159.0000 46.1461 4.8804 0.8871 -0.0070 -0.0064 0.9063 0.4225
1160.0000 45.9986 5.0157 0.8913 -0.0077 -0.0063 0.9141 0.4054
1161.0000 45.8785 5.1247 0.8870 -0.0077 -0.0057 0.9211 0.3892
1162.0000 45.7060 5.2308 0.8912 -0.0073 -0.0049 0.9278 0.3730
1163.0000 45.5276 5.3526 0.8903 -0.0073 -0.0043 0.9341 0.3570
1164.0000 45.3705 5.4479 0.8920 -0.0080 -0.0046 0.9395 0.3423
1165.0000 45.1974 5.5556 0.8875 -0.0087 -0.0051 0.9447 0.3278
1166.0000 45.0333 5.6607 0.8900 -0.0089 -0.0057 0.9495 0.3136
1167.0000 44.8385 5.7358 0.8887 -0.0085 -0.0066 0.9538 0.3004
1168.0000 44.6707 5.8086 0.8863 -0.0081 -0.0079 0.9576 0.2878
1169.0000 44.4914 5.8842 0.8790 -0.0082 -0.0086 0.9613 0.2752
1170.0000 44.3276 5.9698 0.8764 -0.0089 -0.0086 0.9646 0.2635
1171.0000 44.1593 6.0554 0.8752 -0.0093 -0.0079 0.9675 0.2527
1172.0000 43.9628 6.1335 0.8768 -0.0094 -0.0071 0.9702 0.2418
1173.0000 43.7715 6.2062 0.8740 -0.0098 -0.0066 0.9729 0.2309
1174.0000 43.5837 6.2741 0.8717 -0.0107 -0.0066 0.9754 0.2202
1175.0000 43.4285 6.3363 0.8645 -0.0112 -0.0062 0.9776 0.2101
1176.0000 43.2338 6.4005 0.8678 -0.0116 -0.0057 0.9796 0.2005
1177.0000 43.0478 6.4594 0.8671 -0.0119 -0.0050 0.9814 0.1916
1178.0000 42.8364 6.5044 0.8671 -0.0124 -0.0050 0.9831 0.1826
1179.0000 42.6401 6.5781 0.8642 -0.0131 -0.0059 0.9847 0.1737
1180.0000 42.4507 6.6102 0.8614 -0.0135 -0.0071 0.9861 0.1655
1181.0000 42.2583 6.6506 0.8526 -0.0131 -0.0075 0.9875 0.1570
1182.0000 42.0587 6.7048 0.8481 -0.0128 -0.0072 0.9889 0.1480
1183.0000 41.8749 6.7494 0.8440 -0.0129 -0.0063 0.9901 0.1396
1184.0000 41.6897 6.7801 0.8484 -0.0132 -0.0062 0.9912 0.1317
1185.0000 41.4900 6.7987 0.8435 -0.0129 -0.0067 0.9922 0.1239
1186.0000 41.2778 6.8402 0.8363 -0.0127 -0.0073 0.9931 0.1162
1187.0000 41.0864 6.8671 0.8301 -0.0129 -0.0078 0.9940 0.1087
1188.0000 40.8888 6.8922 0.8246 -0.0133 -0.0079 0.9948 0.1010
1189.0000 40.6764 6.9361 0.8211 -0.0134 -0.0078 0.9955 0.0937
1190.0000 40.4910 6.9535 0.8201 -0.0129 -0.0076 0.9961 0.0869
1191.0000 40.2871 6.9663 0.8190 -0.0124 -0.0074 0.9967 0.0802
1192.0000 40.0601 7.0005 0.8176 -0.0124 -0.0074 0.9972 0.0737
1193.0000 39.8709 7.0195 0.8143 -0.0127 -0.0079 0.9976 0.0679
1194.0000 39.6565 7.0217 0.8084 -0.0129 -0.0082 0.9979 0.0625
1195.0000 39.4738 7.0203 0.8074 -0.0126 -0.0081 0.9982 0.0578
1196.0000 39.2576 7.0596 0.8056 -0.0122 -0.0079 0.9985 0.0530
1197.0000 39.0579 7.0738 0.8018 -0.0122 -0.0078 0.9987 0.0493
1198.0000 38.8551 7.0923 0.8005 -0.0125 -0.0084 0.9989 0.0454
1199.0000 38.6575 7.0589 0.7914 -0.0122 -0.0091 0.9990 0.0424
1200.0000 38.4485 7.0943 0.7848 -0.0115 -0.0101 0.9991 0.0394
1201.0000 38.2383 7.1072 0.7745 -0.0110 -0.0100 0.9992 0.0368
1202.0000 38.0367 7.1066 0.7752 -0.0114 -0.0090 0.9993 0.0346
1203.0000 37.8131 7.1326 0.7806 -0.0127 -0.0078 0.9994 0.0325
1204.0000 37.6032 7.1493 0.7786 -0.0134 -0.0073 0.9994 0.0304
1205.0000 37.3973 7.1515 0.7735 -0.0136 -0.0073 0.9995 0.0284
1206.0000 37.1806 7.1650 0.7651 -0.0134 -0.0066 0.9995 0.0267
1207.0000 36.9491 7.1877 0.7699 -0.0128 -0.0057 0.9996 0.0254
1208.0000 36.7404 7.1827 0.7693 -0.0131 -0.0054 0.9996 0.0241
1209.0000 36.5620 7.1834 0.7655 -0.0135 -0.0057 0.9996 0.0232
1210.0000 36.3632 7.1973 0.7577 -0.0130 -0.0063 0.9996 0.0222
1211.0000 36.1417 7.2032 0.7508 -0.0120 -0.0059 0.9997 0.0212
1212.0000 35.9423 7.2025 0.7547 -0.0115 -0.0055 0.9997 0.0202
1213.0000 35.7535 7.2065 0.7553 -0.0115 -0.0057 0.9997 0.0199
1214.0000 35.5293 7.2285 0.7456 -0.0112 -0.0057 0.9997 0.0189
1215.0000 35.3238 7.2390 0.7484 -0.0102 -0.0056 0.9998 0.0184
1216.0000 35.1153 7.2374 0.7415 -0.0095 -0.0058 0.9998 0.0180
1217.0000 34.8986 7.2579 0.7349 -0.0088 -0.0057 0.9998 0.0174
1218.0000 34.6920 7.2602 0.7313 -0.0088 -0.0058 0.9998 0.0166
1219.0000 34.4879 7.2618 0.7264 -0.0093 -0.0056 0.9998 0.0162
1220.0000 34.2939 7.2597 0.7273 -0.0100 -0.0057 0.9998 0.0159
1221.0000 34.0842 7.2530 0.7298 -0.0102 -0.0067 0.9998 0.0156
1222.0000 33.8620 7.2766 0.7193 -0.0103 -0.0079 0.9998 0.0151
1223.0000 33.6578 7.2719 0.7066 -0.0109 -0.0087 0.9998 0.0144
1224.0000 33.4504 7.2660 0.7058 -0.0119 -0.0079 0.9998 0.0139
1225.0000 33.2533 7.2793 0.7128 -0.0129 -0.0067 0.9998 0.0141
1226.0000 33.0365 7.2898 0.7122 -0.0132 -0.0059 0.9998 0.0136
1227.0000 32.8277 7.2861 0.7098 -0.0137 -0.0059 0.9998 0.0131
1228.0000 32.6197 7.2974 0.7094 -0.0145 -0.0069 0.9998 0.0126
1229.0000 32.4115 7.2891 0.7014 -0.0150 -0.0082 0.9998 0.0126
1230.0000 32.1995 7.2996 0.6924 -0.0153 -0.0088 0.9998 0.0119
1231.0000 32.0056 7.2897 0.6951 -0.0155 -0.0092 0.9998 0.0117
1232.0000 31.7890 7.2777 0.6963 -0.0153 -0.0100 0.9998 0.0116
1233.0000 31.5789 7.2867 0.6843 -0.0148 -0.0109 0.9998 0.0114
1234.0000 31.3642 7.2934 0.6764 -0.0145 -0.0114 0.9998 0.0107
1235.0000 31.1485 7.3051 0.6740 -0.0143 -0.0110 0.9998 0.0102
1236.0000 30.9366 7.3146 0.6737 -0.0141 -0.0106 0.9998 0.0099
1237.0000 30.7251 7.3108 0.6709 -0.0141 -0.0108 0.9998 0.0092
1238.0000 30.5247 7.3169 0.6626 -0.0138 -0.0108 0.9998 0.0086
1239.0000 30.2984 7.3102 0.6538 -0.0135 -0.0103 0.9998 0.0081
1240.0000 30.1080 7.3045 0.6548 -0.0132 -0.0097 0.9998 0.0081
1241.0000 29.8771 7.3165 0.6515 -0.0124 -0.0093 0.9999 0.0073
1242.0000 29.6908 7.3281 0.6541 -0.0110 -0.0087 0.9999 0.0066
1243.0000 29.4833 7.3339 0.6448 -0.0109 -0.0088 0.9999 0.0062
1244.0000 29.2700 7.3209 0.6419 -0.0120 -0.0096 0.9999 0.0060
1245.0000 29.0424 7.3274 0.6354 -0.0130 -0.0107 0.9998 0.0051
1246.0000 28.8383 7.3221 0.6286 -0.0128 -0.0108 0.9998 0.0044
1247.0000 28.6399 7.3250 0.6253 -0.0124 -0.0101 0.9999 0.0038
1248.0000 28.3977 7.3303 0.6256 -0.0125 -0.0091 0.9999 0.0033
1249.0000 28.1843 7.3351 0.6236 -0.0127 -0.0090 0.9999 0.0026
1250.0000 27.9842 7.3196 0.6141 -0.0129 -0.0094 0.9999 0.0022
1251.0000 27.7508 7.3321 0.6039 -0.0130 -0.0098 0.9999 0.0013
1252.0000 27.5685 7.3325 0.5961 -0.0135 -0.0092 0.9999 0.0009
1253.0000 27.3741 7.3353 0.5996 -0.0145 -0.0087 0.9999 0.0006
1254.0000 27.1323 7.3266 0.5938 -0.0159 -0.0082 0.9998 -0.0003
1255.0000 26.9094 7.3371 0.5992 -0.0170 -0.0080 0.9998 -0.0010
1256.0000 26.7102 7.3419 0.5995 -0.0154 -0.0076 0.9999 -0.0014
1257.0000 26.4922 7.3399 0.5893 -0.0134 -0.0071 0.9999 -0.0019
1258.0000 26.2743 7.3321 0.5817 -0.0124 -0.0076 0.9999 -0.0023
1259.0000 26.0579 7.3345 0.5784 -0.0126 -0.0086 0.9999 -0.0032
1260.0000 25.8602 7.3158 0.5768 -0.0131 -0.0093 0.9999 -0.0036
1261.0000 25.6690 7.3149 0.5731 -0.0130 -0.0094 0.9999 -0.0038
1262.0000 25.4625 7.3132 0.5694 -0.0122 -0.0089 0.9999 -0.0044
1263.0000 25.2146 7.3166 0.5662 -0.0114 -0.0086 0.9999 -0.0054
1264.0000 25.0210 7.2947 0.5577 -0.0109 -0.0086 0.9999 -0.0057
1265.0000 24.8165 7.3032 0.5536 -0.0109 -0.0084 0.9999 -0.0061
1266.0000 24.5855 7.3063 0.5530 -0.0109 -0.0081 0.9999 -0.0069
1267.0000 24.3878 7.3111 0.5488 -0.0110 -0.0078 0.9999 -0.0073
1268.0000 24.1735 7.3046 0.5419 -0.0113 -0.0082 0.9999 -0.0078
1269.0000 23.9619 7.2865 0.5365 -0.0120 -0.0085 0.9999 -0.0082
1270.0000 23.7271 7.2940 0.5344 -0.0132 -0.0084 0.9998 -0.0088
1271.0000 23.5208 7.2730 0.5402 -0.0136 -0.0086 0.9998 -0.0084
1272.0000 23.3079 7.2676 0.5377 -0.0135 -0.0087 0.9998 -0.0081
1273.0000 23.1162 7.2593 0.5328 -0.0130 -0.0097 0.9998 -0.0083
1274.0000 22.8992 7.2573 0.5263 -0.0128 -0.0102 0.9998 -0.0081
1275.0000 22.6785 7.2535 0.5182 -0.0136 -0.0101 0.9998 -0.0079
1276.0000 22.4711 7.2575 0.5237 -0.0141 -0.0100 0.9998 -0.0081
1277.0000 22.2557 7.2484 0.5209 -0.0140 -0.0097 0.9998 -0.0079
1278.0000 22.0588 7.2336 0.5117 -0.0138 -0.0092 0.9998 -0.0078
1279.0000 21.8206 7.2460 0.5027 -0.0139 -0.0085 0.9998 -0.0078
1280.0000 21.6037 7.2488 0.5065 -0.0140 -0.0084 0.9998 -0.0076
1281.0000 21.4029 7.2376 0.5002 -0.0137 -0.0085 0.9998 -0.0072
1282.0000 21.2051 7.2274 0.4928 -0.0135 -0.0084 0.9998 -0.0071
1283.0000 20.9767 7.2285 0.4866 -0.0138 -0.0086 0.9998 -0.0068
1284.0000 20.7477 7.2163 0.4877 -0.0143 -0.0085 0.9998 -0.0068
1285.0000 20.5389 7.2128 0.4864 -0.0146 -0.0086 0.9998 -0.0071
1286.0000 20.3212 7.2058 0.4792 -0.0148 -0.0089 0.9998 -0.0066
1287.0000 20.1140 7.2226 0.4747 -0.0149 -0.0089 0.9998 -0.0061
1288.0000 19.9035 7.2084 0.4692 -0.0151 -0.0089 0.9998 -0.0060
1289.0000 19.6715 7.2062 0.4697 -0.0149 -0.0089 0.9998 -0.0056
1290.0000 19.4726 7.2052 0.4630 -0.0148 -0.0086 0.9998 -0.0052
1291.0000 19.2662 7.2110 0.4587 -0.0145 -0.0084 0.9998 -0.0049
1292.0000 19.0419 7.2066 0.4542 -0.0142 -0.0082 0.9999 -0.0043
1293.0000 18.8152 7.2226 0.4468 -0.0142 -0.0080 0.9999 -0.0039
1294.0000 18.6132 7.2054 0.4476 -0.0143 -0.0080 0.9999 -0.0034
1295.0000 18.3932 7.2065 0.4407 -0.0145 -0.0077 0.9999 -0.0031
1296.0000 18.1595 7.2091 0.4389 -0.0145 -0.0075 0.9999 -0.0029
1297.0000 17.9498 7.2073 0.4322 -0.0145 -0.0075 0.9999 -0.0022
1298.0000 17.7513 7.2151 0.4283 -0.0146 -0.0077 0.9999 -0.0018
1299.0000 17.5289 7.2156 0.4241 -0.0147 -0.0078 0.9999 -0.0017
1300.0000 17.2963 7.2145 0.4196 -0.0149 -0.0074 0.9999 -0.0015
1301.0000 17.0695 7.2002 0.4145 -0.0151 -0.0072 0.9999 -0.0015
1302.0000 16.8718 7.2198 0.4139 -0.0150 -0.0077 0.9999 -0.0015
1303.0000 16.6610 7.1890 0.4054 -0.0150 -0.0081 0.9999 -0.0011
1304.0000 16.4408 7.2100 0.4023 -0.0148 -0.0083 0.9999 -0.0010
1305.0000 16.2313 7.2144 0.4040 -0.0144 -0.0081 0.9999 -0.0009
1306.0000 16.0105 7.2096 0.3974 -0.0139 -0.0080 0.9999 -0.0007
1307.0000 15.7895 7.2031 0.3860 -0.0131 -0.0079 0.9999 -0.0004
1308.0000 15.5870 7.2012 0.3831 -0.0128 -0.0079 0.9999 -0.0004
1309.0000 15.3664 7.2034 0.3824 -0.0125 -0.0079 0.9999 -0.0004
1310.0000 15.1482 7.2106 0.3770 -0.0120 -0.0078 0.9999 -0.0001
1311.0000 14.9424 7.2109 0.3744 -0.0116 -0.0081 0.9999 0.0000
1312.0000 14.7157 7.2035 0.3618 -0.0116 -0.0080 0.9999 0.0003
1313.0000 14.5120 7.1993 0.3609 -0.0112 -0.0081 0.9999 0.0003
1314.0000 14.3015 7.2041 0.3570 -0.0109 -0.0079 0.9999 0.0005
1315.0000 14.0835 7.2050 0.3515 -0.0110 -0.0076 0.9999 0.0008
1316.0000 13.8662 7.2165 0.3499 -0.0113 -0.0077 0.9999 0.0009
1317.0000 13.6472 7.2080 0.3477 -0.0118 -0.0083 0.9999 0.0011
1318.0000 13.4261 7.2017 0.3473 -0.0125 -0.0089 0.9999 0.0011
1319.0000 13.2137 7.2057 0.3482 -0.0124 -0.0093 0.9999 0.0011
1320.0000 13.0023 7.2019 0.3459 -0.0118 -0.0094 0.9999 0.0013
1321.0000 12.8076 7.2078 0.3337 -0.0117 -0.0093 0.9999 0.0016
1322.0000 12.5877 7.1853 0.3309 -0.0120 -0.0094 0.9999 0.0014
1323.0000 12.3754 7.1978 0.3299 -0.0123 -0.0093 0.9999 0.0017
1324.0000 12.1473 7.2001 0.3300 -0.0123 -0.0094 0.9999 0.0017
1325.0000 11.9457 7.2052 0.3182 -0.0124 -0.0094 0.9999 0.0020
1326.0000 11.7254 7.2116 0.3131 -0.0130 -0.0094 0.9999 0.0025
1327.0000 11.5219 7.2083 0.3188 -0.0136 -0.0092 0.9999 0.0029
1328.0000 11.3240 7.2044 0.3165 -0.0138 -0.0086 0.9999 0.0035
1329.0000 11.1082 7.2202 0.3117 -0.0136 -0.0085 0.9999 0.0044
1330.0000 10.8894 7.2165 0.3026 -0.0132 -0.0088 0.9999 0.0050
1331.0000 10.6678 7.2231 0.2978 -0.0133 -0.0092 0.9999 0.0052
1332.0000 10.4639 7.2232 0.2978 -0.0139 -0.0095 0.9998 0.0063
1333.0000 10.2673 7.2248 0.3001 -0.0142 -0.0096 0.9998 0.0069
1334.0000 10.0379 7.2217 0.2923 -0.0147 -0.0099 0.9998 0.0074
1335.0000 9.8249 7.2385 0.2859 -0.0147 -0.0103 0.9998 0.0083
1336.0000 9.6134 7.2423 0.2816 -0.0147 -0.0108 0.9998 0.0089
1337.0000 9.3959 7.2421 0.2830 -0.0150 -0.0116 0.9998 0.0094
1338.0000 9.2087 7.2408 0.2807 -0.0151 -0.0119 0.9998 0.0106
1339.0000 9.0085 7.2412 0.2707 -0.0152 -0.0118 0.9997 0.0114
1340.0000 8.8365 7.2477 0.2657 -0.0153 -0.0115 0.9997 0.0128
1341.0000 8.6641 7.2622 0.2612 -0.0153 -0.0109 0.9997 0.0138
1342.0000 8.4991 7.2622 0.2602 -0.0152 -0.0106 0.9997 0.0148
1343.0000 8.3300 7.2834 0.2561 -0.0153 -0.0106 0.9997 0.0157
1344.0000 8.1849 7.2750 0.2479 -0.0155 -0.0105 0.9997 0.0165
1345.0000 8.0563 7.2986 0.2456 -0.0156 -0.0103 0.9997 0.0173
1346.0000 7.9204 7.2842 0.2423 -0.0158 -0.0103 0.9997 0.0175
1347.0000 7.7755 7.2845 0.2443 -0.0158 -0.0104 0.9997 0.0178
1348.0000 7.6592 7.2952 0.2426 -0.0160 -0.0103 0.9997 0.0181
1349.0000 7.5543 7.2976 0.2339 -0.0161 -0.0099 0.9997 0.0184
1350.0000 7.4561 7.3054 0.2341 -0.0161 -0.0099 0.9996 0.0185
1351.0000 7.3483 7.3038 0.2339 -0.0160 -0.0101 0.9996 0.0185
1352.0000 7.2427 7.3135 0.2321 -0.0161 -0.0103 0.9996 0.0185
1353.0000 7.1494 7.3294 0.2282 -0.0163 -0.0102 0.9996 0.0183
1354.0000 7.0682 7.3216 0.2251 -0.0165 -0.0103 0.9997 0.0178
1355.0000 6.9842 7.3221 0.2259 -0.0164 -0.0103 0.9997 0.0176
1356.0000 6.9128 7.3210 0.2247 -0.0166 -0.0104 0.9997 0.0173
1357.0000 6.8248 7.3269 0.2196 -0.0167 -0.0105 0.9997 0.0169
1358.0000 6.7516 7.3336 0.2169 -0.0167 -0.0107 0.9997 0.0165
1359.0000 6.6811 7.3338 0.2180 -0.0167 -0.0110 0.9997 0.0161
1360.0000 6.6116 7.3309 0.2203 -0.0168 -0.0113 0.9997 0.0157
1361.0000 6.5392 7.3279 0.2221 -0.0167 -0.0115 0.9997 0.0153
1362.0000 6.4823 7.3416 0.2174 -0.0166 -0.0116 0.9997 0.0151
1363.0000 6.3998 7.3390 0.2157 -0.0164 -0.0115 0.9997 0.0145
1364.0000 6.3376 7.3526 0.2133 -0.0163 -0.0118 0.9997 0.0142
1365.0000 6.2647 7.3335 0.2083 -0.0161 -0.0122 0.9997 0.0137
1366.0000 6.1868 7.3316 0.2041 -0.0160 -0.0124 0.9997 0.0131
1367.0000 6.1095 7.3320 0.2048 -0.0160 -0.0125 0.9997 0.0128
1368.0000 6.0382 7.3368 0.2013 -0.0162 -0.0123 0.9997 0.0125
1369.0000 5.9796 7.3391 0.2012 -0.0163 -0.0123 0.9997 0.0123
1370.0000 5.9052 7.3365 0.1991 -0.0162 -0.0124 0.9997 0.0118
1371.0000 5.8305 7.3402 0.1988 -0.0161 -0.0124 0.9997 0.0113
1372.0000 5.7753 7.3381 0.1956 -0.0162 -0.0119 0.9997 0.0110
1373.0000 5.6918 7.3524 0.1967 -0.0163 -0.0114 0.9998 0.0102
1374.0000 5.6168 7.3444 0.1995 -0.0163 -0.0114 0.9998 0.0096
1375.0000 5.5618 7.3264 0.1937 -0.0163 -0.0114 0.9998 0.0090
1376.0000 5.5011 7.3414 0.1934 -0.0164 -0.0115 0.9998 0.0086
1377.0000 5.4284 7.3334 0.1892 -0.0163 -0.0112 0.9998 0.0079
1378.0000 5.3815 7.3325 0.1824 -0.0163 -0.0108 0.9998 0.0076
1379.0000 5.3184 7.3428 0.1870 -0.0160 -0.0112 0.9998 0.0068
1380.0000 5.2598 7.3278 0.1892 -0.0159 -0.0116 0.9998 0.0068
1381.0000 5.1922 7.3313 0.1861 -0.0157 -0.0117 0.9998 0.0066
1382.0000 5.1202 7.3366 0.1828 -0.0157 -0.0116 0.9998 0.0067
1383.0000 5.0434 7.3391 0.1827 -0.0156 -0.0117 0.9998 0.0073
1384.0000 4.9708 7.3422 0.1824 -0.0153 -0.0119 0.9998 0.0083
1385.0000 4.8832 7.3508 0.1750 -0.0148 -0.0119 0.9998 0.0092
1386.0000 4.7800 7.3475 0.1711 -0.0145 -0.0118 0.9998 0.0107
1387.0000 4.6664 7.3548 0.1698 -0.0143 -0.0119 0.9998 0.0122
1388.0000 4.5546 7.3568 0.1703 -0.0142 -0.0116 0.9997 0.0137
1389.0000 4.4377 7.3779 0.1673 -0.0142 -0.0112 0.9997 0.0154
1390.0000 4.3139 7.3721 0.1627 -0.0140 -0.0111 0.9997 0.0171
1391.0000 4.1844 7.3868 0.1604 -0.0139 -0.0109 0.9997 0.0187
1392.0000 4.0757 7.4044 0.1622 -0.0137 -0.0111 0.9996 0.0201
1393.0000 3.9313 7.3975 0.1531 -0.0134 -0.0109 0.9996 0.0214
1394.0000 3.7962 7.4180 0.1515 -0.0131 -0.0102 0.9996 0.0226
1395.0000 3.6609 7.4270 0.1526 -0.0126 -0.0095 0.9996 0.0236
1396.0000 3.5050 7.4357 0.1552 -0.0120 -0.0106 0.9996 0.0243
1397.0000 3.3765 7.4338 0.1477 -0.0124 -0.0125 0.9995 0.0248
1398.0000 3.2103 7.4299 0.1356 -0.0133 -0.0132 0.9995 0.0246
1399.0000 3.0383 7.4528 0.1326 -0.0140 -0.0124 0.9995 0.0249
1400.0000 2.8604 7.4753 0.1345 -0.0140 -0.0105 0.9995 0.0248
1401.0000 2.6861 7.4615 0.1307 -0.0137 -0.0095 0.9996 0.0241
1402.0000 2.5180 7.4788 0.1274 -0.0133 -0.0101 0.9996 0.0238
1403.0000 2.3298 7.4966 0.1232 -0.0127 -0.0106 0.9996 0.0236
1404.0000 2.1670 7.4939 0.1203 -0.0120 -0.0104 0.9996 0.0234
1405.0000 1.9813 7.5081 0.1200 -0.0115 -0.0103 0.9996 0.0229
1406.0000 1.7952 7.5055 0.1189 -0.0107 -0.0103 0.9996 0.0222
1407.0000 1.6309 7.5057 0.1180 -0.0095 -0.0108 0.9997 0.0215
1408.0000 1.4506 7.5068 0.1099 -0.0085 -0.0111 0.9997 0.0208
1409.0000 1.2662 7.5200 0.1059 -0.0079 -0.0114 0.9997 0.0201
1410.0000 1.0913 7.5167 0.1113 -0.0074 -0.0113 0.9997 0.0189
1411.0000 0.8989 7.5222 0.1048 -0.0075 -0.0110 0.9998 0.0177
1412.0000 0.6996 7.5293 0.1141 -0.0066 -0.0113 0.9998 0.0169
1413.0000 0.4976 7.5351 0.1053 -0.0038 -0.0112 0.9998 0.0152
1414.0000 0.2878 7.5461 0.0770 -0.0025 -0.0101 0.9999 0.0132
1415.0000 0.0928 7.5446 0.0746 -0.0033 -0.0087 0.9999 0.0118
1416.0000 -0.1350 7.5565 0.0938 -0.0044 -0.0088 0.9999 0.0098
1417.0000 -0.3546 7.5443 0.0940 -0.0057 -0.0097 0.9999 0.0074
1418.0000 -0.5775 7.5409 0.0855 -0.0066 -0.0098 0.9999 0.0050
1419.0000 -0.8086 7.5411 0.0837 -0.0076 -0.0103 0.9999 0.0029
1420.0000 -1.0610 7.5372 0.0903 -0.0091 -0.0105 0.9999 0.0003
1421.0000 -1.3018 7.5250 0.0989 -0.0102 -0.0107 0.9999 -0.0027
1422.0000 -1.5311 7.5193 0.0915 -0.0105 -0.0108 0.9999 -0.0051
1423.0000 -1.7730 7.5068 0.0775 -0.0109 -0.0112 0.9999 -0.0074
1424.0000 -2.0414 7.5046 0.0752 -0.0122 -0.0114 0.9998 -0.0105
1425.0000 -2.2894 7.4966 0.0757 -0.0132 -0.0108 0.9998 -0.0134
1426.0000 -2.5343 7.4825 0.0777 -0.0138 -0.0101 0.9997 -0.0163
1427.0000 -2.7979 7.4663 0.0741 -0.0138 -0.0092 0.9997 -0.0193
1428.0000 -3.0705 7.4538 0.0614 -0.0132 -0.0092 0.9996 -0.0222
1429.0000 -3.3492 7.4354 0.0434 -0.0133 -0.0095 0.9995 -0.0254
1430.0000 -3.6249 7.4168 0.0416 -0.0135 -0.0101 0.9994 -0.0286
