0.007968
0.030135
0.031947
0.032251
0.031835
0.031952
0.031333
0.030722
0.031906
0.032111
0.032083
0.032348
0.032795
0.031284
0.031954
0.032855
0.030108
0.030351
0.031995
0.031455
0.031921
0.032442
0.031358
0.032956
0.031727
0.03146
0.033139
0.031748
0.031411
0.031768
0.031521
0.031941
0.034748
0.031517
0.032316
0.033872
0.031982
0.030946
0.031931
0.031836
0.031939
0.031434
0.033886
0.032028
0.030758
0.031312
0.031727
0.031788
0.03143
0.031244
0.031227
0.032941
0.030331
0.029896
0.034356
0.031206
0.030939
0.032246
0.031642
0.031696
0.031361
0.036035
0.032262
0.031843
0.031408
0.031569
0.031477
0.031926
0.030488
0.030862
0.031738
0.03124
0.038525
0.030053
0.030453
0.034938
0.034414
0.034488
0.034295
0.032532
0.032565
0.033324
0.033099
0.031859
0.0319
0.031559
0.030764
0.03261
0.030917
0.031511
0.032766
0.033482
0.032855
0.034033
0.033069
0.034317
0.032946
0.032828
0.032302
0.032336
0.033079
0.032328
0.031382
0.031078
0.030495
0.029912
0.03126
0.034156
0.035897
0.035535
0.036218
0.035254
0.035243
0.035355
0.034601
0.034975
0.034336
0.036671
0.035592
0.033126
0.035389
0.035349
0.034424
0.033327
0.034478
0.034918
0.032573
0.033922
0.032989
0.034945
0.033499
0.034052
0.033767
0.035413
0.034925
0.033932
0.032212
0.032952
0.032097
0.033124
0.032894
0.032518
0.034387
0.032895
0.036537
0.034707
0.032873
0.034717
0.033109
0.034952
0.033276
0.034546
0.034776
0.034296
0.033651
0.033506
0.034619
0.034108
0.034072
0.032912
0.032513
0.033216
0.033467
0.033946
0.034783
0.034525
0.033944
0.03406
0.03372
0.038464
0.035943
0.035312
0.035256
0.036268
0.03532
0.035086
0.035167
0.034593
0.035023
0.035161
0.035793
0.035828
0.035588
0.035426
0.034843
0.03454
0.034048
0.036776
0.035875
0.035197
0.034507
0.034239
0.033636
0.033003
0.035826
0.033401
0.032898
0.032616
0.030878
0.032513
0.031968
0.031533
0.033503
0.030805
0.030436
0.030753
0.033526
0.030518
0.034449
0.031073
0.031225
0.030904
0.035261
0.033334
0.032893
0.032545
0.033752
0.033382
0.032538
0.032228
0.032887
0.036528
0.033676
0.033473
0.033365
0.032669
0.033898
0.033179
0.035001
0.033578
0.033475
0.03391
0.033323
0.032844
0.033357
0.035778
0.033605
0.032112
0.031331
0.031229
0.032049
0.031151
0.03415
0.031478
0.029434
0.029302
0.027624
0.028693
0.03103
0.027847
0.029836
0.029548
0.026987
0.025091
0.029636
0.026358
0.02531
0.029072
0.027532
0.025727
0.025701
0.025098
0.024635
0.025935
0.027228
0.02578
0.026149
0.026161
0.023879
0.026257
0.024871
0.025649
0.025062
0.02545
0.025235
0.026697
0.027468
0.025941
0.026929
0.027043
0.026762
0.02842
0.0252
0.028397
0.027865
0.027631
0.027987
0.029384
0.029631
0.028061
0.029448
0.029207
0.027851
0.030026
0.030776
0.031036
0.030539
0.030535
0.0308
0.030496
0.030099
0.032327
0.031876
0.03073
0.029958
0.031822
0.031292
0.035644
0.032448
0.032768
0.032966
0.032075
0.033224
0.035061
0.037255
0.037781
0.03679
0.036915
0.036267
0.044663
0.037924
0.039352
0.038758
0.038903
0.037389
0.037722
0.037086
0.038725
0.03715
0.036468
0.036554
0.038314
0.036433
0.035902
0.037214
0.036449
0.035557
0.042065
0.036538
0.035715
0.036327
0.035142
0.035238
0.035815
0.035047
0.041671
0.03738
0.036688
0.035568
0.036153
0.043265
0.038883
0.03854
0.038697
0.037459
0.037851
0.036713
0.043601
0.038961
0.039148
0.036481
0.03858
0.039362
0.045503
0.041461
0.040662
0.040185
0.039959
0.041426
0.042097
0.040455
0.042142
0.041645
0.039601
0.03956
0.041664
0.037581
0.038681
0.042971
0.040602
0.038118
0.040648
0.03923
0.040991
0.038335
0.039963
0.043521
0.040046
0.040804
0.040009
0.040112
0.039634
0.040545
0.039522
0.041108
0.039583
0.039294
0.040152
0.039505
0.040999
0.039231
0.038627
0.041263
0.041768
0.038693
0.040353
0.04044
0.041828
0.040357
0.040624
0.038471
0.039939
0.040584
0.04163
0.043137
0.041951
0.040543
0.040421
0.039436
0.041573
0.039771
0.038854
0.039624
0.042621
0.041232
0.041569
0.038466
0.043412
0.039492
0.038167
0.038285
0.039213
0.041215
0.041476
0.041257
0.04054
0.042641
0.040803
0.041216
0.041332
0.040255
0.042484
0.039091
0.040986
0.040479
0.040155
0.039619
0.039691
0.040811
0.042595
0.041083
0.040349
0.041382
0.042777
0.041648
0.040381
0.041122
0.040997
0.040693
0.039371
0.038702
0.039882
0.039937
0.041027
0.041872
0.043302
0.04079
0.043163
0.040977
0.040374
0.040235
0.040508
0.039611
0.042349
0.040345
0.040947
0.042241
0.043476
0.043538
0.042193
0.042672
0.04157
0.039396
0.039941
0.03975
0.039097
0.040037
0.039221
0.038879
0.039981
0.041262
0.039139
0.046675
0.04058
0.041759
0.04214
0.039984
0.041954
0.040574
0.041625
0.040302
0.040549
0.039239
0.041421
0.039826
0.039873
0.040622
0.039477
0.039883
0.041462
0.041921
0.039293
0.038246
0.038373
0.040804
0.040624
0.038345
0.038321
0.038268
0.037589
0.040993
0.039112
0.03789
0.038203
0.037799
0.036511
0.037612
0.037246
0.036351
0.037439
0.036656
0.035518
0.03658
0.036688
0.037047
0.040477
0.037829
0.037247
0.036487
0.036409
0.036237
0.036559
0.037089
0.035384
0.037637
0.037705
0.036659
0.036074
0.036393
0.035871
0.036209
0.038984
0.03782
0.036645
0.03654
0.035431
0.036292
0.035597
0.038687
0.035854
0.035777
0.035034
0.035819
0.035261
0.039406
0.036204
0.037408
0.036416
0.034918
0.03459
0.036334
0.036223
0.040233
0.03668
0.035809
0.035272
0.034001
0.033805
0.034871
0.034139
0.033712
0.037003
0.033526
0.033061
0.03302
0.033906
0.034547
0.033042
0.032956
0.036243
0.033988
0.033197
0.032687
0.033186
0.0334
0.037796
0.035335
0.034384
0.034587
0.034212
0.032068
0.033917
0.037236
0.034383
0.034172
0.033962
0.033336
0.034725
0.03432
0.036591
0.03433
0.03369
0.033641
0.033509
0.033743
0.03352
0.032965
0.036339
0.03511
0.03382
0.033131
0.03308
0.033208
0.032983
0.037595
0.033989
0.033132
0.033147
0.031498
0.032506
0.032324
0.031184
0.02989
0.03121
0.034557
0.030299
0.031949
0.030783
0.029627
0.035492
0.030966
0.030014
0.030312
0.029777
0.032189
0.030503
0.030278
0.032868
0.030184
0.029199
0.029888
0.030951
0.033637
0.03448
0.036085
0.031292
0.034472
0.031373
0.035116
0.032457
0.034736
0.031497
0.03462
0.03296
0.03092
0.038232
0.033572
0.03403
0.03252
0.03119
0.031492
0.032182
0.030814
0.032588
0.031893
0.032731
0.030027
0.03147
0.030705
0.03079
0.033731
0.038265
0.03173
0.033239
0.031143
0.032937
0.032386
0.032736
0.032834
0.032114
0.031646
0.03275
0.033094
0.033196
0.033639
0.032248
0.03346
0.033278
0.031346
0.034162
0.033837
0.034536
0.034904
0.035423
0.036159
0.035486
0.03476
0.035915
0.038516
0.03621
0.034854
0.034175
0.03472
0.033807
0.033754
0.032745
0.035446
0.034426
0.034529
0.034296
0.033963
0.034526
0.033629
0.035962
0.03406
0.032464
0.032444
0.031176
0.032262
0.032434
0.033948
0.032763
0.032921
0.029889
0.032131
0.03241
0.037042
0.032249
0.032654
0.031449
0.031935
0.032172
0.031887
0.035046
0.034446
0.032221
0.03221
0.032379
0.032436
0.031287
0.03189
0.034997
0.034295
0.033346
0.033337
0.034256
0.034408
0.034106
0.034786
0.034052
0.035122
0.034908
0.033983
0.035373
0.033422
0.032742
0.032321
0.03514
0.035085
0.033127
0.032422
0.032193
0.03258
0.032639
0.037147
0.033188
0.033876
0.033344
0.034976
0.035228
0.034331
0.035253
0.037074
0.035047
0.034323
0.034679
0.035209
0.035081
0.034641
0.035871
0.034492
0.036214
0.035129
0.034575
0.034928
0.036032
0.035532
0.037364
0.037101
0.037127
0.035465
0.03677
0.035378
0.036226
0.037652
0.036952
0.037686
0.037873
0.036799
0.036565
0.035856
0.036469
0.037371
0.037503
0.039227
0.039108
0.039266
0.041313
0.037039
0.041064
0.038439
0.03696
0.037509
0.038164
0.03671
0.038132
0.037453
0.036056
0.037607
0.037473
0.037762
0.039557
0.039268
0.035999
0.038089
0.036256
0.03704
0.035552
0.035042
0.034502
0.034026
0.034871
0.034005
0.033947
0.033587
0.033653
0.033178
0.033545
0.033087
0.034786
0.034657
0.034118
0.035774
0.035896
0.03523
0.035526
0.034867
0.034883
0.036185
0.036919
0.035303
0.037514
0.037025
0.035718
0.035458
0.034828
0.035146
0.034107
0.033823
0.034419
0.034896
0.035712
0.035505
0.035011
0.034766
0.035031
0.03396
0.036829
0.035737
0.037176
0.034644
0.035569
0.036234
0.037249
0.035488
0.034904
0.036706
0.038039
0.036346
0.036434
0.036081
0.034915
0.036729
0.034123
0.037771
0.039253
0.037412
0.036601
0.041726
0.038177
0.037037
0.03664
0.038798
0.038386
0.036181
0.037746
0.035466
0.035509
0.036113
0.040358
0.035258
0.035632
0.03477
0.036048
0.035925
0.03664
0.035758
0.036861
0.035404
0.037593
0.040454
0.038748
0.039009
0.035918
0.034834
0.035872
0.034105
0.036192
0.036874
0.041402
0.036396
0.035942
0.034841
0.038033
0.036057
0.038248
0.038628
0.040204
0.038988
0.038333
0.041946
0.038508
0.038108
0.03523
0.034827
0.034847
0.034163
0.035335
0.03559
0.041121
0.037758
0.037087
0.037642
0.037258
0.034903
0.036478
0.036191
0.034252
0.034284
0.036371
0.035147
0.036634
0.0362
0.035706
0.033735
0.03356
0.034413
0.033524
0.041228
0.035561
0.036402
0.03587
0.035659
0.035471
0.036025
0.035872
0.035744
0.035272
0.035238
0.035871
0.035805
0.03418
0.035769
0.037262
0.037429
0.036425
0.037035
0.035643
0.037808
0.035671
0.035278
0.035434
0.036045
0.034277
0.034838
0.03601
0.040025
0.036269
0.034726
0.034565
0.034706
0.034876
0.034529
0.034198
0.03328
0.032706
0.036667
0.035623
0.034165
0.03355
0.033242
0.033731
0.034467
0.033617
0.032978
0.032945
0.03302
0.032872
0.036078
0.034993
0.033663
0.032892
0.03274
0.034952
0.035445
0.034532
0.033973
0.033452
0.031748
0.033776
0.033347
0.034373
0.032855
0.033161
0.033021
0.032559
0.038149
0.032999
0.040156
0.031634
0.031747
0.036594
0.032392
0.036667
0.03276
0.03284
0.03288
0.031671
0.032122
0.035414
0.033962
0.034576
0.031962
0.033446
0.033089
0.032676
0.031817
0.034332
0.034452
0.032838
0.031199
0.038966
0.033206
0.034557
0.03342
0.033332
0.035271
0.033635
0.034234
0.034814
0.036398
0.036546
0.036298
0.037677
0.03587
0.035553
0.035521
0.035678
0.034956
0.034854
0.034
0.034212
0.0349
0.035152
0.036134
0.036067
0.036415
0.036306
0.035813
0.035406
0.035845
0.035334
0.035839
0.033487
0.035857
0.034826
0.034984
0.036747
0.038748
0.03729
0.035121
0.035775
0.035608
0.035707
0.034281
0.033973
0.034595
0.035585
0.034477
0.035846
0.036026
0.037563
0.037021
0.036506
0.036501
0.03559
0.03498
0.034839
0.033678
0.03526
0.035774
0.034633
0.036026
0.03453
0.035243
0.034213
0.033959
0.034015
0.032552
0.034163
0.034453
0.035272
0.035313
0.03362
0.033033
0.032461
0.035629
0.036112
0.034899
0.034533
0.033588
0.036426
0.035222
0.035476
0.034769
0.032745
0.035204
0.033001
0.035464
0.035058
0.03511
0.033149
0.038085
0.037976
0.037168
0.035406
0.035356
0.036665
0.036762
0.038143
0.037581
0.036254
0.036228
0.035992
0.035509
0.035947
0.037689
0.038439
0.038323
0.039229
0.036736
0.038068
0.036743
0.040376
0.036959
0.038499
0.036485
0.038916
0.037495
0.038338
0.036556
0.040394
0.037556
0.035835
0.035364
0.036542
0.036428
0.036169
0.035901
0.036171
0.03709
0.036621
0.036035
0.035886
0.034903
0.034792
0.034642
0.033875
0.03362
0.03562
0.036089
0.034766
0.035542
0.035833
0.034174
0.034707
0.034045
0.036137
0.03534
0.035022
0.034927
0.035533
0.03419
0.033374
0.034701
0.034173
0.035504
0.035333
0.034638
0.034173
0.035192
0.035036
0.034183
0.034625
0.034513
0.036343
0.035768
0.035237
0.035858
0.035469
0.035422
0.034952
0.034128
0.03445
0.035741
0.036899
0.035617
0.036084
0.036004
0.035582
0.034455
0.03877
0.036289
0.035665
0.036895
0.037158
0.036518
0.037185
0.035617
0.036992
0.035693
0.035332
0.035137
0.035785
0.036126
0.035362
0.036733
0.036928
0.036236
0.040432
0.039148
0.039164
0.038087
0.037153
0.038325
0.037912
0.037258
0.036081
0.037753
0.038351
0.03693
0.036847
0.03946
0.045452
0.038654
0.041156
0.037739
0.039147
0.036479
0.042326
0.039627
0.037433
0.03838
0.038962
0.042356
0.041496
0.041517
0.041049
0.037313
0.038541
0.038742
0.038242
0.040388
0.037477
0.037467
0.039136
0.038589
0.037722
0.03591
0.036759
0.037779
0.039571
0.039427
0.040616
0.038826
0.038535
0.03888
0.038197
0.037418
0.037604
0.038669
0.040528
0.038795
0.039532
0.038925
0.039448
0.038035
0.039184
0.03932
0.040586
0.039299
0.040941
0.04153
0.040363
0.040168
0.047344
0.042852
0.043047
0.040323
0.039308
0.040894
0.040861
0.041007
0.0405
0.039029
0.041725
0.042723
0.042998
0.041258
0.040483
0.044816
0.044382
0.041823
0.042843
0.043877
0.041833
0.041988
0.042861
0.042981
0.042805
0.040856
0.042292
0.040314
0.040462
0.039129
0.042522
0.042098
0.041985
0.039666
0.040683
0.039012
0.043397
0.042034
0.040097
0.039628
0.039436
0.039669
0.040625
0.040562
0.03935
0.040679
0.041574
0.038639
0.041125
0.039174
0.038588
0.043153
0.043976
0.040058
0.039899
0.039863
0.03821
0.04152
0.038933
0.03777
0.042062
0.040715
0.039161
0.038672
0.040855
0.039971
0.038635
0.044262
0.044026
0.041873
0.041369
0.04097
0.043147
0.040681
0.041147
0.043254
0.044028
0.043166
0.042804
0.042746
0.043634
0.042711
0.041722
0.04454
0.043921
0.043885
0.044325
0.043514
0.043976
0.044333
0.042409
0.04611
0.044468
0.045453
0.044294
0.046077
0.043851
0.044964
0.043003
0.043902
0.045235
0.044476
0.043693
0.044042
0.043962
0.043916
0.043624
0.042973
0.044811
0.043923
0.045097
0.043857
0.044781
0.044128
0.042617
0.046173
0.044095
0.043876
0.043445
0.044177
0.043725
0.043443
0.042489
0.043385
0.043147
0.042892
0.044729
0.045483
0.044681
0.043949
0.042767
0.041838
0.042344
0.045312
0.044291
0.043564
0.042839
0.044314
0.043052
0.043834
0.047155
0.043823
0.045794
0.044049
0.042239
0.044889
0.043341
0.043468
0.044068
0.044097
0.045936
0.04378
0.043934
0.043837
0.043085
0.042059
0.042011
0.040123
0.042384
0.03949
0.039847
0.037962
0.038585
0.035352
0.034268
0.03175
0.032115
0.030864
0.024494
0.029312
0.026868
0.026383
0.030821
0.029302
0.029475
0.030847
0.032328
0.038215
0.034418
0.032735
0.034006
0.031198
0.030996
0.030454
0.030493
0.030964
0.030784
0.031587
0.031627
0.03167
0.032002
0.033441
0.032454
0.033591
0.032502
0.033405
0.037608
0.037095
0.036386
0.035075
0.03512
0.035587
0.03426
0.035537
0.034912
0.036605
0.035702
0.036449
0.039377
0.037385
0.038525
0.042662
0.043206
0.043174
0.040538
0.039933
0.038726
0.039309
0.043613
0.041317
0.041877
0.038708
0.040157
0.039928
0.047485
0.042568
0.04127
0.039291
0.040305
0.038995
0.040425
0.04484
0.04193
0.041202
0.041495
0.038722
0.039986
0.039441
0.043616
0.040948
0.040549
0.038075
0.039474
0.037294
0.038409
0.038914
0.039092
0.036367
0.03766
0.037994
0.038726
0.037133
0.040126
0.039046
0.036182
0.037221
0.037205
0.03579
0.039131
0.037778
0.039057
0.037295
0.03863
0.036317
0.035461
0.036483
0.035391
0.038178
0.038959
0.038051
0.039228
0.039454
0.038071
0.03722
0.042334
0.038758
0.038097
0.037625
0.036795
0.037813
0.037418
0.037686
0.037167
0.036908
0.038476
0.038591
0.03904
0.038843
0.039224
0.037617
0.036936
0.037896
0.040212
0.040046
0.038873
0.03789
0.039896
0.038623
0.039203
0.038259
0.039383
0.036873
0.038206
0.03805
0.041636
0.039488
0.040428
0.038058
0.038026
0.040516
0.038389
0.036623
0.033755
0.033934
0.033559
0.038986
0.036737
0.034747
0.034998
0.035184
0.033837
0.040567
0.036469
0.03793
0.038084
0.034966
0.032727
0.033784
0.038444
0.034757
0.0344
0.034656
0.033228
0.040369
0.037507
0.035494
0.035871
0.034308
0.03403
0.039496
0.035573
0.034849
0.036468
0.035521
0.036503
0.036225
0.037271
0.043404
0.041819
0.038618
0.039442
0.037233
0.036654
0.035822
0.036111
0.037272
0.035591
0.036251
0.035202
0.033369
0.041828
0.036732
0.035463
0.034971
0.034835
0.033881
0.034109
0.033352
0.034452
0.034393
0.033621
0.032469
0.0345
0.035453
0.03301
0.034011
0.033624
0.034106
0.034222
0.033266
0.040509
0.032263
0.032933
0.03367
0.034593
0.032613
0.031565
0.037194
0.032197
0.033816
0.029699
0.028508
0.034044
0.030196
0.029328
0.029588
0.032571
0.031596
0.031085
0.035145
0.035234
0.037486
0.034157
0.03552
0.036177
0.03629
0.035859
0.035363
0.035902
0.033929
0.035411
0.034081
0.034623
0.033287
0.033236
0.034224
0.034897
0.032028
0.034201
0.032168
0.031643
0.030232
0.031815
0.031832
0.032057
0.030097
0.03117
0.030581
0.033694
0.029228
0.029877
0.032203
0.030177
0.028621
0.030442
0.029982
0.029597
0.029256
0.028334
0.033355
0.029577
0.029692
0.031069
0.03057
0.028989
0.029412
0.027518
0.026827
0.028641
0.028728
0.029072
0.029568
0.029045
0.029017
0.029458
0.030218
0.036343
0.03279
0.033954
0.032835
0.031158
0.029688
0.034626
0.028144
0.031812
0.031725
0.033914
0.030024
0.030065
0.029304
0.031285
0.029918
0.029785
0.029642
0.034082
0.03025
0.029924
0.029641
0.038304
0.033003
0.033671
0.032207
0.03392
0.032119
0.031401
0.03099
0.033241
0.031784
0.037211
0.031809
0.032236
0.032141
0.031895
0.031247
0.032369
0.035346
0.030424
0.031222
0.031022
0.031919
0.03208
0.031012
0.035382
0.032278
0.031216
0.030286
0.030832
0.030049
0.028793
0.028848
0.028816
0.029947
0.029276
0.030785
0.030836
0.031217
0.033064
0.031164
0.033179
0.034686
0.035698
0.034269
0.032215
0.037191
0.032975
0.033026
0.032552
0.032007
0.032802
0.033052
0.032214
0.037526
0.03206
0.032936
0.034827
0.035632
0.0353
0.035909
0.035498
0.035007
0.035014
0.034224
0.034759
0.034546
0.034225
0.032993
0.033328
0.033426
0.034254
0.034824
0.035032
0.034485
0.034328
0.033947
0.03344
0.032791
0.03225
0.032474
0.031557
0.031502
0.032731
0.032051
0.033285
0.032429
0.031908
0.032376
0.030803
0.032555
0.030794
0.031689
0.033136
0.03305
0.033701
0.033017
0.032214
0.032247
0.033744
0.035069
0.033667
0.033338
0.03203
0.033417
0.034656
0.033631
0.036052
0.035022
0.033052
0.033437
0.032964
0.034723
0.033604
0.035868
0.035067
0.034504
0.034247
0.034577
0.034412
0.033211
0.037331
0.035244
0.034075
0.033914
0.032392
0.036881
0.032147
0.035827
0.031988
0.032997
0.031681
0.031845
0.032451
0.031848
0.032394
0.032204
0.03354
0.031943
0.032274
0.032249
0.034581
0.032063
0.036312
0.033737
0.032773
0.032379
0.031939
0.031769
0.032215
0.031554
0.033853
0.032343
0.031735
0.031228
0.031992
0.032224
0.034908
0.033633
0.032463
0.031759
0.032096
0.031203
0.031418
0.031131
0.033049
0.031676
0.030959
0.030538
0.031666
0.029669
0.034232
0.032477
0.032087
0.035469
0.03115
0.030952
0.035646
0.031268
0.035802
0.031184
0.035543
0.032131
0.03621
0.031519
0.034938
0.032635
0.031808
0.032291
0.033196
0.032304
0.031557
0.035733
0.033659
0.032282
0.032505
0.030577
0.03217
0.038481
0.033137
0.035294
0.03525
0.035406
0.035624
0.037612
0.035325
0.035755
0.036339
0.035525
0.037015
0.035989
0.037205
0.034537
0.034628
0.034397
0.037721
0.038176
0.038857
0.037616
0.037793
0.03675
0.036865
0.03799
0.036244
0.037841
0.03582
0.037851
0.03829
0.039623
0.040205
0.038182
0.039501
0.038503
0.043824
0.039078
0.039892
0.038872
0.038858
0.038348
0.039068
0.039124
0.037767
0.036907
0.037673
0.038198
0.040036
0.03939
0.038592
0.038582
0.038102
0.038789
0.037974
0.039767
0.040805
0.039129
0.040605
0.041985
0.040281
0.039684
0.038456
0.038756
0.041737
0.038603
0.039647
0.03936
0.039977
0.038303
0.038958
0.040066
0.040174
0.038044
0.03996
0.038438
0.039194
0.037048
0.040056
0.041554
0.040635
0.038162
0.038829
0.039614
0.039025
0.037463
0.039697
0.04034
0.040302
0.039717
0.038572
0.039259
0.038531
0.036936
0.040728
0.039895
0.040975
0.041286
0.041636
0.042816
0.042186
0.041353
0.04292
0.046561
0.04524
0.041396
0.041494
0.040733
0.040346
0.040411
0.04096
0.042083
0.040379
0.039361
0.039824
0.039741
0.044961
0.041122
0.041246
0.039841
0.039573
0.037324
0.03763
0.035973
0.03779
0.038784
0.038892
0.038211
0.039656
0.037133
0.0383
0.040316
0.038771
0.037818
0.037253
0.035457
0.035861
0.041349
0.039187
0.037817
0.038243
0.038537
0.036642
0.036466
0.039813
0.037182
0.036478
0.03538
0.034764
0.040815
0.036876
0.036321
0.035987
0.034893
0.039174
0.036563
0.038206
0.036235
0.036239
0.03584
0.036895
0.037767
0.038403
0.035563
0.038019
0.039233
0.03823
0.037614
0.038019
0.036963
0.03806
0.046389
0.039739
0.037584
0.037242
0.036779
0.03835
0.036948
0.036718
0.035937
0.036479
0.036009
0.035789
0.035874
0.036752
0.03537
0.034631
0.039489
0.036361
0.035258
0.035162
0.03465
0.03428
0.035095
0.033165
0.03632
0.034764
0.034691
0.034271
0.034636
0.04246
0.035237
0.039073
0.035508
0.034792
0.033988
0.033085
0.038663
0.034842
0.034817
0.034612
0.035422
0.036193
0.040591
0.035654
0.036542
0.035026
0.034215
0.034057
0.038447
0.034133
0.034631
0.034525
0.033728
0.033203
0.033429
0.038274
0.034963
0.033181
0.033293
0.032254
0.038036
0.033695
0.03273
0.031534
0.031418
0.034806
0.032418
0.031298
0.030908
0.030773
0.03486
0.030835
0.032506
0.035504
0.02994
0.031835
0.03405
0.030663
0.030529
0.031161
0.030924
0.033671
0.031207
0.031037
0.031347
0.031098
0.034683
0.032966
0.031888
0.030323
0.030958
0.03101
0.034793
0.031503
0.030313
0.030739
0.029918
0.034936
0.031834
0.030063
0.030348
0.030326
0.02993
0.03245
0.032215
0.031175
0.032035
0.031445
0.035411
0.033103
0.032933
0.033974
0.032255
0.032553
0.036461
0.035437
0.03438
0.033586
0.032967
0.031915
0.03352
0.035311
0.032544
0.030991
0.031846
0.031003
0.030805
0.031345
0.029758
0.029034
0.030781
0.0302
0.028678
0.028291
0.026495
0.029809
0.027129
0.027061
0.027321
0.026006
0.025044
0.025316
0.028124
0.026349
0.024937
0.024338
0.024694
0.023657
0.022814
0.026124
0.023237
0.02236
0.0229
0.022195
0.022114
0.022288
0.022241
0.021595
0.022105
0.021998
0.021516
0.021428
0.020198
0.025489
0.02257
0.021679
0.02128
0.024787
0.023079
0.023282
0.025855
0.024542
0.02578
0.029435
0.029957
0.03056
0.029716
0.030935
0.029916
0.029053
0.029699
0.030532
0.029549
0.029737
0.030263
0.03523
0.032488
0.032351
0.032542
0.029515
0.031242
0.03104
0.030046
0.02799
0.029146
0.026263
0.026622
0.025901
0.027903
0.02747
0.026246
0.026275
0.029141
0.034175
0.032333
0.031082
0.031478
0.031848
0.031961
0.031987
0.031998
0.031728
0.033512
0.032117
0.031557
0.037766
0.034193
0.03247
0.033309
0.032396
0.032415
0.031336
0.031351
0.033457
0.032466
0.03105
0.029803
0.029256
0.034067
0.028096
0.027586
0.026403
0.027825
0.032775
0.028559
0.028198
0.028639
0.027724
0.027492
0.028472
0.029001
0.029761
0.028108
0.027842
0.028049
0.026984
0.029588
0.032441
0.031071
0.029531
0.029604
0.029102
0.029781
0.0279
0.031513
0.028372
0.028533
0.028295
0.027736
0.028034
0.030867
0.026676
0.026185
0.026057
0.025554
0.027553
0.032343
0.029527
0.029241
0.029782
0.028448
0.028248
0.029139
0.029898
0.029559
0.030424
0.030098
0.030714
0.037359
0.034431
0.033937
0.033249
0.031758
0.031882
0.031348
0.031369
0.031464
0.030726
0.031505
0.033202
0.02989
0.030272
0.030248
0.032867
0.031905
0.031341
0.031542
0.029962
0.031189
0.035747
0.030747
0.030651
0.030155
0.029369
0.032775
0.030552
0.029885
0.029408
0.030389
0.030258
0.029704
0.030833
0.03263
0.030237
0.028321
0.027248
0.034917
0.028229
0.029534
0.029848
0.027402
0.028326
0.029677
0.029912
0.037986
0.033565
0.034253
0.033087
0.032849
0.032375
0.030584
0.030041
0.031647
0.032674
0.030606
0.031679
0.033182
0.03966
0.036207
0.034565
0.035145
0.03428
0.033436
0.033457
0.033859
0.033371
0.032418
0.034331
0.031853
0.034115
0.031656
0.032122
0.031053
0.029679
0.030147
0.029915
0.029315
0.027915
0.028882
0.029109
0.029553
0.028893
0.034032
0.030141
0.029766
0.028191
0.026061
0.025792
0.02436
0.023618
0.024639
0.023812
0.024498
0.02481
0.024401
0.025021
0.026558
0.025248
0.025348
0.026226
0.025619
0.025297
0.024555
0.02355
0.025643
0.025617
0.024861
0.025279
0.02537
0.023093
0.026715
0.0252
0.031764
0.028194
0.026218
0.026089
0.027315
0.028209
0.027473
0.026785
0.026399
0.028857
0.02873
0.027471
0.027316
0.028193
0.026457
0.026021
0.029974
0.027245
0.031667
0.027508
0.026814
0.029511
0.033357
0.031455
0.029129
0.031214
0.030046
0.029091
0.033191
0.030602
0.031322
0.031177
0.031595
0.030385
0.03472
0.032188
0.031593
0.031953
0.030507
0.029886
0.030602
0.029104
0.031098
0.031138
0.030575
0.030418
0.03119
0.030975
0.02948
0.029914
0.033492
0.031705
0.03038
0.031816
0.030747
0.031019
0.030987
0.030131
0.034094
0.03172
0.031058
0.032049
0.031497
0.030654
0.030519
0.029847
0.032559
0.02995
0.028953
0.028316
0.028135
0.027191
0.028468
0.027949
0.029461
0.029618
0.028224
0.027795
0.029774
0.0284
0.027166
0.031608
0.028936
0.028598
0.028343
0.027548
0.029369
0.032816
0.029697
0.029383
0.030182
0.028875
0.028387
0.030148
0.029592
0.031509
0.030274
0.029025
0.028596
0.029276
0.027777
0.028891
0.031729
0.029767
0.028834
0.029555
0.028617
0.028321
0.029692
0.028049
0.0287
0.029554
0.0281
0.027199
0.034963
0.030393
0.031139
0.030402
0.030112
0.02983
0.030982
0.032376
0.031446
0.030541
0.030352
0.031231
0.030699
0.030273
0.035465
0.032568
0.031093
0.030599
0.034186
0.029793
0.030188
0.029417
0.030081
0.028829
0.028472
0.029227
0.029593
0.029116
0.029581
0.029745
0.027631
0.027065
0.030475
0.028107
0.029435
0.027609
0.028028
0.028519
0.026903
0.026885
0.025884
0.026325
0.026032
0.027768
0.02515
0.025132
0.024516
0.027252
0.024229
0.024499
0.027525
0.030414
0.026256
0.027468
0.026932
0.026257
0.026278
0.028698
0.026292
0.027039
0.027476
0.025354
0.025417
0.025127
0.025669
0.02549
0.027411
0.027183
0.02747
0.02734
0.02765
0.028674
0.026733
0.033192
0.028085
0.0259
0.025851
0.026936
0.026819
0.026118
0.02866
0.027185
0.02851
0.0303
0.028892
0.029258
0.030061
0.028121
0.028838
0.029468
0.026786
0.028191
0.028754
0.02766
0.028389
0.029903
0.02956
0.029876
0.030177
0.029906
0.030923
0.030633
0.029658
0.031367
0.029895
0.035019
0.030972
0.031452
0.031672
0.03067
0.033555
0.033765
0.038812
0.033272
0.035757
0.032666
0.033489
0.033153
0.030322
0.033961
0.032422
0.032343
0.031848
0.031983
0.031859
0.032362
0.034923
0.035528
0.034078
0.035403
0.035844
0.037032
0.036034
0.035937
0.036632
0.036451
0.035276
0.036878
0.035544
0.03388
0.035947
0.034008
0.03442
0.035184
0.033641
0.03615
0.034129
0.034783
0.033376
0.034803
0.03425
0.03293
0.034902
0.031888
0.033962
0.032681
0.034732
0.035113
0.033865
0.034704
0.033127
0.032986
0.032102
0.031789
0.031244
0.031436
0.029172
0.030097
0.029704
0.032312
0.030504
0.028669
0.030588
0.030374
0.030626
0.029357
0.030113
0.031448
0.031432
0.031938
0.03241
0.031472
0.032195
0.032217
0.031677
0.031796
0.03119
0.030992
0.030389
0.030389
0.029986
0.030134
0.031969
0.03203
0.031542
0.031077
0.028655
0.029647
0.02801
0.026603
0.027651
0.0272
0.026922
0.027276
0.027688
0.02565
0.030532
0.027659
0.026857
0.025358
0.02737
0.02627
0.029669
0.029514
0.02864
0.028465
0.028676
0.027293
0.030792
0.029617
0.028333
0.028861
0.031896
0.032004
0.031554
0.031014
0.035461
0.034524
0.034377
0.034432
0.033441
0.032587
0.033835
0.033866
0.035357
0.034245
0.035675
0.03271
0.033022
0.033924
0.037148
0.035626
0.034509
0.033418
0.035246
0.034212
0.034093
0.033526
0.034245
0.033435
0.033049
0.033466
0.034815
0.034225
0.034081
0.032592
0.037
0.035729
0.033266
0.033808
0.033034
0.033363
0.035591
0.0333
0.03284
0.033344
0.034432
0.031766
0.036996
0.033313
0.032353
0.037792
0.037832
0.034679
0.03677
0.035906
0.034969
0.035292
0.034987
0.034532
0.034292
0.033024
0.032379
0.032757
0.033462
0.032912
0.033562
0.033576
0.038105
0.036876
0.035704
0.034868
0.035068
0.033402
0.036233
0.038429
0.036263
0.037332
0.034215
0.041758
0.039193
0.039206
0.036113
0.036652
0.036341
0.039562
0.038482
0.038178
0.037576
0.045038
0.04105
0.042237
0.039899
0.040025
0.038987
0.03964
0.038683
0.043813
0.040189
0.042534
0.040354
0.040798
0.03957
0.03799
0.042406
0.040618
0.03844
0.036769
0.037031
0.039355
0.035482
0.040723
0.036441
0.037907
0.039367
0.036937
0.036325
0.04222
0.036789
0.036614
0.034468
0.034767
0.032738
0.040055
0.037505
0.037238
0.034371
0.034292
0.033538
0.037766
0.034249
0.033006
0.038219
0.03578
0.034839
0.035928
0.035039
0.035736
0.037666
0.039606
0.037515
0.037606
0.037257
0.039185
0.038557
0.036452
0.039702
0.039257
0.037602
0.037686
0.0381
0.038133
0.042296
0.038892
0.038064
0.036794
0.038671
0.041764
0.037734
0.036482
0.035939
0.036601
0.036059
0.034849
0.034661
0.037161
0.036486
0.033859
0.03327
0.034154
0.035821
0.033218
0.034272
0.043529
0.036669
0.034737
0.036113
0.033491
0.033338
0.032425
0.033847
0.035329
0.033927
0.034783
0.03423
0.033774
0.032849
0.031977
0.031761
0.036646
0.032164
0.032103
0.036647
0.03213
0.034346
0.039573
0.035764
0.034792
0.035734
0.034425
0.032453
0.034173
0.03205
0.038674
0.036743
0.034177
0.034094
0.034198
0.034383
0.039117
0.035686
0.035419
0.035671
0.035028
0.034382
0.035297
0.036159
0.038091
0.037172
0.036324
0.036167
0.038056
0.040686
0.039077
0.036753
0.037607
0.035793
0.036721
0.040522
0.036901
0.037159
0.036155
0.036468
0.036586
0.03773
0.035923
0.036572
0.034611
0.038382
0.036373
0.036777
0.035667
0.036606
0.035807
0.034695
0.035691
0.034594
0.0342
0.035498
0.035552
0.036115
0.035437
0.034736
0.034587
0.034226
0.037913
0.036199
0.036911
0.035094
0.042095
0.036098
0.034977
0.036473
0.036536
0.037888
0.037472
0.035996
0.036917
0.036697
0.038523
0.038289
0.042057
0.038183
0.038709
0.037953
0.037014
0.03791
0.037987
0.041
0.038453
0.038994
0.037934
0.038793
0.039257
0.038904
0.036735
0.038429
0.035603
0.038848
0.038585
0.038741
0.038023
0.037892
0.03591
0.035513
0.034502
0.036167
0.035647
0.035824
0.034699
0.035189
0.035959
0.037464
0.037564
0.035174
0.036715
0.036139
0.033969
0.035359
0.034399
0.035435
0.034048
0.035365
0.034311
0.034285
0.035056
0.03461
0.034556
0.035807
0.034723
0.037631
0.037026
0.035897
0.035503
0.034388
0.034376
0.03747
0.035888
0.036106
0.038238
0.035522
0.035948
0.03674
0.034513
0.0347
0.035886
0.041053
0.038835
0.038317
0.035301
0.036565
0.036419
0.036185
0.034463
0.036764
0.036057
0.035049
0.033976
0.035074
0.036162
0.034647
0.034838
0.035666
0.03622
0.037066
0.036277
0.03619
0.041707
0.037626
0.038115
0.038236
0.038595
0.037231
0.039209
0.037244
0.037478
0.034984
0.035796
0.035204
0.03793
0.036864
0.036092
0.036909
0.036386
0.035551
0.035439
0.037823
0.036826
0.036819
0.038118
0.035895
0.035888
0.03659
0.03748
0.037226
0.042764
0.03951
0.038769
0.037809
0.038464
0.036533
0.039727
0.03797
0.039939
0.038587
0.037964
0.037746
0.039515
0.038321
0.046671
0.040962
0.038889
0.039109
0.038467
0.037491
0.038214
0.036945
0.038038
0.037343
0.03689
0.035049
0.03609
0.036934
0.035359
0.036564
0.034412
0.037415
0.03827
0.036348
0.035113
0.035171
0.037083
0.035951
0.036009
0.03701
0.036464
0.03484
0.035707
0.03711
0.037287
0.037537
0.037798
0.037088
0.039054
0.037975
0.044012
0.040388
0.039105
0.037912
0.039621
0.036003
0.038107
0.040285
0.039919
0.038311
0.035252
0.036916
0.036945
0.043726
0.038847
0.03686
0.035981
0.036265
0.043898
0.038914
0.038678
0.037643
0.038219
0.036419
0.040318
0.036654
0.035282
0.035326
0.036
0.03449
0.035205
0.036063
0.034791
0.036402
0.036089
0.036184
0.035504
0.035312
0.033974
0.033124
0.037075
0.034081
0.034476
0.033508
0.032623
0.033915
0.032663
0.032823
0.035485
0.03223
0.032713
0.031749
0.03209
0.03229
0.035667
0.03471
0.0326
0.033049
0.033019
0.032303
0.033944
0.032893
0.034495
0.033333
0.032348
0.03266
0.032006
0.03191
0.032014
0.031716
0.032058
0.033704
0.033063
0.032165
0.032498
0.033039
0.032795
0.031402
0.030951
0.033895
0.03332
0.031224
0.031578
0.032823
0.03264
0.032759
0.032742
0.033561
0.032222
0.03157
0.032419
0.032708
0.032895
0.032105
0.031508
0.030708
0.030659
0.031987
0.031454
0.032976
0.033193
0.032894
0.033513
0.032886
0.03213
0.032964
0.033279
0.032085
0.03246
0.035294
0.03493
0.035282
0.033107
0.034091
0.03417
0.035172
0.034945
0.034154
0.032741
0.033745
0.034152
0.033956
0.033771
0.032471
0.034921
0.035052
0.035008
0.035587
0.034986
0.034659
0.032935
0.036212
0.03327
0.03476
0.034053
0.033047
0.033445
0.033104
0.033292
0.031894
0.032339
0.031296
0.032294
0.032714
0.03264
0.033194
0.03372
0.033371
0.033885
0.032571
0.032654
0.032633
0.032309
0.031748
0.031566
0.030894
0.032759
0.031781
0.032014
0.032996
0.031738
0.031589
0.032776
0.031445
0.03345
0.032601
0.032397
0.033964
0.03409
0.033351
0.032321
0.032202
0.032471
0.031411
0.030683
0.030217
0.030251
0.031218
0.033784
0.033306
0.032332
0.033553
0.03321
0.033715
0.033158
0.032735
0.032965
0.032812
0.035418
0.033945
0.033324
0.032925
0.032669
0.033307
0.032013
0.03132
0.032661
0.033605
0.034839
0.033177
0.033884
0.033492
0.031955
0.032591
0.035857
0.033972
0.032713
0.033086
0.032848
0.033154
0.033621
0.033802
0.033146
0.032173
0.031383
0.032866
0.033568
0.032764
0.034209
0.035036
0.033904
0.033741
0.033423
0.035072
0.033134
0.034939
0.034476
0.035247
0.032302
0.033704
0.033848
0.032749
0.033037
0.033177
0.03393
0.033465
0.033902
0.031539
0.037849
0.034521
0.034142
0.034703
0.033628
0.033215
0.032906
0.032674
0.035011
0.034856
0.03157
0.030977
0.033407
0.033101
0.038658
0.034806
0.034179
0.031701
0.034279
0.033802
0.033609
0.033263
0.031476
0.033352
0.033566
0.033971
0.033309
0.033484
0.032405
0.032352
0.038466
0.035592
0.034347
0.033325
0.033464
0.032985
0.033077
0.033576
0.033167
0.032895
0.032923
0.032759
0.032503
0.032435
0.033174
0.032907
0.038224
0.035989
0.035325
0.034238
0.03399
0.034208
0.033996
0.03421
0.033935
0.035836
0.036216
0.034923
0.035361
0.035111
0.035566
0.034139
0.038584
0.035768
0.035221
0.034567
0.033921
0.03413
0.038455
0.034347
0.033503
0.032115
0.031505
0.032555
0.031647
0.031797
0.034012
0.031548
0.031496
0.028692
0.032722
0.03121
0.031444
0.038558
0.030003
0.031113
0.031365
0.030798
0.036795
0.03408
0.033656
0.033705
0.033533
0.03276
0.031967
0.032602
0.034932
0.034038
0.033397
0.032341
0.03309
0.033368
0.037885
0.035701
0.035122
0.033607
0.034231
0.032028
0.034101
0.03664
0.033625
0.030471
0.034743
0.030735
0.033229
0.029713
0.032289
0.033982
0.027559
0.029713
0.027026
0.026953
0.027496
0.02822
0.028431
0.026937
0.028033
0.026571
0.027023
0.025327
0.031093
0.027505
0.026136
0.024656
0.025649
0.023776
0.025793
0.025451
0.024279
0.02639
0.026526
0.026039
0.025097
0.026521
0.025042
0.026941
0.026772
0.028306
0.02807
0.027821
0.028307
0.029047
0.02964
0.028317
0.027217
0.028068
0.029297
0.029516
0.030878
0.030289
0.029829
0.033037
0.030664
0.029059
0.031902
0.030322
0.031381
0.03111
0.030446
0.030247
0.035918
0.03257
0.032743
0.032299
0.031357
0.032948
0.039083
0.034875
0.037718
0.035939
0.037061
0.042012
0.039459
0.038602
0.038521
0.036634
0.036835
0.037784
0.03598
0.036882
0.036531
0.039276
0.037422
0.036216
0.037725
0.036459
0.037048
0.035768
0.039158
0.037482
0.03671
0.037525
0.035198
0.036869
0.041015
0.038368
0.037385
0.036561
0.036091
0.036104
0.04224
0.039952
0.037755
0.038722
0.037347
0.03811
0.039219
0.039566
0.041038
0.039733
0.039048
0.040195
0.040299
0.045007
0.040633
0.041608
0.039824
0.040604
0.038198
0.04098
0.041192
0.041508
0.038519
0.04071
0.039647
0.042015
0.040856
0.041174
0.039593
0.047196
0.042484
0.041348
0.039573
0.04049
0.039921
0.039369
0.03796
0.040216
0.038567
0.041171
0.039451
0.04073
0.039806
0.04041
0.043449
0.042726
0.04077
0.041513
0.040352
0.041254
0.039605
0.04045
0.039085
0.042464
0.040253
0.040251
0.040634
0.040173
0.038427
0.039791
0.04268
0.041207
0.041038
0.04104
0.038903
0.041282
0.04306
0.042633
0.040304
0.040291
0.040092
0.039457
0.040296
0.040354
0.038387
0.039704
0.03867
0.039167
0.037215
0.039014
0.040455
0.040109
0.04055
0.040304
0.039272
0.040397
0.038811
0.038196
0.03877
0.038794
0.039747
0.040798
0.041675
0.040498
0.041666
0.041195
0.040665
0.040229
0.039844
0.040051
0.038816
0.041705
0.041657
0.042252
0.03991
0.042244
0.039491
0.040894
0.039581
0.039508
0.038902
0.039437
0.039571
0.040537
0.042116
0.040715
0.039931
0.03977
0.039222
0.039245
0.037521
0.038669
0.037216
0.037698
0.039469
0.041186
0.039492
0.039752
0.037426
0.041394
0.038478
0.039562
0.037368
0.036912
0.038328
0.038543
0.038983
0.037704
0.03877
0.039139
0.037397
0.039804
0.03794
0.040674
0.038768
0.039116
0.036341
0.036604
0.041461
0.037084
0.037007
0.035694
0.034743
0.03445
0.041123
0.037454
0.0355
0.035046
0.034673
0.034482
0.03944
0.035822
0.035682
0.034903
0.034009
0.034126
0.037855
0.035136
0.036899
0.035828
0.034967
0.035575
0.040007
0.036963
0.036257
0.035289
0.035224
0.034161
0.039278
0.035875
0.035364
0.034999
0.03419
0.033642
0.03399
0.038961
0.035448
0.034508
0.034121
0.033982
0.034317
0.033802
0.037199
0.034734
0.033912
0.039957
0.035665
0.038744
0.036693
0.033685
0.035219
0.035792
0.033663
0.038312
0.035236
0.033864
0.034551
0.033999
0.03388
0.033413
0.033166
0.035856
0.032453
0.03307
0.033121
0.031977
0.033371
0.033829
0.034428
0.036645
0.032316
0.032289
0.032728
0.033378
0.035201
0.036647
0.032027
0.031689
0.032297
0.033181
0.031942
0.037538
0.033909
0.032895
0.03255
0.032442
0.032984
0.037069
0.034606
0.033289
0.033502
0.033868
0.031761
0.036651
0.033766
0.034998
0.033817
0.033723
0.034337
0.032773
0.036349
0.033608
0.032877
0.033468
0.031732
0.030572
0.031903
0.030428
0.033174
0.03343
0.030735
0.030637
0.030952
0.030059
0.030058
0.032248
0.030652
0.02989
0.028904
0.028583
0.029609
0.032988
0.030277
0.0301
0.029928
0.029504
0.030275
0.031203
0.029534
0.031497
0.030568
0.03107
0.029869
0.032143
0.031668
0.032827
0.032868
0.032208
0.032756
0.032101
0.031499
0.03547
0.033682
0.0319
0.031916
0.031916
0.031791
0.035639
0.031955
0.031247
0.03112
0.031473
0.030766
0.031826
0.031322
0.033617
0.033516
0.032067
0.032418
0.033047
0.032212
0.032453
0.031719
0.031664
0.031476
0.033401
0.033124
0.033521
0.034701
0.034566
0.034168
0.034189
0.03371
0.035581
0.035447
0.040425
0.037949
0.037502
0.036878
0.036593
0.03546
0.035874
0.03604
0.034713
0.035381
0.035709
0.034606
0.035586
0.034855
0.034016
0.038292
0.03578
0.035052
0.034094
0.033974
0.032525
0.032755
0.032687
0.035016
0.03282
0.033214
0.032608
0.033899
0.033299
0.031915
0.035702
0.033282
0.033553
0.031268
0.030502
0.033216
0.036939
0.033649
0.031981
0.032006
0.031404
0.030951
0.032205
0.033305
0.031759
0.033815
0.033422
0.032266
0.034049
0.033137
0.032862
0.032779
0.033798
0.033049
0.034965
0.033851
0.035171
0.035191
0.03492
0.035009
0.035526
0.033737
0.033195
0.034394
0.033567
0.033569
0.034289
0.033214
0.033685
0.03303
0.034956
0.03431
0.034059
0.033515
0.033318
0.032858
0.032393
0.032223
0.034896
0.034459
0.033822
0.033653
0.033857
0.032944
0.034237
0.034166
0.034309
0.036953
0.035185
0.035737
0.037259
0.036145
0.034566
0.035077
0.03475
0.034311
0.035101
0.034819
0.036775
0.036113
0.036206
0.036106
0.035732
0.036655
0.035971
0.036247
0.037954
0.037873
0.037102
0.036361
0.035289
0.03838
0.037013
0.035707
0.035942
0.037284
0.03741
0.036388
0.037104
0.037495
0.036464
0.036578
0.036275
0.035608
0.035783
0.034837
0.035023
0.034676
0.035575
0.036221
0.035826
0.035333
0.035023
0.033771
0.03329
0.033688
0.032654
0.034816
0.034353
0.033861
0.03359
0.033978
0.033672
0.033654
0.036616
0.037941
0.036482
0.037152
0.035011
0.036125
0.033711
0.034842
0.033975
0.033879
0.034094
0.033523
0.033896
0.034049
0.034203
0.035457
0.034669
0.034202
0.033916
0.037355
0.034915
0.035172
0.034613
0.034731
0.034693
0.033934
0.034045
0.036551
0.036465
0.035663
0.037155
0.038499
0.036014
0.035963
0.036844
0.036607
0.037237
0.035764
0.03567
0.037073
0.0351
0.03458
0.034507
0.037969
0.036643
0.039608
0.035998
0.03645
0.034035
0.035061
0.035832
0.038281
0.036485
0.035657
0.036528
0.036416
0.035005
0.034541
0.035833
0.034223
0.036224
0.035804
0.03515
0.036553
0.036361
0.03579
0.035449
0.034517
0.036884
0.035124
0.035607
0.034799
0.034372
0.035063
0.034726
0.034015
0.038434
0.03501
0.037896
0.035865
0.036029
0.036704
0.036812
0.03489
0.038544
0.036491
0.036069
0.034759
0.034367
0.034742
0.034535
0.034602
0.034479
0.034452
0.036246
0.037099
0.036744
0.036199
0.036148
0.035631
0.034686
0.037542
0.036159
0.035309
0.032995
0.033116
0.034587
0.033849
0.033711
0.037835
0.035845
0.035793
0.035271
0.034666
0.034237
0.034874
0.035226
0.034569
0.035789
0.034565
0.034393
0.034405
0.03454
0.034451
0.037234
0.037558
0.036628
0.036234
0.034912
0.036259
0.034863
0.034892
0.034717
0.034763
0.035303
0.032529
0.035183
0.036756
0.036482
0.036321
0.036077
0.03495
0.034093
0.037249
0.034785
0.034925
0.033895
0.035328
0.033832
0.034823
0.034444
0.033631
0.034109
0.033242
0.032996
0.032594
0.033373
0.0339
0.034163
0.034202
0.03401
0.033319
0.037704
0.033362
0.033524
0.034552
0.033698
0.032982
0.032632
0.032311
0.033638
0.034418
0.033476
0.033659
0.033524
0.033076
0.031886
0.032851
0.032304
0.031243
0.03358
0.032438
0.032862
0.03226
0.032786
0.031839
0.032158
0.035827
0.033955
0.0334
0.032988
0.032471
0.033956
0.034183
0.032525
0.033623
0.033575
0.034177
0.034249
0.036363
0.035679
0.035802
0.035917
0.035544
0.035588
0.034207
0.035199
0.033055
0.033866
0.034134
0.035084
0.036564
0.037074
0.037066
0.036871
0.035893
0.036304
0.035823
0.035882
0.035416
0.035886
0.034336
0.034294
0.034841
0.036608
0.038532
0.035746
0.035352
0.035202
0.035438
0.035477
0.034272
0.033542
0.033599
0.035347
0.033703
0.035035
0.036143
0.036039
0.035486
0.03448
0.034563
0.035763
0.034103
0.036521
0.035503
0.035915
0.034882
0.035338
0.034468
0.033988
0.034115
0.033186
0.034544
0.036131
0.034988
0.034936
0.034151
0.039608
0.036252
0.034129
0.034787
0.035503
0.034038
0.034113
0.035843
0.034022
0.035696
0.035686
0.033398
0.035134
0.034756
0.038667
0.034613
0.036192
0.035281
0.034766
0.038175
0.037109
0.036439
0.036126
0.035745
0.036384
0.036858
0.03642
0.035531
0.035752
0.03635
0.035854
0.037381
0.037971
0.035885
0.036307
0.034144
0.039035
0.035808
0.037092
0.035922
0.035614
0.035909
0.035664
0.039923
0.038875
0.037455
0.038616
0.035747
0.036628
0.035925
0.039605
0.036463
0.034467
0.035234
0.032088
0.033738
0.032378
0.036801
0.032854
0.033768
0.033761
0.03334
0.034299
0.033533
0.03426
0.037994
0.036303
0.034916
0.036243
0.034352
0.034735
0.034183
0.036813
0.036039
0.035086
0.036344
0.034582
0.035135
0.036191
0.035175
0.03871
0.037669
0.035778
0.036268
0.036296
0.035108
0.036154
0.03617
0.03521
0.036542
0.03706
0.036837
0.038389
0.036951
0.042621
0.039899
0.037983
0.037878
0.03816
0.037093
0.038407
0.038926
0.038827
0.037797
0.036674
0.036865
0.036448
0.038186
0.038081
0.036224
0.036621
0.037801
0.042936
0.039225
0.039984
0.038264
0.03805
0.036501
0.039116
0.036764
0.036557
0.039194
0.038844
0.037044
0.038805
0.045187
0.041435
0.039076
0.038597
0.037717
0.037882
0.039769
0.039651
0.038743
0.043017
0.042289
0.039665
0.039349
0.038972
0.037681
0.037796
0.036972
0.038957
0.038226
0.037671
0.036907
0.038582
0.04504
0.039555
0.038309
0.037101
0.038028
0.035611
0.037137
0.03806
0.040459
0.039684
0.039181
0.039378
0.039307
0.03786
0.038793
0.042107
0.03901
0.038415
0.039052
0.039383
0.045948
0.042444
0.03964
0.03938
0.039007
0.037666
0.038476
0.039504
0.038815
0.04216
0.037773
0.039056
0.041223
0.041711
0.050399
0.041318
0.041451
0.043523
0.040788
0.04275
0.043028
0.04279
0.040228
0.041714
0.040343
0.039191
0.04032
0.041511
0.040475
0.040763
0.039245
0.03874
0.044885
0.040618
0.039364
0.039506
0.039299
0.039161
0.039541
0.039709
0.040977
0.038119
0.039921
0.03618
0.039378
0.037354
0.036215
0.040645
0.037957
0.037721
0.037968
0.036124
0.037648
0.037832
0.036898
0.040286
0.038208
0.03787
0.037976
0.038536
0.038466
0.042363
0.039777
0.039653
0.040095
0.041101
0.039281
0.041485
0.041032
0.043328
0.041699
0.042842
0.040566
0.041952
0.0399
0.046965
0.044701
0.043973
0.041809
0.041809
0.041061
0.0416
0.040867
0.041554
0.042024
0.043023
0.042019
0.042847
0.042565
0.044075
0.040759
0.040587
0.043776
0.042333
0.041539
0.041409
0.041365
0.042568
0.039426
0.044412
0.040651
0.042298
0.041269
0.040179
0.041686
0.043266
0.039452
0.042842
0.04292
0.042713
0.041863
0.042038
0.042352
0.041881
0.046082
0.043505
0.04071
0.042371
0.040473
0.042896
0.046718
0.045841
0.043553
0.043798
0.043497
0.041997
0.048184
0.044781
0.044334
0.044933
0.045756
0.043673
0.045043
0.043171
0.049975
0.045226
0.043686
0.043654
0.043962
0.041985
0.038359
0.043959
0.038356
0.036895
0.037325
0.036403
0.035823
0.036098
0.035431
0.034897
0.035275
0.03418
0.033129
0.032796
0.03308
0.03059
0.030953
0.029206
0.032583
0.029606
0.028401
0.029035
0.029748
0.0303
0.028933
0.029611
0.030866
0.030321
0.037793
0.035011
0.035719
0.03415
0.034639
0.034517
0.034771
0.03402
0.033389
0.034348
0.03435
0.036828
0.036085
0.035913
0.036355
0.043306
0.039007
0.037938
0.040057
0.040414
0.039589
0.037314
0.037046
0.041056
0.040853
0.0404
0.042867
0.041057
0.040166
0.039751
0.040247
0.042963
0.042769
0.040104
0.037158
0.046273
0.042444
0.041226
0.041029
0.040744
0.041336
0.038569
0.039277
0.03743
0.04198
0.039823
0.0395
0.040574
0.047303
0.039359
0.04275
0.040081
0.041511
0.038946
0.040741
0.040067
0.03957
0.038315
0.038142
0.036834
0.035483
0.037044
0.035675
0.036942
0.037839
0.037822
0.037951
0.038076
0.036281
0.038848
0.039267
0.03694
0.039352
0.037263
0.040455
0.039521
0.037134
0.038768
0.037587
0.035761
0.037403
0.035658
0.035968
0.035677
0.036179
0.03879
0.037502
0.038594
0.036965
0.037226
0.042493
0.037413
0.037576
0.039056
0.038943
0.03774
0.039038
0.038717
0.039304
0.037698
0.037959
0.036078
0.038367
0.037934
0.039487
0.037933
0.040168
0.037329
0.037752
0.039696
0.038328
0.035789
0.034723
0.03436
0.039924
0.034973
0.03581
0.035285
0.034178
0.03294
0.037741
0.036914
0.036558
0.035255
0.033544
0.033244
0.03767
0.035319
0.034158
0.033722
0.032565
0.033943
0.032788
0.037704
0.034583
0.033257
0.03368
0.039625
0.035629
0.03457
0.036543
0.03533
0.035807
0.034815
0.034984
0.04168
0.038351
0.035734
0.036093
0.034199
0.038102
0.035282
0.033924
0.033485
0.033028
0.036773
0.034566
0.034782
0.032446
0.032574
0.036237
0.035411
0.035803
0.03169
0.032847
0.034204
0.034037
0.032916
0.034691
0.032638
0.030449
0.032773
0.032527
0.035697
0.031953
0.033323
0.031351
0.035071
0.033838
0.030964
0.030731
0.028137
0.031482
0.030397
0.027755
0.02849
0.032357
0.030638
0.030943
0.034962
0.034081
0.033259
0.03296
0.033291
0.035752
0.036103
0.035259
0.034805
0.034359
0.034376
0.033685
0.03382
0.033092
0.034036
0.033784
0.032664
0.032725
0.033316
0.030118
0.03408
0.033692
0.034544
0.029309
0.032127
0.029119
0.030125
0.033873
0.031132
0.029083
0.028883
0.03146
0.028347
0.030835
0.031181
0.03159
0.027934
0.031769
0.027421
0.029008
0.03078
0.030355
0.028064
0.028471
0.027268
0.027402
0.032523
0.028739
0.030364
0.028949
0.028512
0.028006
0.035256
0.031139
0.030809
0.030132
0.030745
0.028798
0.028785
0.033524
0.03059
0.028089
0.028997
0.028915
0.027774
0.028322
0.02771
0.028649
0.033153
0.029188
0.028665
0.029492
0.029344
0.029677
0.034763
0.031849
0.031128
0.031339
0.030197
0.030658
0.030576
0.033645
0.03007
0.029689
0.029189
0.029463
0.028221
0.028454
0.031747
0.029741
0.02981
0.02969
0.028821
0.029482
0.030383
0.031428
0.031026
0.031104
0.033762
0.031463
0.031078
0.03137
0.031061
0.032598
0.03168
0.033372
0.030256
0.033475
0.031903
0.038561
0.033679
0.033243
0.032454
0.03185
0.031838
0.032326
0.031082
0.02946
0.030381
0.030058
0.030671
0.031336
0.031105
0.029773
0.029559
0.030037
0.034964
0.029462
0.029899
0.03028
0.029802
0.029805
0.029125
0.028372
0.026525
0.027167
0.027316
0.027909
0.026288
0.027503
0.029292
0.025683
0.025915
0.026698
0.025941
0.025379
0.027417
0.027667
0.027668
0.027398
0.028221
0.026463
0.028484
0.028645
0.027843
0.026937
0.025232
0.031011
0.028057
0.027684
0.026841
0.027328
0.026407
0.027696
0.029285
0.028445
0.028465
0.027874
0.026177
0.031793
0.030005
0.029334
0.028867
0.028139
0.027823
0.031857
0.029211
0.028838
0.028712
0.028495
0.028227
0.031388
0.030497
0.029916
0.028601
0.030576
0.028036
0.032633
0.030837
0.031182
0.029883
0.0346
0.033388
0.031641
0.031405
0.0309
0.03053
0.030199
0.029494
0.029983
0.02909
0.028781
0.028711
0.027741
0.028614
0.028895
0.028594
0.027807
0.028567
0.028563
0.026907
0.0301
0.034005
0.028921
0.029017
0.029026
0.028255
0.028173
0.028074
0.02868
0.02984
0.028852
0.028497
0.027617
0.02953
0.027812
0.028133
0.030119
0.029354
0.028733
0.02857
0.029511
0.028851
0.028634
0.030309
0.032229
0.028979
0.032843
0.030186
0.029207
0.029055
0.03529
0.029098
0.029919
0.032781
0.029509
0.031346
0.029407
0.036054
0.034726
0.033352
0.033237
0.033612
0.036835
0.032304
0.035747
0.032759
0.039485
0.035131
0.03836
0.033102
0.034664
0.03267
0.033717
0.034857
0.035176
0.035263
0.033402
0.033839
0.033411
0.033506
0.033452
0.03256
0.034847
0.032003
0.031414
0.031458
0.035678
0.032206
0.031796
0.031997
0.031026
0.030265
0.030196
0.031737
0.030235
0.030485
0.031316
0.030928
0.029623
0.031988
0.032872
0.03344
0.031171
0.031193
0.033584
0.033116
0.032747
0.030997
0.032938
0.031422
0.036208
0.035
0.033051
0.03415
0.033322
0.03383
0.03299
0.0334
0.032388
0.030955
0.031529
0.031745
0.031101
0.031274
0.031449
0.032017
0.032081
0.030758
0.029222
0.028377
0.028159
0.027249
0.026772
0.028326
0.026928
0.026749
0.028614
0.026981
0.026371
0.027916
0.02656
0.026789
0.029811
0.028363
0.027602
0.030113
0.028928
0.026743
0.034124
0.03029
0.029477
0.029175
0.028435
0.029097
0.029992
0.030015
0.02928
0.034372
0.032648
0.032012
0.032607
0.030743
0.033758
0.034087
0.033684
0.033584
0.038143
0.036184
0.035455
0.035264
0.034133
0.035389
0.034147
0.033857
0.034897
0.034088
0.034537
0.034759
0.033544
0.032963
0.033333
0.032804
0.034461
0.034664
0.037235
0.035272
0.033346
0.037548
0.035615
0.033899
0.034147
0.032641
0.032188
0.038754
0.036145
0.03461
0.033077
0.032723
0.03251
0.033091
0.036216
0.03468
0.032486
0.039739
0.03617
0.033261
0.033534
0.034868
0.036517
0.035204
0.036294
0.035198
0.039714
0.037499
0.035038
0.035057
0.034803
0.033067
0.036
0.035318
0.035701
0.034816
0.034316
0.034966
0.035397
0.034965
0.036659
0.035709
0.03495
0.035448
0.035332
0.037682
0.041848
0.038513
0.037591
0.037794
0.035385
0.03264
0.034715
0.039127
0.036956
0.035706
0.034382
0.041879
0.0388
0.038527
0.038771
0.040183
0.037467
0.041917
0.040683
0.040234
0.038776
0.039587
0.03811
0.040273
0.042654
0.04379
0.042669
0.043444
0.041308
0.042354
0.040839
0.040493
0.039227
0.038947
0.039095
0.040842
0.038813
0.038013
0.03801
0.038066
0.036901
0.036509
0.039078
0.037314
0.037662
0.036898
0.03752
0.036704
0.037567
0.036385
0.033471
0.034477
0.034476
0.037502
0.034349
0.035595
0.037795
0.037075
0.035124
0.033709
0.039745
0.036764
0.034959
0.034086
0.033088
0.035589
0.03417
0.033829
0.03812
0.037153
0.036833
0.03563
0.034919
0.035065
0.034844
0.035525
0.03543
0.036705
0.036873
0.037825
0.038712
0.038489
0.037713
0.042403
0.040589
0.039684
0.038139
0.037973
0.036632
0.036121
0.036816
0.039217
0.037543
0.036303
0.034804
0.037086
0.037055
0.037098
0.038698
0.035527
0.035792
0.035696
0.037159
0.037636
0.034882
0.035478
0.034542
0.034871
0.037535
0.034062
0.035444
0.032788
0.036432
0.03433
0.038358
0.034246
0.033979
0.033101
0.032877
0.034049
0.036932
0.034505
0.032815
0.031656
0.03831
0.03311
0.032453
0.032789
0.032724
0.033288
0.03277
0.031974
0.040374
0.036002
0.035547
0.03453
0.033894
0.032717
0.031914
0.031328
0.031658
0.034394
0.033954
0.034071
0.034532
0.034796
0.039544
0.0379
0.03561
0.036367
0.034845
0.035685
0.036882
0.037724
0.038709
0.036002
0.037518
0.035673
0.036841
0.043202
0.03743
0.038665
0.036933
0.035707
0.034482
0.035317
0.036217
0.039626
0.03726
0.036483
0.03626
0.036126
0.036558
0.035689
0.035501
0.035408
0.034423
0.035103
0.035562
0.036356
0.038959
0.035916
0.039322
0.034141
0.035333
0.036353
0.035
0.032939
0.043036
0.038749
0.036966
0.035181
0.033351
0.035341
0.034409
0.035917
0.03577
0.035503
0.03666
0.035131
0.045433
0.040351
0.039636
0.039552
0.038793
0.040798
0.038858
0.039806
0.039008
0.038682
0.036909
0.037183
0.038858
0.039246
0.040507
0.038884
0.037814
0.041399
0.035475
0.038012
0.034615
0.034479
0.034527
0.035586
0.036694
0.036074
0.036217
0.035223
0.036907
0.038797
0.036379
0.03586
0.037665
0.036433
0.035046
0.039535
0.038105
0.038137
0.036494
0.037875
0.038979
0.038084
0.037479
0.03759
0.037478
0.036456
0.036816
0.039916
0.035308
0.035528
0.035352
0.036562
0.037303
0.035994
0.037862
0.04067
0.037968
0.038021
0.037216
0.037847
0.037111
0.037079
0.034624
0.037587
0.037057
0.038484
0.038112
0.039275
0.03764
0.03885
0.037944
0.035903
0.036412
0.035855
0.038068
0.039458
0.038449
0.040313
0.038895
0.039081
0.039797
0.038163
0.037681
0.03803
0.036402
0.038923
0.038101
0.037845
0.037484
0.036729
0.035346
0.035732
0.035788
0.037296
0.035367
0.042278
0.038805
0.038127
0.037336
0.037494
0.037559
0.036628
0.035093
0.038836
0.038083
0.037761
0.03799
0.04076
0.039432
0.039103
0.040247
0.040574
0.039249
0.039765
0.038046
0.040925
0.03922
0.037103
0.036681
0.037468
0.036589
0.038707
0.037521
0.037597
0.03809
0.045455
0.038784
0.03925
0.036188
0.033917
0.035384
0.035038
0.034023
0.036995
0.035847
0.035376
0.034396
0.036238
0.035403
0.036844
0.039475
0.036955
0.035989
0.037561
0.035474
0.037501
0.036754
0.040569
0.037273
0.036987
0.036783
0.03627
0.041184
0.038732
0.03735
0.037349
0.036087
0.04115
0.037823
0.038085
0.035811
0.035724
0.039312
0.037968
0.037298
0.036888
0.034277
0.040711
0.037388
0.036304
0.034891
0.03433
0.033833
0.036886
0.036655
0.035132
0.034921
0.032993
0.032601
0.033823
0.034493
0.039864
0.036711
0.036436
0.03483
0.03423
0.035493
0.034308
0.041744
0.035807
0.035391
0.034227
0.032082
0.03267
0.033636
0.036386
0.034718
0.033659
0.033054
0.031416
0.033925
0.034743
0.033493
0.034311
0.032796
0.035676
0.032687
0.032877
0.036935
0.034059
0.033006
0.032207
0.032099
0.032732
0.032742
0.033237
0.035061
0.032759
0.031876
0.031961
0.032087
0.031705
0.030441
0.03476
0.033385
0.032301
0.031947
0.032513
0.03179
0.032184
0.032249
0.032194
0.032316
0.032228
0.03284
0.033074
0.033182
0.032126
0.031477
0.032005
0.031369
0.030865
0.033117
0.03343
0.032776
0.034214
0.033411
0.034972
0.034264
0.032504
0.033583
0.033947
0.032672
0.033255
0.034594
0.035951
0.036313
0.039259
0.0367
0.034384
0.034341
0.03395
0.032994
0.033639
0.03469
0.033298
0.034589
0.034848
0.034879
0.03401
0.035197
0.034169
0.033421
0.03424
0.033386
0.032811
0.032788
0.032846
0.033863
0.03314
0.033804
0.033219
0.032083
0.031973
0.033062
0.030229
0.031527
0.031759
0.030993
0.031531
0.033606
0.033753
0.032373
0.033548
0.033169
0.032916
0.033275
0.032971
0.032566
0.03144
0.031613
0.031715
0.029398
0.031419
0.031828
0.033056
0.032801
0.031788
0.032589
0.032613
0.032725
0.033477
0.032472
0.03253
0.03256
0.033174
0.035187
0.033369
0.033522
0.032046
0.032061
0.036585
0.032953
0.032707
0.032682
0.032446
0.034359
0.032871
0.031923
0.034134
0.033176
0.033121
0.032726
0.033574
0.032773
0.033471
0.03728
0.035281
0.034436
0.033387
0.033442
0.032673
0.034345
0.033688
0.032724
0.033638
0.03228
0.034952
0.032207
0.033422
0.033476
0.033493
0.033066
0.037662
0.038807
0.033585
0.03284
0.032896
0.032827
0.03459
0.032341
0.036788
0.033776
0.033204
0.032775
0.031925
0.034178
0.037128
0.03485
0.032794
0.031931
0.032762
0.031342
0.034915
0.032028
0.031374
0.031864
0.031582
0.031207
0.036729
0.032238
0.031491
0.030906
0.03061
0.03196
0.031182
0.031968
0.032774
0.031987
0.033617
0.032102
0.031254
0.032158
0.03219
0.036541
0.032537
0.033363
0.033196
0.032765
0.030902
0.032112
0.032745
0.032752
0.03706
0.033778
0.033075
0.034125
0.033488
0.038993
0.036006
0.034283
0.034885
0.03436
0.034561
0.033953
0.035691
0.033883
0.036111
0.035196
0.034911
0.035844
0.034717
0.034731
0.037444
0.035335
0.034278
0.03366
0.03296
0.031878
0.033381
0.035589
0.033631
0.032154
0.030775
0.032526
0.032128
0.032266
0.035403
0.031564
0.032846
0.033834
0.034215
0.031233
0.03689
0.033075
0.032454
0.032193
0.031975
0.032945
0.036811
0.033637
0.033622
0.033097
0.032555
0.032573
0.036773
0.033708
0.034208
0.033238
0.032211
0.033281
0.033949
0.035098
0.031662
0.031893
0.031586
0.030599
0.0304
0.03527
0.030027
0.028918
0.028817
0.027746
0.02679
0.029634
0.026319
0.027701
0.028461
0.026651
0.026597
0.02779
0.026371
0.029561
0.026412
0.026117
0.025669
0.024923
0.024879
0.024718
0.025511
0.026573
0.024633
0.026083
0.025075
0.028248
0.026155
0.025585
0.026161
0.029259
0.027317
0.026961
0.027134
0.02669
0.027804
0.026668
0.028273
0.028107
0.029494
0.030053
0.028999
0.02846
0.030784
0.029695
0.030541
0.031635
0.030405
0.031864
0.030678
0.029579
0.031953
0.029091
0.034303
0.031494
0.034004
0.031713
0.033266
0.037192
0.036581
0.035627
0.039529
0.036807
0.037095
0.037134
0.042566
0.040638
0.040813
0.039955
0.037089
0.038261
0.036634
0.036568
0.035627
0.037032
0.036885
0.036125
0.035206
0.037056
0.035848
0.035663
0.040454
0.037381
0.036455
0.035666
0.036503
0.035427
0.035725
0.040431
0.039092
0.037374
0.036497
0.035414
0.041332
0.039115
0.037518
0.039717
0.037564
0.038976
0.041572
0.040442
0.037273
0.037391
0.037396
0.043814
0.041804
0.038344
0.038655
0.038952
0.037702
0.043412
0.041755
0.042245
0.03931
0.037786
0.0386
0.047564
0.040829
0.040848
0.040253
0.039852
0.038598
0.038094
0.03902
0.039911
0.039437
0.040798
0.038199
0.040257
0.038687
0.046123
0.040813
0.040275
0.038254
0.039287
0.038722
0.040933
0.043932
0.040649
0.039578
0.040445
0.038441
0.039774
0.039071
0.042931
0.040664
0.039511
0.038236
0.039102
0.040014
0.039493
0.038722
0.040294
0.043275
0.041831
0.040422
0.038223
0.048065
0.04282
0.041572
0.041971
0.045085
0.041409
0.042125
0.041966
0.041719
0.041258
0.039942
0.040253
0.039425
0.03948
0.038469
0.038492
0.041991
0.042371
0.039836
0.041513
0.041496
0.040964
0.040925
0.041209
0.038675
0.039963
0.039377
0.039518
0.040977
0.041736
0.041113
0.040978
0.04007
0.041131
0.039749
0.039047
0.03898
0.040376
0.041466
0.042004
0.039444
0.042144
0.039289
0.040497
0.038906
0.039743
0.039511
0.040564
0.040148
0.039962
0.040554
0.039214
0.038097
0.038088
0.040265
0.038296
0.038715
0.037423
0.037739
0.040614
0.037431
0.03994
0.039678
0.041048
0.038961
0.039475
0.037491
0.043443
0.040485
0.039962
0.038457
0.039711
0.036119
0.038547
0.04041
0.040557
0.037599
0.036587
0.035945
0.037778
0.040916
0.038215
0.03594
0.036276
0.037675
0.036496
0.036453
0.039784
0.037568
0.036978
0.03524
0.035693
0.035408
0.041815
0.038329
0.037181
0.036667
0.037465
0.035232
0.037173
0.038821
0.0378
0.035741
0.03513
0.035214
0.035862
0.03534
0.037936
0.036637
0.036302
0.034811
0.035186
0.034452
0.035563
0.034251
0.038615
0.036457
0.034369
0.039671
0.037525
0.036099
0.031663
0.037516
0.038238
0.03669
0.03577
0.036006
0.037317
0.03449
0.033733
0.033752
0.035619
0.033992
0.036311
0.036514
0.03469
0.035441
0.033566
0.033809
0.035404
0.034441
0.039112
0.035319
0.039471
0.036066
0.032637
0.033368
0.035832
0.035755
0.034306
0.034872
0.033637
0.032037
0.03578
0.038261
0.036668
0.035508
0.033868
0.033773
0.032597
0.033867
0.037771
0.034819
0.034362
0.03249
0.033
0.033912
0.033603
0.039302
0.034821
0.034465
0.031874
0.032684
0.032342
0.032399
0.031685
0.036163
0.031913
0.030185
0.031126
0.029474
0.030008
0.029608
0.033698
0.030138
0.029802
0.029521
0.029625
0.029718
0.028537
0.029275
0.031741
0.030292
0.030131
0.029811
0.030315
0.030557
0.034211
0.031639
0.031042
0.036126
0.03451
0.034117
0.033294
0.032818
0.033279
0.033023
0.032234
0.032197
0.033433
0.032587
0.033118
0.032479
0.031345
0.031866
0.032349
0.030865
0.031523
0.030896
0.036019
0.033204
0.033179
0.031959
0.031768
0.033292
0.031523
0.032391
0.033288
0.033812
0.032823
0.032301
0.032405
0.032563
0.033982
0.031597
0.034322
0.034947
0.036768
0.034343
0.033553
0.040356
0.038456
0.038774
0.03803
0.038652
0.035386
0.038319
0.035869
0.036153
0.036467
0.035379
0.035461
0.034636
0.03616
0.035077
0.035302
0.035867
0.034822
0.035657
0.034227
0.032981
0.037665
0.03512
0.034424
0.035274
0.033807
0.033925
0.033331
0.036551
0.032927
0.033418
0.033081
0.032558
0.032624
0.034285
0.033249
0.031165
0.032308
0.032133
0.030763
0.031931
0.031856
0.034879
0.032773
0.032897
0.032211
0.034079
0.030858
0.033196
0.033386
0.036296
0.034508
0.034509
0.035997
0.034741
0.033635
0.034455
0.032354
0.032017
0.033552
0.032951
0.03265
0.031245
0.031168
0.029848
0.028947
0.028031
0.026208
0.02528
0.023552
0.022486
0.023523
0.023883
0.022771
0.022466
0.024601
0.023799
0.02387
0.022939
0.023448
0.027777
0.026614
0.025534
0.029855
0.030905
0.030339
0.032559
0.034445
0.03365
0.034128
0.03396
0.03296
0.034032
0.03591
0.037344
0.035395
0.035627
0.035275
0.035862
0.036186
0.03586
0.035055
0.035749
0.035621
0.035452
0.037167
0.036864
0.037647
0.03475
0.035261
0.035485
0.034664
0.034792
0.034353
0.036658
0.036412
0.035239
0.037945
0.036574
0.036062
0.036935
0.036252
0.04201
0.040523
0.039911
0.038836
0.039259
0.038022
0.037916
0.039473
0.038447
0.036965
0.03688
0.037785
0.037545
0.037556
0.036895
0.036975
0.036012
0.036343
0.036023
0.036004
0.034675
0.035101
0.034652
0.037345
0.036452
0.036797
0.038213
0.035755
0.034531
0.03495
0.034708
0.034324
0.033971
0.03255
0.033938
0.035251
0.034835
0.034896
0.034255
0.032716
0.034809
0.034464
0.034486
0.033597
0.035175
0.036077
0.037156
0.035225
0.037311
0.035754
0.034474
0.03483
0.035053
0.034669
0.033784
0.03486
0.036307
0.035616
0.035186
0.035225
0.034653
0.033928
0.034046
0.03721
0.035907
0.035035
0.035122
0.037207
0.036755
0.034599
0.034217
0.03848
0.036021
0.03632
0.035761
0.036751
0.037082
0.037937
0.035315
0.038063
0.037399
0.036883
0.03605
0.037231
0.036883
0.036997
0.036171
0.03705
0.036947
0.036174
0.037433
0.036312
0.036302
0.034743
0.035273
0.03883
0.038455
0.036662
0.035751
0.035306
0.035
0.034381
0.03761
0.035142
0.036122
0.035209
0.034665
0.037104
0.035474
0.035982
0.035344
0.036053
0.033257
0.035829
0.035071
0.034659
0.034411
0.035888
0.03446
0.034717
0.038258
0.038357
0.035945
0.036603
0.037195
0.035199
0.036997
0.03549
0.034227
0.035338
0.035707
0.035072
0.035898
0.035038
0.033793
0.033638
0.033377
0.03469
0.036511
0.037816
0.036567
0.035252
0.035597
0.036059
0.035613
0.034178
0.036317
0.035874
0.034923
0.033416
0.033764
0.034822
0.035303
0.03452
0.0354
0.034266
0.03503
0.035265
0.034571
0.034237
0.035821
0.034881
0.035091
0.034124
0.034543
0.035743
0.035792
0.034406
0.035158
0.034014
0.03329
0.035749
0.038012
0.035966
0.034953
0.034581
0.033903
0.033453
0.033102
0.036342
0.035836
0.035829
0.035701
0.036372
0.035533
0.03417
0.036664
0.034386
0.032921
0.034204
0.03382
0.033989
0.033192
0.034204
0.035176
0.033518
0.034143
0.03348
0.032988
0.032986
0.03421
0.034393
0.033884
0.034668
0.033299
0.03355
0.035197
0.033323
0.038381
0.032397
0.0326
0.034946
0.034346
0.034852
0.035899
0.035854
0.033985
0.034074
0.033386
0.032852
0.033761
0.032915
0.031553
0.033196
0.033765
0.031934
0.030754
0.030922
0.033571
0.031912
0.032167
0.032436
0.034442
0.034154
0.032844
0.033213
0.032531
0.034182
0.033394
0.034088
0.031926
0.033056
0.034244
0.033988
0.03358
0.033114
0.031537
0.033185
0.032024
0.032091
0.031544
0.034422
0.033987
0.035088
0.035442
0.034556
0.034018
0.035159
0.035494
0.034758
0.034427
0.033869
0.033336
0.034497
0.034324
0.035589
0.037079
0.036751
0.036154
0.035999
0.035662
0.03549
0.035799
0.035002
0.03484
0.03438
0.03334
0.034665
0.035414
0.036863
0.03685
0.037114
0.037227
0.035672
0.035171
0.036248
0.03529
0.034379
0.034317
0.035768
0.036218
0.034686
0.037807
0.036776
0.036847
0.036416
0.035674
0.035313
0.03605
0.034867
0.035516
0.037652
0.037844
0.040113
0.03799
0.040488
0.036668
0.0349
0.040814
0.034227
0.03363
0.033543
0.032914
0.036237
0.034916
0.03497
0.034762
0.034554
0.037082
0.035357
0.036331
0.034043
0.036883
0.034853
0.034055
0.036443
0.033854
0.03638
0.034098
0.035242
0.036201
0.033612
0.037291
0.035182
0.033115
0.035611
0.042111
0.038615
0.035261
0.036333
0.03643
0.036553
0.035952
0.035328
0.036608
0.036505
0.035868
0.035713
0.034808
0.036053
0.036683
0.038509
0.036496
0.036335
0.035358
0.035297
0.038951
0.036677
0.036956
0.036728
0.036273
0.036649
0.034819
0.039836
0.04072
0.037185
0.036786
0.035575
0.037536
0.035961
0.037129
0.037193
0.036224
0.034917
0.034753
0.035267
0.034195
0.033933
0.033388
0.036429
0.035422
0.034766
0.034888
0.034085
0.035447
0.034141
0.033863
0.035846
0.036107
0.035757
0.033607
0.035858
0.033005
0.033633
0.034517
0.035591
0.034399
0.033667
0.03422
0.034298
0.035288
0.0355
0.0341
0.033126
0.034637
0.034215
0.032871
0.035097
0.035821
0.035884
0.034935
0.037316
0.03546
0.035343
0.035549
0.034844
0.037118
0.036722
0.03512
0.034722
0.037037
0.037169
0.037566
0.036945
0.036422
0.038346
0.037049
0.035686
0.03498
0.034727
0.034574
0.034121
0.036886
0.036858
0.037444
0.036028
0.036233
0.039609
0.038694
0.039438
0.038069
0.038123
0.038693
0.038494
0.035894
0.037105
0.037678
0.038223
0.037705
0.037755
0.038973
0.037139
0.041504
0.041959
0.039209
0.037912
0.037842
0.038274
0.035605
0.044667
0.039065
0.03847
0.03551
0.035044
0.040158
0.036341
0.036591
0.034719
0.03457
0.034094
0.035247
0.035278
0.035559
0.036757
0.035072
0.034919
0.034997
0.034289
0.040107
0.037199
0.036305
0.037539
0.036143
0.036762
0.036293
0.038094
0.037671
0.039866
0.038569
0.039581
0.040537
0.039384
0.038582
0.044019
0.040565
0.04169
0.039179
0.041944
0.038881
0.039942
0.039775
0.043342
0.040328
0.041889
0.039008
0.040877
0.040099
0.040579
0.04089
0.041686
0.041233
0.042502
0.040442
0.041968
0.041077
0.042031
0.040246
0.041926
0.038766
0.039537
0.040718
0.043901
0.041459
0.043629
0.040874
0.040211
0.040011
0.04025
0.038254
0.039699
0.037159
0.036685
0.037445
0.036841
0.037742
0.036373
0.037398
0.035213
0.034847
0.036617
0.036624
0.036178
0.035471
0.036252
0.036351
0.035066
0.035986
0.033815
0.033565
0.032882
0.033121
0.033774
0.032185
0.033998
0.034502
0.033858
0.032064
0.033561
0.0324
0.031651
0.031626
0.029845
0.031562
0.031727
0.032882
0.032243
0.030894
0.030575
0.035113
0.032581
0.031846
0.030828
0.030461
0.027467
0.030144
0.031812
0.029339
0.030502
0.030034
0.03399
0.031611
0.033403
0.034481
0.032825
0.032796
0.032284
0.032162
0.033948
0.035616
0.034203
0.034189
0.033831
0.031724
0.038294
0.034516
0.032129
0.032361
0.031785
0.032694
0.033179
0.034459
0.035717
0.034064
0.033822
0.032373
0.03185
0.033622
0.032891
0.033842
0.034167
0.033012
0.034324
0.033653
0.032641
0.032728
0.030918
0.03046
0.032779
0.030155
0.031325
0.030715
0.031919
0.032364
0.030069
0.034559
0.030279
0.03008
0.030442
0.031787
0.030997
0.032382
0.031575
0.03368
0.030896
0.030564
0.029433
0.030236
0.031806
0.035221
0.033558
0.033024
0.031839
0.030705
0.030947
0.030642
0.029708
0.028621
0.033333
0.031117
0.030124
0.029609
0.030127
0.029576
0.036443
0.030361
0.029543
0.03147
0.030878
0.030107
0.029969
0.031347
0.033965
0.034009
0.032474
0.033465
0.033188
0.031963
0.032512
0.033992
0.032573
0.031883
0.031804
0.031067
0.038251
0.034293
0.031499
0.03097
0.031644
0.0291
0.034104
0.031457
0.031466
0.031791
0.030929
0.029756
0.032309
0.031488
0.041339
0.034472
0.034357
0.032795
0.032354
0.03347
0.033703
0.03377
0.031685
0.034265
0.034226
0.032089
0.034866
0.035352
0.046723
0.042027
0.041656
0.043662
0.043624
0.043111
0.042177
0.041244
0.040631
0.040743
0.042173
0.041002
0.039882
0.040538
0.038542
0.037987
0.037836
0.035241
0.034808
0.034083
0.033587
0.03577
0.035096
0.034513
0.035819
0.035695
0.035915
0.045448
0.03947
0.039086
0.039396
0.03872
0.03852
0.037953
0.037789
0.038537
0.037969
0.039218
0.038554
0.040011
0.038221
0.037687
0.037173
0.04175
0.039717
0.038955
0.036128
0.03705
0.034522
0.039755
0.035972
0.033901
0.032046
0.03157
0.033375
0.035013
0.043077
0.039285
0.03634
0.036871
0.03547
0.035969
0.036915
0.037298
0.035909
0.035498
0.034681
0.0342
0.034408
0.03353
0.034142
0.035373
0.03446
0.035929
0.033292
0.041023
0.035953
0.036518
0.035063
0.035186
0.034425
0.034934
0.034968
0.037007
0.036281
0.035889
0.033975
0.034656
0.034055
0.035485
0.034855
0.034609
0.03734
0.037428
0.034327
0.034602
0.034153
0.034877
0.038484
0.035852
0.0347
0.037407
0.037451
0.036518
0.038028
0.038478
0.036245
0.043604
0.040217
0.040947
0.041784
0.041389
0.039626
0.041348
0.040603
0.041037
0.038816
0.040528
0.040797
0.043566
0.042233
0.042062
0.040538
0.040968
0.039707
0.039635
0.03758
0.038505
0.036397
0.038608
0.038635
0.039043
0.038393
0.040137
0.038316
0.038658
0.036251
0.035549
0.035624
0.036123
0.0356
0.035936
0.03714
0.033582
0.032204
0.035847
0.034881
0.032755
0.03262
0.031932
0.032045
0.037653
0.037491
0.036661
0.035959
0.036025
0.036479
0.035933
0.035074
0.038242
0.036742
0.037391
0.03763
0.037832
0.038024
0.03602
0.035821
0.034859
0.034664
0.033462
0.034889
0.033594
0.033198
0.036125
0.03659
0.035702
0.036836
0.034888
0.035829
0.035411
0.036362
0.035909
0.035049
0.034966
0.036679
0.036446
0.037732
0.036332
0.036944
0.03632
0.035486
0.035071
0.034821
0.034598
0.035381
0.034461
0.034829
0.034069
0.034105
0.03443
0.035108
0.034235
0.036083
0.039299
0.040521
0.039484
0.038806
0.039737
0.043146
0.038363
0.041213
0.039551
0.03812
0.037384
0.038289
0.038372
0.037161
0.037098
0.038092
0.039745
0.037346
0.038911
0.036753
0.038991
0.036515
0.038827
0.036759
0.041296
0.041038
0.04142
0.040885
0.040817
0.039831
0.039725
0.039629
0.037947
0.038942
0.03814
0.037575
0.039276
0.039991
0.040318
0.038758
0.039834
0.038009
0.036321
0.036581
0.036374
0.037161
0.036142
0.039609
0.038104
0.037661
0.037281
0.03747
0.036211
0.036296
0.040857
0.039247
0.040035
0.038141
0.042587
0.038188
0.037838
0.039819
0.038623
0.038543
0.037902
0.038551
0.038037
0.037707
0.039857
0.039967
0.040464
0.040437
0.03803
0.038529
0.040997
0.038853
0.040286
0.040434
0.038367
0.04055
0.039982
0.039655
0.041411
0.039177
0.039728
0.038529
0.038306
0.039833
0.039115
0.040575
0.040932
0.040639
0.042684
0.039561
0.039413
0.038421
0.040373
0.039381
0.038716
0.042299
0.041251
0.04156
0.040941
0.041773
0.039748
0.040273
0.038679
0.039076
0.037552
0.038403
0.036301
0.035896
0.036731
0.038192
0.040006
0.040149
0.041596
0.039378
0.039782
0.038014
0.039654
0.037431
0.038239
0.036279
0.036193
0.034607
0.036332
0.03709
0.037319
0.037149
0.03656
0.034964
0.034796
0.033681
0.034208
0.033164
0.034239
0.032643
0.034347
0.033963
0.035694
0.035076
0.036597
0.035339
0.034886
0.033111
0.033434
0.034694
0.03476
0.033902
0.035181
0.034345
0.034644
0.033715
0.033024
0.037621
0.036333
0.036455
0.034729
0.035896
0.035559
0.034471
0.035169
0.035248
0.035591
0.035112
0.035736
0.036473
0.035808
0.034771
0.034423
0.03344
0.038556
0.035991
0.034827
0.034521
0.035445
0.035438
0.034971
0.03869
0.036356
0.035313
0.035238
0.035754
0.036734
0.041348
0.036249
0.038368
0.036165
0.03488
0.035892
0.036441
0.038812
0.036868
0.035652
0.036815
0.035277
0.036599
0.040056
0.037661
0.036001
0.035199
0.035539
0.03562
0.040101
0.037703
0.03434
0.035856
0.03535
0.034763
0.040913
0.037069
0.037493
0.037076
0.036567
0.035882
0.035501
0.038065
0.037198
0.035444
0.036832
0.034923
0.03733
0.035963
0.036101
0.035635
0.03802
0.037855
0.037441
0.037336
0.038691
0.036919
0.036786
0.036151
0.042261
0.041213
0.039058
0.038425
0.037789
0.037261
0.037938
0.037438
0.037536
0.036298
0.034777
0.034303
0.035796
0.035289
0.037666
0.037206
0.03576
0.035121
0.037612
0.036248
0.035591
0.035041
0.034047
0.033586
0.038025
0.034872
0.034335
0.034208
0.03342
0.034362
0.033876
0.034905
0.037174
0.035927
0.03464
0.034953
0.035499
0.040437
0.037738
0.035357
0.036575
0.036698
0.035762
0.035917
0.040609
0.038448
0.037616
0.036942
0.036716
0.037411
0.036501
0.038989
0.039278
0.037508
0.039564
0.039106
0.038647
0.03793
0.038117
0.03884
0.038035
0.036171
0.035768
0.036179
0.036165
0.040835
0.036924
0.035652
0.035519
0.033228
0.033017
0.034106
0.035417
0.030941
0.030292
0.030794
0.030115
0.030165
0.031174
0.029417
0.030337
0.029322
0.030641
0.029325
0.029629
0.031453
0.03061
0.029985
0.037441
0.033102
0.032201
0.031378
0.031563
0.031596
0.033071
0.03308
0.032223
0.032164
0.031348
0.037428
0.033081
0.035861
0.03315
0.032821
0.03205
0.031689
0.034081
0.033501
0.033148
0.033652
0.032409
0.03265
0.032524
0.035374
0.03519
0.03498
0.034446
0.035898
0.033122
0.033623
0.032395
0.036821
0.032103
0.032518
0.032922
0.033152
0.033306
0.035743
0.036607
0.032446
0.037637
0.035015
0.034461
0.033818
0.031823
0.031572
0.030917
0.031517
0.03381
0.032424
0.03153
0.031007
0.032695
0.032849
0.030426
0.032664
0.034629
0.034295
0.033921
0.032782
0.033424
0.033641
0.037792
0.036239
0.035348
0.03462
0.033637
0.033913
0.035462
0.035454
0.038126
0.038271
0.037078
0.03673
0.036125
0.037237
0.036665
0.038828
0.035894
0.038943
0.038302
0.037415
0.036768
0.039164
0.037726
0.037711
0.038705
0.037998
0.036541
0.037257
0.037318
0.037366
0.036834
0.039615
0.0392
0.039186
0.03809
0.036256
0.037246
0.038284
0.037647
0.037174
0.03901
0.03608
0.037535
0.036363
0.038302
0.038216
0.039573
0.035364
0.035698
0.035442
0.034461
0.034659
0.034223
0.033771
0.034311
0.034901
0.034665
0.035133
0.036204
0.034947
0.035034
0.034187
0.032931
0.034305
0.033893
0.03327
0.033804
0.035518
0.032828
0.035087
0.035296
0.035715
0.036994
0.037583
0.035045
0.037873
0.035931
0.033891
0.035549
0.038386
0.036678
0.035925
0.037482
0.03552
0.035637
0.035163
0.034111
0.034058
0.034934
0.037319
0.036522
0.03688
0.037344
0.036724
0.034354
0.037156
0.033956
0.035113
0.036666
0.037368
0.037091
0.036665
0.03626
0.035802
0.036253
0.035672
0.036069
0.034703
0.035403
0.035128
0.034814
0.03529
0.034696
0.037177
0.035571
0.03636
0.03967
0.035662
0.036414
0.036619
0.034985
0.03599
0.038727
0.038611
0.037395
0.037881
0.03621
0.035396
0.0354
0.03394
0.036657
0.037391
0.03798
0.038799
0.037434
0.036335
0.034586
0.035371
0.03524
0.036722
0.036779
0.035932
0.035606
0.038274
0.037535
0.038784
0.037906
0.037901
0.038162
0.037797
0.037765
0.037775
0.037583
0.039527
0.038701
0.039304
0.03972
0.040148
0.039125
0.039139
0.040576
0.039597
0.038041
0.037538
0.036484
0.042597
0.038916
0.038413
0.037382
0.037744
0.035242
0.035494
0.038873
0.03591
0.035544
0.036192
0.035159
0.037396
0.03631
0.036545
0.036568
0.037507
0.034469
0.03422
0.035124
0.037033
0.035575
0.034987
0.035268
0.035987
0.036948
0.041675
0.037782
0.037272
0.035914
0.034987
0.036183
0.037301
0.04034
0.037262
0.037756
0.036951
0.035221
0.042335
0.038392
0.038255
0.037063
0.036345
0.034912
0.038248
0.036584
0.036773
0.035278
0.036811
0.036655
0.035224
0.040837
0.037233
0.036212
0.035063
0.041461
0.037253
0.03576
0.03453
0.035318
0.033338
0.03346
0.033254
0.032759
0.033318
0.034242
0.03409
0.036821
0.03584
0.034642
0.034769
0.040002
0.037108
0.037606
0.03617
0.033991
0.033683
0.032571
0.03273
0.031925
0.032136
0.033164
0.033599
0.033024
0.031903
0.038895
0.033781
0.034535
0.033243
0.033099
0.032418
0.032578
0.032436
0.032937
0.035126
0.033585
0.032614
0.033733
0.032086
0.031966
0.031325
0.036051
0.03406
0.034142
0.033195
0.032579
0.033284
0.032346
0.034894
0.033402
0.031764
0.031926
0.032037
0.032138
0.031457
0.030862
0.030637
0.030088
0.030394
0.03273
0.033049
0.031667
0.032271
0.032737
0.032518
0.033249
0.031576
0.030916
0.030631
0.030611
0.031191
0.033583
0.033808
0.033647
0.033163
0.032983
0.032999
0.033273
0.032434
0.032433
0.032142
0.032636
0.033955
0.034
0.034186
0.034463
0.033607
0.034327
0.034227
0.034161
0.033464
0.033138
0.032991
0.034353
0.035322
0.035044
0.036288
0.035109
0.035019
0.034971
0.035692
0.035557
0.033911
0.033787
0.033691
0.033333
0.033821
0.034164
0.033442
0.033174
0.032985
0.032279
0.03276
0.034663
0.034436
0.034363
0.03463
0.034167
0.033527
0.033999
0.033134
0.033056
0.032139
0.031346
0.032871
0.031754
0.031598
0.032189
0.031456
0.030983
0.033286
0.034057
0.034845
0.033974
0.032852
0.034158
0.034059
0.033795
0.033645
0.033797
0.032791
0.031687
0.031784
0.030672
0.030909
0.032489
0.031854
0.032458
0.032701
0.033518
0.033941
0.032289
0.032505
0.033115
0.032641
0.034397
0.032242
0.033952
0.033137
0.033985
0.034148
0.033215
0.032873
0.03148
0.031869
0.034179
0.032998
0.032701
0.032223
0.032843
0.033364
0.032154
0.035439
0.033883
0.032702
0.032588
0.032577
0.033422
0.033692
0.033309
0.032846
0.034029
0.034018
0.032896
0.033854
0.03382
0.033089
0.032867
0.033303
0.03257
0.031896
0.031298
0.03436
0.034285
0.034082
0.035122
0.034696
0.034744
0.033828
0.033918
0.032839
0.034053
0.03298
0.03258
0.032917
0.031056
0.032689
0.034047
0.033316
0.033129
0.032661
0.033537
0.031763
0.033272
0.031555
0.031856
0.032987
0.033054
0.034153
0.033926
0.033997
0.033519
0.032836
0.032319
0.032395
0.031404
0.03388
0.033786
0.031415
0.032217
0.035299
0.033411
0.032815
0.03314
0.033817
0.033898
0.033929
0.033046
0.035016
0.034337
0.033973
0.031915
0.032026
0.033823
0.032741
0.033685
0.034776
0.033464
0.038414
0.033598
0.032082
0.032219
0.034097
0.034299
0.032804
0.033626
0.03365
0.033159
0.033609
0.032996
0.03085
0.034586
0.035345
0.03427
0.034814
0.03238
0.033519
0.033927
0.034098
0.03431
0.033309
0.033482
0.032405
0.032973
0.032822
0.033602
0.033637
0.0355
0.035514
0.034289
0.035242
0.033582
0.034488
0.033418
0.033856
0.033557
0.033761
0.032885
0.033032
0.031859
0.032866
0.035413
0.036099
0.036818
0.035506
0.033829
0.03532
0.033802
0.033486
0.034651
0.034169
0.036182
0.035298
0.034795
0.033261
0.032535
0.033906
0.034407
0.036039
0.038434
0.03717
0.037922
0.037687
0.037207
0.035426
0.036943
0.036609
0.035275
0.036875
0.035431
0.036441
0.036105
0.036003
0.034969
0.035363
0.036127
0.036308
0.036567
0.034354
0.036309
0.03602
0.035798
0.035493
0.034299
0.034947
0.034358
0.035466
0.034451
0.036027
0.037351
0.038561
0.037115
0.036954
0.037131
0.036543
0.036598
0.034952
0.037572
0.034621
0.035062
0.033591
0.035161
0.033488
0.034981
0.033161
0.031697
0.033366
0.034448
0.035581
0.034074
0.034028
0.034458
0.033833
0.033335
0.03264
0.032783
0.031513
0.032483
0.032141
0.032767
0.032383
0.032896
0.032419
0.032723
0.030677
0.030869
0.031209
0.031475
0.031756
0.030477
0.033566
0.032799
0.032461
0.032505
0.030156
0.030365
0.032412
0.030684
0.032306
0.033168
0.032976
0.032586
0.031275
0.031361
0.031833
0.031109
0.032232
0.032453
0.032388
0.032909
0.03302
0.036758
0.033217
0.034314
0.033092
0.035765
0.034006
0.036104
0.032593
0.032233
0.037933
0.033862
0.032885
0.035151
0.034705
0.033106
0.034763
0.033982
0.034585
0.033507
0.033156
0.033293
0.032737
0.032877
0.035147
0.031903
0.032519
0.032842
0.032496
0.032239
0.032239
0.033493
0.033803
0.034897
0.034363
0.034188
0.031682
0.033239
0.032348
0.032243
0.031857
0.032446
0.030919
0.030223
0.030739
0.030329
0.029991
0.0298
0.029434
0.029677
0.030501
0.030039
0.03037
0.030607
0.02945
0.030045
0.031635
0.029667
0.036139
0.030019
0.032433
0.030848
0.030393
0.030031
0.029992
0.029964
0.030061
0.030573
0.030071
0.029378
0.03006
0.029353
0.029678
0.030688
