0.0000 0.0000 0.0000 0.0000 0.0000 0.0000 0.0000 1.0000
1.0000 -0.0038 0.0001 0.0006 -0.0000 0.0000 0.0001 1.0000
2.0000 -0.0081 -0.0034 -0.0004 -0.0001 -0.0000 0.0001 1.0000
3.0000 -0.0223 -0.0012 0.0014 -0.0001 -0.0000 -0.0000 1.0000
4.0000 -0.0402 0.0044 0.0026 -0.0000 -0.0000 -0.0001 1.0000
5.0000 -0.0374 0.0042 0.0024 0.0000 -0.0000 -0.0001 1.0000
6.0000 -0.0111 0.0043 0.0011 -0.0000 -0.0000 -0.0000 1.0000
7.0000 0.0040 0.0027 0.0009 -0.0001 -0.0001 -0.0001 1.0000
8.0000 0.0130 0.0004 0.0024 -0.0001 -0.0002 -0.0001 1.0000
9.0000 0.0827 -0.0071 0.0157 -0.0002 -0.0005 -0.0000 1.0000
10.0000 0.1537 -0.0021 0.0191 -0.0002 -0.0007 0.0000 1.0000
11.0000 0.2278 0.0002 0.0125 -0.0002 -0.0005 0.0001 1.0000
12.0000 0.3450 -0.0078 0.0092 -0.0001 -0.0004 0.0000 1.0000
13.0000 0.4900 -0.0191 0.0096 -0.0000 -0.0004 -0.0001 1.0000
14.0000 0.6225 -0.0222 0.0143 0.0001 -0.0006 0.0000 1.0000
15.0000 0.7521 -0.0209 0.0251 0.0002 -0.0008 0.0002 1.0000
16.0000 0.9283 -0.0140 0.0310 0.0002 -0.0009 0.0004 1.0000
17.0000 1.1170 -0.0115 0.0280 0.0000 -0.0009 0.0005 1.0000
18.0000 1.3302 -0.0136 0.0242 -0.0001 -0.0009 0.0006 1.0000
19.0000 1.5700 -0.0185 0.0320 0.0000 -0.0011 0.0007 1.0000
20.0000 1.8258 -0.0212 0.0416 0.0003 -0.0013 0.0009 1.0000
21.0000 2.0894 -0.0279 0.0408 0.0005 -0.0013 0.0012 1.0000
22.0000 2.3748 -0.0357 0.0474 0.0007 -0.0013 0.0014 1.0000
23.0000 2.6752 -0.0322 0.0453 0.0007 -0.0014 0.0015 1.0000
24.0000 2.9960 -0.0244 0.0453 0.0006 -0.0015 0.0016 1.0000
25.0000 3.3243 -0.0262 0.0532 0.0006 -0.0019 0.0019 1.0000
26.0000 3.6848 -0.0204 0.0548 0.0019 -0.0046 0.0027 1.0000
27.0000 4.0474 -0.0215 0.0541 0.0030 -0.0063 0.0031 1.0000
28.0000 4.4247 -0.0175 0.0548 0.0027 -0.0061 0.0034 1.0000
29.0000 4.8152 -0.0100 0.0629 0.0017 -0.0051 0.0037 1.0000
30.0000 5.2262 -0.0020 0.0552 0.0015 -0.0050 0.0045 1.0000
31.0000 5.6642 0.0026 0.0589 0.0020 -0.0056 0.0059 1.0000
32.0000 6.1290 0.0113 0.0685 0.0026 -0.0055 0.0080 0.9999
33.0000 6.5732 0.0310 0.0666 0.0037 -0.0029 0.0107 0.9999
34.0000 7.0120 0.0468 0.0879 0.0039 -0.0013 0.0137 0.9999
35.0000 7.4664 0.0718 0.0863 0.0034 -0.0017 0.0171 0.9998
36.0000 7.9381 0.1065 0.0816 0.0028 -0.0025 0.0207 0.9998
37.0000 8.4096 0.1413 0.0724 0.0020 -0.0022 0.0245 0.9997
38.0000 8.8746 0.1634 0.0738 0.0019 -0.0016 0.0286 0.9996
39.0000 9.3398 0.1929 0.0920 0.0024 -0.0018 0.0330 0.9995
40.0000 9.8308 0.2325 0.1223 0.0032 -0.0023 0.0381 0.9993
41.0000 10.3384 0.2787 0.1248 0.0035 -0.0027 0.0438 0.9990
42.0000 10.8583 0.3464 0.1056 0.0028 -0.0024 0.0500 0.9987
43.0000 11.3880 0.4254 0.0670 0.0024 -0.0017 0.0568 0.9984
44.0000 11.9123 0.5020 0.0485 0.0023 0.0002 0.0643 0.9979
45.0000 12.4273 0.5796 0.0672 0.0043 0.0029 0.0719 0.9974
46.0000 12.9707 0.6712 0.1468 0.0048 0.0045 0.0802 0.9968
47.0000 13.5339 0.7878 0.1424 0.0040 0.0040 0.0895 0.9960
48.0000 14.0844 0.9172 0.0855 0.0046 0.0036 0.0998 0.9950
49.0000 14.6285 1.0501 0.0979 0.0030 0.0038 0.1109 0.9938
50.0000 15.1881 1.2039 0.0723 0.0020 0.0040 0.1227 0.9924
51.0000 15.7600 1.3757 0.0381 0.0051 0.0052 0.1356 0.9907
52.0000 16.3321 1.5599 0.0985 0.0099 0.0071 0.1499 0.9886
53.0000 16.8760 1.7624 0.2232 0.0106 0.0077 0.1656 0.9861
54.0000 17.4242 1.9909 0.1731 0.0054 0.0072 0.1813 0.9834
55.0000 18.0177 2.2621 0.0032 0.0026 0.0062 0.1973 0.9803
56.0000 18.5983 2.5449 -0.0602 0.0059 0.0053 0.2146 0.9767
57.0000 19.1246 2.8191 0.0923 0.0091 0.0071 0.2315 0.9728
58.0000 19.6641 3.1393 0.2255 0.0071 0.0079 0.2473 0.9689
59.0000 20.2300 3.5206 0.1645 0.0038 0.0039 0.2638 0.9646
60.0000 20.7702 3.8948 0.0433 -0.0004 -0.0014 0.2812 0.9597
61.0000 21.2668 4.2669 0.0108 -0.0033 -0.0053 0.2983 0.9545
62.0000 21.7710 4.6662 0.0644 -0.0043 -0.0089 0.3150 0.9490
63.0000 22.2822 5.1071 0.1018 -0.0034 -0.0099 0.3320 0.9432
64.0000 22.7804 5.5596 0.1474 -0.0020 -0.0087 0.3490 0.9371
65.0000 23.2577 6.0348 0.1671 -0.0025 -0.0076 0.3656 0.9307
66.0000 23.7485 6.5404 0.1262 -0.0033 -0.0075 0.3825 0.9239
67.0000 24.2283 7.0558 0.0813 -0.0022 -0.0057 0.4001 0.9165
68.0000 24.6715 7.5820 0.1024 0.0002 -0.0016 0.4179 0.9085
69.0000 25.0848 8.1194 0.1812 0.0025 0.0027 0.4351 0.9004
70.0000 25.4870 8.6965 0.2180 0.0027 0.0051 0.4520 0.8920
71.0000 25.8828 9.3030 0.1799 0.0017 0.0056 0.4685 0.8834
72.0000 26.2563 9.9210 0.1310 -0.0009 0.0053 0.4839 0.8751
73.0000 26.6090 10.5545 0.1134 -0.0042 0.0058 0.4978 0.8673
74.0000 26.9403 11.2098 0.1039 -0.0069 0.0059 0.5105 0.8598
75.0000 27.2612 11.8811 0.1135 -0.0065 0.0044 0.5225 0.8526
76.0000 27.5674 12.5577 0.1347 -0.0046 0.0027 0.5341 0.8454
77.0000 27.8626 13.2237 0.1690 -0.0044 0.0022 0.5448 0.8385
78.0000 28.1428 13.9184 0.1461 -0.0080 0.0034 0.5540 0.8325
79.0000 28.4171 14.6449 0.0634 -0.0121 0.0065 0.5615 0.8274
80.0000 28.6884 15.3908 0.0167 -0.0126 0.0086 0.5677 0.8231
81.0000 28.9542 16.1167 0.0572 -0.0105 0.0091 0.5732 0.8193
82.0000 29.2040 16.8282 0.1282 -0.0094 0.0097 0.5780 0.8159
83.0000 29.4451 17.5552 0.1260 -0.0118 0.0109 0.5819 0.8131
84.0000 29.6761 18.3062 0.0274 -0.0164 0.0123 0.5842 0.8113
85.0000 29.9250 19.0646 -0.0726 -0.0198 0.0129 0.5851 0.8106
86.0000 30.1833 19.8417 -0.0869 -0.0198 0.0126 0.5853 0.8105
87.0000 30.4384 20.6175 -0.0334 -0.0190 0.0111 0.5857 0.8102
88.0000 30.6701 21.3862 -0.0340 -0.0186 0.0093 0.5866 0.8096
89.0000 30.9071 22.1470 -0.1041 -0.0188 0.0084 0.5877 0.8088
90.0000 31.1597 22.9154 -0.1634 -0.0190 0.0081 0.5886 0.8081
91.0000 31.4148 23.7003 -0.1750 -0.0184 0.0081 0.5895 0.8075
92.0000 31.6631 24.5028 -0.1713 -0.0180 0.0082 0.5904 0.8069
93.0000 31.9095 25.3107 -0.1714 -0.0186 0.0084 0.5913 0.8062
94.0000 32.1552 26.1192 -0.2350 -0.0193 0.0091 0.5924 0.8053
95.0000 32.4051 26.9114 -0.2759 -0.0203 0.0103 0.5936 0.8044
96.0000 32.6475 27.7142 -0.2971 -0.0205 0.0114 0.5949 0.8035
97.0000 32.8829 28.5378 -0.2975 -0.0205 0.0116 0.5962 0.8025
98.0000 33.1219 29.3659 -0.3239 -0.0204 0.0114 0.5975 0.8015
99.0000 33.3688 30.1969 -0.3679 -0.0208 0.0113 0.5988 0.8005
100.0000 33.6178 31.0232 -0.4184 -0.0219 0.0117 0.6001 0.7995
101.0000 33.8533 31.8564 -0.4651 -0.0223 0.0127 0.6014 0.7985
102.0000 34.0859 32.6970 -0.4810 -0.0221 0.0134 0.6028 0.7975
103.0000 34.3081 33.5464 -0.5014 -0.0222 0.0134 0.6041 0.7965
104.0000 34.5435 34.4012 -0.5447 -0.0225 0.0132 0.6054 0.7955
105.0000 34.7796 35.2690 -0.5934 -0.0230 0.0138 0.6068 0.7944
106.0000 35.0133 36.1380 -0.6306 -0.0243 0.0152 0.6085 0.7931
107.0000 35.2341 37.0203 -0.6730 -0.0249 0.0165 0.6104 0.7916
108.0000 35.4507 37.8858 -0.7023 -0.0251 0.0172 0.6124 0.7899
109.0000 35.6627 38.7399 -0.7328 -0.0255 0.0168 0.6145 0.7883
110.0000 35.8760 39.6195 -0.7880 -0.0263 0.0163 0.6165 0.7867
111.0000 36.0922 40.5305 -0.8675 -0.0272 0.0171 0.6185 0.7851
112.0000 36.3037 41.4291 -0.9097 -0.0276 0.0184 0.6205 0.7835
113.0000 36.5032 42.3018 -0.9393 -0.0275 0.0193 0.6226 0.7819
114.0000 36.6924 43.1822 -0.9618 -0.0279 0.0194 0.6246 0.7802
115.0000 36.8822 44.0719 -1.0398 -0.0292 0.0200 0.6266 0.7785
116.0000 37.0693 44.9743 -1.1220 -0.0298 0.0209 0.6285 0.7770
117.0000 37.2491 45.8710 -1.1788 -0.0289 0.0217 0.6304 0.7754
118.0000 37.4341 46.7557 -1.1967 -0.0283 0.0216 0.6323 0.7739
119.0000 37.6130 47.6585 -1.2304 -0.0291 0.0217 0.6344 0.7722
120.0000 37.7903 48.5631 -1.3166 -0.0301 0.0227 0.6363 0.7705
121.0000 37.9531 49.4839 -1.3943 -0.0309 0.0239 0.6383 0.7688
122.0000 38.1038 50.3816 -1.4457 -0.0316 0.0245 0.6400 0.7673
123.0000 38.2641 51.2827 -1.4953 -0.0324 0.0243 0.6417 0.7659
124.0000 38.4136 52.1950 -1.5709 -0.0326 0.0242 0.6432 0.7646
125.0000 38.5644 53.1094 -1.6431 -0.0324 0.0241 0.6448 0.7633
126.0000 38.7198 54.0261 -1.7037 -0.0326 0.0238 0.6464 0.7619
127.0000 38.8709 54.9490 -1.7636 -0.0339 0.0244 0.6482 0.7603
128.0000 39.0068 55.8777 -1.8384 -0.0342 0.0260 0.6501 0.7586
129.0000 39.1269 56.8143 -1.9023 -0.0327 0.0271 0.6521 0.7569
130.0000 39.2585 57.7381 -1.9548 -0.0330 0.0252 0.6546 0.7549
131.0000 39.3912 58.6734 -2.0393 -0.0352 0.0226 0.6574 0.7523
132.0000 39.5227 59.6239 -2.1367 -0.0369 0.0226 0.6604 0.7497
133.0000 39.6107 60.5780 -2.2077 -0.0348 0.0258 0.6630 0.7474
134.0000 39.7043 61.5345 -2.2416 -0.0328 0.0271 0.6656 0.7451
135.0000 39.8147 62.4870 -2.2979 -0.0334 0.0253 0.6683 0.7427
136.0000 39.9098 63.4352 -2.4016 -0.0345 0.0237 0.6713 0.7400
137.0000 40.0060 64.4013 -2.4989 -0.0346 0.0233 0.6742 0.7374
138.0000 40.0788 65.3852 -2.5626 -0.0327 0.0243 0.6767 0.7351
139.0000 40.1439 66.3750 -2.6039 -0.0317 0.0246 0.6792 0.7328
140.0000 40.2149 67.3571 -2.6736 -0.0330 0.0234 0.6817 0.7305
141.0000 40.2856 68.3634 -2.7679 -0.0350 0.0220 0.6841 0.7282
142.0000 40.3403 69.3638 -2.8553 -0.0351 0.0232 0.6862 0.7262
143.0000 40.3620 70.3709 -2.9202 -0.0335 0.0255 0.6881 0.7244
144.0000 40.4036 71.3673 -2.9822 -0.0328 0.0263 0.6900 0.7226
145.0000 40.4508 72.3743 -3.0489 -0.0335 0.0251 0.6922 0.7205
146.0000 40.4909 73.3892 -3.1274 -0.0340 0.0239 0.6945 0.7183
147.0000 40.5178 74.4385 -3.2109 -0.0338 0.0235 0.6966 0.7162
148.0000 40.5389 75.4725 -3.2896 -0.0333 0.0235 0.6986 0.7143
149.0000 40.5514 76.4838 -3.3671 -0.0327 0.0237 0.7006 0.7124
150.0000 40.5536 77.5051 -3.4308 -0.0329 0.0233 0.7027 0.7104
151.0000 40.5446 78.5683 -3.5041 -0.0336 0.0226 0.7046 0.7085
152.0000 40.5367 79.6342 -3.5900 -0.0340 0.0223 0.7061 0.7069
153.0000 40.5379 80.6671 -3.6623 -0.0333 0.0220 0.7072 0.7059
154.0000 40.5254 81.7083 -3.7185 -0.0325 0.0208 0.7084 0.7048
155.0000 40.5104 82.7397 -3.7750 -0.0331 0.0179 0.7101 0.7030
156.0000 40.4855 83.7969 -3.8478 -0.0321 0.0174 0.7122 0.7010
157.0000 40.4666 84.9040 -3.9005 -0.0298 0.0176 0.7143 0.6990
158.0000 40.4539 85.9864 -3.9536 -0.0298 0.0155 0.7164 0.6968
159.0000 40.4242 86.9930 -4.0065 -0.0292 0.0143 0.7187 0.6946
160.0000 40.3682 88.0194 -4.0502 -0.0267 0.0147 0.7210 0.6923
161.0000 40.3072 89.1214 -4.0870 -0.0268 0.0130 0.7233 0.6899
162.0000 40.2543 90.2105 -4.1575 -0.0267 0.0121 0.7255 0.6876
163.0000 40.1864 91.2356 -4.2213 -0.0252 0.0132 0.7276 0.6854
164.0000 40.1098 92.2903 -4.2716 -0.0255 0.0121 0.7298 0.6831
165.0000 40.0334 93.3355 -4.3052 -0.0248 0.0112 0.7319 0.6809
166.0000 39.9466 94.3851 -4.3200 -0.0228 0.0101 0.7341 0.6786
167.0000 39.8498 95.4056 -4.3410 -0.0202 0.0087 0.7362 0.6764
168.0000 39.7439 96.4721 -4.4015 -0.0196 0.0067 0.7385 0.6739
169.0000 39.6517 97.5696 -4.4661 -0.0205 0.0063 0.7408 0.6714
170.0000 39.5255 98.7002 -4.4990 -0.0193 0.0098 0.7428 0.6691
171.0000 39.3885 99.7188 -4.5081 -0.0154 0.0145 0.7446 0.6672
172.0000 39.2792 100.6656 -4.4997 -0.0118 0.0143 0.7464 0.6652
173.0000 39.1838 101.5806 -4.5150 -0.0122 0.0080 0.7487 0.6628
174.0000 39.0714 102.6472 -4.6031 -0.0190 -0.0014 0.7508 0.6603
175.0000 38.9108 103.8159 -4.6753 -0.0222 -0.0016 0.7525 0.6582
176.0000 38.7043 104.9791 -4.6537 -0.0166 0.0088 0.7542 0.6564
177.0000 38.5212 105.9837 -4.5981 -0.0079 0.0180 0.7560 0.6543
178.0000 38.4078 106.8632 -4.6206 -0.0069 0.0143 0.7580 0.6521
179.0000 38.3077 107.7240 -4.7213 -0.0132 0.0040 0.7600 0.6497
180.0000 38.1531 108.7432 -4.7899 -0.0179 -0.0006 0.7616 0.6478
181.0000 37.9276 109.9110 -4.7755 -0.0163 0.0040 0.7632 0.6460
182.0000 37.6974 111.0722 -4.7491 -0.0113 0.0113 0.7649 0.6439
183.0000 37.5043 112.2227 -4.7722 -0.0105 0.0122 0.7670 0.6414
184.0000 37.3424 113.1664 -4.8153 -0.0117 0.0102 0.7689 0.6392
185.0000 37.1573 114.1059 -4.8588 -0.0137 0.0069 0.7708 0.6369
186.0000 36.9677 115.0587 -4.8919 -0.0157 0.0037 0.7727 0.6345
187.0000 36.7377 116.1550 -4.9048 -0.0147 0.0056 0.7748 0.6320
188.0000 36.4984 117.2536 -4.8972 -0.0119 0.0097 0.7769 0.6294
189.0000 36.2440 118.3454 -4.9157 -0.0094 0.0117 0.7792 0.6266
190.0000 36.0139 119.4086 -4.9425 -0.0087 0.0097 0.7813 0.6240
191.0000 35.7707 120.4700 -4.9725 -0.0112 0.0040 0.7835 0.6212
192.0000 35.5367 121.4551 -5.0122 -0.0129 0.0020 0.7855 0.6188
193.0000 35.2596 122.5300 -5.0286 -0.0121 0.0054 0.7875 0.6162
194.0000 34.9840 123.6101 -5.0217 -0.0091 0.0104 0.7896 0.6135
195.0000 34.6793 124.6984 -5.0265 -0.0089 0.0107 0.7919 0.6106
196.0000 34.3625 125.8204 -5.0777 -0.0142 0.0058 0.7941 0.6075
197.0000 34.1285 126.6377 -5.1076 -0.0157 0.0052 0.7956 0.6055
198.0000 33.8820 127.4665 -5.1020 -0.0120 0.0065 0.7974 0.6033
199.0000 33.6237 128.3484 -5.1073 -0.0120 0.0035 0.7995 0.6005
200.0000 33.4198 129.0114 -5.1459 -0.0162 0.0016 0.8014 0.5979
201.0000 33.1555 129.7652 -5.1666 -0.0171 0.0058 0.8036 0.5949
202.0000 32.9520 130.4143 -5.1514 -0.0123 0.0125 0.8052 0.5927
203.0000 32.7458 131.0734 -5.1643 -0.0089 0.0134 0.8067 0.5907
204.0000 32.5325 131.7275 -5.2003 -0.0112 0.0076 0.8083 0.5886
205.0000 32.3235 132.3130 -5.2365 -0.0154 0.0016 0.8097 0.5866
206.0000 32.1140 132.8645 -5.2492 -0.0149 0.0029 0.8111 0.5847
207.0000 31.8836 133.4842 -5.2284 -0.0133 0.0051 0.8124 0.5829
208.0000 31.6499 134.0990 -5.2273 -0.0139 0.0058 0.8135 0.5814
209.0000 31.4116 134.7254 -5.2651 -0.0161 0.0066 0.8148 0.5795
210.0000 31.1983 135.3155 -5.2866 -0.0152 0.0092 0.8161 0.5776
211.0000 30.9942 135.8922 -5.2877 -0.0098 0.0126 0.8173 0.5760
212.0000 30.7623 136.4840 -5.2859 -0.0078 0.0085 0.8186 0.5742
213.0000 30.5454 137.0115 -5.3244 -0.0119 -0.0000 0.8199 0.5724
214.0000 30.2982 137.5996 -5.3681 -0.0141 0.0006 0.8212 0.5704
215.0000 29.9169 138.5034 -5.3491 -0.0126 0.0097 0.8230 0.5678
216.0000 29.5130 139.4759 -5.3166 -0.0087 0.0183 0.8243 0.5658
217.0000 29.1162 140.5027 -5.3457 -0.0099 0.0148 0.8251 0.5646
218.0000 28.6889 141.6178 -5.4252 -0.0147 0.0050 0.8259 0.5636
219.0000 28.2538 142.7412 -5.4942 -0.0172 -0.0018 0.8266 0.5625
220.0000 27.8494 143.7273 -5.5142 -0.0160 -0.0011 0.8273 0.5615
221.0000 27.4755 144.6905 -5.5085 -0.0149 0.0039 0.8281 0.5603
222.0000 27.0825 145.6403 -5.4977 -0.0118 0.0125 0.8287 0.5594
223.0000 26.6358 146.6569 -5.4833 -0.0067 0.0170 0.8292 0.5587
224.0000 26.2065 147.6941 -5.5280 -0.0088 0.0072 0.8297 0.5580
225.0000 25.7415 148.8885 -5.6239 -0.0152 -0.0048 0.8304 0.5569
226.0000 25.2757 150.0719 -5.6759 -0.0194 -0.0072 0.8309 0.5560
227.0000 24.8194 151.0656 -5.6293 -0.0129 0.0060 0.8318 0.5550
228.0000 24.4268 151.9239 -5.5687 -0.0065 0.0156 0.8324 0.5539
229.0000 24.0475 152.8182 -5.6113 -0.0101 0.0098 0.8331 0.5530
230.0000 23.6512 153.7265 -5.7048 -0.0170 0.0005 0.8333 0.5526
231.0000 23.2437 154.6498 -5.7659 -0.0217 -0.0034 0.8333 0.5523
232.0000 22.6625 156.0551 -5.7718 -0.0195 0.0026 0.8342 0.5511
233.0000 22.0910 157.4567 -5.7272 -0.0099 0.0155 0.8353 0.5495
234.0000 21.4952 158.8595 -5.7246 -0.0046 0.0175 0.8362 0.5481
235.0000 20.9791 160.0195 -5.8051 -0.0110 0.0033 0.8369 0.5473
236.0000 20.4823 161.1472 -5.9040 -0.0187 -0.0080 0.8371 0.5466
237.0000 19.9910 162.2185 -5.9259 -0.0169 -0.0026 0.8376 0.5460
238.0000 19.5886 163.1001 -5.8829 -0.0132 0.0069 0.8381 0.5454
239.0000 19.1698 163.9849 -5.8555 -0.0105 0.0133 0.8384 0.5448
240.0000 18.7727 164.8362 -5.8860 -0.0119 0.0109 0.8385 0.5446
241.0000 18.3764 165.6984 -5.9664 -0.0170 0.0024 0.8387 0.5444
242.0000 17.8978 166.7585 -6.0268 -0.0190 -0.0001 0.8392 0.5436
243.0000 17.4035 167.8861 -6.0278 -0.0164 0.0047 0.8397 0.5428
244.0000 16.8830 169.0162 -6.0093 -0.0121 0.0113 0.8401 0.5422
245.0000 16.3899 170.0773 -6.0113 -0.0109 0.0123 0.8404 0.5418
246.0000 15.8786 171.2138 -6.0652 -0.0120 0.0089 0.8405 0.5417
247.0000 15.3807 172.3408 -6.1296 -0.0145 0.0033 0.8404 0.5418
248.0000 14.8731 173.4523 -6.1727 -0.0175 -0.0010 0.8403 0.5418
249.0000 14.3861 174.4695 -6.1759 -0.0183 0.0009 0.8402 0.5420
250.0000 13.9147 175.4746 -6.1623 -0.0168 0.0067 0.8401 0.5421
251.0000 13.4438 176.5109 -6.1865 -0.0148 0.0100 0.8399 0.5425
252.0000 12.9717 177.5359 -6.2287 -0.0152 0.0061 0.8393 0.5434
253.0000 12.4896 178.6091 -6.2745 -0.0156 -0.0006 0.8389 0.5440
254.0000 11.9846 179.7798 -6.3039 -0.0174 -0.0075 0.8389 0.5439
255.0000 11.4438 181.0034 -6.3120 -0.0180 -0.0067 0.8389 0.5439
256.0000 10.8850 182.2142 -6.3280 -0.0157 0.0014 0.8388 0.5442
257.0000 10.4212 183.2186 -6.3223 -0.0121 0.0082 0.8386 0.5446
258.0000 10.0137 184.1152 -6.3269 -0.0110 0.0070 0.8384 0.5449
259.0000 9.6223 184.9954 -6.3515 -0.0128 0.0011 0.8382 0.5452
260.0000 9.2387 185.8453 -6.3774 -0.0148 -0.0039 0.8380 0.5454
261.0000 8.8693 186.6995 -6.3900 -0.0163 -0.0045 0.8380 0.5455
262.0000 8.4739 187.5822 -6.3923 -0.0134 0.0031 0.8380 0.5455
263.0000 8.0381 188.5289 -6.4033 -0.0102 0.0084 0.8381 0.5454
264.0000 7.6160 189.5090 -6.4142 -0.0082 0.0073 0.8383 0.5451
265.0000 7.1998 190.4663 -6.4278 -0.0097 0.0018 0.8383 0.5452
266.0000 6.7685 191.3966 -6.4528 -0.0128 -0.0022 0.8382 0.5453
267.0000 6.3330 192.3289 -6.4549 -0.0120 0.0006 0.8382 0.5452
268.0000 5.9070 193.2878 -6.4450 -0.0117 0.0026 0.8381 0.5453
269.0000 5.4801 194.2292 -6.4691 -0.0141 0.0022 0.8379 0.5456
270.0000 5.0392 195.2199 -6.4939 -0.0140 0.0034 0.8379 0.5457
271.0000 4.6087 196.2029 -6.5132 -0.0137 0.0031 0.8380 0.5455
272.0000 4.1706 197.1902 -6.5303 -0.0116 0.0034 0.8384 0.5449
273.0000 3.7862 198.0744 -6.5265 -0.0134 -0.0031 0.8386 0.5446
274.0000 3.3623 199.0069 -6.5504 -0.0163 -0.0074 0.8385 0.5446
275.0000 2.9067 199.9968 -6.5766 -0.0161 -0.0039 0.8385 0.5447
276.0000 2.4527 201.0095 -6.5806 -0.0114 0.0036 0.8388 0.5443
277.0000 1.9555 202.1190 -6.5761 -0.0102 0.0019 0.8390 0.5440
278.0000 1.5034 203.1299 -6.5826 -0.0137 -0.0040 0.8390 0.5439
279.0000 1.0838 204.0565 -6.6218 -0.0173 -0.0035 0.8392 0.5435
280.0000 0.6718 204.9568 -6.6477 -0.0149 0.0043 0.8394 0.5433
281.0000 0.2471 205.8410 -6.6578 -0.0098 0.0094 0.8399 0.5426
282.0000 -0.1447 206.7149 -6.6407 -0.0089 0.0022 0.8400 0.5425
283.0000 -0.5319 207.6080 -6.6655 -0.0128 -0.0066 0.8399 0.5425
284.0000 -0.9405 208.5156 -6.7057 -0.0151 -0.0058 0.8399 0.5424
285.0000 -1.4383 209.5916 -6.7084 -0.0122 0.0038 0.8402 0.5422
286.0000 -1.9525 210.6917 -6.6914 -0.0084 0.0097 0.8402 0.5421
287.0000 -2.4193 211.6841 -6.7092 -0.0086 0.0036 0.8401 0.5424
288.0000 -2.8725 212.7063 -6.7493 -0.0124 -0.0073 0.8396 0.5429
289.0000 -3.3432 213.7717 -6.7849 -0.0165 -0.0112 0.8392 0.5435
290.0000 -3.7372 214.6621 -6.7972 -0.0167 -0.0025 0.8388 0.5441
291.0000 -4.1126 215.4485 -6.7825 -0.0114 0.0118 0.8387 0.5443
292.0000 -4.5259 216.3209 -6.7712 -0.0075 0.0155 0.8385 0.5446
293.0000 -5.0263 217.4463 -6.7793 -0.0102 0.0034 0.8384 0.5450
294.0000 -5.4963 218.5235 -6.8304 -0.0163 -0.0083 0.8380 0.5454
295.0000 -5.9705 219.6151 -6.8814 -0.0183 -0.0076 0.8375 0.5461
296.0000 -6.3989 220.5696 -6.8876 -0.0124 0.0038 0.8374 0.5465
297.0000 -6.7973 221.4564 -6.8727 -0.0086 0.0055 0.8373 0.5467
298.0000 -7.1945 222.3411 -6.8662 -0.0103 -0.0002 0.8370 0.5471
299.0000 -7.5989 223.2405 -6.8799 -0.0137 -0.0042 0.8367 0.5475
300.0000 -8.0831 224.3384 -6.9032 -0.0139 -0.0010 0.8363 0.5481
301.0000 -8.5781 225.4474 -6.9188 -0.0127 0.0041 0.8360 0.5485
302.0000 -9.0190 226.4950 -6.9368 -0.0138 0.0036 0.8357 0.5491
303.0000 -9.4311 227.4601 -6.9646 -0.0139 0.0032 0.8354 0.5495
304.0000 -9.8510 228.3926 -6.9723 -0.0116 0.0053 0.8353 0.5497
305.0000 -10.2756 229.3447 -6.9877 -0.0110 0.0051 0.8351 0.5500
306.0000 -10.6785 230.3144 -7.0049 -0.0117 0.0037 0.8348 0.5505
307.0000 -11.0886 231.2897 -7.0380 -0.0119 0.0033 0.8345 0.5508
308.0000 -11.5333 232.2978 -7.0543 -0.0119 0.0032 0.8344 0.5511
309.0000 -12.0138 233.4320 -7.0566 -0.0127 0.0016 0.8340 0.5516
310.0000 -12.4403 234.3822 -7.0676 -0.0123 0.0029 0.8337 0.5520
311.0000 -12.8530 235.3388 -7.0663 -0.0129 0.0042 0.8333 0.5526
312.0000 -13.2287 236.2108 -7.0852 -0.0132 0.0078 0.8333 0.5527
313.0000 -13.6602 237.2282 -7.1089 -0.0133 0.0092 0.8332 0.5528
314.0000 -14.0819 238.2209 -7.1495 -0.0134 0.0065 0.8329 0.5532
315.0000 -14.4759 239.1974 -7.1755 -0.0133 0.0017 0.8324 0.5541
316.0000 -14.8855 240.1910 -7.1702 -0.0119 0.0010 0.8320 0.5547
317.0000 -15.2785 241.1066 -7.1773 -0.0103 0.0040 0.8318 0.5550
318.0000 -15.6712 242.0453 -7.2058 -0.0101 0.0056 0.8317 0.5551
319.0000 -16.0911 243.0815 -7.2296 -0.0102 0.0056 0.8313 0.5557
320.0000 -16.5131 244.0567 -7.2308 -0.0081 0.0055 0.8310 0.5562
321.0000 -16.8895 244.9611 -7.2201 -0.0058 0.0020 0.8306 0.5569
322.0000 -17.2953 245.9469 -7.1935 -0.0058 -0.0030 0.8301 0.5576
323.0000 -17.6866 246.9047 -7.2172 -0.0058 -0.0031 0.8298 0.5580
324.0000 -18.0765 247.8620 -7.2340 -0.0048 -0.0016 0.8296 0.5583
325.0000 -18.4377 248.7818 -7.2393 -0.0033 -0.0018 0.8293 0.5589
326.0000 -18.8190 249.7151 -7.2093 -0.0010 -0.0032 0.8290 0.5592
327.0000 -19.1984 250.6436 -7.1760 0.0016 -0.0042 0.8288 0.5596
328.0000 -19.5597 251.5214 -7.1667 0.0027 -0.0064 0.8286 0.5598
329.0000 -19.9293 252.4336 -7.1442 0.0036 -0.0069 0.8284 0.5601
330.0000 -20.2856 253.3490 -7.1422 0.0035 -0.0061 0.8281 0.5606
331.0000 -20.6590 254.2706 -7.1331 0.0039 -0.0049 0.8278 0.5610
332.0000 -21.0177 255.1648 -7.1045 0.0055 -0.0060 0.8276 0.5613
333.0000 -21.3810 256.0622 -7.0442 0.0070 -0.0074 0.8273 0.5616
334.0000 -21.7393 256.9510 -7.0015 0.0080 -0.0076 0.8271 0.5620
335.0000 -22.0824 257.8082 -6.9900 0.0089 -0.0081 0.8268 0.5623
336.0000 -22.4137 258.6785 -6.9672 0.0095 -0.0100 0.8266 0.5626
337.0000 -22.7672 259.5439 -6.8943 0.0108 -0.0101 0.8265 0.5628
338.0000 -23.1408 260.4357 -6.8533 0.0117 -0.0088 0.8263 0.5631
339.0000 -23.4792 261.2877 -6.8256 0.0119 -0.0074 0.8261 0.5633
340.0000 -23.7905 262.1174 -6.8112 0.0106 -0.0083 0.8259 0.5636
341.0000 -24.1122 262.9579 -6.7770 0.0094 -0.0097 0.8256 0.5641
342.0000 -24.4510 263.8047 -6.7314 0.0099 -0.0090 0.8255 0.5643
343.0000 -24.7722 264.6006 -6.6851 0.0104 -0.0079 0.8254 0.5644
344.0000 -25.0941 265.4047 -6.6646 0.0103 -0.0071 0.8254 0.5644
345.0000 -25.4111 266.2082 -6.6429 0.0099 -0.0066 0.8255 0.5642
346.0000 -25.7215 267.0253 -6.6062 0.0103 -0.0072 0.8257 0.5640
347.0000 -26.0384 267.8400 -6.5722 0.0122 -0.0072 0.8258 0.5638
348.0000 -26.3477 268.6245 -6.5319 0.0134 -0.0075 0.8258 0.5638
349.0000 -26.6551 269.3912 -6.4923 0.0127 -0.0072 0.8259 0.5637
350.0000 -26.9630 270.1592 -6.4734 0.0115 -0.0060 0.8262 0.5633
351.0000 -27.2643 270.9124 -6.4484 0.0110 -0.0055 0.8263 0.5630
352.0000 -27.5557 271.6602 -6.4133 0.0108 -0.0062 0.8263 0.5630
353.0000 -27.8545 272.4209 -6.3755 0.0104 -0.0073 0.8264 0.5630
354.0000 -28.1703 273.1635 -6.3458 0.0102 -0.0074 0.8264 0.5629
355.0000 -28.4532 273.8873 -6.3215 0.0103 -0.0075 0.8265 0.5627
356.0000 -28.7359 274.6102 -6.2761 0.0108 -0.0077 0.8267 0.5625
357.0000 -29.0244 275.3397 -6.2503 0.0105 -0.0081 0.8268 0.5623
358.0000 -29.3170 276.0464 -6.2302 0.0103 -0.0079 0.8269 0.5622
359.0000 -29.5905 276.7357 -6.2185 0.0100 -0.0077 0.8270 0.5621
360.0000 -29.8679 277.4464 -6.1918 0.0100 -0.0076 0.8271 0.5620
361.0000 -30.1456 278.1438 -6.1644 0.0100 -0.0072 0.8272 0.5618
362.0000 -30.4218 278.8338 -6.1151 0.0100 -0.0066 0.8272 0.5617
363.0000 -30.7011 279.5136 -6.0875 0.0095 -0.0055 0.8273 0.5617
364.0000 -30.9623 280.1791 -6.0849 0.0084 -0.0045 0.8274 0.5615
365.0000 -31.2231 280.8539 -6.0740 0.0073 -0.0039 0.8275 0.5614
366.0000 -31.4872 281.5167 -6.0535 0.0069 -0.0034 0.8275 0.5614
367.0000 -31.7551 282.1558 -6.0136 0.0074 -0.0029 0.8275 0.5613
368.0000 -32.0047 282.7841 -5.9903 0.0074 -0.0032 0.8276 0.5613
369.0000 -32.2631 283.4368 -5.9760 0.0065 -0.0040 0.8276 0.5613
370.0000 -32.5300 284.0810 -5.9698 0.0053 -0.0042 0.8276 0.5613
371.0000 -32.7840 284.6980 -5.9571 0.0041 -0.0036 0.8276 0.5613
372.0000 -33.0276 285.3057 -5.9329 0.0041 -0.0032 0.8277 0.5611
373.0000 -33.2723 285.9175 -5.9062 0.0050 -0.0035 0.8277 0.5611
374.0000 -33.5080 286.5076 -5.8916 0.0057 -0.0038 0.8277 0.5612
375.0000 -33.7463 287.0915 -5.8898 0.0054 -0.0041 0.8277 0.5612
376.0000 -33.9814 287.6660 -5.8832 0.0046 -0.0040 0.8278 0.5610
377.0000 -34.2095 288.2342 -5.8741 0.0034 -0.0038 0.8279 0.5609
378.0000 -34.4314 288.7818 -5.8567 0.0026 -0.0026 0.8279 0.5608
379.0000 -34.6519 289.3377 -5.8357 0.0018 -0.0020 0.8280 0.5607
380.0000 -34.8771 289.8859 -5.8242 0.0011 -0.0021 0.8280 0.5607
381.0000 -35.0935 290.4070 -5.8185 0.0005 -0.0022 0.8280 0.5607
382.0000 -35.2928 290.9273 -5.8152 0.0003 -0.0022 0.8281 0.5606
383.0000 -35.4974 291.4361 -5.8067 0.0001 -0.0022 0.8281 0.5606
384.0000 -35.7144 291.9373 -5.7991 -0.0005 -0.0022 0.8281 0.5606
385.0000 -35.9145 292.4359 -5.7968 -0.0012 -0.0024 0.8280 0.5607
386.0000 -36.1079 292.9150 -5.7947 -0.0020 -0.0022 0.8279 0.5609
387.0000 -36.2931 293.3840 -5.7885 -0.0027 -0.0015 0.8277 0.5612
388.0000 -36.4765 293.8487 -5.7867 -0.0033 -0.0008 0.8276 0.5614
389.0000 -36.6545 294.2919 -5.7834 -0.0035 -0.0002 0.8273 0.5617
390.0000 -36.8242 294.7082 -5.7644 -0.0037 -0.0001 0.8272 0.5619
391.0000 -36.9947 295.1316 -5.7619 -0.0039 -0.0005 0.8269 0.5624
392.0000 -37.1467 295.5359 -5.7673 -0.0042 -0.0008 0.8266 0.5628
393.0000 -37.3002 295.9182 -5.7715 -0.0044 -0.0005 0.8263 0.5632
394.0000 -37.4403 296.2914 -5.7666 -0.0046 0.0002 0.8262 0.5634
395.0000 -37.5811 296.6452 -5.7577 -0.0047 0.0008 0.8260 0.5637
396.0000 -37.7199 296.9758 -5.7519 -0.0049 0.0013 0.8257 0.5641
397.0000 -37.8538 297.3012 -5.7488 -0.0053 0.0015 0.8255 0.5643
398.0000 -37.9781 297.6127 -5.7538 -0.0064 0.0011 0.8254 0.5646
399.0000 -38.0844 297.8931 -5.7596 -0.0071 0.0009 0.8252 0.5649
400.0000 -38.1823 298.1602 -5.7491 -0.0073 0.0011 0.8251 0.5650
401.0000 -38.2861 298.4007 -5.7481 -0.0073 0.0017 0.8250 0.5651
402.0000 -38.3673 298.6197 -5.7456 -0.0076 0.0022 0.8249 0.5653
403.0000 -38.4405 298.8208 -5.7430 -0.0076 0.0022 0.8246 0.5656
404.0000 -38.5108 299.0077 -5.7443 -0.0076 0.0021 0.8245 0.5659
405.0000 -38.5831 299.1836 -5.7368 -0.0081 0.0022 0.8245 0.5658
406.0000 -38.6388 299.3212 -5.7370 -0.0082 0.0025 0.8245 0.5659
407.0000 -38.6841 299.4506 -5.7369 -0.0078 0.0025 0.8243 0.5662
408.0000 -38.7261 299.5629 -5.7349 -0.0076 0.0022 0.8241 0.5664
409.0000 -38.7781 299.6778 -5.7379 -0.0076 0.0018 0.8241 0.5664
410.0000 -38.8191 299.7762 -5.7450 -0.0075 0.0016 0.8241 0.5664
411.0000 -38.8449 299.8629 -5.7435 -0.0073 0.0014 0.8239 0.5666
412.0000 -38.8789 299.9555 -5.7391 -0.0070 0.0013 0.8238 0.5668
413.0000 -38.9079 300.0322 -5.7415 -0.0067 0.0014 0.8238 0.5668
414.0000 -38.9350 300.0937 -5.7474 -0.0067 0.0014 0.8238 0.5669
415.0000 -38.9538 300.1445 -5.7517 -0.0069 0.0013 0.8237 0.5669
416.0000 -38.9642 300.1748 -5.7489 -0.0069 0.0013 0.8237 0.5670
417.0000 -38.9709 300.2000 -5.7474 -0.0067 0.0014 0.8237 0.5669
418.0000 -38.9785 300.2145 -5.7429 -0.0066 0.0014 0.8237 0.5670
419.0000 -38.9826 300.2287 -5.7446 -0.0066 0.0014 0.8237 0.5670
420.0000 -38.9848 300.2297 -5.7442 -0.0067 0.0014 0.8237 0.5670
421.0000 -38.9837 300.2250 -5.7439 -0.0067 0.0014 0.8237 0.5670
422.0000 -38.9804 300.2196 -5.7394 -0.0065 0.0012 0.8237 0.5670
423.0000 -38.9789 300.2148 -5.7334 -0.0060 0.0010 0.8237 0.5670
424.0000 -38.9790 300.2183 -5.7414 -0.0057 0.0008 0.8237 0.5671
425.0000 -38.9852 300.2247 -5.7520 -0.0058 0.0009 0.8237 0.5671
426.0000 -38.9848 300.2263 -5.7523 -0.0059 0.0008 0.8237 0.5670
427.0000 -38.9835 300.2211 -5.7488 -0.0059 0.0008 0.8237 0.5670
428.0000 -38.9854 300.2176 -5.7482 -0.0058 0.0008 0.8237 0.5670
429.0000 -38.9867 300.2218 -5.7510 -0.0057 0.0008 0.8236 0.5671
430.0000 -38.9841 300.2253 -5.7517 -0.0057 0.0008 0.8236 0.5671
431.0000 -38.9798 300.2275 -5.7522 -0.0057 0.0008 0.8237 0.5670
432.0000 -38.9803 300.2236 -5.7507 -0.0058 0.0008 0.8237 0.5670
433.0000 -38.9796 300.2241 -5.7492 -0.0058 0.0009 0.8237 0.5670
434.0000 -38.9819 300.2259 -5.7479 -0.0058 0.0008 0.8237 0.5670
435.0000 -38.9840 300.2245 -5.7513 -0.0057 0.0008 0.8237 0.5671
436.0000 -38.9835 300.2248 -5.7536 -0.0057 0.0008 0.8237 0.5671
437.0000 -38.9827 300.2235 -5.7512 -0.0057 0.0008 0.8237 0.5670
438.0000 -38.9837 300.2252 -5.7508 -0.0057 0.0009 0.8237 0.5670
439.0000 -38.9812 300.2261 -5.7518 -0.0057 0.0008 0.8237 0.5670
440.0000 -38.9806 300.2200 -5.7506 -0.0057 0.0009 0.8237 0.5670
441.0000 -38.9818 300.2237 -5.7500 -0.0057 0.0008 0.8237 0.5670
442.0000 -38.9818 300.2243 -5.7519 -0.0057 0.0008 0.8237 0.5670
443.0000 -38.9829 300.2242 -5.7507 -0.0057 0.0008 0.8237 0.5670
444.0000 -38.9817 300.2210 -5.7503 -0.0057 0.0008 0.8237 0.5670
445.0000 -38.9794 300.2200 -5.7515 -0.0057 0.0008 0.8237 0.5670
446.0000 -38.9818 300.2212 -5.7501 -0.0057 0.0008 0.8237 0.5670
447.0000 -38.9849 300.2274 -5.7510 -0.0057 0.0009 0.8237 0.5671
448.0000 -38.9850 300.2287 -5.7523 -0.0057 0.0008 0.8237 0.5671
449.0000 -38.9826 300.2191 -5.7503 -0.0057 0.0008 0.8237 0.5670
450.0000 -38.9807 300.2236 -5.7489 -0.0057 0.0009 0.8237 0.5670
451.0000 -38.9819 300.2289 -5.7507 -0.0057 0.0009 0.8237 0.5670
452.0000 -38.9846 300.2328 -5.7517 -0.0057 0.0008 0.8237 0.5670
453.0000 -38.9852 300.2217 -5.7533 -0.0057 0.0008 0.8237 0.5670
454.0000 -38.9814 300.2196 -5.7530 -0.0057 0.0008 0.8237 0.5670
455.0000 -38.9795 300.2220 -5.7518 -0.0057 0.0008 0.8237 0.5670
456.0000 -38.9791 300.2230 -5.7521 -0.0057 0.0009 0.8237 0.5670
457.0000 -38.9812 300.2236 -5.7523 -0.0057 0.0008 0.8237 0.5671
458.0000 -38.9839 300.2259 -5.7524 -0.0057 0.0008 0.8237 0.5670
459.0000 -38.9834 300.2242 -5.7497 -0.0058 0.0007 0.8237 0.5670
460.0000 -38.9829 300.2275 -5.7477 -0.0058 0.0005 0.8237 0.5670
461.0000 -38.9791 300.2286 -5.7491 -0.0058 0.0004 0.8237 0.5670
462.0000 -38.9767 300.2280 -5.7494 -0.0058 0.0005 0.8237 0.5670
463.0000 -38.9802 300.2224 -5.7463 -0.0057 0.0007 0.8237 0.5670
464.0000 -38.9811 300.2170 -5.7482 -0.0058 0.0007 0.8237 0.5670
465.0000 -38.9782 300.2223 -5.7512 -0.0058 0.0006 0.8237 0.5670
466.0000 -38.9780 300.2266 -5.7512 -0.0058 0.0005 0.8237 0.5670
467.0000 -38.9772 300.2243 -5.7497 -0.0058 0.0005 0.8237 0.5670
468.0000 -38.9798 300.2297 -5.7477 -0.0058 0.0006 0.8237 0.5670
469.0000 -38.9794 300.2251 -5.7495 -0.0058 0.0006 0.8237 0.5670
470.0000 -38.9806 300.2199 -5.7478 -0.0058 0.0007 0.8237 0.5670
471.0000 -38.9807 300.2268 -5.7484 -0.0058 0.0006 0.8237 0.5670
472.0000 -38.9760 300.2264 -5.7516 -0.0058 0.0006 0.8237 0.5670
473.0000 -38.9769 300.2255 -5.7510 -0.0058 0.0006 0.8237 0.5670
474.0000 -38.9777 300.2221 -5.7499 -0.0058 0.0006 0.8237 0.5670
475.0000 -38.9809 300.2235 -5.7472 -0.0058 0.0006 0.8237 0.5670
476.0000 -38.9814 300.2262 -5.7503 -0.0058 0.0006 0.8237 0.5670
477.0000 -38.9784 300.2240 -5.7489 -0.0058 0.0007 0.8237 0.5670
478.0000 -38.9819 300.2280 -5.7491 -0.0057 0.0008 0.8237 0.5670
479.0000 -38.9851 300.2279 -5.7514 -0.0057 0.0008 0.8237 0.5670
480.0000 -38.9839 300.2220 -5.7508 -0.0057 0.0008 0.8237 0.5670
481.0000 -38.9802 300.2189 -5.7503 -0.0057 0.0008 0.8237 0.5670
482.0000 -38.9805 300.2208 -5.7529 -0.0057 0.0007 0.8237 0.5670
483.0000 -38.9794 300.2235 -5.7529 -0.0057 0.0008 0.8237 0.5670
484.0000 -38.9807 300.2259 -5.7533 -0.0057 0.0007 0.8237 0.5671
485.0000 -38.9788 300.2232 -5.7511 -0.0057 0.0008 0.8236 0.5671
486.0000 -38.9805 300.2249 -5.7512 -0.0057 0.0008 0.8237 0.5670
487.0000 -38.9808 300.2236 -5.7513 -0.0057 0.0008 0.8237 0.5670
488.0000 -38.9788 300.2245 -5.7530 -0.0057 0.0008 0.8237 0.5670
489.0000 -38.9802 300.2241 -5.7542 -0.0057 0.0008 0.8237 0.5670
490.0000 -38.9860 300.2268 -5.7516 -0.0057 0.0008 0.8237 0.5670
491.0000 -38.9841 300.2261 -5.7497 -0.0057 0.0008 0.8237 0.5670
492.0000 -38.9819 300.2251 -5.7516 -0.0057 0.0008 0.8237 0.5670
493.0000 -38.9804 300.2276 -5.7535 -0.0057 0.0007 0.8237 0.5670
494.0000 -38.9812 300.2255 -5.7537 -0.0057 0.0007 0.8237 0.5670
495.0000 -38.9807 300.2194 -5.7520 -0.0057 0.0008 0.8237 0.5670
496.0000 -38.9802 300.2200 -5.7531 -0.0057 0.0008 0.8237 0.5670
497.0000 -38.9830 300.2247 -5.7522 -0.0057 0.0008 0.8237 0.5670
498.0000 -38.9846 300.2252 -5.7537 -0.0057 0.0008 0.8237 0.5670
499.0000 -38.9848 300.2273 -5.7531 -0.0057 0.0008 0.8237 0.5670
500.0000 -38.9852 300.2262 -5.7520 -0.0057 0.0008 0.8237 0.5670
501.0000 -38.9843 300.2226 -5.7508 -0.0057 0.0008 0.8237 0.5670
502.0000 -38.9812 300.2212 -5.7510 -0.0057 0.0008 0.8237 0.5670
503.0000 -38.9825 300.2253 -5.7528 -0.0057 0.0008 0.8237 0.5670
504.0000 -38.9837 300.2261 -5.7544 -0.0057 0.0008 0.8237 0.5671
505.0000 -38.9837 300.2259 -5.7523 -0.0057 0.0008 0.8237 0.5671
506.0000 -38.9814 300.2196 -5.7525 -0.0057 0.0008 0.8237 0.5670
507.0000 -38.9827 300.2245 -5.7524 -0.0057 0.0009 0.8237 0.5670
508.0000 -38.9849 300.2231 -5.7556 -0.0057 0.0008 0.8237 0.5670
509.0000 -38.9867 300.2259 -5.7549 -0.0057 0.0007 0.8237 0.5670
510.0000 -38.9835 300.2212 -5.7520 -0.0057 0.0007 0.8237 0.5670
511.0000 -38.9801 300.2164 -5.7501 -0.0057 0.0008 0.8237 0.5670
512.0000 -38.9804 300.2196 -5.7522 -0.0057 0.0008 0.8237 0.5670
513.0000 -38.9809 300.2223 -5.7533 -0.0057 0.0008 0.8237 0.5670
514.0000 -38.9836 300.2266 -5.7515 -0.0057 0.0008 0.8237 0.5670
515.0000 -38.9850 300.2269 -5.7522 -0.0057 0.0008 0.8237 0.5670
516.0000 -38.9810 300.2237 -5.7523 -0.0057 0.0008 0.8237 0.5670
517.0000 -38.9804 300.2232 -5.7529 -0.0057 0.0008 0.8237 0.5670
518.0000 -38.9791 300.2243 -5.7522 -0.0057 0.0007 0.8237 0.5671
519.0000 -38.9824 300.2247 -5.7502 -0.0056 0.0007 0.8237 0.5671
520.0000 -38.9862 300.2299 -5.7456 -0.0056 0.0008 0.8237 0.5671
521.0000 -38.9876 300.2395 -5.7466 -0.0055 0.0007 0.8237 0.5671
522.0000 -38.9962 300.2566 -5.7469 -0.0054 0.0006 0.8237 0.5671
523.0000 -39.0093 300.2785 -5.7402 -0.0051 0.0006 0.8236 0.5671
524.0000 -39.0277 300.3244 -5.7371 -0.0041 0.0002 0.8236 0.5672
525.0000 -39.0476 300.3656 -5.7477 -0.0034 -0.0002 0.8236 0.5672
526.0000 -39.0673 300.4207 -5.7502 -0.0034 -0.0003 0.8235 0.5673
527.0000 -39.0899 300.4804 -5.7524 -0.0037 -0.0002 0.8235 0.5673
528.0000 -39.1158 300.5557 -5.7453 -0.0036 -0.0003 0.8235 0.5673
529.0000 -39.1484 300.6371 -5.7464 -0.0033 -0.0005 0.8235 0.5673
530.0000 -39.1806 300.7320 -5.7517 -0.0031 -0.0007 0.8234 0.5674
531.0000 -39.2237 300.8453 -5.7545 -0.0031 -0.0007 0.8234 0.5675
532.0000 -39.2732 300.9649 -5.7532 -0.0033 -0.0007 0.8233 0.5677
533.0000 -39.3263 301.0850 -5.7514 -0.0033 -0.0006 0.8232 0.5677
534.0000 -39.3777 301.2282 -5.7462 -0.0029 -0.0007 0.8231 0.5679
535.0000 -39.4292 301.3831 -5.7479 -0.0027 -0.0009 0.8230 0.5680
536.0000 -39.4834 301.5474 -5.7568 -0.0024 -0.0007 0.8230 0.5680
537.0000 -39.5458 301.7273 -5.7559 -0.0021 -0.0004 0.8230 0.5681
538.0000 -39.6168 301.9187 -5.7430 -0.0017 -0.0002 0.8228 0.5683
539.0000 -39.7011 302.1028 -5.7404 -0.0018 -0.0005 0.8227 0.5684
540.0000 -39.7812 302.2960 -5.7496 -0.0024 -0.0013 0.8227 0.5685
541.0000 -39.8675 302.5085 -5.7638 -0.0029 -0.0021 0.8225 0.5687
542.0000 -39.9510 302.7277 -5.7723 -0.0027 -0.0019 0.8223 0.5690
543.0000 -40.0293 302.9620 -5.7736 -0.0024 -0.0008 0.8221 0.5694
544.0000 -40.1164 303.2180 -5.7472 -0.0026 0.0006 0.8219 0.5697
545.0000 -40.2084 303.4636 -5.7313 -0.0031 0.0009 0.8217 0.5699
546.0000 -40.3092 303.7248 -5.7488 -0.0040 0.0007 0.8216 0.5701
547.0000 -40.4159 303.9990 -5.7727 -0.0048 0.0006 0.8213 0.5704
548.0000 -40.5151 304.2846 -5.7723 -0.0050 0.0010 0.8211 0.5707
549.0000 -40.6152 304.5780 -5.7564 -0.0052 0.0018 0.8209 0.5710
550.0000 -40.7327 304.8682 -5.7413 -0.0061 0.0023 0.8207 0.5713
551.0000 -40.8522 305.1778 -5.7530 -0.0067 0.0019 0.8205 0.5716
552.0000 -40.9702 305.4992 -5.7742 -0.0062 0.0013 0.8203 0.5719
553.0000 -41.0786 305.8237 -5.7787 -0.0053 0.0012 0.8201 0.5722
554.0000 -41.1917 306.1471 -5.7733 -0.0054 0.0019 0.8200 0.5724
555.0000 -41.3155 306.4781 -5.7619 -0.0063 0.0027 0.8198 0.5726
556.0000 -41.4466 306.8098 -5.7647 -0.0077 0.0033 0.8196 0.5729
557.0000 -41.5798 307.1382 -5.7795 -0.0087 0.0039 0.8194 0.5732
558.0000 -41.6999 307.4765 -5.7892 -0.0092 0.0041 0.8192 0.5735
559.0000 -41.8000 307.7760 -5.7895 -0.0094 0.0045 0.8190 0.5736
560.0000 -41.9097 308.0840 -5.7917 -0.0099 0.0052 0.8190 0.5737
561.0000 -42.0210 308.3963 -5.7846 -0.0102 0.0058 0.8188 0.5740
562.0000 -42.1373 308.7200 -5.7810 -0.0101 0.0058 0.8185 0.5743
563.0000 -42.2665 309.0361 -5.7924 -0.0099 0.0054 0.8183 0.5746
564.0000 -42.3829 309.3467 -5.8129 -0.0101 0.0052 0.8183 0.5747
565.0000 -42.4940 309.6535 -5.8117 -0.0103 0.0050 0.8182 0.5748
566.0000 -42.6125 309.9659 -5.8174 -0.0105 0.0049 0.8181 0.5750
567.0000 -42.7340 310.2934 -5.8258 -0.0106 0.0050 0.8179 0.5752
568.0000 -42.8467 310.6061 -5.8277 -0.0106 0.0051 0.8178 0.5753
569.0000 -42.9575 310.9225 -5.8275 -0.0102 0.0047 0.8178 0.5754
570.0000 -43.0747 311.2465 -5.8319 -0.0098 0.0040 0.8178 0.5754
571.0000 -43.1994 311.5705 -5.8376 -0.0098 0.0036 0.8178 0.5754
572.0000 -43.3143 311.8961 -5.8447 -0.0098 0.0036 0.8177 0.5756
573.0000 -43.4284 312.2231 -5.8521 -0.0098 0.0035 0.8175 0.5758
574.0000 -43.5529 312.5517 -5.8560 -0.0098 0.0034 0.8175 0.5758
575.0000 -43.6771 312.8795 -5.8680 -0.0101 0.0034 0.8175 0.5758
576.0000 -43.7900 313.2188 -5.8817 -0.0105 0.0048 0.8175 0.5758
577.0000 -43.9004 313.5651 -5.8768 -0.0115 0.0070 0.8175 0.5758
578.0000 -44.0173 313.9119 -5.8652 -0.0124 0.0083 0.8174 0.5759
579.0000 -44.1544 314.2510 -5.8600 -0.0127 0.0077 0.8175 0.5758
580.0000 -44.2908 314.5817 -5.8875 -0.0132 0.0066 0.8176 0.5756
581.0000 -44.4021 314.9221 -5.9045 -0.0145 0.0055 0.8178 0.5753
582.0000 -44.5185 315.2706 -5.9220 -0.0151 0.0053 0.8179 0.5752
583.0000 -44.6490 315.6289 -5.9289 -0.0136 0.0061 0.8180 0.5750
584.0000 -44.7733 315.9778 -5.9181 -0.0106 0.0076 0.8182 0.5747
585.0000 -44.8961 316.3236 -5.9010 -0.0087 0.0098 0.8183 0.5746
586.0000 -45.0241 316.6929 -5.8965 -0.0098 0.0104 0.8184 0.5745
587.0000 -45.1679 317.0553 -5.9328 -0.0120 0.0091 0.8185 0.5743
588.0000 -45.3072 317.4027 -5.9795 -0.0128 0.0070 0.8187 0.5740
589.0000 -45.4273 317.7368 -5.9953 -0.0123 0.0062 0.8189 0.5738
590.0000 -45.5462 318.0850 -5.9721 -0.0118 0.0077 0.8189 0.5737
591.0000 -45.6760 318.4434 -5.9408 -0.0120 0.0093 0.8191 0.5734
592.0000 -45.8060 318.7804 -5.9416 -0.0124 0.0100 0.8194 0.5730
593.0000 -45.9266 319.0988 -5.9745 -0.0123 0.0088 0.8197 0.5727
594.0000 -46.0500 319.4292 -6.0013 -0.0120 0.0070 0.8197 0.5726
595.0000 -46.1781 319.7612 -6.0090 -0.0120 0.0061 0.8198 0.5725
596.0000 -46.3098 320.0964 -6.0177 -0.0121 0.0070 0.8200 0.5722
597.0000 -46.4208 320.4221 -6.0139 -0.0120 0.0083 0.8202 0.5719
598.0000 -46.5289 320.7312 -6.0083 -0.0119 0.0089 0.8204 0.5717
599.0000 -46.6554 321.0525 -6.0217 -0.0122 0.0084 0.8204 0.5716
600.0000 -46.7844 321.3797 -6.0418 -0.0129 0.0076 0.8205 0.5714
601.0000 -46.9140 321.7003 -6.0575 -0.0136 0.0075 0.8207 0.5711
602.0000 -47.0326 322.0110 -6.0620 -0.0139 0.0082 0.8208 0.5710
603.0000 -47.1423 322.3263 -6.0498 -0.0136 0.0088 0.8209 0.5708
604.0000 -47.2597 322.6406 -6.0445 -0.0131 0.0085 0.8212 0.5705
605.0000 -47.3681 322.9412 -6.0593 -0.0127 0.0080 0.8213 0.5703
606.0000 -47.4802 323.2508 -6.0800 -0.0127 0.0076 0.8213 0.5702
607.0000 -47.5981 323.5555 -6.0953 -0.0131 0.0079 0.8214 0.5701
608.0000 -47.7235 323.8689 -6.1022 -0.0133 0.0084 0.8216 0.5698
609.0000 -47.8352 324.1716 -6.1010 -0.0129 0.0084 0.8219 0.5694
610.0000 -47.9387 324.4601 -6.1052 -0.0124 0.0083 0.8220 0.5692
611.0000 -48.0491 324.7624 -6.1164 -0.0124 0.0086 0.8222 0.5690
612.0000 -48.1569 325.0686 -6.1200 -0.0127 0.0095 0.8225 0.5685
613.0000 -48.2734 325.3532 -6.1238 -0.0118 0.0105 0.8229 0.5680
614.0000 -48.3865 325.6355 -6.1214 -0.0104 0.0109 0.8233 0.5674
615.0000 -48.4947 325.9256 -6.1237 -0.0099 0.0109 0.8236 0.5669
616.0000 -48.6055 326.2226 -6.1350 -0.0102 0.0106 0.8239 0.5665
617.0000 -48.7177 326.5096 -6.1521 -0.0105 0.0100 0.8242 0.5661
618.0000 -48.8297 326.7847 -6.1633 -0.0106 0.0094 0.8246 0.5655
619.0000 -48.9278 327.0599 -6.1700 -0.0100 0.0100 0.8249 0.5650
620.0000 -49.0396 327.3366 -6.1665 -0.0084 0.0119 0.8253 0.5645
621.0000 -49.1531 327.6180 -6.1475 -0.0078 0.0132 0.8256 0.5640
622.0000 -49.2676 327.9067 -6.1586 -0.0085 0.0130 0.8258 0.5637
623.0000 -49.3758 328.1772 -6.1875 -0.0089 0.0122 0.8263 0.5631
624.0000 -49.4770 328.4355 -6.1996 -0.0085 0.0115 0.8268 0.5624
625.0000 -49.5801 328.6890 -6.1895 -0.0079 0.0113 0.8270 0.5620
626.0000 -49.6919 328.9594 -6.1774 -0.0082 0.0116 0.8272 0.5617
627.0000 -49.8151 329.2360 -6.1999 -0.0088 0.0113 0.8275 0.5613
628.0000 -49.9193 329.4959 -6.2297 -0.0090 0.0112 0.8279 0.5607
629.0000 -50.0055 329.7532 -6.2226 -0.0080 0.0115 0.8283 0.5601
630.0000 -50.1060 330.0030 -6.1997 -0.0071 0.0119 0.8286 0.5597
631.0000 -50.2241 330.2603 -6.1935 -0.0071 0.0116 0.8289 0.5593
632.0000 -50.3376 330.5130 -6.2162 -0.0077 0.0104 0.8291 0.5590
633.0000 -50.4376 330.7591 -6.2448 -0.0082 0.0097 0.8291 0.5590
634.0000 -50.5246 331.0161 -6.2536 -0.0084 0.0102 0.8288 0.5595
635.0000 -50.6279 331.2736 -6.2411 -0.0088 0.0116 0.8284 0.5599
636.0000 -50.7396 331.5222 -6.2316 -0.0093 0.0123 0.8283 0.5600
637.0000 -50.8425 331.7561 -6.2407 -0.0094 0.0118 0.8284 0.5600
638.0000 -50.9301 331.9831 -6.2622 -0.0090 0.0113 0.8284 0.5599
639.0000 -51.0140 332.2349 -6.2658 -0.0087 0.0113 0.8283 0.5601
640.0000 -51.1111 332.4848 -6.2592 -0.0087 0.0115 0.8280 0.5605
641.0000 -51.2245 332.7185 -6.2505 -0.0091 0.0110 0.8279 0.5607
642.0000 -51.3327 332.9447 -6.2647 -0.0099 0.0097 0.8279 0.5607
643.0000 -51.4182 333.1826 -6.2958 -0.0107 0.0090 0.8279 0.5607
644.0000 -51.5026 333.4145 -6.2985 -0.0109 0.0106 0.8278 0.5608
645.0000 -51.5951 333.6541 -6.2847 -0.0108 0.0129 0.8277 0.5609
646.0000 -51.6948 333.8917 -6.2719 -0.0106 0.0135 0.8276 0.5611
647.0000 -51.7915 334.1203 -6.2870 -0.0103 0.0122 0.8275 0.5612
648.0000 -51.8724 334.3453 -6.3202 -0.0098 0.0109 0.8275 0.5612
649.0000 -51.9562 334.5790 -6.3310 -0.0095 0.0115 0.8275 0.5612
650.0000 -52.0520 334.8157 -6.3065 -0.0099 0.0128 0.8273 0.5615
651.0000 -52.1667 335.0449 -6.2919 -0.0108 0.0129 0.8270 0.5620
652.0000 -52.2676 335.2786 -6.3079 -0.0116 0.0116 0.8269 0.5621
653.0000 -52.3416 335.4888 -6.3392 -0.0116 0.0104 0.8270 0.5619
654.0000 -52.4043 335.6924 -6.3531 -0.0106 0.0107 0.8271 0.5619
655.0000 -52.4892 335.9080 -6.3372 -0.0093 0.0118 0.8269 0.5621
656.0000 -52.5801 336.1151 -6.3215 -0.0083 0.0121 0.8268 0.5623
657.0000 -52.6656 336.3127 -6.3343 -0.0085 0.0114 0.8267 0.5625
658.0000 -52.7392 336.4983 -6.3582 -0.0092 0.0108 0.8267 0.5625
659.0000 -52.8001 336.6718 -6.3688 -0.0096 0.0111 0.8268 0.5624
660.0000 -52.8643 336.8422 -6.3574 -0.0094 0.0120 0.8267 0.5625
661.0000 -52.9275 337.0144 -6.3406 -0.0092 0.0123 0.8265 0.5627
662.0000 -53.0006 337.1697 -6.3467 -0.0092 0.0122 0.8265 0.5627
663.0000 -53.0535 337.3041 -6.3658 -0.0094 0.0119 0.8265 0.5627
664.0000 -53.0975 337.4327 -6.3750 -0.0098 0.0117 0.8264 0.5628
665.0000 -53.1505 337.5532 -6.3767 -0.0099 0.0119 0.8264 0.5629
666.0000 -53.2055 337.6664 -6.3717 -0.0100 0.0122 0.8264 0.5629
667.0000 -53.2382 337.7648 -6.3689 -0.0098 0.0124 0.8263 0.5629
668.0000 -53.2658 337.8628 -6.3726 -0.0095 0.0124 0.8263 0.5630
669.0000 -53.3006 337.9492 -6.3743 -0.0094 0.0123 0.8263 0.5630
670.0000 -53.3419 338.0275 -6.3786 -0.0093 0.0122 0.8263 0.5630
671.0000 -53.3747 338.1023 -6.3847 -0.0093 0.0122 0.8262 0.5631
672.0000 -53.3966 338.1719 -6.3845 -0.0093 0.0122 0.8262 0.5632
673.0000 -53.4170 338.2415 -6.3812 -0.0093 0.0123 0.8262 0.5632
674.0000 -53.4399 338.3029 -6.3793 -0.0092 0.0125 0.8262 0.5631
675.0000 -53.4692 338.3622 -6.3812 -0.0092 0.0126 0.8262 0.5632
676.0000 -53.4931 338.4183 -6.3847 -0.0089 0.0127 0.8262 0.5632
677.0000 -53.5134 338.4708 -6.3890 -0.0089 0.0128 0.8261 0.5633
678.0000 -53.5321 338.5237 -6.3901 -0.0089 0.0127 0.8261 0.5633
679.0000 -53.5500 338.5704 -6.3907 -0.0089 0.0128 0.8261 0.5633
680.0000 -53.5646 338.6201 -6.3888 -0.0089 0.0128 0.8261 0.5633
681.0000 -53.5790 338.6603 -6.3926 -0.0089 0.0129 0.8261 0.5633
682.0000 -53.5907 338.6847 -6.3933 -0.0089 0.0129 0.8261 0.5634
683.0000 -53.6043 338.7118 -6.3946 -0.0089 0.0129 0.8261 0.5634
684.0000 -53.6125 338.7374 -6.3956 -0.0088 0.0129 0.8261 0.5633
685.0000 -53.6203 338.7572 -6.3982 -0.0088 0.0128 0.8261 0.5633
686.0000 -53.6282 338.7736 -6.3952 -0.0088 0.0128 0.8261 0.5634
687.0000 -53.6304 338.7842 -6.3934 -0.0088 0.0129 0.8260 0.5634
688.0000 -53.6340 338.7848 -6.3949 -0.0088 0.0130 0.8260 0.5634
689.0000 -53.6302 338.7750 -6.3983 -0.0088 0.0130 0.8261 0.5634
690.0000 -53.6226 338.7691 -6.3989 -0.0088 0.0128 0.8261 0.5634
691.0000 -53.6214 338.7720 -6.3950 -0.0087 0.0126 0.8261 0.5634
692.0000 -53.6290 338.7729 -6.3938 -0.0086 0.0126 0.8260 0.5634
693.0000 -53.6325 338.7742 -6.3956 -0.0086 0.0127 0.8260 0.5635
694.0000 -53.6284 338.7770 -6.3974 -0.0086 0.0128 0.8260 0.5634
695.0000 -53.6221 338.7751 -6.3956 -0.0087 0.0127 0.8261 0.5634
696.0000 -53.6275 338.7748 -6.3951 -0.0087 0.0127 0.8261 0.5634
697.0000 -53.6269 338.7699 -6.3953 -0.0086 0.0127 0.8261 0.5634
698.0000 -53.6253 338.7718 -6.3942 -0.0086 0.0126 0.8260 0.5634
699.0000 -53.6238 338.7772 -6.3963 -0.0086 0.0126 0.8260 0.5634
700.0000 -53.6252 338.7792 -6.3999 -0.0086 0.0127 0.8260 0.5634
701.0000 -53.6252 338.7741 -6.3972 -0.0086 0.0127 0.8261 0.5634
702.0000 -53.6285 338.7757 -6.3951 -0.0086 0.0127 0.8260 0.5634
703.0000 -53.6258 338.7733 -6.3969 -0.0086 0.0126 0.8260 0.5634
704.0000 -53.6253 338.7708 -6.3985 -0.0086 0.0126 0.8260 0.5634
705.0000 -53.6275 338.7754 -6.4006 -0.0086 0.0126 0.8260 0.5634
706.0000 -53.6291 338.7759 -6.3974 -0.0086 0.0127 0.8260 0.5634
707.0000 -53.6289 338.7721 -6.3947 -0.0086 0.0127 0.8260 0.5634
708.0000 -53.6261 338.7734 -6.3943 -0.0086 0.0127 0.8261 0.5634
709.0000 -53.6253 338.7760 -6.3958 -0.0086 0.0126 0.8261 0.5634
710.0000 -53.6255 338.7762 -6.3970 -0.0086 0.0125 0.8261 0.5634
711.0000 -53.6239 338.7682 -6.3950 -0.0086 0.0125 0.8260 0.5634
712.0000 -53.6258 338.7691 -6.3961 -0.0086 0.0126 0.8260 0.5634
713.0000 -53.6264 338.7711 -6.3980 -0.0086 0.0127 0.8260 0.5634
714.0000 -53.6259 338.7746 -6.4002 -0.0086 0.0127 0.8260 0.5634
715.0000 -53.6262 338.7708 -6.3965 -0.0086 0.0127 0.8260 0.5634
716.0000 -53.6246 338.7678 -6.3952 -0.0086 0.0127 0.8260 0.5634
717.0000 -53.6251 338.7695 -6.3950 -0.0086 0.0127 0.8261 0.5634
718.0000 -53.6241 338.7734 -6.3971 -0.0086 0.0127 0.8261 0.5633
719.0000 -53.6238 338.7708 -6.3988 -0.0086 0.0126 0.8260 0.5634
720.0000 -53.6221 338.7674 -6.4001 -0.0085 0.0126 0.8260 0.5634
721.0000 -53.6245 338.7663 -6.3980 -0.0086 0.0127 0.8260 0.5634
722.0000 -53.6305 338.7732 -6.3971 -0.0086 0.0127 0.8260 0.5634
723.0000 -53.6292 338.7738 -6.3968 -0.0086 0.0127 0.8260 0.5634
724.0000 -53.6237 338.7696 -6.3967 -0.0086 0.0127 0.8260 0.5634
725.0000 -53.6224 338.7666 -6.3980 -0.0086 0.0127 0.8260 0.5634
726.0000 -53.6283 338.7742 -6.4004 -0.0085 0.0127 0.8261 0.5634
727.0000 -53.6310 338.7791 -6.4003 -0.0085 0.0126 0.8260 0.5634
728.0000 -53.6324 338.7822 -6.3978 -0.0086 0.0126 0.8260 0.5634
729.0000 -53.6276 338.7767 -6.3952 -0.0086 0.0126 0.8260 0.5634
730.0000 -53.6239 338.7691 -6.3960 -0.0086 0.0127 0.8261 0.5634
731.0000 -53.6261 338.7726 -6.3956 -0.0086 0.0127 0.8261 0.5634
732.0000 -53.6299 338.7758 -6.3970 -0.0086 0.0126 0.8260 0.5634
733.0000 -53.6293 338.7747 -6.3985 -0.0086 0.0126 0.8260 0.5634
734.0000 -53.6278 338.7719 -6.3987 -0.0086 0.0126 0.8260 0.5634
735.0000 -53.6263 338.7724 -6.3955 -0.0086 0.0126 0.8261 0.5634
736.0000 -53.6242 338.7685 -6.3922 -0.0086 0.0127 0.8260 0.5634
737.0000 -53.6241 338.7689 -6.3953 -0.0086 0.0127 0.8260 0.5634
738.0000 -53.6275 338.7766 -6.3977 -0.0086 0.0127 0.8260 0.5634
739.0000 -53.6277 338.7770 -6.3983 -0.0086 0.0126 0.8260 0.5634
740.0000 -53.6261 338.7728 -6.3988 -0.0086 0.0126 0.8260 0.5634
741.0000 -53.6276 338.7716 -6.3980 -0.0086 0.0126 0.8260 0.5634
742.0000 -53.6261 338.7741 -6.4002 -0.0086 0.0126 0.8261 0.5634
743.0000 -53.6224 338.7719 -6.3986 -0.0086 0.0127 0.8261 0.5634
744.0000 -53.6225 338.7707 -6.3966 -0.0086 0.0127 0.8261 0.5634
745.0000 -53.6209 338.7676 -6.3976 -0.0086 0.0127 0.8260 0.5634
746.0000 -53.6283 338.7729 -6.3984 -0.0086 0.0127 0.8260 0.5634
747.0000 -53.6285 338.7752 -6.3968 -0.0086 0.0126 0.8260 0.5634
748.0000 -53.6244 338.7677 -6.3957 -0.0086 0.0126 0.8260 0.5634
749.0000 -53.6235 338.7704 -6.3973 -0.0086 0.0127 0.8261 0.5634
750.0000 -53.6274 338.7745 -6.3980 -0.0086 0.0127 0.8261 0.5634
751.0000 -53.6306 338.7781 -6.3988 -0.0086 0.0127 0.8261 0.5634
752.0000 -53.6323 338.7793 -6.3953 -0.0086 0.0126 0.8260 0.5634
753.0000 -53.6308 338.7774 -6.3966 -0.0086 0.0126 0.8260 0.5634
754.0000 -53.6221 338.7707 -6.3964 -0.0086 0.0126 0.8260 0.5634
755.0000 -53.6251 338.7759 -6.3997 -0.0086 0.0126 0.8260 0.5634
756.0000 -53.6284 338.7755 -6.3979 -0.0086 0.0126 0.8261 0.5634
757.0000 -53.6276 338.7742 -6.3963 -0.0086 0.0127 0.8261 0.5634
758.0000 -53.6230 338.7693 -6.3950 -0.0086 0.0127 0.8261 0.5634
759.0000 -53.6250 338.7737 -6.3960 -0.0086 0.0127 0.8261 0.5634
760.0000 -53.6270 338.7785 -6.3974 -0.0086 0.0126 0.8260 0.5634
761.0000 -53.6341 338.7768 -6.3975 -0.0086 0.0126 0.8260 0.5634
762.0000 -53.6290 338.7693 -6.3986 -0.0086 0.0127 0.8261 0.5634
763.0000 -53.6210 338.7689 -6.3968 -0.0086 0.0127 0.8261 0.5634
764.0000 -53.6215 338.7779 -6.3958 -0.0086 0.0127 0.8261 0.5634
765.0000 -53.6250 338.7793 -6.3959 -0.0086 0.0126 0.8260 0.5634
766.0000 -53.6300 338.7754 -6.3940 -0.0086 0.0126 0.8260 0.5634
767.0000 -53.6293 338.7736 -6.3952 -0.0086 0.0126 0.8260 0.5634
768.0000 -53.6200 338.7742 -6.3952 -0.0086 0.0126 0.8261 0.5634
769.0000 -53.6170 338.7717 -6.3954 -0.0086 0.0126 0.8261 0.5633
770.0000 -53.6255 338.7676 -6.3983 -0.0086 0.0127 0.8261 0.5634
771.0000 -53.6272 338.7667 -6.3986 -0.0086 0.0127 0.8260 0.5634
772.0000 -53.6266 338.7706 -6.3987 -0.0086 0.0126 0.8260 0.5635
773.0000 -53.6269 338.7775 -6.4001 -0.0086 0.0126 0.8260 0.5634
774.0000 -53.6279 338.7756 -6.3968 -0.0086 0.0126 0.8261 0.5634
775.0000 -53.6285 338.7677 -6.3969 -0.0086 0.0127 0.8261 0.5634
776.0000 -53.6291 338.7705 -6.3994 -0.0086 0.0127 0.8261 0.5634
777.0000 -53.6262 338.7704 -6.3981 -0.0086 0.0127 0.8260 0.5634
778.0000 -53.6255 338.7717 -6.3977 -0.0086 0.0126 0.8260 0.5634
779.0000 -53.6267 338.7739 -6.3964 -0.0086 0.0126 0.8261 0.5634
780.0000 -53.6278 338.7733 -6.3965 -0.0086 0.0127 0.8261 0.5634
781.0000 -53.6251 338.7726 -6.3979 -0.0086 0.0127 0.8261 0.5634
782.0000 -53.6259 338.7752 -6.3983 -0.0086 0.0127 0.8260 0.5634
