0.015761
0.058924
0.057553
0.056126
0.055135
0.057661
0.056951
0.058347
0.057799
0.056107
0.056628
0.058632
0.057719
0.054646
0.055149
0.054773
0.054298
0.053905
0.054154
0.054655
0.053214
0.054678
0.053001
0.0537
0.052346
0.052853
0.049492
0.050267
0.050226
0.049197
0.056485
0.058349
0.058695
0.059457
0.054267
0.055903
0.058487
0.059264
0.058153
0.058113
0.056854
0.060898
0.058723
0.058998
0.060622
0.067341
0.065915
0.066582
0.068527
0.069368
0.067956
0.064337
0.066909
0.064089
0.0649
0.067565
0.070133
0.069097
0.071224
0.070912
0.066788
0.075553
0.073207
0.070626
0.072847
0.068925
0.070043
0.066258
0.069327
0.068132
0.070066
0.071161
0.069656
0.072237
0.068297
0.068111
0.065728
0.064115
0.066755
0.065985
0.067168
0.066363
0.064981
0.06542
0.065886
0.067485
0.068562
0.069856
0.066456
0.068256
0.069145
0.068052
0.07312
0.070933
0.070668
0.068924
0.067473
0.066296
0.066451
0.065618
0.063904
0.064671
0.062465
0.066382
0.06646
0.067364
0.062396
0.073489
0.070852
0.068637
0.071928
0.067404
0.06452
0.064836
0.061263
0.063389
0.065939
0.066173
0.066531
0.067297
0.064407
0.062577
0.068583
0.068134
0.06628
0.064954
0.062021
0.064255
0.058496
0.060411
0.055366
0.06225
0.060173
0.060562
0.061476
0.058428
0.058101
0.058502
0.060653
0.060877
0.060977
0.061401
0.062015
0.061515
0.067603
0.065122
0.066502
0.064138
0.06168
0.062176
0.065061
0.064327
0.062366
0.063374
0.068491
0.064804
0.066467
0.066552
0.064914
0.062672
0.061804
0.064936
0.067741
0.065221
0.063551
0.061141
0.063632
0.06075
0.060039
0.063287
0.062648
0.059896
0.060862
0.059726
0.058247
0.063815
0.060296
0.062085
0.063577
0.058341
0.067074
0.063262
0.062646
0.06206
0.065502
0.06001
0.066566
0.065173
0.065571
0.064018
0.065473
0.064043
0.071098
0.069289
0.067639
0.070637
0.066919
0.06758
0.077972
0.073133
0.072566
0.072884
0.072562
0.069486
0.073061
0.075181
0.071842
0.074316
0.073129
0.072141
0.075045
0.076768
0.078707
0.076915
0.075529
0.075428
0.077213
0.075188
0.07659
0.077028
0.083219
0.081888
0.082671
0.085499
0.079819
0.080065
0.085669
0.086283
0.082375
0.081124
0.084834
0.083636
0.082868
0.082939
0.082274
0.083368
0.085587
0.084732
0.08565
0.082441
0.081536
0.087789
0.08575
0.084645
0.082433
0.081072
0.083392
0.082259
0.082835
0.07961
0.078909
0.078867
0.082405
0.082201
0.081498
0.082306
0.080464
0.080955
0.080294
0.083826
0.084876
0.082903
0.084277
0.084895
0.083132
0.07989
0.082682
0.076996
0.082252
0.082155
0.081542
0.084869
0.082345
0.082844
0.07897
0.080107
0.075267
0.079351
0.082405
0.079938
0.084363
0.079344
0.079898
0.077544
0.072254
0.080662
0.075713
0.071701
0.072663
0.075277
0.071485
0.070565
0.068642
0.071657
0.069495
0.066592
0.064331
0.066035
0.062942
0.06553
0.061452
0.06435
0.059101
0.057748
0.05835
0.060075
0.060165
0.061697
0.05735
0.056561
0.055355
0.059433
0.05666
0.069264
0.062071
0.062048
0.0602
0.06244
0.061817
0.06081
0.059392
0.059937
0.057736
0.058921
0.059408
0.058339
0.056085
0.057926
0.05468
0.058857
0.054086
0.055254
0.051864
0.055767
0.055406
0.055915
0.067701
0.056726
0.055056
0.05196
0.051317
0.053154
0.052868
0.05211
0.049733
0.049776
0.052472
0.050574
0.051792
0.051427
0.054601
0.052763
0.055879
0.065495
0.056254
0.055109
0.054087
0.05404
0.050972
0.050925
0.050161
0.048269
0.050785
0.049937
0.048891
0.04776
0.050373
0.049253
0.051015
0.048802
0.052098
0.060316
0.058311
0.055533
0.055466
0.054354
0.054506
0.052508
0.054684
0.052554
0.053008
0.05746
0.055899
0.056293
0.055978
0.064099
0.059683
0.058833
0.057523
0.05902
0.058092
0.058709
0.055703
0.055388
0.057923
0.055444
0.057573
0.054135
0.055997
0.053398
0.052992
0.053911
0.060069
0.05309
0.051564
0.052198
0.057999
0.055483
0.055422
0.052627
0.052564
0.049485
0.049888
0.05204
0.047194
0.048501
0.049279
0.047872
0.050071
0.063191
0.055827
0.05603
0.053177
0.052397
0.050636
0.050839
0.051062
0.048888
0.049608
0.048205
0.050391
0.04834
0.050085
0.047539
0.048859
0.045412
0.051879
0.046729
0.048469
0.054056
0.050857
0.049755
0.049074
0.048688
0.048538
0.047478
0.0527
0.051665
0.053705
0.05109
0.051399
0.050035
0.049137
0.051042
0.05763
0.051523
0.055574
0.049054
0.052672
0.054028
0.053225
0.050425
0.050771
0.048309
0.046281
0.046501
0.04927
0.047281
0.04687
0.046065
0.048953
0.045358
0.051887
0.047377
0.049999
0.04756
0.047261
0.045086
0.045285
0.045367
0.046797
0.046883
0.045917
0.044392
0.049556
0.048054
0.046774
0.044574
0.048043
0.047536
0.048061
0.047423
0.047968
0.04442
0.04517
0.04689
0.045754
0.045225
0.04602
0.044191
0.052026
0.04843
0.047374
0.043732
0.046336
0.043891
0.050456
0.045991
0.045429
0.042882
0.043076
0.042569
0.050164
0.045218
0.045707
0.043722
0.045349
0.04924
0.047217
0.046471
0.046442
0.044511
0.046
0.045622
0.04617
0.048013
0.048963
0.047821
0.048547
0.048192
0.047839
0.051232
0.051112
0.049595
0.050955
0.047689
0.048967
0.048678
0.049883
0.047201
0.049868
0.047787
0.04818
0.046603
0.047282
0.053446
0.049917
0.047825
0.047325
0.048195
0.046658
0.045296
0.046105
0.045941
0.045489
0.049281
0.046121
0.044997
0.046248
0.054127
0.044347
0.042218
0.045526
0.046761
0.046552
0.044392
0.044524
0.044294
0.046566
0.04624
0.045918
0.045095
0.043842
0.048037
0.046242
0.045603
0.044556
0.044889
0.045465
0.047555
0.045911
0.044441
0.046017
0.041412
0.042925
0.04754
0.042753
0.040915
0.040978
0.044061
0.049387
0.045568
0.045442
0.042578
0.042605
0.040217
0.041357
0.044046
0.044211
0.041973
0.044973
0.051724
0.047996
0.049202
0.046866
0.047413
0.04726
0.046052
0.047533
0.045084
0.044764
0.048913
0.050553
0.048588
0.046996
0.047022
0.046968
0.04536
0.047214
0.051403
0.048235
0.047528
0.046728
0.044172
0.047399
0.045064
0.045468
0.044222
0.047752
0.046572
0.046442
0.04589
0.04819
0.044878
0.050053
0.046252
0.046344
0.045226
0.045389
0.044432
0.046396
0.049287
0.049568
0.048195
0.0518
0.048133
0.050376
0.048553
0.053579
0.052668
0.052749
0.053087
0.054237
0.052068
0.053451
0.05206
0.055583
0.054927
0.05389
0.053318
0.054611
0.053979
0.053777
0.051917
0.055112
0.054146
0.056312
0.05391
0.055156
0.055469
0.052773
0.057803
0.054845
0.054431
0.055382
0.054372
0.055565
0.052773
0.055378
0.053226
0.056147
0.052766
0.055968
0.05655
0.055618
0.053971
0.054528
0.052753
0.056455
0.054552
0.052943
0.053158
0.052361
0.052426
0.052816
0.051614
0.050539
0.05036
0.050571
0.050553
0.051265
0.048724
0.052053
0.057127
0.05479
0.050544
0.050219
0.047961
0.050025
0.054113
0.051187
0.050342
0.051293
0.049339
0.048948
0.057215
0.053333
0.050263
0.0526
0.051964
0.050471
0.055911
0.054304
0.052863
0.053491
0.051819
0.053245
0.059031
0.05661
0.052998
0.05231
0.051978
0.051174
0.051135
0.055708
0.052523
0.050608
0.049281
0.049212
0.055148
0.050982
0.049038
0.050323
0.047706
0.047151
0.04697
0.045912
0.045151
0.044851
0.047124
0.04975
0.051175
0.050039
0.047494
0.048056
0.047618
0.060645
0.050833
0.051521
0.05193
0.049514
0.047335
0.046247
0.046517
0.04644
0.044667
0.044344
0.045921
0.049378
0.045129
0.050141
0.048195
0.045816
0.045222
0.044369
0.044415
0.045805
0.04671
0.044301
0.047072
0.046053
0.045082
0.042961
0.048696
0.044387
0.04371
0.042686
0.042298
0.044673
0.043943
0.050786
0.043888
0.047545
0.052362
0.048217
0.046614
0.04712
0.04294
0.044358
0.045283
0.046412
0.045088
0.047883
0.054916
0.050661
0.052084
0.048705
0.046177
0.047918
0.041991
0.044663
0.040115
0.04198
0.04236
0.04364
0.044776
0.052848
0.048481
0.048461
0.047063
0.045821
0.044895
0.043115
0.046252
0.044997
0.041767
0.043416
0.046249
0.057715
0.04904
0.050851
0.049657
0.049796
0.048874
0.049349
0.046611
0.047751
0.046027
0.046382
0.046789
0.044653
0.045103
0.045237
0.046757
0.047402
0.048421
0.047645
0.047537
0.047477
0.045523
0.051333
0.048209
0.048717
0.047737
0.04546
0.046126
0.051759
0.049232
0.049649
0.046295
0.047159
0.053029
0.05016
0.047728
0.049103
0.047559
0.054059
0.05104
0.051892
0.050201
0.050628
0.050174
0.049554
0.048985
0.05352
0.052746
0.052792
0.049779
0.053548
0.051645
0.058725
0.053451
0.052797
0.052209
0.05258
0.049416
0.051912
0.055061
0.051946
0.05044
0.051426
0.048331
0.050183
0.047292
0.054466
0.048922
0.048795
0.046101
0.047955
0.045346
0.052745
0.047682
0.047026
0.04298
0.04462
0.04208
0.05142
0.044749
0.04507
0.043769
0.051046
0.043793
0.04689
0.046023
0.047057
0.045516
0.048691
0.050924
0.048949
0.048321
0.051162
0.048546
0.049312
0.048716
0.054872
0.051642
0.049923
0.050244
0.051642
0.050613
0.050548
0.051441
0.054247
0.054333
0.053605
0.052099
0.053278
0.053076
0.052876
0.053938
0.056127
0.054814
0.055927
0.053998
0.053992
0.052572
0.050658
0.051252
0.048633
0.050074
0.051745
0.047918
0.05061
0.048589
0.047578
0.0526
0.050814
0.049887
0.049262
0.046007
0.047813
0.049899
0.050492
0.047268
0.046313
0.047451
0.047737
0.047748
0.051075
0.0488
0.049248
0.045844
0.047866
0.045014
0.047462
0.048154
0.047995
0.047105
0.04561
0.046517
0.058389
0.049828
0.048588
0.05115
0.05201
0.048533
0.049236
0.056223
0.054416
0.051987
0.052443
0.053698
0.055995
0.050536
0.049911
0.05163
0.048843
0.048625
0.051884
0.05061
0.05427
0.051593
0.051366
0.05127
0.051281
0.050116
0.050932
0.050643
0.049342
0.049704
0.052688
0.05246
0.0499
0.051324
0.050467
0.048811
0.048896
0.045249
0.045804
0.042778
0.044331
0.042299
0.044053
0.044112
0.042547
0.040333
0.041572
0.040531
0.039541
0.040202
0.039967
0.039026
0.040152
0.040373
0.041613
0.037431
0.040952
0.044686
0.043722
0.042524
0.043056
0.048161
0.044581
0.043708
0.046527
0.044334
0.044594
0.042693
0.045183
0.044695
0.045587
0.046375
0.046429
0.046897
0.046702
0.052116
0.049162
0.048249
0.046713
0.045392
0.044403
0.050912
0.047317
0.047197
0.047033
0.053367
0.050949
0.050609
0.051799
0.048317
0.049317
0.047251
0.048343
0.052636
0.054159
0.054158
0.053192
0.05321
0.053636
0.051156
0.052565
0.049946
0.049787
0.049996
0.054046
0.053749
0.055003
0.05391
0.054457
0.051732
0.05215
0.052084
0.048808
0.048985
0.051749
0.050602
0.052009
0.052097
0.054549
0.053513
0.054692
0.064942
0.062524
0.061262
0.062245
0.060742
0.062385
0.059843
0.060952
0.060475
0.059744
0.059294
0.058494
0.061297
0.064321
0.062159
0.062632
0.060314
0.060464
0.059138
0.063102
0.060201
0.059654
0.057025
0.059499
0.058159
0.057035
0.055945
0.054962
0.053175
0.05386
0.053554
0.05316
0.053096
0.054793
0.053747
0.052108
0.05216
0.052116
0.050526
0.05638
0.055241
0.054654
0.053781
0.054173
0.054749
0.054229
0.052273
0.056297
0.054358
0.053398
0.053199
0.05429
0.055108
0.059749
0.056166
0.055618
0.053229
0.053582
0.051548
0.059967
0.052854
0.055626
0.051916
0.051866
0.051505
0.054767
0.056023
0.051931
0.05165
0.053096
0.050938
0.056721
0.053096
0.053249
0.052578
0.050771
0.048828
0.046725
0.045587
0.047722
0.044282
0.042971
0.043512
0.043117
0.04466
0.043163
0.044392
0.040445
0.039192
0.038258
0.04493
0.040122
0.039829
0.042558
0.03982
0.039991
0.043612
0.046368
0.043606
0.04443
0.043748
0.049883
0.044763
0.043165
0.041909
0.043485
0.041039
0.045657
0.04379
0.042943
0.041549
0.04248
0.040258
0.04387
0.042085
0.04646
0.043849
0.045356
0.043266
0.046006
0.043913
0.056127
0.048618
0.049345
0.048918
0.049158
0.046893
0.04889
0.048613
0.048724
0.047224
0.045609
0.049501
0.04909
0.04571
0.04748
0.043816
0.051936
0.047995
0.048893
0.047515
0.046689
0.045231
0.050883
0.047197
0.049116
0.047944
0.046403
0.045809
0.048135
0.050741
0.053394
0.052788
0.047899
0.049009
0.059509
0.051149
0.051775
0.050567
0.04833
0.04619
0.046373
0.048064
0.048157
0.04597
0.0467
0.055908
0.049482
0.049537
0.048745
0.047705
0.04857
0.046327
0.045804
0.04693
0.047935
0.047344
0.048944
0.047732
0.049508
0.047331
0.057266
0.04897
0.049549
0.048726
0.048674
0.046418
0.051635
0.048049
0.047799
0.046182
0.046139
0.046069
0.045722
0.050444
0.046462
0.045571
0.044579
0.053471
0.047576
0.044007
0.042863
0.042327
0.048966
0.04282
0.043126
0.044636
0.045466
0.043708
0.042526
0.050419
0.048459
0.045354
0.046178
0.045027
0.044792
0.043944
0.048232
0.045146
0.04771
0.04356
0.046521
0.046196
0.048306
0.057382
0.049882
0.048662
0.048219
0.047793
0.04865
0.045994
0.045997
0.048175
0.048654
0.047572
0.049309
0.049214
0.050071
0.046687
0.046642
0.052446
0.049244
0.047306
0.048627
0.044248
0.042579
0.041824
0.045755
0.043159
0.039747
0.040654
0.042974
0.043653
0.050799
0.044022
0.044324
0.041215
0.041043
0.038675
0.040354
0.038236
0.040036
0.043544
0.043376
0.04234
0.041577
0.03962
0.039315
0.039226
0.037371
0.037859
0.041096
0.049252
0.046593
0.042064
0.04323
0.041643
0.041529
0.041012
0.043583
0.040364
0.042254
0.0418
0.041098
0.0399
0.041156
0.053052
0.045453
0.044218
0.041926
0.039608
0.04079
0.040086
0.04062
0.039007
0.039683
0.038736
0.03764
0.03843
0.039255
0.03852
0.048648
0.042
0.040186
0.040873
0.041714
0.039884
0.040033
0.039077
0.040195
0.040725
0.043875
0.044765
0.053314
0.049363
0.049125
0.045566
0.048255
0.04752
0.048236
0.0467
0.046335
0.045155
0.045532
0.045518
0.047084
0.046497
0.046393
0.046661
0.046886
0.053813
0.04671
0.046217
0.044191
0.042947
0.042386
0.043034
0.043235
0.041555
0.042678
0.048932
0.047125
0.045415
0.047253
0.047015
0.047449
0.047898
0.047463
0.045555
0.047993
0.046882
0.048178
0.050001
0.062634
0.051262
0.052209
0.051253
0.051557
0.050387
0.050284
0.051035
0.052836
0.050217
0.050619
0.051524
0.05108
0.050492
0.053934
0.052997
0.060341
0.057946
0.058785
0.057687
0.058606
0.061385
0.059293
0.05725
0.061892
0.06021
0.05907
0.060098
0.063294
0.06108
0.068244
0.065044
0.066306
0.063798
0.066765
0.065384
0.07435
0.07336
0.075096
0.070491
0.077219
0.075126
0.075851
0.074414
0.077536
0.07567
0.076278
0.075979
0.0781
0.080324
0.078815
0.079029
0.081121
0.080537
0.080367
0.083351
0.086364
0.083404
0.080463
0.082035
0.079331
0.079719
0.078951
0.079684
0.076258
0.076495
0.075448
0.077584
0.077062
0.076283
0.074305
0.076524
0.086388
0.082907
0.084253
0.081773
0.081462
0.080935
0.082507
0.082918
0.079669
0.081159
0.08237
0.082234
0.081224
0.080472
0.079709
0.080051
0.078167
0.079157
0.078253
0.075302
0.077496
0.075732
0.076636
0.075382
0.074639
0.07343
0.074831
0.070534
0.071402
0.075554
0.073088
0.076705
0.077847
0.072172
0.072652
0.071932
0.070881
0.06556
0.06702
0.06513
0.065928
0.067697
0.069475
0.068404
0.068704
0.06724
0.066452
0.066502
0.065796
0.065925
0.062669
0.06421
0.063311
0.065148
0.066673
0.06859
0.066923
0.06769
0.066356
0.065872
0.063779
0.064114
0.062115
0.061734
0.060999
