1.000000000000000000e+00 4.398956837314658088e-19 2.733407509747682871e-20 -8.673617379884035472e-19 -5.583667658079949532e-19 1.000000000000000000e+00 -6.100159232558060012e-19 0.000000000000000000e+00 4.145284534913582806e-20 -2.210423569125054137e-19 1.000000000000000222e+00 0.000000000000000000e+00
9.999998728556046546e-01 -4.484788591969759747e-04 -2.305558304166319876e-04 1.603693510565075420e-02 4.486587568053977009e-04 9.999995945270888642e-01 7.808008580808964904e-04 -2.358971390303506166e-02 2.302055690099675167e-04 -7.809042067738763580e-04 9.999996685972003529e-01 1.346400135493777572e+00
9.999991634506871785e-01 -1.291022661774596887e-03 -7.975384711807324584e-05 -5.373224626045204622e-05 1.291096628957401826e-03 9.999987300572494853e-01 9.343183636104209150e-04 -3.928083123143538691e-02 7.854752201524182922e-05 -9.344205596844788178e-04 9.999995603443132541e-01 2.621163603521684315e+00
9.999984325544309938e-01 -1.744674452201352630e-03 -3.016662319624030292e-04 -3.154512255972462785e-03 1.744839161607122848e-03 9.999983284055972144e-01 5.465519107241290780e-04 -7.686632519381389472e-02 3.007121784408996060e-04 -5.470774171704297995e-04 9.999998051394947129e-01 3.970120201724373743e+00
9.999974275456182671e-01 -2.266455833673111132e-03 8.991317094190695580e-05 -9.218514875972336903e-03 2.266420148265175637e-03 9.999973535611178521e-01 3.952293470195887169e-04 -9.251820319473631760e-02 -9.080870381803616176e-05 -3.950245512433379815e-04 9.999999178546667977e-01 5.290895758776499314e+00
9.999964811666457454e-01 -2.629978874824181675e-03 -3.476632916706884780e-04 -9.338223790150416981e-03 2.630299826834166244e-03 9.999961121113353224e-01 9.258941755112973584e-04 -1.079533174824575392e-01 3.452268649865550027e-04 -9.268053831310302118e-04 9.999995109253223546e-01 6.588862801478957643e+00
9.999928288198123294e-01 -3.785201613305278281e-03 -1.206831162550233994e-04 -1.732776848889391180e-02 3.785438853994196884e-03 9.999907748166587673e-01 2.029957368653747488e-03 -1.409678128318193613e-01 1.129982092613936184e-04 -2.030399666129370853e-03 9.999979323524750274e-01 7.939571056775063695e+00
9.999929892196807169e-01 -3.739191287531847072e-03 -1.999162999310928352e-04 -1.635196864415100135e-02 3.739637042823333937e-03 9.999904135289021667e-01 2.277708884317227768e-03 -1.575231314665260784e-01 1.913976000421621409e-04 -2.278440548694189108e-03 9.999973860347947108e-01 9.277488103593265478e+00
9.999950760406342010e-01 -3.114376366589240164e-03 -3.854341364343513753e-04 -3.087136770831154509e-02 3.114930327783956791e-03 9.999941045516377303e-01 1.445013847303249898e-03 -1.833036027804373913e-01 3.809315554161493136e-04 -1.446207344052635691e-03 9.999988816875399200e-01 1.058585044892683946e+01
9.999996927466415775e-01 -7.316435527630448920e-04 -2.814343389717599521e-04 -4.035857640151219866e-02 7.314342762658046027e-04 9.999994564679992592e-01 -7.430117139610582615e-04 -2.085423261419585284e-01 2.819778100054381445e-04 7.428056420258976429e-04 9.999996843642194877e-01 1.194481930651114965e+01
9.999979469428081913e-01 1.991825037086688340e-03 -3.724767741009150446e-04 -5.697006145893836887e-02 -1.992550636597491352e-03 9.999960982289410882e-01 -1.957874601726740989e-03 -2.291355643323276237e-01 3.685755814907013483e-04 1.958612777192866687e-03 9.999980139921137434e-01 1.330821315190517318e+01
9.999886958757580047e-01 4.733595428229259508e-03 -4.485370088564485523e-04 -7.211414134725849245e-02 -4.734488610782554112e-03 9.999867690646663254e-01 -2.011547301640821944e-03 -2.553489379805290449e-01 4.390092284281998827e-04 2.013648170996011882e-03 9.999978762438310742e-01 1.462638036381769346e+01
9.999849073675343147e-01 5.493583386870173717e-03 7.462177417475128591e-05 -8.198483714644322351e-02 -5.493478621305081591e-03 9.999840145148293225e-01 -1.338812208265444809e-03 -2.876410234304971336e-01 -8.197546104068735779e-05 1.338382077461398346e-03 9.999991010061252128e-01 1.598583983063260305e+01
9.999937465428403449e-01 3.528092653620046142e-03 2.437850534321123024e-04 -7.678080576001719559e-02 -3.528343025639557509e-03 9.999932405715549200e-01 1.034221006974227934e-03 -3.151312693547546062e-01 -2.401345816150133683e-04 -1.035074708579299162e-03 9.999994354776514660e-01 1.734338242147438791e+01
9.999997674164731176e-01 -4.277658298141817595e-04 5.312108108521477459e-04 -8.629671186948527362e-02 4.261870456568393837e-04 9.999955028080240726e-01 2.968623727981888841e-03 -3.390408471443793759e-01 -5.324783041190928306e-04 -2.968396668851516155e-03 9.999954525336762767e-01 1.868622722218700005e+01
9.999972817980791184e-01 -2.320906642203963369e-03 -2.231428867030498919e-04 -8.305214227866769550e-02 2.321224176213764704e-03 9.999962787072574910e-01 1.433347617730656954e-03 -3.743210516565700363e-01 2.198153956946042209e-04 -1.433861698018056149e-03 9.999989478606732263e-01 2.004424506810113371e+01
9.999950885941046863e-01 -3.125785154184753355e-03 2.286063506617864863e-04 -8.915999237568927871e-02 3.125977053116953380e-03 9.999947580875755415e-01 -8.438360604535308966e-04 -3.911869243331976831e-01 -2.259675064589264869e-04 8.445465444038117997e-04 9.999996178395936797e-01 2.139930610412192280e+01
9.999994350163855517e-01 -9.787540629854845319e-04 4.147406137945224003e-04 -9.545543760537832101e-02 9.795852290397902198e-04 9.999975029554857286e-01 -2.008605026002805057e-03 -4.472958271365987670e-01 -4.127736567425795491e-04 2.009010184486400424e-03 9.999978967453013734e-01 2.277057901726604072e+01
9.999983711469703218e-01 1.113884765360749702e-03 1.420198585942814788e-03 -1.065446483250774845e-01 -1.112419651681445043e-03 9.999988487437511120e-01 -1.032005798668461779e-03 -4.376492580282367317e-01 -1.421346512148073931e-03 1.030424270869758100e-03 9.999984589976873561e-01 2.412231188315609387e+01
9.999972703558914766e-01 1.034888606709935413e-03 2.094823925628471872e-03 -1.140569563387745233e-01 -1.041114204899094538e-03 9.999950387033905708e-01 2.972986888754392508e-03 -4.546676791996712153e-01 -2.091736855904340314e-03 -2.975159750638986956e-03 9.999933865077399453e-01 2.550769115691809930e+01
9.999975640848894898e-01 -6.223318023134176901e-04 2.117671235084361055e-03 -1.077551748878610022e-01 6.134548874439849824e-04 9.999910341516305978e-01 4.189903015799708794e-03 -4.787415572396561680e-01 -2.120259791038667067e-03 -4.188593749879784139e-03 9.999889800287519170e-01 2.687422802481737349e+01
9.999892823188493152e-01 -4.064160129408548802e-03 2.217624921546031830e-03 -1.148138863790651859e-01 4.056400708517929159e-03 9.999856744652234619e-01 3.492344402314839953e-03 -5.265556260357324714e-01 -2.231786634753147973e-03 -3.483311424274294302e-03 9.999914427972474984e-01 2.825676017507868920e+01
9.999866745549703673e-01 -4.735211285464946407e-03 2.056331191810492186e-03 -1.149566122069045349e-01 4.733336878251739877e-03 9.999883786549247366e-01 9.154607151556564760e-04 -5.236755254966950490e-01 -2.060642228722181935e-03 -9.057152110638712122e-04 9.999974667122593086e-01 2.959899753095241337e+01
9.999847375962345186e-01 -4.592060951067531392e-03 3.072061732995114321e-03 -1.201878830386744756e-01 4.594401194051933937e-03 9.999891605520001558e-01 -7.551476628869792070e-04 -5.764481544269799418e-01 -3.068560802799681457e-03 7.692504347455206932e-04 9.999949960795154746e-01 3.100726451935612360e+01
9.999928426768127654e-01 -2.179508926836094991e-03 3.092627387568736355e-03 -1.294360435129313924e-01 2.186676618239852352e-03 9.999949268631321830e-01 -2.316179999386977061e-03 -5.798761825244933554e-01 -3.087563618642194096e-03 2.322926023472181127e-03 9.999925354526372212e-01 3.237610532836391286e+01
9.999931199905769397e-01 -4.548621266639502666e-04 3.681450493033198643e-03 -1.404231304030849614e-01 4.690804528407280520e-04 9.999924316140001990e-01 -3.862211549743030121e-03 -6.250442040109021047e-01 -3.679665923879622044e-03 3.863911913392365904e-03 9.999857650175987267e-01 3.375657930266787332e+01
9.999916892085700670e-01 2.788724458442111211e-05 4.076854360642971631e-03 -1.417355943796675954e-01 -1.220489513113925904e-05 9.999926015254744227e-01 -3.846653877135803451e-03 -6.461513838376787833e-01 -4.076931544874522889e-03 3.846572189924014375e-03 9.999842911293580494e-01 3.514641297407683140e+01
9.999941492086736883e-01 -4.190426697412920516e-04 3.394989985875883267e-03 -1.417688794536235419e-01 4.276487297381117167e-04 9.999966964546873616e-01 -2.534599763040377637e-03 -6.838859352243107370e-01 -3.393916725990203144e-03 2.536036823524030846e-03 9.999910248804545487e-01 3.654481772412143670e+01
9.999937777041323361e-01 6.143942214819005142e-04 3.473769751696707299e-03 -1.421574362882817855e-01 -6.098072228070285485e-04 9.999989410532278411e-01 -1.321373894275966032e-03 -7.085530554577144091e-01 -3.474577979091769860e-03 1.319247357320563066e-03 9.999930934208267619e-01 3.794417809713398526e+01
9.999894961817281658e-01 3.399833819472806128e-03 3.073866291700646028e-03 -1.603287892361631439e-01 -3.397028585827129715e-03 9.999938092915435783e-01 -9.173777546939590553e-04 -7.387393356222381469e-01 -3.076966248676408448e-03 9.069261158577627928e-04 9.999948548664587822e-01 3.933431209887488222e+01
9.999775820395859771e-01 5.766804199597178569e-03 3.402848985690723905e-03 -1.604645548784772169e-01 -5.763458942454714046e-03 9.999828990203888379e-01 -9.920780915638471864e-04 -7.678161609895356454e-01 -3.408511974257241641e-03 9.724436788209280978e-04 9.999937181775883088e-01 4.072233472399498311e+01
9.999617369277198353e-01 7.966615056201505063e-03 3.613545990977105622e-03 -1.691345712016844860e-01 -7.964355142956666689e-03 9.999680796196774857e-01 -6.393780430427857151e-04 -7.910995639270042012e-01 -3.618524387994237566e-03 6.105740182401947404e-04 9.999932667151546495e-01 4.213911084883719127e+01
9.999542519603128454e-01 9.087019729067407139e-03 2.986644519037138894e-03 -1.819446799894115507e-01 -9.084746213185919753e-03 9.999584333467349540e-01 -7.739396834973661992e-04 -8.208941178067404865e-01 -2.993553232844138427e-03 7.467713730383835182e-04 9.999952404723545518e-01 4.354571405027609643e+01
9.999642127628698418e-01 7.903586340915643577e-03 3.017698697352509587e-03 -1.814156694917012369e-01 -7.901376437228166752e-03 9.999685071984483198e-01 -7.435569861353600370e-04 -8.473132084500617500e-01 -3.023480482232368451e-03 7.196864067628611127e-04 9.999951702948467469e-01 4.496853643477673756e+01
9.999677128170811891e-01 7.740586903524280388e-03 2.157921662328453078e-03 -1.798681745009220734e-01 -7.737906343114715584e-03 9.999692834127212882e-01 -1.247818712984075356e-03 -8.827009875205613643e-01 -2.167514266990063897e-03 1.231080636596225235e-03 9.999968931547568163e-01 4.638155925244241473e+01
9.999725118204588759e-01 7.213340085799954324e-03 1.715609767425009058e-03 -1.801669843600525456e-01 -7.211908866740163529e-03 9.999736418873127475e-01 -8.389964651378968965e-04 -9.111665026267844469e-01 -1.721616545338458017e-03 8.266005854814326842e-04 9.999981763810429358e-01 4.778859319587596843e+01
9.999718080502482120e-01 7.494766959229711215e-03 4.599557164250192001e-04 -1.983007199619464811e-01 -7.494792238832550212e-03 9.999719122459774789e-01 5.312939810931234058e-05 -9.392032877497941135e-01 -4.595446135179370728e-04 -5.657517818180550501e-05 9.999998928086781813e-01 4.919534701714594149e+01
9.999678703985115380e-01 8.007674769384794805e-03 -3.678309350638823689e-04 -2.069021116523068193e-01 -8.007621840380013331e-03 9.999679279307802648e-01 1.453189228849205775e-04 -9.735841817013345389e-01 3.689828103376045386e-04 -1.423688100924497756e-04 9.999999217916761829e-01 5.060233569372363860e+01
9.999642314255958730e-01 8.357570484976090466e-03 -1.298794488363518278e-03 -2.140417279342568257e-01 -8.357305369136220491e-03 9.999650551820736810e-01 2.094699603828236378e-04 -9.959415500439303681e-01 1.300499784031996110e-03 -1.986080546904009099e-04 9.999991346281509319e-01 5.205938101689046960e+01
9.999618617332813875e-01 8.352441044831132241e-03 -2.551820485156866720e-03 -2.286099200833834333e-01 -8.349794956933697873e-03 9.999645929238807351e-01 1.045867357422246118e-03 -1.024977957560181840e+00 2.560465722526057697e-03 -1.024520309689139902e-03 9.999961971814483874e-01 5.346169120277274800e+01
9.999679451303614686e-01 7.384875536959331112e-03 -3.093914422226057628e-03 -2.471250772805368146e-01 -7.378681520094472479e-03 9.999707597255914626e-01 2.008672811550681232e-03 -1.055150075441580348e+00 3.108657808931984245e-03 -1.985779440948158212e-03 9.999931964426745923e-01 5.491630716918730570e+01
9.999798727966890954e-01 5.041334977367810562e-03 -3.852132911283918850e-03 -2.625397876349939152e-01 -5.032725444746423762e-03 9.999848236811597069e-01 2.241448402855740572e-03 -1.077111505646780376e+00 3.863374410747457029e-03 -2.222016588985657824e-03 9.999900684440087284e-01 5.631819947966839379e+01
9.999860110443009598e-01 3.347147601052031466e-03 -4.095644799050703923e-03 -2.649645621871906664e-01 -3.339287374211235161e-03 9.999925726879718146e-01 1.924508910301002233e-03 -1.104600795420527914e+00 4.102056067247126896e-03 -1.910805477171348670e-03 9.999897609300565371e-01 5.772812293738375189e+01
9.999890707061199757e-01 2.471513345483943806e-03 -3.968636998654093660e-03 -2.827335555839590175e-01 -2.462669396897691591e-03 9.999944771352295980e-01 2.231807017540820507e-03 -1.134062344319531457e+00 3.974131091845930705e-03 -2.222009210415814597e-03 9.999896344280362337e-01 5.918413609833319811e+01
9.999915821030193053e-01 1.198181861970110292e-03 -3.924292970808445150e-03 -2.957136317354593369e-01 -1.186882885807365173e-03 9.999951475653838795e-01 2.880304883521500516e-03 -1.159132608069736836e+00 3.927725128043331980e-03 -2.875622992149481048e-03 9.999881518169153605e-01 6.062931042016030148e+01
9.999935071768161210e-01 -1.064892146984024787e-03 -3.442616134149581973e-03 -3.047832535270318943e-01 1.076789762371537298e-03 9.999934483636412352e-01 3.455973203935439487e-03 -1.183529063217092281e+00 3.438913403510472470e-03 -3.459657772951841084e-03 9.999881022535174191e-01 6.206395123885124576e+01
9.999935061126635771e-01 -1.884203765636943695e-03 -3.072052677124511438e-03 -3.194012163012114880e-01 1.894287108334922337e-03 9.999928178268602252e-01 3.282676772088898454e-03 -1.217021887821256421e+00 3.065845437499178146e-03 -3.288474836275002370e-03 9.999898932140679486e-01 6.345022067705248503e+01
9.999916934645897149e-01 -3.080313483577974860e-03 -2.669208199899670338e-03 -3.241494586511042830e-01 3.087430693471090830e-03 9.999916790123960508e-01 2.666396713069948271e-03 -1.233499208626305688e+00 2.660972700578321647e-03 -2.674615584755861333e-03 9.999928828048034735e-01 6.485896820595105794e+01
9.999948385573363963e-01 -2.756460410295626107e-03 -1.650692995737397745e-03 -3.308801118038108280e-01 2.760641514747826705e-03 9.999929736900627919e-01 2.536025099032261036e-03 -1.267749531468586488e+00 1.643690975773655621e-03 -2.540569004031559275e-03 9.999954218855547916e-01 6.629942238407514310e+01
9.999971390935833426e-01 -1.643827334525956030e-03 -1.737710237520484566e-03 -3.455356402590952780e-01 1.647539684047933913e-03 9.999963592673701829e-01 2.137068431495374368e-03 -1.299933580923012366e+00 1.734190971658666107e-03 -2.139925284236066094e-03 9.999962066450244214e-01 6.770280165944190287e+01
9.999992901455548866e-01 9.108304537469412302e-04 -7.681754290469776977e-04 -3.518942636563333060e-01 -9.085544720246500547e-04 9.999952123398611059e-01 2.958010667460723477e-03 -1.330224218941127301e+00 7.708660134678466721e-04 -2.957310667014966584e-03 9.999953300295996161e-01 6.915419280446499783e+01
9.999904949569639045e-01 4.357753062420599739e-03 -1.413349090121122583e-04 -3.814991620576483333e-01 -4.357107988239130106e-03 9.999813396395892395e-01 4.282054379872360546e-03 -1.352864723323045526e+00 1.599924135124812237e-04 -4.281397909858101342e-03 9.999908219757124295e-01 7.055160371204809167e+01
9.999669529844252835e-01 8.093071280393247108e-03 7.714414161742195325e-04 -3.992545813225418794e-01 -8.096828772807268190e-03 9.999547257919026988e-01 4.998774293890558690e-03 -1.383205746368451949e+00 -7.309510619632973152e-04 -5.004855379381535629e-03 9.999872084849066312e-01 7.197541836375140178e+01
9.999261279069336927e-01 1.208488280062770120e-02 1.301658553245215724e-03 -4.130618789716236638e-01 -1.209077731894447026e-02 9.999162311133920067e-01 4.619943952686383394e-03 -1.402561259899458790e+00 -1.245718052052813274e-03 -4.635340781411872654e-03 9.999884808345617104e-01 7.333645106164208016e+01
9.998780588338056496e-01 1.542714814512979871e-02 2.422918831527136677e-03 -4.459867941856079931e-01 -1.543688667201073908e-02 9.998726282489448502e-01 4.053373635511635376e-03 -1.423924920972771124e+00 -2.360078263176728936e-03 -4.090281732074644259e-03 9.999888497496974837e-01 7.473914209733511882e+01
9.998374743425316735e-01 1.771829909923354832e-02 3.329676638294185465e-03 -4.584021463757639303e-01 -1.773153549378388844e-02 9.998348279439844832e-01 3.988673154280016585e-03 -1.445331795139950248e+00 -3.258454219237648473e-03 -4.047065218685359615e-03 9.999865017768003739e-01 7.612677832181621795e+01
9.998439517878489058e-01 1.728220138162261596e-02 3.660267634329711188e-03 -4.728362273726136600e-01 -1.729797236210311659e-02 9.998410387390983534e-01 4.321740220117486000e-03 -1.470415784858113195e+00 -3.584996668507158934e-03 -4.384381077787648413e-03 9.999839623702523328e-01 7.752783820959875527e+01
9.998572272700601005e-01 1.648372067957395298e-02 3.716450005816701336e-03 -4.717480693363621524e-01 -1.650027707370553889e-02 9.998538733426937108e-01 4.469099419009668790e-03 -1.502615210812649815e+00 -3.642239607409688325e-03 -4.529783858161454992e-03 9.999831074298539679e-01 7.891962826972664402e+01
9.998619664845378452e-01 1.634359253908247364e-02 2.989135696483089053e-03 -4.701593363917219159e-01 -1.635370284679067004e-02 9.998605233503256029e-01 3.389731603781530843e-03 -1.528615099839188751e+00 -2.933318438941581729e-03 -3.438147184535065952e-03 9.999897873397091130e-01 8.032836808188834254e+01
9.998705176456385013e-01 1.586313605252831840e-02 2.703484767391002661e-03 -4.674639958216053048e-01 -1.587295913552007331e-02 9.998673488354561378e-01 3.651565620626016570e-03 -1.545026595767233779e+00 -2.645200908713512752e-03 -3.694005153202925811e-03 9.999896785644200037e-01 8.169377182029153062e+01
9.998674929556885527e-01 1.602236476703519305e-02 2.877556243548184955e-03 -4.867900100133560337e-01 -1.603301293264355887e-02 9.998645568970004893e-01 3.716233069543051649e-03 -1.571220034246948005e+00 -2.817623703509835459e-03 -3.761876582180804802e-03 9.999889545781637246e-01 8.307755641847847983e+01
9.998815358730719360e-01 1.526132716296214886e-02 2.001520905900817590e-03 -4.874109582611316216e-01 -1.526836705312408296e-02 9.998771282783003311e-01 3.550400354298402245e-03 -1.600580191736410196e+00 -1.947091186144587560e-03 -3.580539756909966332e-03 9.999916942500831629e-01 8.444544479427358397e+01
9.998823026938058467e-01 1.526102159991564455e-02 1.575421053100089673e-03 -4.946501353453316430e-01 -1.526654529187954079e-02 9.998771372032330129e-01 3.555716850077033503e-03 -1.619956012284432534e+00 -1.520963645363716202e-03 -3.579349630860305300e-03 9.999924374336912614e-01 8.585827375048049248e+01
9.998937773851256372e-01 1.457447905529879982e-02 1.359347978244961823e-04 -4.938545800318802081e-01 -1.457491786544048810e-02 9.998851683023091130e-01 4.149940464090354220e-03 -1.649226170840136563e+00 -7.543596675626119789e-05 -4.151480933405963560e-03 9.999913797210454591e-01 8.722784373874470987e+01
9.999158595690996743e-01 1.291274790511897502e-02 -1.238828768410459372e-03 -4.955347714700658046e-01 -1.290625077299390432e-02 9.999036197293926787e-01 5.116636284364994153e-03 -1.678504926613948456e+00 1.304779230223210773e-03 -5.100217190790626992e-03 9.999861425734626330e-01 8.857871826915834390e+01
9.999341247735425986e-01 1.125576416657604606e-02 -2.248079469323323743e-03 -5.044007233859648665e-01 -1.124247130048577209e-02 9.999197437120230791e-01 5.840633025133328167e-03 -1.707736184824812486e+00 2.313639879014809438e-03 -5.814974366689159603e-03 9.999804163825040115e-01 8.994989982021293429e+01
9.999512717142572393e-01 9.311514475351263462e-03 -3.278699818078818599e-03 -5.201714761570180867e-01 -9.292472141531017346e-03 9.999401419828574111e-01 5.776021909631244566e-03 -1.730421165110517912e+00 3.332287135285420636e-03 -5.745273289693660079e-03 9.999779436086049245e-01 9.131306196862018965e+01
9.999610112019674535e-01 8.203788679005178525e-03 -3.267094543317331998e-03 -5.344072159093921082e-01 -8.185819109600389956e-03 9.999515012176499740e-01 5.476092792642627861e-03 -1.747314934669094821e+00 3.311860862805792328e-03 -5.449135500330179113e-03 9.999796690464354265e-01 9.268171030338116623e+01
9.999689973953151956e-01 6.951397822832498970e-03 -3.698959020519442410e-03 -5.525727032573832798e-01 -6.932734871530943192e-03 9.999632943253826678e-01 5.034600382026765443e-03 -1.772980112219217697e+00 3.733820826431426872e-03 -5.008800448483358841e-03 9.999804850630371611e-01 9.405957341219037460e+01
9.999667498637889729e-01 7.165767133152797785e-03 -3.892419407602039621e-03 -5.593700957304752475e-01 -7.147719915236329727e-03 9.999637322057592925e-01 4.630808305807290227e-03 -1.793486212206171215e+00 3.925461603579752032e-03 -4.602832458050858805e-03 9.999817021783637960e-01 9.541018196726949441e+01
9.999708736887151783e-01 6.604828985688619356e-03 -3.824655553482147422e-03 -5.751014641274549977e-01 -6.589231336395291044e-03 9.999699814909678297e-01 4.076537605166334448e-03 -1.817668819607992869e+00 3.851465646513058030e-03 -4.051217375875388292e-03 9.999843768063803040e-01 9.674879340785558668e+01
9.999634909753990497e-01 7.720852961453088421e-03 -3.661301094187183278e-03 -5.925833746344231212e-01 -7.707895236777670585e-03 9.999640273040567573e-01 3.540121850644570214e-03 -1.847106808297358072e+00 3.688502213911493306e-03 -3.511771720096608981e-03 9.999870311244518639e-01 9.811447182559024327e+01
9.999573213922121617e-01 8.670474582125565696e-03 -3.190335927087203319e-03 -6.161229873439358906e-01 -8.659547956545943226e-03 9.999566468702759670e-01 3.422955580478507370e-03 -1.868256687529862958e+00 3.219876323400587114e-03 -3.395182666816412044e-03 9.999890525084076387e-01 9.942790037708853390e+01
9.999483363478974818e-01 9.641145748905632223e-03 -3.220701853645721244e-03 -6.310252996672743864e-01 -9.625964626505683144e-03 9.999426409739236021e-01 4.696337340305807920e-03 -1.899240775163747452e+00 3.265795249983422140e-03 -4.665092400922646668e-03 9.999837856186752916e-01 1.008215306255916204e+02
9.999463788552106491e-01 9.930160419673055364e-03 -2.937908260475724249e-03 -6.501102210149576344e-01 -9.913349179936180658e-03 9.999347153637719865e-01 5.682476218953398488e-03 -1.916723699115731705e+00 2.994144416692881387e-03 -5.653047069331645046e-03 9.999795388726302470e-01 1.021597671172065134e+02
9.999499412673147347e-01 9.504432259976247285e-03 -3.127411714828887135e-03 -6.557621602457764931e-01 -9.488488831310435204e-03 9.999421102305862119e-01 5.073931830139953580e-03 -1.949530744485336031e+00 3.175455569731156988e-03 -5.044003480389583176e-03 9.999822371006263921e-01 1.035114769966404964e+02
9.999455848084269904e-01 1.003107273772845497e-02 -2.864433334276297177e-03 -6.760889892186198180e-01 -1.002219174687453071e-02 9.999449770161132900e-01 3.098165813941256355e-03 -1.965891992541784372e+00 2.895353703190401123e-03 -3.069289364468739262e-03 9.999910981577240232e-01 1.048434031851666930e+02
9.999527137407657751e-01 9.293572497425267587e-03 -2.863524167426592659e-03 -6.857177525779230010e-01 -9.288195346529208932e-03 9.999550862608947988e-01 1.885445731063380755e-03 -1.991444642143980204e+00 2.880918133095291406e-03 -1.858759629819645848e-03 9.999941226467140565e-01 1.061701533872483907e+02
9.999653087574257304e-01 7.761425263633782955e-03 -3.023498022676788296e-03 -6.990123198938390514e-01 -7.753314642355642501e-03 9.999663376231610057e-01 2.685097159062076449e-03 -2.020624495068025439e+00 3.044236479848767569e-03 -2.661561910945514989e-03 9.999918243253415051e-01 1.075115246517445939e+02
9.999886574138926454e-01 4.317844174382007467e-03 -2.010287097366838908e-03 -7.098096065408927569e-01 -4.308518030448712025e-03 9.999800428450829060e-01 4.620669957309170295e-03 -2.037728728593224403e+00 2.030198349578315933e-03 -4.611956236055099467e-03 9.999873039986276746e-01 1.088259816259359525e+02
9.999951016683454874e-01 2.659825734255349874e-03 -1.649836063537536137e-03 -7.110725825542610901e-01 -2.651172869473884201e-03 9.999828357489886077e-01 5.224891713760184374e-03 -2.069157047206236388e+00 1.663705080127233105e-03 -5.220492171284242186e-03 9.999849891626598763e-01 1.101677793131496230e+02
9.999952881198914678e-01 2.860135273462113825e-03 -1.115059319942916620e-03 -7.223080412256477345e-01 -2.855319415729387373e-03 9.999866919284595701e-01 4.296873429461537178e-03 -2.089176823932600513e+00 1.127334143103248020e-03 -4.293669375096773912e-03 9.999901467133135435e-01 1.115000514033000201e+02
9.999919190451741491e-01 4.020177040502637481e-03 -3.651988208611866463e-06 -7.444074087713984378e-01 -4.020159635334731585e-03 9.999895565440350964e-01 2.173735592909494495e-03 -2.106802972646317329e+00 1.239075379875152863e-05 -2.173703368287765655e-03 9.999976374275362234e-01 1.128052007124894800e+02
9.999771517939156640e-01 6.697317136944692072e-03 9.175084797999074173e-04 -7.482230996083418795e-01 -6.697670663113959762e-03 9.999774971187183059e-01 3.827225424301233868e-04 -2.147538485453248658e+00 -9.149246351444354289e-04 -3.888589749671039135e-04 9.999995058500888989e-01 1.141444189176719135e+02
9.999589162838218304e-01 8.692436018329408737e-03 2.570464421815652021e-03 -7.592609462618772342e-01 -8.692482574280836066e-03 9.999622196441254607e-01 6.912772462402981395e-06 -2.164003067064924846e+00 -2.570307265288300416e-03 -2.925620965219268328e-05 9.999966963251163410e-01 1.154737752115407687e+02
9.999433433927715775e-01 9.958632922049683381e-03 3.759736773148566503e-03 -7.699376855618028648e-01 -9.964120350913003438e-03 9.999493148819684762e-01 1.443603690491784743e-03 -2.189936871573152199e+00 -3.745169955699218130e-03 -1.480984387642960125e-03 9.999918901583910724e-01 1.168095487110675492e+02
9.999403662487366118e-01 9.857602372351802200e-03 4.700171165979850040e-03 -7.740709821265838730e-01 -9.874052887309352211e-03 9.999451610397663837e-01 3.489700689573670394e-03 -2.208289650692619066e+00 -4.665513410204288544e-03 -3.535902359409318334e-03 9.999828650400854890e-01 1.181277709627618151e+02
9.999334401362909297e-01 9.971653521378102611e-03 5.803568863016770295e-03 -7.885844249156073182e-01 -9.995338263162983905e-03 9.999417768900846770e-01 4.066455600012094766e-03 -2.235282462758235500e+00 -5.762681771872573203e-03 -4.124193610778536211e-03 9.999748909444274858e-01 1.194893704088788979e+02
9.999192030168988499e-01 1.080266714065916331e-02 6.699985699778604302e-03 -7.823957386377810019e-01 -1.082843697237177542e-02 9.999340666123794907e-01 3.821962945539693780e-03 -2.262067779713575533e+00 -6.658256666287320005e-03 -3.894204552548985801e-03 9.999702509481954715e-01 1.208087100038442117e+02
9.999021758609727417e-01 1.136859620004617051e-02 8.148233987783196769e-03 -7.943775636524341710e-01 -1.139646721897318027e-02 9.999293379565472595e-01 3.382255161796689572e-03 -2.283461709349444035e+00 -8.109206862091994025e-03 -3.474785409550445407e-03 9.999610825531997094e-01 1.221203681988980918e+02
9.998677964917491723e-01 1.338793059732108597e-02 9.227829554399840165e-03 -8.005842057982910376e-01 -1.341619640659886051e-02 9.999054742765990378e-01 3.008024465104156345e-03 -2.300360856104259888e+00 -9.186686221883077347e-03 -3.131429197110944130e-03 9.999528983590683096e-01 1.234810860792529468e+02
9.998465827158586894e-01 1.402655958628820990e-02 1.049126507317593715e-02 -7.870231772640988721e-01 -1.404971093405568347e-02 9.998990158909465409e-01 2.136274807259677579e-03 -2.325300082204560859e+00 -1.046024121665921520e-02 -2.283346328551953339e-03 9.999426831928535098e-01 1.248077609136054207e+02
9.998184354693653297e-01 1.528534026138834295e-02 1.137780524541746364e-02 -7.864547159317999414e-01 -1.530081899865300826e-02 9.998821232156180905e-01 1.274614333771676182e-03 -2.349358666035384680e+00 -1.135698134936138914e-02 -1.448472661223156217e-03 9.999344582962221839e-01 1.261623032973843408e+02
9.998061976950711749e-01 1.525897261732229483e-02 1.243908315798209797e-02 -7.813447305616807448e-01 -1.527387996684584880e-02 9.998827377016528128e-01 1.104294749920674843e-03 -2.377438302297258499e+00 -1.242077433454413619e-02 -1.294073809224940063e-03 9.999220218213993316e-01 1.275049067247237389e+02
9.998122607056120215e-01 1.403248032501687968e-02 1.336161766887844840e-02 -7.840980185005232972e-01 -1.405743421332532675e-02 9.998996130773764035e-01 1.775482534105621161e-03 -2.403339222324995195e+00 -1.333536214396753919e-02 -1.962979283188036935e-03 9.999091532802253379e-01 1.288013393643937547e+02
9.998185277745578192e-01 1.287204868865661489e-02 1.404357049956101756e-02 -7.607058619339180927e-01 -1.291238465024604869e-02 9.999127523963868835e-01 2.785308288961081419e-03 -2.421400444746333758e+00 -1.400649284886023964e-02 -2.966138840358636519e-03 9.998975048287762624e-01 1.301767621117029705e+02
9.998125747896723370e-01 1.275003874904124743e-02 1.456886392876196451e-02 -7.605803548185843255e-01 -1.279313762873999540e-02 9.999140487829624169e-01 2.868919717561230643e-03 -2.452771103107304729e+00 -1.453103312967861729e-02 -3.054763514595485417e-03 9.998897526627388288e-01 1.315019310342090932e+02
9.998301939667213478e-01 1.133724205834997674e-02 1.452756585486895090e-02 -7.417233052088135770e-01 -1.138325785627485043e-02 9.999304382552107739e-01 3.088707277883842670e-03 -2.475987967166388692e+00 -1.449153811904906573e-02 -3.253553849353556845e-03 9.998896987639567246e-01 1.328631886643568407e+02
9.998610357160390150e-01 8.868033833357800294e-03 1.411620459178941807e-02 -7.385324229211442937e-01 -8.925186096632158755e-03 9.999522059240544269e-01 3.990856660397867559e-03 -2.494293766194601858e+00 -1.408013910985145625e-02 -4.116291857844143164e-03 9.998923971150920353e-01 1.341730128908878612e+02
9.998776991604599873e-01 7.339119160685754484e-03 1.381028796154426877e-02 -7.241719699185005243e-01 -7.390827122913365237e-03 9.999658539007336699e-01 3.696852741642547759e-03 -2.521628530718915240e+00 -1.378268498718519981e-02 -3.798470091594452046e-03 9.998977993796557273e-01 1.355084294480014933e+02
9.998962424825922346e-01 6.844715900804219759e-03 1.267494123784248042e-02 -7.088545704629585220e-01 -6.894468575002503027e-03 9.999686831504178697e-01 3.885747500478573240e-03 -2.538488106621622720e+00 -1.264794767694785854e-02 -3.972731338628948845e-03 9.999121195440979770e-01 1.368484926215543851e+02
9.999233942387830698e-01 4.056826472097067524e-03 1.169392232610712117e-02 -7.020594413272891465e-01 -4.111634733581735583e-03 9.999806581237515868e-01 4.666673841479738842e-03 -2.557932252290673780e+00 -1.167476445595192099e-02 -4.714397519954598853e-03 9.999207340174434133e-01 1.381739031550304446e+02
9.999377978783495768e-01 3.975941336152498395e-03 1.042076148593531516e-02 -6.901093510174338697e-01 -4.028042853799703588e-03 9.999794692577137489e-01 4.983567006614975439e-03 -2.589861236394666033e+00 -1.040073334576895568e-02 -5.025232331357592543e-03 9.999332836616386944e-01 1.395434177467972461e+02
9.999505327608029237e-01 3.266565016805331352e-03 9.394763962119783568e-03 -6.899118202106784281e-01 -3.312980886524507975e-03 9.999823629456803253e-01 4.929296111542064325e-03 -2.604491219886702957e+00 -9.378496558073880565e-03 -4.960176985512008106e-03 9.999437186342637895e-01 1.408739561881188536e+02
9.999574784120510706e-01 3.632780244651608818e-03 8.476100478964160301e-03 -6.840899041510581924e-01 -3.671720769349844961e-03 9.999827565792794859e-01 4.583122998578475354e-03 -2.631802815463281320e+00 -8.459304985901573010e-03 -4.614050028209812707e-03 9.999535742682992279e-01 1.422086136792091509e+02
9.999717686974756159e-01 2.537875797807841258e-03 7.072552494736872308e-03 -6.817232707544435000e-01 -2.565838116660935225e-03 9.999889173085563243e-01 3.947371104118578208e-03 -2.640193869378844926e+00 -7.062456293119779259e-03 -3.965406721154051718e-03 9.999671980882757216e-01 1.435647072294161717e+02
9.999795442335202011e-01 1.349897175671029015e-03 6.252111461316549497e-03 -6.755553408856651565e-01 -1.362672444347789568e-03 9.999969916923785451e-01 2.039542122067620859e-03 -2.674550196555002035e+00 -6.249339587347800193e-03 -2.048019995664119176e-03 9.999783754467722607e-01 1.449137470022272964e+02
9.999837920667572488e-01 -2.031752364171133737e-03 5.318608542282020346e-03 -6.729434577310483556e-01 2.024446369977994046e-03 9.999970004046686567e-01 1.378693056416457289e-03 -2.705191389545952507e+00 -5.321393842145561402e-03 -1.367903479115304029e-03 9.999849056865598440e-01 1.462342897506866564e+02
9.999389221428643948e-01 -1.013885084277496747e-02 4.399512601670646852e-03 -6.482408797896174191e-01 1.012313276304877517e-02 9.999423498354989004e-01 3.580386823115476458e-03 -2.729620109758118751e+00 -4.435560049437805262e-03 -3.535631311877689923e-03 9.999839124272030810e-01 1.475720845726073662e+02
9.998365687070402963e-01 -1.786501247025682262e-02 2.770783246234419760e-03 -6.488780330107093430e-01 1.785098910168494285e-02 9.998281265339054036e-01 5.005951277833143448e-03 -2.744140591269269791e+00 -2.859738447067622629e-03 -4.955671957584467484e-03 9.999836314704512175e-01 1.489457365292801114e+02
9.997943724345470518e-01 -2.021822835367035123e-02 1.560809626295265673e-03 -6.442522802472411270e-01 2.021509667487423126e-02 9.997936598073865477e-01 1.996907833942162310e-03 -2.783536178546645701e+00 -1.600861530755948820e-03 -1.964945299562525453e-03 9.999967881101261558e-01 1.502864130102475428e+02
9.998181551200737704e-01 -1.895934963322263439e-02 2.049338612167020141e-03 -6.456605077458967834e-01 1.896140005126428080e-02 9.998197305928818723e-01 -9.856943161988724906e-04 -2.817142962891623803e+00 -2.030281089919208463e-03 1.024373426586872677e-03 9.999974143040556429e-01 1.516437446457639169e+02
9.998322716149167233e-01 -1.813597281759103327e-02 2.552481474608728727e-03 -6.572918833111716097e-01 1.814348370419117257e-02 9.998310391336718839e-01 -2.950788628351441387e-03 -2.836108915841477618e+00 -2.498534826786386488e-03 2.996604645949744149e-03 9.999923888112253190e-01 1.529711400670183252e+02
9.998519353076392724e-01 -1.685623743040726152e-02 3.460455866080277242e-03 -6.692433186950550450e-01 1.686658493196903016e-02 9.998532989714161712e-01 -2.983089051341295764e-03 -2.873321946544599381e+00 -3.409664616300387210e-03 3.041013476872279908e-03 9.999895631550937969e-01 1.543170419228251262e+02
9.998020637070396122e-01 -1.951063902982868789e-02 3.894664301077984097e-03 -6.647530825225168583e-01 1.951282842086827368e-02 9.998094688344854042e-01 -5.249028553159101624e-04 -2.898414172947483713e+00 -3.883681121628536174e-03 6.007948970495346781e-04 9.999922780007481915e-01 1.556497423421276665e+02
9.996799044042395943e-01 -2.488370475664998180e-02 4.570559593109805273e-03 -6.526007395251702814e-01 2.487274660000996993e-02 9.996876500760679685e-01 2.438999895953990974e-03 -2.925645816362612894e+00 -4.629823407662974483e-03 -2.324536811889530742e-03 9.999865805390653062e-01 1.570015617310511402e+02
9.995820213189718917e-01 -2.853144747414728538e-02 4.662532923816017222e-03 -6.460207457546746079e-01 2.851251725136886780e-02 9.995851195583734805e-01 4.077385250394382522e-03 -2.948606774267839015e+00 -4.776932308985282899e-03 -3.942740451685252702e-03 9.999808176710546226e-01 1.583500287508451834e+02
9.995337655526927989e-01 -3.019564601200112886e-02 4.524879715624793679e-03 -6.424596637371527974e-01 3.017700694349143356e-02 9.995360278048360803e-01 4.132471753568603759e-03 -2.985051189758511470e+00 -4.647563024763204896e-03 -3.993997737540432372e-03 9.999812238911308659e-01 1.596935735155030329e+02
9.995806967378517705e-01 -2.846592856798708243e-02 5.302987166872819708e-03 -6.447353378379184763e-01 2.844266436635608034e-02 9.995856886968115251e-01 4.412000600039190333e-03 -2.999749825952050752e+00 -5.426381860017769759e-03 -4.259319563847944155e-03 9.999762060022590049e-01 1.610657959222224349e+02
9.996225782953731542e-01 -2.676882400959128272e-02 6.175036436472569092e-03 -6.462869845740988328e-01 2.674506305790896876e-02 9.996346830962009600e-01 3.898962517263388980e-03 -3.013806903965642103e+00 -6.277151334900196895e-03 -3.732339235040573258e-03 9.999733331482848486e-01 1.623882139828421032e+02
9.997011632605146136e-01 -2.333104388163099313e-02 7.297027823955225430e-03 -6.502352805515191347e-01 2.331617850684402152e-02 9.997259022358164771e-01 2.115698344533844220e-03 -3.041302603301471397e+00 -7.344389298585329851e-03 -1.944927287550084812e-03 9.999711381808554789e-01 1.637431722600663306e+02
9.997602242857703825e-01 -2.036416968282719550e-02 8.049507669048674985e-03 -6.598566886307386525e-01 2.035401848277806902e-02 9.997919361081876177e-01 1.341040675485427082e-03 -3.062416220126445321e+00 -8.075142173468045914e-03 -1.176879287691294865e-03 9.999667029576797539e-01 1.650987409908595964e+02
9.997803582996988014e-01 -1.921672129083090708e-02 8.363780489339407015e-03 -6.557057950311075967e-01 1.919712764714320841e-02 9.998127973515973377e-01 2.416714516182733637e-03 -3.080754191896597938e+00 -8.408656238138906627e-03 -2.255623142704309744e-03 9.999621026090987908e-01 1.664519929221595476e+02
9.998012788332905076e-01 -1.815667533789903226e-02 8.230311374332718172e-03 -6.571196685788337488e-01 1.813761395363743673e-02 9.998326558843360079e-01 2.384775873229601478e-03 -3.103288197668965243e+00 -8.272233820581042715e-03 -2.235023757512681532e-03 9.999632867293035687e-01 1.678080690431199571e+02
9.998449600195956632e-01 -1.580894150200921194e-02 7.754568272376849251e-03 -6.531519488673632745e-01 1.580794115383927015e-02 9.998750285691531126e-01 1.902972870669277893e-04 -3.127414847763828831e+00 -7.756607704054908556e-03 -6.768400681127205735e-05 9.999699147704212976e-01 1.691694430891159868e+02
9.999006565851524808e-01 -1.193657471499220100e-02 7.496344119293086965e-03 -6.482682071980773175e-01 1.195720793390069210e-02 9.999248277696060061e-01 -2.713663177958593013e-03 -3.160715980391377578e+00 -7.463388889626714796e-03 2.803028979814146428e-03 9.999682199174257935e-01 1.705410365797218333e+02
9.999586410740589626e-01 -5.740468950657011751e-03 7.054302017564090949e-03 -6.620122139425316243e-01 5.771229917620299306e-03 9.999738935613862179e-01 -4.347998529962275073e-03 -3.194004622029347651e+00 -7.029158429460310824e-03 4.388530751133724525e-03 9.999656652705209980e-01 1.719119896419074678e+02
9.999687770031683298e-01 -2.036941362955422240e-03 7.635175317087470118e-03 -6.652255753401120630e-01 2.063112083032875906e-03 9.999920189600134401e-01 -3.421342079963950351e-03 -3.220179453182620666e+00 -7.628145442294742735e-03 3.436987517943117937e-03 9.999649986392734613e-01 1.732781325587673962e+02
9.999683120295846939e-01 7.328877327549705159e-04 7.927031030347794771e-03 -6.682684027454789399e-01 -7.198461998537378399e-04 9.999983830790530881e-01 -1.647926693656607709e-03 -3.252978997703919184e+00 -7.928226097095966707e-03 1.642168252957869118e-03 9.999672227148451720e-01 1.746749833950827053e+02
9.999710805393666746e-01 8.278408073991232966e-04 7.559945278690317558e-03 -6.752521927228661847e-01 -8.348563611365298915e-04 9.999992238058590388e-01 9.248804693892439394e-04 -3.270196547656255337e+00 -7.559173887023340824e-03 -9.311651928930395061e-04 9.999709954854166805e-01 1.760740450137778339e+02
9.999750023082091266e-01 -5.070365282819051887e-04 7.052494780960365250e-03 -6.636744757979067266e-01 4.950616794972747267e-04 9.999984331316403852e-01 1.699601982999369423e-03 -3.312093414860553864e+00 -7.053345611425988759e-03 -1.696068085665393410e-03 9.999736864838256745e-01 1.774661991971418331e+02
9.999820558859373598e-01 -2.607611462711554966e-03 5.393355211421623982e-03 -6.626548914695119530e-01 2.598777498910243879e-03 9.999952713047091102e-01 1.644298821264902639e-03 -3.323628703513549887e+00 -5.397617492018724761e-03 -1.630253193769271155e-03 9.999841038702614870e-01 1.788120530782318269e+02
9.999888518278436944e-01 -3.179755999243852414e-03 3.490756696135578242e-03 -6.565425651490732761e-01 3.186977998369003914e-03 9.999927888746837912e-01 -2.065275875304142632e-03 -3.362225624503523580e+00 -3.484164512408783037e-03 2.076377840581237338e-03 9.999917745899951083e-01 1.802105161182618360e+02
9.999974236639358471e-01 -6.765219072944047771e-04 2.166792055008870139e-03 -6.696097630545664314e-01 6.889794108983184539e-04 9.999832099422166776e-01 -5.753706688863245017e-03 -3.394001144628663980e+00 -2.162863208535568266e-03 5.755184795865541866e-03 9.999810997548240765e-01 1.815718470875225705e+02
9.999935164836054602e-01 3.231302400286927001e-03 1.589236191847789555e-03 -6.857742708013508937e-01 -3.220267464168333291e-03 9.999710247666493412e-01 -6.897790347976402898e-03 -3.418907805448325732e+00 -1.611479024498154453e-03 6.892627923008128391e-03 9.999749470924046424e-01 1.829762435504989071e+02
9.999774618407737403e-01 6.563559520875659505e-03 1.412616845313447063e-03 -6.936972693300023085e-01 -6.555363711667897171e-03 9.999620943256619654e-01 -5.730369262065933972e-03 -3.455255074945833282e+00 -1.450174949936532251e-03 5.720979942195819797e-03 9.999825835374474003e-01 1.843656565897253756e+02
9.999673762618170869e-01 7.962826369148558181e-03 1.356390391151103330e-03 -7.065656853591583131e-01 -7.958887314411267414e-03 9.999641653027916410e-01 -2.885175698642489153e-03 -3.474961144779771693e+00 -1.379315965805082275e-03 2.874286237247039057e-03 9.999949179689201495e-01 1.857729012177564130e+02
9.999684319329497084e-01 7.693951007667445760e-03 1.984500805457599208e-03 -7.033262533779564007e-01 -7.692498978410970169e-03 9.999701397369918920e-01 -7.383147846844933864e-04 -3.504404516845761819e+00 -1.990122141439722766e-03 7.230257101765102338e-04 9.999977583198944586e-01 1.871789418826802489e+02
9.999772377380647947e-01 6.467916878696337683e-03 1.920949588798539793e-03 -7.157622735859964225e-01 -6.468343389215835439e-03 9.999790567529319718e-01 2.158739842679344341e-04 -3.527825958238859805e+00 -1.919513136581032587e-03 -2.282944369270986748e-04 9.999981316724468883e-01 1.885724450243491503e+02
9.999794083767447050e-01 6.222074486981920248e-03 1.571178509030906950e-03 -7.128571204970884923e-01 -6.223149905601222352e-03 9.999804044930652447e-01 6.804754329198343596e-04 -3.562975509834806154e+00 -1.566913779295012275e-03 -6.902391094809946261e-04 9.999985341735107003e-01 1.899719448004184699e+02
9.999904360420024396e-01 3.977165339403217724e-03 1.819333778298435267e-03 -7.226867210326417545e-01 -3.979418914312312684e-03 9.999913173333524474e-01 1.236725604939095495e-03 -3.586344194541676966e+00 -1.814399350098282789e-03 -1.243953680743467355e-03 9.999975802630822752e-01 1.913802703277346495e+02
9.999957408801970482e-01 2.031872435101274126e-03 2.095164658216634029e-03 -7.276913705572486402e-01 -2.034860991087702239e-03 9.999969139914635097e-01 1.425254985241575754e-03 -3.622115747686490916e+00 -2.092262291321166524e-03 -1.429512296371834596e-03 9.999967894601214935e-01 1.928234646534950798e+02
9.999970192810541114e-01 -5.502248755212096583e-04 2.378799245823398981e-03 -7.240391096787462955e-01 5.450301713563650285e-04 9.999974668667832578e-01 2.183849953920334076e-03 -3.645754983899911927e+00 -2.379994867711318022e-03 -2.182546944587348062e-03 9.999947860416642520e-01 1.942198985958969786e+02
9.999851088429217993e-01 -4.640310197014939873e-03 2.872216215824786346e-03 -7.240128514347110578e-01 4.630121477201581265e-03 9.999830012483950092e-01 3.543893357148895744e-03 -3.667617808948691049e+00 -2.888612202476271030e-03 -3.530541901006311548e-03 9.999895955410512682e-01 1.956316515104464600e+02
9.999600074922723181e-01 -8.305989744464952959e-03 3.315715563804823469e-03 -7.348203879526910010e-01 8.294158340605305504e-03 9.999592435774125043e-01 3.566245349896727916e-03 -3.688121254704943119e+00 -3.345201678158037008e-03 -3.538601680501656487e-03 9.999881438898229336e-01 1.970589589869439351e+02
9.999744574149133092e-01 -6.335692124406629502e-03 3.308102010607027240e-03 -7.314722223057457118e-01 6.336600549828806141e-03 9.999798886427982980e-01 -2.641818726551747355e-04 -3.718863271612184107e+00 -3.306361762008263629e-03 2.851372559133454510e-04 9.999944933169048200e-01 1.984857127591982362e+02
9.999933283214131885e-01 4.489322715283977248e-04 3.625158825303540205e-03 -7.439289017128432047e-01 -4.306749686346181836e-04 9.999872291001883351e-01 -5.035489770291275841e-03 -3.757498501693191884e+00 -3.627373190143551220e-03 5.033894959265427203e-03 9.999807508445450743e-01 1.999182427827377921e+02
9.999472976503346322e-01 9.041891442516117317e-03 4.862726596217273843e-03 -7.650667379804071411e-01 -9.014589924870019047e-03 9.999436456739696499e-01 -5.607375771191527684e-03 -3.779023656558980093e+00 -4.913153934686713409e-03 5.563244812455618582e-03 9.999724552297695190e-01 2.013305430197057717e+02
9.998573449163956628e-01 1.576666618363004729e-02 6.058220105712730681e-03 -7.788879552395460149e-01 -1.575257895117497878e-02 9.998731209841834611e-01 -2.366056084673163074e-03 -3.802618474613246757e+00 -6.094756370369685226e-03 2.270285979648802108e-03 9.999788496453493325e-01 2.027839695838860621e+02
9.998305122133679390e-01 1.694942435923278354e-02 7.187756014482902731e-03 -7.788688715530922568e-01 -1.695080782234472880e-02 9.998563160953807261e-01 1.315751108945592280e-04 -3.832420681614467028e+00 -7.184493253090624108e-03 -2.533910889905049068e-04 9.999741590863774343e-01 2.042020882453969932e+02
9.998367046728362517e-01 1.675700998501850753e-02 6.765100200545313448e-03 -7.881163267241446668e-01 -1.676056430889975163e-02 9.998594218898878561e-01 4.690151889930841301e-04 -3.864571828836062650e+00 -6.756290001450007514e-03 -5.823255088508126880e-04 9.999770064525680402e-01 2.056770975997970652e+02
9.999020208979453317e-01 1.287900437637009426e-02 5.484508406991351996e-03 -7.752575889046334767e-01 -1.288258467281643005e-02 9.999168251255992068e-01 6.179546340366914078e-04 -3.887947005011640034e+00 -5.476093688735610664e-03 -6.885487416500479969e-04 9.999847690297657410e-01 2.071310850939913450e+02
9.999246379394708395e-01 1.145033433135560393e-02 4.428122506681095132e-03 -7.711851218813723374e-01 -1.145188343629861653e-02 9.999343723531852746e-01 3.246145155129359205e-04 -3.921785369491344042e+00 -4.424115032104549219e-03 -3.753004020839388047e-04 9.999901431264180962e-01 2.085639993016724532e+02
9.999185908141488000e-01 1.209214925709746306e-02 4.073285215992646785e-03 -7.819920198431534741e-01 -1.209047774051245049e-02 9.999268129993620358e-01 -4.347603950128688414e-04 -3.941729817679408221e+00 -4.078244364244414978e-03 3.854770361072362966e-04 9.999916096272229993e-01 2.100445613883051976e+02
9.999116870126668610e-01 1.270007484170538811e-02 3.914876104032176396e-03 -7.834072563315025439e-01 -1.269890530606055355e-02 9.999193133390789079e-01 -3.234817035215934952e-04 -3.973688872464191668e+00 -3.918668536980237337e-03 2.737384921725100366e-04 9.999922845196574928e-01 2.114735511263246508e+02
9.999016687022800332e-01 1.354002792800513416e-02 3.649732654062143571e-03 -7.882064390227528916e-01 -1.354058271184278850e-02 9.999083140162969841e-01 1.273083833916673665e-04 -3.995588364041368301e+00 -3.647674330022846346e-03 -1.767153796367626776e-04 9.999933315971666348e-01 2.129580829157958703e+02
9.999079734138759390e-01 1.312212022835748323e-02 3.443057218437776349e-03 -7.904074846453108538e-01 -1.312226813528531710e-02 9.999138991388119013e-01 2.033907160094803666e-05 -4.033118393760180886e+00 -3.442493937369301132e-03 -6.551792653021058961e-05 9.999940724515703483e-01 2.144248929491781155e+02
9.999050259301309751e-01 1.343381279789308824e-02 3.077624278842803606e-03 -7.927015934024089772e-01 -1.343202623011927922e-02 9.999096059785042012e-01 -6.004745781793149016e-04 -4.059746021279546646e+00 -3.085412798371656162e-03 5.590788171764923429e-04 9.999950838151456800e-01 2.158806389764513369e+02
9.999068714045751260e-01 1.336721516674807715e-02 2.750646131184405607e-03 -7.905018721543751736e-01 -1.336443434296805295e-02 9.999101646422865475e-01 -1.026920704220832649e-03 -4.093535074216654301e+00 -2.764126146038163329e-03 9.900642411792312352e-04 9.999956896784623073e-01 2.173471948151321840e+02
9.999100956890495384e-01 1.323694749200908342e-02 2.140966420778616167e-03 -7.997401462173013842e-01 -1.323453313107346430e-02 9.999117721528844038e-01 -1.138011001770196807e-03 -4.116675199069780966e+00 -2.155841359482524398e-03 1.109574001536134391e-03 9.999970605908813370e-01 2.188031854867147956e+02
9.998992613027484211e-01 1.403721174213143873e-02 2.103308827060091767e-03 -8.206723618148813459e-01 -1.403415406789069141e-02 9.999004482187771048e-01 -1.461574278298290869e-03 -4.149268125073223956e+00 -2.123615906044437097e-03 1.431908886337073363e-03 9.999967199392424400e-01 2.202860232108985201e+02
9.998971973426699078e-01 1.418383166562643682e-02 2.100866617382687786e-03 -8.111421647870253882e-01 -1.418043808179522518e-02 9.998981376798903309e-01 -1.621563540626222953e-03 -4.181565222210340771e+00 -2.123652642195879119e-03 1.591605637222743815e-03 9.999964784376700333e-01 2.217565752024247274e+02
9.998885016763474631e-01 1.486037684802839556e-02 1.467442704990766945e-03 -8.256805754394815899e-01 -1.485757121119718818e-02 9.998878059789261252e-01 -1.904747239023247196e-03 -4.208571605164528329e+00 -1.495583357589936810e-03 1.882732236653160635e-03 9.999971092694847075e-01 2.232532314517901852e+02
9.998864841604573339e-01 1.501174287177677209e-02 1.290868453576706930e-03 -8.375064951784739753e-01 -1.500924441213705510e-02 9.998855039332035233e-01 -1.923963729594244283e-03 -4.243267785429969408e+00 -1.319602729131454013e-03 1.904370377283874779e-03 9.999973160063568844e-01 2.247450845766142322e+02
9.998811470841095783e-01 1.538319346859268535e-02 1.024224342708956710e-03 -8.429452103524832651e-01 -1.538115385368757707e-02 9.998797615014212159e-01 -1.970450910989246171e-03 -4.271063141812286190e+00 -1.054413040697873812e-03 1.954462973081839625e-03 9.999975341398560369e-01 2.262359995233965719e+02
9.998891246732768412e-01 1.486434365937508613e-02 8.886054339874424396e-04 -8.509156217601536731e-01 -1.486258863862499092e-02 9.998876438406140155e-01 -1.950175257443721461e-03 -4.307691360488860255e+00 -9.174936880820922999e-04 1.936752062298025380e-03 9.999977035949322302e-01 2.277248924437141966e+02
9.998974592521600036e-01 1.428351787094631585e-02 1.025705434436628618e-03 -8.568358100377089226e-01 -1.428127831221762817e-02 9.998956872405493357e-01 -2.158646810920740455e-03 -4.339544329464848360e+00 -1.056431532281324305e-03 2.143777087527413191e-03 9.999971440810959677e-01 2.292108229581828880e+02
9.999128076882096705e-01 1.317713654504133573e-02 8.602726049725826964e-04 -8.680568125950568481e-01 -1.317531929172637180e-02 9.999110277295294447e-01 -2.085092962691243758e-03 -4.368053318731001333e+00 -8.876716378594622222e-04 2.073576802984710560e-03 9.999974561551039365e-01 2.307192607053023039e+02
9.999249463954903439e-01 1.220542477468927745e-02 1.062619273820656360e-03 -8.656003431668775061e-01 -1.220403358897267920e-02 9.999246750306687304e-01 -1.306083092263236097e-03 -4.408765072551848796e+00 -1.078480552091014982e-03 1.293016829013225602e-03 9.999985824917104749e-01 2.322098361006888751e+02
9.999416893565552522e-01 1.072759476267833717e-02 1.239587952721305820e-03 -8.760277710380545146e-01 -1.072649606591366545e-02 9.999420737036396334e-01 -8.896855559907934207e-04 -4.434080886095727259e+00 -1.249060357619695329e-03 8.763372442268835445e-04 9.999988359390000747e-01 2.336900736705447628e+02
9.999392909737941926e-01 1.097678634624727444e-02 9.615135864398647626e-04 -8.755516064634507600e-01 -1.097556205705156086e-02 9.999389607999694674e-01 -1.269540613027921386e-03 -4.469527632944049422e+00 -9.753903916534404977e-04 1.258910393176084158e-03 9.999987318774981038e-01 2.352122105030655064e+02
9.999224297797388861e-01 1.237210448608459627e-02 1.437161024709456220e-03 -8.774350798637339244e-01 -1.236963464949538717e-02 9.999220224575102733e-01 -1.714983269538618640e-03 -4.501806382550492813e+00 -1.458266938695896566e-03 1.697073089352124338e-03 9.999974966959305211e-01 2.367042852718197992e+02
9.999067102411437480e-01 1.356922692873006181e-02 1.564247690458822008e-03 -8.932099003495502787e-01 -1.356741647202491796e-02 9.999072828177388850e-01 -1.162327481470791513e-03 -4.532838709522979848e+00 -1.579874572956554372e-03 1.140996250749684712e-03 9.999981010589418240e-01 2.381980881005569870e+02
9.999188798529111688e-01 1.252872109827769635e-02 2.294523917581080697e-03 -9.001371354445328876e-01 -1.252999512201595153e-02 9.999213498274973633e-01 5.416693933579566069e-04 -4.555206295124107463e+00 -2.287557068466720099e-03 -5.703758384823451062e-04 9.999972208716684241e-01 2.397193976815545966e+02
9.999234027550402137e-01 1.205464769338070868e-02 2.806077704096030315e-03 -9.091852076726020249e-01 -1.205864533228186847e-02 9.999262948638324433e-01 1.412067913624309159e-03 -4.586630796901806306e+00 -2.788848948708257808e-03 -1.445797268099890563e-03 9.999950659819953902e-01 2.412340436185771750e+02
9.999154073989252600e-01 1.260417198554270729e-02 3.211366455253481834e-03 -9.176923826591469879e-01 -1.260486043458811795e-02 9.999205367455806792e-01 1.941968680052343077e-04 -4.614793522965711325e+00 -3.208663635511461651e-03 -2.346592744055357195e-04 9.999948246908179073e-01 2.427501877931185845e+02
9.999080779420209675e-01 1.295736136212673369e-02 3.992797616385242512e-03 -9.162879069117851882e-01 -1.295298874089245190e-02 9.999154803177245920e-01 -1.119075165804828175e-03 -4.647796273155567093e+00 -4.006960479385970539e-03 1.067253639953130630e-03 9.999914025789569116e-01 2.442606142011651684e+02
9.998942052801699232e-01 1.400086163304451424e-02 3.943868459838844633e-03 -9.270397088676541886e-01 -1.399745326361260395e-02 9.999016343045358246e-01 -8.905307069239388204e-04 -4.670795962795416756e+00 -3.955948786356448636e-03 8.352323805293186557e-04 9.999918263919072015e-01 2.457802619389519521e+02
9.998955003824445686e-01 1.398775920876965152e-02 3.651148404608500243e-03 -9.229521657734424123e-01 -1.398875283294370546e-02 9.999021221873262144e-01 2.467121317022033479e-04 -4.707687399660295924e+00 -3.647340152577770948e-03 -2.977613721602924489e-04 9.999933040991557665e-01 2.472927905998694769e+02
9.998974350223197582e-01 1.377067970767989133e-02 3.935453519053106267e-03 -9.482881415187500718e-01 -1.377252040226900794e-02 9.999050571182357405e-01 4.409739991837342268e-04 -4.739463767158885510e+00 -3.929007433007621064e-03 -4.951298951722255936e-04 9.999921588401734507e-01 2.488272493611699474e+02
9.998927293181182341e-01 1.418851846469515628e-02 3.635351085983490500e-03 -9.477225661240665788e-01 -1.419096037105389493e-02 9.998990940913740078e-01 6.467663698597127427e-04 -4.770648412639134861e+00 -3.625807664554880298e-03 -6.982861270215989704e-04 9.999931829320373167e-01 2.503413835701175856e+02
9.998670923273782485e-01 1.592242584190986521e-02 3.503428217929920475e-03 -9.504464300653440167e-01 -1.592479882369112962e-02 9.998729808022128740e-01 6.504425355186814733e-04 -4.793563890089796331e+00 -3.492626653659749569e-03 -7.061474907299589068e-04 9.999936514349652139e-01 2.518921656819036343e+02
9.998437910329275313e-01 1.724393334313845116e-02 3.878178259382853224e-03 -9.556268585011693517e-01 -1.724736564071725764e-02 9.998508890342985289e-01 8.532935595589241293e-04 -4.825702869150067187e+00 -3.862885910959031662e-03 -9.200486429172831295e-04 9.999921157779004810e-01 2.534085724590780728e+02
9.998399716119096281e-01 1.744735741708608109e-02 3.952322958327148840e-03 -9.566929405366365602e-01 -1.745114299218946188e-02 9.998472890537585256e-01 9.253186763029984732e-04 -4.844576258618335629e+00 -3.935575098631987311e-03 -9.941431699051960988e-04 9.999917614275396494e-01 2.549270552304760713e+02
9.998703253569488636e-01 1.566808866436528516e-02 3.720677651064970524e-03 -9.531421065103512502e-01 -1.567308625433638802e-02 9.998763012229019420e-01 1.317820452437867482e-03 -4.885296146671457507e+00 -3.699569744445104728e-03 -1.375964086527431624e-03 9.999922099205961201e-01 2.564529167748296459e+02
9.998887620936944831e-01 1.447861509198311407e-02 3.582334443088706737e-03 -9.522283383791243505e-01 -1.448581672006839238e-02 9.998930896879608676e-01 1.992570256493676490e-03 -4.903272270176727510e+00 -3.553101857890183721e-03 -2.044241672999827768e-03 9.999915982341320841e-01 2.579888767024468166e+02
9.999284283935275797e-01 1.120823540614784841e-02 4.184917362866789371e-03 -9.485249017847714459e-01 -1.122041559966368597e-02 9.999328484436076359e-01 2.898430312387026853e-03 -4.942428721078981901e+00 -4.152150120211449587e-03 -2.945179410237079576e-03 9.999870426974367676e-01 2.595255570174029458e+02
9.999414501777301734e-01 1.016481340156243605e-02 3.711168318223755438e-03 -9.521041363086399922e-01 -1.017328602497984472e-02 9.999456712804729586e-01 2.271289943072919790e-03 -4.960989200945713051e+00 -3.687879519503807837e-03 -2.308911761188889560e-03 9.999905341885514387e-01 2.610700198295465952e+02
9.999478182359869960e-01 9.501504044875166977e-03 3.752627436650711815e-03 -9.504243178468881892e-01 -9.506962304149426876e-03 9.999537719159979909e-01 1.439345927922622064e-03 -4.995453859793656193e+00 -3.738778073059432962e-03 -1.474946924666869748e-03 9.999919230000818837e-01 2.625821558384795935e+02
9.999615479708848786e-01 7.857821824048214290e-03 3.893225656127892627e-03 -9.481448428100636150e-01 -7.868908600849487331e-03 9.999650050100163945e-01 2.840606820665401815e-03 -5.021559164614195048e+00 -3.870768495640690074e-03 -2.871133058746007730e-03 9.999883868034142864e-01 2.641270974055462943e+02
9.999743449566497189e-01 5.582655959651225408e-03 4.488137288485020276e-03 -9.566982030539746829e-01 -5.602058153666190921e-03 9.999749678919975793e-01 4.322099414321234692e-03 -5.038995955599569143e+00 -4.463896220748988716e-03 -4.347131376508702426e-03 9.999805878488116084e-01 2.656828807001228370e+02
9.999785944640496860e-01 4.680228392896360230e-03 4.572315946008204471e-03 -9.611783682175087939e-01 -4.698687128243663955e-03 9.999808216251041548e-01 4.034690706971452365e-03 -5.075091333797083770e+00 -4.553345057995841945e-03 -4.056088260687995724e-03 9.999814074230278793e-01 2.672162326151342313e+02
9.999792428375539055e-01 4.455935427464961275e-03 4.653872715025550791e-03 -9.522359168856205924e-01 -4.470353445605740501e-03 9.999852268051979687e-01 3.092267631440346731e-03 -5.099304826764409881e+00 -4.640025095495290373e-03 -3.113007928112136724e-03 9.999843895498202739e-01 2.687192143227380825e+02
9.999717548098797648e-01 5.095314616647666182e-03 5.525156015152102480e-03 -9.578847612866278061e-01 -5.111454878307086433e-03 9.999826992660535430e-01 2.911049048652107705e-03 -5.117613719345489365e+00 -5.510227808351792975e-03 -2.939208436677962465e-03 9.999804990282167294e-01 2.702970867304749731e+02
9.999599276650015245e-01 5.838228246145174549e-03 6.786615710019342981e-03 -9.601799592849511455e-01 -5.858354652061924933e-03 9.999784898130587019e-01 2.949508833597069401e-03 -5.147510103154209204e+00 -6.769249937912915488e-03 -2.989149066915527345e-03 9.999726207427357405e-01 2.718243621575045381e+02
9.999424464285835423e-01 7.921550511242445372e-03 7.235527761760112732e-03 -9.739373571647880201e-01 -7.940037975176084464e-03 9.999652769936114849e-01 2.529944392177905718e-03 -5.180030523254345098e+00 -7.215235563543104941e-03 -2.587249172707015155e-03 9.999706228229015004e-01 2.733743188851804007e+02
9.999139335433335773e-01 9.945675085777204091e-03 8.556228404432337370e-03 -9.826270719551525312e-01 -9.967360587030887203e-03 9.999472105643802955e-01 2.495561274742718466e-03 -5.211632868961214804e+00 -8.530956830709821373e-03 -2.580629527207784022e-03 9.999602807695113782e-01 2.749206553960167980e+02
9.999088175440618009e-01 9.780264437944059808e-03 9.311445529067569060e-03 -9.750396214766229308e-01 -9.801849178709220664e-03 9.999493721757080067e-01 2.275270631124321451e-03 -5.235764531351418505e+00 -9.288721522042627660e-03 -2.366332571093658979e-03 9.999540590005162599e-01 2.764552905033343109e+02
9.998997765405545080e-01 1.012579369435881969e-02 9.894704079298511160e-03 -9.818585305780337391e-01 -1.014318697729297593e-02 9.999470957576489516e-01 1.709228767701990439e-03 -5.263958814271031628e+00 -9.876873479972963707e-03 -1.809421311044719354e-03 9.999495854056728028e-01 2.780225229653511292e+02
9.998896949534985534e-01 1.004203867553923532e-02 1.094328007994445177e-02 -9.691434340561229099e-01 -1.005354005257534655e-02 9.999489653809052747e-01 9.964864571535671581e-04 -5.294940083466619818e+00 -1.093271502756955858e-02 -1.106395251362067046e-03 9.999396239866750191e-01 2.795484844945850114e+02
9.998853273975971678e-01 9.752408188764626062e-03 1.158544710495959876e-02 -9.588057657102809772e-01 -9.768456460493521801e-03 9.999514037762647911e-01 1.329421977031368905e-03 -5.324453380750084897e+00 -1.157191923023204172e-02 -1.442441473769617323e-03 9.999320027053261173e-01 2.810976527269685903e+02
9.998901855767917679e-01 7.732064480797230452e-03 1.264246677850240468e-02 -9.522938294732462561e-01 -7.760171377376307890e-03 9.999675225908064569e-01 2.175664983912809197e-03 -5.351782336060666445e+00 -1.262523401928979452e-02 -2.273533787989373296e-03 9.999177138622845629e-01 2.826462721966631761e+02
9.998937613951692782e-01 6.910512059487278549e-03 1.283396852388487760e-02 -9.335946634026096591e-01 -6.942611615637920425e-03 9.999728781662359234e-01 2.458269417704558781e-03 -5.377516495588455570e+00 -1.281663276294552067e-02 -2.547109529937412187e-03 9.999146194266013143e-01 2.841926592768051023e+02
9.998980561474017925e-01 5.359054594835691368e-03 1.323472145093365117e-02 -9.253580795554782190e-01 -5.365902080272556482e-03 9.999854873194343741e-01 4.819288686684660003e-04 -5.414014460940990148e+00 -1.323194692568383304e-02 -5.528959549422794110e-04 9.999123010900385911e-01 2.857443597552278334e+02
9.999031108081457564e-01 6.183268307737609278e-03 1.247141500707358609e-02 -9.221173917134579678e-01 -6.163134555927243276e-03 9.999796428291862771e-01 -1.652183920863257820e-03 -5.442986719415102925e+00 -1.248137723903174588e-02 1.575160854996698586e-03 9.999208639064377513e-01 2.872868518400181301e+02
9.999164203979257204e-01 5.664551585903467544e-03 1.162175017602557273e-02 -9.035413736791843009e-01 -5.645756767286342140e-03 9.999827023339260545e-01 -1.649386099260650995e-03 -5.474515261104406783e+00 -1.163089238295298040e-02 1.583634690866977555e-03 9.999311048413663805e-01 2.888145524909802475e+02
9.999324434353065172e-01 3.287703575302590182e-03 1.114897206126095122e-02 -8.950720090344745916e-01 -3.268570340053849384e-03 9.999931549416049004e-01 -1.733933201625571709e-03 -5.502413523863287637e+00 -1.115459659933495419e-02 1.697374887271823913e-03 9.999363449137116389e-01 2.903861038138923618e+02
9.999442288011525237e-01 3.791912109106173028e-03 9.857012470465753226e-03 -8.886926422015412053e-01 -3.771210410415246593e-03 9.999906461054332008e-01 -2.117942678208657465e-03 -5.541794513937719380e+00 -9.864951494627419160e-03 2.080651715554202464e-03 9.999491755123954828e-01 2.919350021237335113e+02
9.999457283099375537e-01 3.952719337163103364e-03 9.639317871514542502e-03 -8.825054937764408303e-01 -3.930580010211908067e-03 9.999895964392542247e-01 -2.314640769151738147e-03 -5.573554744733595356e+00 -9.648366883189311849e-03 2.276627066627034436e-03 9.999508617793974041e-01 2.935181844107094093e+02
9.999496957175488809e-01 4.702928868741350875e-03 8.859373376697140742e-03 -8.802962295655105684e-01 -4.683527438967013609e-03 9.999865914478592854e-01 -2.209412704754092766e-03 -5.600900796063979392e+00 -8.869645452189014317e-03 2.167808468362622358e-03 9.999583141234068551e-01 2.950562803598182882e+02
9.999590775043684099e-01 4.215821632769125964e-03 8.004384220632826050e-03 -8.724718981212183921e-01 -4.200019215501359093e-03 9.999891997971325219e-01 -1.990009042495483309e-03 -5.634543534489938388e+00 -8.012687435816245179e-03 1.956309061260081469e-03 9.999659842636774432e-01 2.966172333359883169e+02
9.999618019824324522e-01 4.891763179947938855e-03 7.243288551972004198e-03 -8.607750203871905592e-01 -4.886650120750930283e-03 9.999877985739111796e-01 -7.234385177119795904e-04 -5.668511166107696120e+00 -7.246739190045144857e-03 6.880154765127281932e-04 9.999735053472252888e-01 2.981928642197676709e+02
9.999646979029216398e-01 5.142034101485931825e-03 6.645482077935934047e-03 -8.621838553888214740e-01 -5.145209312430222733e-03 9.999866571647533231e-01 4.607854457926275986e-04 -5.699469294051382029e+00 -6.643024148985252064e-03 -4.949615773852869679e-04 9.999778123712190769e-01 2.997693111817058593e+02
9.999576387663648980e-01 5.461669863866700121e-03 7.408834873997790366e-03 -8.616891109671236393e-01 -5.466251327209886886e-03 9.999848809793404625e-01 5.982636424485302754e-04 -5.732835682654168430e+00 -7.405455469362257417e-03 -6.387368555778981253e-04 9.999723752360364371e-01 3.013824968754954625e+02
9.999425625902589321e-01 6.624034687256019453e-03 8.425774911856804064e-03 -8.653106253375347778e-01 -6.628700314046440285e-03 9.999778916320039013e-01 5.259200161739520764e-04 -5.760829327347710027e+00 -8.422105065266418181e-03 -5.817417476986063568e-04 9.999643642212088235e-01 3.029353764526329087e+02
9.999462970537087436e-01 5.601994245916800709e-03 8.718983274468470115e-03 -8.657934420902749784e-01 -5.605804608578453078e-03 9.999842022235487793e-01 4.126361108104646160e-04 -5.787452948983652590e+00 -8.716534099879279934e-03 -4.614908677653512762e-04 9.999619037986555714e-01 3.045077061286283993e+02
9.999536191984537137e-01 3.944672058798408612e-03 8.786297162671478922e-03 -8.540779324393975580e-01 -3.938704293898227272e-03 9.999920007779115050e-01 -6.964167105865028823e-04 -5.808920983790470061e+00 -8.788974167870397883e-03 6.617777953067870101e-04 9.999611572316685626e-01 3.061405920032390782e+02
9.999549501733169254e-01 2.421692567281975329e-03 9.177855734569218341e-03 -8.369094113379016431e-01 -2.400975737831802237e-03 9.999945466150828022e-01 -2.267611194329627149e-03 -5.849919171724801359e+00 -9.183297302701913870e-03 2.245473257332324286e-03 9.999553114458054059e-01 3.077270891570449294e+02
9.999561936464209655e-01 1.698013973098353368e-03 9.204756650686032535e-03 -8.448693475392333729e-01 -1.666585062091844845e-03 9.999927595399409341e-01 -3.421018218516003531e-03 -5.876659771947087663e+00 -9.210499103558757519e-03 3.405527884881336381e-03 9.999517833746145445e-01 3.093394208429889431e+02
9.999728511294053712e-01 2.441972675435642465e-03 6.952249847013005496e-03 -8.370760923566112899e-01 -2.414561022674409623e-03 9.999892895013811067e-01 -3.948516532446071613e-03 -5.916441295240764120e+00 -6.961817678869725544e-03 3.931622744044622857e-03 9.999680372030064213e-01 3.109243289600255480e+02
9.999813062526687890e-01 3.570716268598732486e-03 4.963580397651493753e-03 -8.290035544281653124e-01 -3.553347693467690058e-03 9.999875490575581560e-01 -3.503634876332935300e-03 -5.955378299626707950e+00 -4.976029172208322124e-03 3.485932087446211910e-03 9.999815435316846690e-01 3.125406791194888001e+02
9.999765939458999942e-01 4.702175847824920790e-03 4.970020152716461345e-03 -8.486739527805874372e-01 -4.697967517156683738e-03 9.999885963336243577e-01 -8.580868065367938235e-04 -5.985483119012351416e+00 -4.973998438705233040e-03 8.347177378458168996e-04 9.999872812086720852e-01 3.141726717495409957e+02
9.999802185826404122e-01 3.450492656747426723e-03 5.258948969219404655e-03 -8.279630812705234266e-01 -3.461986675960171313e-03 9.999916352925583007e-01 2.178072350016270822e-03 -6.011896956488840260e+00 -5.251389646257272059e-03 -2.196235693667217791e-03 9.999837995933480439e-01 3.157946085050905367e+02
9.999808453241488815e-01 2.540561150849852349e-03 5.643982322501787073e-03 -8.290464014558607264e-01 -2.557002448525337590e-03 9.999925033093666205e-01 2.907759898817544042e-03 -6.041821080977093139e+00 -5.636552764639918625e-03 -2.922135901661225468e-03 9.999798449908885445e-01 3.174221860071676815e+02
9.999827492532402662e-01 1.744382071165304169e-03 5.608772699753031277e-03 -8.278162852571986363e-01 -1.755584995522309040e-03 9.999964727556173161e-01 1.993088171692689644e-03 -6.074048932978751481e+00 -5.605276304354825379e-03 -2.002900481073576541e-03 9.999822844732425553e-01 3.190629768809535562e+02
9.999794686449359205e-01 1.300566367553377669e-03 6.274617233138410181e-03 -8.230726302382314064e-01 -1.312234931056985646e-03 9.999974168619688575e-01 1.855885473850627182e-03 -6.099188977468017470e+00 -6.272187429723019569e-03 -1.864081154159553033e-03 9.999785922001396266e-01 3.206845890410531865e+02
9.999803358601001557e-01 1.014981815045647162e-03 6.188514456275191235e-03 -8.243635368487665094e-01 -1.027483916320273173e-03 9.999974372558242397e-01 2.017364625104876939e-03 -6.122396657406090625e+00 -6.186451113641656778e-03 -2.023683568020298411e-03 9.999788160355450595e-01 3.223086046709653942e+02
9.999774381081685259e-01 7.783443990374904831e-04 6.672140718871726918e-03 -8.245174615456996037e-01 -7.927927596748996549e-04 9.999973462275645320e-01 2.163103890258437269e-03 -6.160280123167387600e+00 -6.670439486307765987e-03 -2.168344725697031548e-03 9.999754014524986356e-01 3.239195755043230633e+02
9.999717969575399046e-01 1.977163193523666374e-03 7.245420677003208514e-03 -8.147205175969004509e-01 -1.988616671525983599e-03 9.999967840813037689e-01 1.573923167633233542e-03 -6.189373109821750596e+00 -7.242285597501634323e-03 -1.588287151844206772e-03 9.999725129393917111e-01 3.255522015614862994e+02
9.999665821743081162e-01 2.449803062414554825e-03 7.799551583329074333e-03 -8.168014239173949642e-01 -2.455874743601948931e-03 9.999966886708504532e-01 7.689804948770582235e-04 -6.218989455479201567e+00 -7.797642040218064584e-03 -7.881095207117091560e-04 9.999692873544963057e-01 3.271921509191992641e+02
9.999604747431444229e-01 1.779076306041441199e-03 8.711133483078269471e-03 -8.154671281920767845e-01 -1.797188082119412526e-03 9.999962389473959767e-01 2.071764690071321077e-03 -6.253393783303996756e+00 -8.707415041601525643e-03 -2.087338360690431296e-03 9.999599111621390035e-01 3.288183681451445750e+02
9.999650172510783364e-01 7.408375162650648188e-04 8.331593061715913615e-03 -8.050494313673254299e-01 -7.665575375126027456e-04 9.999949497999280901e-01 3.084277040799479532e-03 -6.283951293718172515e+00 -8.329266178806469731e-03 -3.090555810985573006e-03 9.999605351112099694e-01 3.304296008104964812e+02
9.999635935116526486e-01 4.000564336963779435e-04 8.523591735947371253e-03 -7.902646508447854767e-01 -4.208538621963920853e-04 9.999969387100734464e-01 2.438329903712726978e-03 -6.317990122076718507e+00 -8.522590318551341582e-03 -2.441828334019209047e-03 9.999607006870167014e-01 3.320574301643071067e+02
9.999610821372982850e-01 7.892818608147637296e-04 8.786993483701566535e-03 -7.880272358494455620e-01 -8.108067945807502248e-04 9.999966789957148716e-01 2.446342334261772129e-03 -6.355882972200216585e+00 -8.785033598358102033e-03 -2.453371696837407853e-03 9.999584012055324767e-01 3.336621340928370500e+02
9.999625010016046645e-01 2.510513513860956631e-03 8.288179429777569121e-03 -7.900813641020186795e-01 -2.514233254626720149e-03 9.999967432112242260e-01 4.384092774397618754e-04 -6.361761942021436411e+00 -8.287051947839277691e-03 -4.592312521862814551e-04 9.999655563399744151e-01 3.352910500098425359e+02
9.999591838451528103e-01 4.432289230893838618e-03 7.873084371680008631e-03 -7.913340070612121524e-01 -4.414921967363785900e-03 9.999877856973380386e-01 -2.221920097727195752e-03 -6.419750985963175616e+00 -7.882836538939194324e-03 2.187070378633372211e-03 9.999665382405963365e-01 3.369025911919153486e+02
9.999612551926300164e-01 5.445283380458166254e-03 6.916429790400872336e-03 -7.851613854116534785e-01 -5.432838689623010336e-03 9.999835915917900664e-01 -1.816816340562652909e-03 -6.453705976464103600e+00 -6.926209504757340971e-03 1.779170119941996713e-03 9.999744307562881129e-01 3.384998255171425967e+02
9.999663132326176429e-01 5.458842195977120157e-03 6.129717730261648699e-03 -7.778836761921925635e-01 -5.466305488030966629e-03 9.999843378830433061e-01 1.201458699027317233e-03 -6.487986854566409889e+00 -6.123063257905545648e-03 -1.234925144953690542e-03 9.999804913339742640e-01 3.401242071386059820e+02
9.999611180976388791e-01 6.879445506695650372e-03 5.516839361250681223e-03 -7.895013090258888866e-01 -6.900504857141281576e-03 9.999689430085342279e-01 3.807369603251054696e-03 -6.506023109561389184e+00 -5.490475525332096270e-03 -3.845290577378578448e-03 9.999775339539378471e-01 3.417369449051037691e+02
9.999653019361379735e-01 7.357734744441048191e-03 3.906232757897504237e-03 -7.959314993838065844e-01 -7.370365384711944842e-03 9.999676252646436669e-01 3.228954932444343551e-03 -6.542834295953749546e+00 -3.882348565719598646e-03 -3.257633288179518239e-03 9.999871575128065349e-01 3.433454242916855037e+02
9.999693835527883046e-01 7.381126385947185675e-03 2.598253212887555695e-03 -7.924197135474940756e-01 -7.386204741662227673e-03 9.999708196093710644e-01 1.950364817701889710e-03 -6.578074033233083817e+00 -2.583781549300716296e-03 -1.969496355557113099e-03 9.999947225630437808e-01 3.449531590203565656e+02
9.999799452826944046e-01 6.317709794260822388e-03 4.422261604939728657e-04 -7.969109441381677650e-01 -6.318919663912032220e-03 9.999761432662080951e-01 2.790011479283141180e-03 -6.598155961445917761e+00 -4.245891329947368157e-04 -2.792749947685692694e-03 9.999960101279713465e-01 3.465385444449889860e+02
9.999886009867809955e-01 4.749656567994605012e-03 -4.885174760873671734e-04 -7.997625388430290583e-01 -4.747940793556974445e-03 9.999827583683311705e-01 3.455435195992452059e-03 -6.635905612798952191e+00 5.049211951646702043e-04 -3.453076390927482028e-03 9.999939106412488732e-01 3.481253897244828863e+02
9.999896855229254422e-01 4.519977827050001076e-03 -4.456894038005248995e-04 -8.234310022572289833e-01 -4.518702365116288207e-03 9.999858073413394610e-01 2.822490507948232068e-03 -6.662710845144507843e+00 4.584406828723265105e-04 -2.820447487192417283e-03 9.999959174463809441e-01 3.497237040687893455e+02
9.999910602805088811e-01 4.085877927856860700e-03 -1.088554719549327063e-03 -8.296981938288163771e-01 -4.083591915759120575e-03 9.999894694958222363e-01 2.094082550484448538e-03 -6.696169383605470316e+00 1.097099442695689819e-03 -2.089618639811134312e-03 9.999972149305209612e-01 3.513318705273139244e+02
9.999919404774273435e-01 3.941877672001773553e-03 -7.619528256829278309e-04 -8.396183745961813827e-01 -3.940479965368303729e-03 9.999905667681741051e-01 1.827292888612612421e-03 -6.717597334151420796e+00 7.691486176384362610e-04 -1.824275721906797347e-03 9.999980402130806967e-01 3.529288638548580934e+02
9.999935452424079108e-01 3.358645175572267175e-03 -1.276310298671544646e-03 -8.466449374013366169e-01 -3.356554974131584733e-03 9.999930279451514359e-01 1.636339121108407266e-03 -6.750457541787471705e+00 1.281797306014955664e-03 -1.632044571798911417e-03 9.999978467118727510e-01 3.545273121728648107e+02
9.999949300136455888e-01 2.808208593026826402e-03 -1.501300800992258315e-03 -8.566197121286014404e-01 -2.806559387986786065e-03 9.999954571406640680e-01 1.099512367576838297e-03 -6.790330563858458568e+00 1.504381667641368353e-03 -1.095293316637443700e-03 9.999982685838737506e-01 3.561218157024873108e+02
9.999956595516746871e-01 2.755090986827135168e-03 -1.044195777125115493e-03 -8.740400968562789252e-01 -2.754555265632806227e-03 9.999960740277132887e-01 5.141590170004050253e-04 -6.822990363334621833e+00 1.045608250805394853e-03 -5.112804979448217933e-04 9.999993226483888664e-01 3.577041742032853904e+02
9.999966669219479964e-01 2.156233501722274858e-03 -1.420139438302118291e-03 -8.812385595158649387e-01 -2.155187984669145948e-03 9.999974057469180888e-01 7.373384893130578797e-04 -6.850669002279762054e+00 1.421725653124891612e-03 -7.342753738304264120e-04 9.999987197681984297e-01 3.592895244829207968e+02
9.999970870751374585e-01 2.315259093968418183e-03 -6.822105789850897327e-04 -8.873573712876760000e-01 -2.315303016762922106e-03 9.999973176637942940e-01 -6.357277873236318749e-05 -6.873011551471870817e+00 6.820615731207022372e-04 6.515211610304795444e-05 9.999997652740546528e-01 3.608791143909755306e+02
9.999984343069003856e-01 1.378582677118035628e-03 -1.109454552618149327e-03 -9.029516160042467821e-01 -1.379520817512141498e-03 9.999986912328738820e-01 -8.452559342153557337e-04 -6.924477320546026604e+00 1.108287863673567027e-03 8.467851322445362492e-04 9.999990273267046481e-01 3.624716649889875271e+02
9.999993741776116440e-01 -2.493924911615148072e-04 -1.090617567759872208e-03 -9.025593662931038486e-01 2.492828887740797532e-04 9.999999638653612744e-01 -1.006323889877203928e-04 -6.942619543134350479e+00 1.090642644130750431e-03 1.003604538003347745e-04 9.999994002137866378e-01 3.640670020000532645e+02
9.999954930536228970e-01 -2.873735351368091398e-03 -8.692074482098542014e-04 -9.138086377354224243e-01 2.874621765471609657e-03 9.999953478128268403e-01 1.020243567232602139e-03 -6.986608502648383734e+00 8.662715107386199627e-04 -1.022737619882708006e-03 9.999991017910397906e-01 3.656518004933869292e+02
9.999948935797328131e-01 -2.927687532544930894e-03 -1.281196194922179813e-03 -9.185501514068526996e-01 2.928289364102234626e-03 9.999956029897448806e-01 4.680994859114953719e-04 -7.016043029959572408e+00 1.279820135368046939e-03 -4.718488122551806768e-04 9.999990697100910042e-01 3.672496367898692142e+02
9.999987298959557291e-01 -1.555628671577086349e-03 -3.467395003490420262e-04 -9.419067273614939451e-01 1.555597371571393805e-03 9.999987859559403836e-01 -9.055728903466292370e-05 -7.043461520653044872e+00 3.468799589946769879e-04 9.001778856066304534e-05 9.999999357857790594e-01 3.688581913529960730e+02
9.999998529493395738e-01 -3.824286311545909171e-04 -3.845124247234814763e-04 -9.488840171722983108e-01 3.825956442984021792e-04 9.999998324748030631e-01 4.343617604250674482e-04 -7.072079789681991357e+00 3.843462550316811398e-04 -4.345088134113024060e-04 9.999998317403273607e-01 3.704489231637320472e+02
9.999994243938229443e-01 8.179735115414261308e-04 6.943563960563167888e-04 -9.542573652713649546e-01 -8.187727182885690862e-04 9.999990018385590540e-01 1.151492243037889347e-03 -7.106034936588805806e+00 -6.934138238498320332e-04 -1.152060110826747192e-03 9.999990959666200663e-01 3.720540731445996698e+02
9.999992414059837298e-01 1.159598307075702939e-03 4.153524362009910890e-04 -9.691321580566413241e-01 -1.160034990639489819e-03 9.999987731317938611e-01 1.052642223924440306e-03 -7.138350704736526886e+00 -4.141312907956992977e-04 -1.053123258865856261e-03 9.999993597129590572e-01 3.736419627830331365e+02
9.999985862069947773e-01 1.509276044288209535e-03 7.413960166507701328e-04 -9.794396050801729148e-01 -1.509606598954725803e-03 9.999987613178635826e-01 4.454810550385285978e-04 -7.173553601883573272e+00 -7.407227569826535084e-04 -4.465996460187563908e-04 9.999996259387390340e-01 3.752647472572322727e+02
9.999977797968844229e-01 1.750385528288538267e-03 1.173264745778205935e-03 -9.787934387639249945e-01 -1.750563163400474477e-03 9.999984564575924439e-01 1.503804359432466778e-04 -7.200082365463171818e+00 -1.172999731407965316e-03 -1.524339776577983007e-04 9.999993004167159194e-01 3.768779064055844970e+02
9.999976509215999787e-01 1.775698404333568179e-03 1.242998336918820033e-03 -9.962600748985683818e-01 -1.775672466308902140e-03 9.999984232524505856e-01 -2.198229586798812994e-05 -7.232127823087123986e+00 -1.243035432678998289e-03 1.977508639228406305e-05 9.999992272347694167e-01 3.784651255632831521e+02
9.999931699503825655e-01 3.097642905346495532e-03 2.016099691427639031e-03 -1.001971448439902712e+00 -3.098283410694324322e-03 9.999951508128064326e-01 3.146371276808008718e-04 -7.258535743973125953e+00 -2.015115316433813662e-03 -3.208814301818261618e-04 9.999979181691714958e-01 3.800773566957794856e+02
9.999902485773299876e-01 4.036377851244350896e-03 1.791758619017083751e-03 -1.017808373805125566e+00 -4.037242766210940963e-03 9.999917354186945717e-01 4.793460667176348495e-04 -7.292079881929069529e+00 -1.789809019994834842e-03 -4.865751625857530163e-04 9.999982799114847110e-01 3.816743979555864712e+02
9.999860507122388942e-01 4.806667181061911702e-03 2.189594815859520135e-03 -1.023488926880363081e+00 -4.806892143677986284e-03 9.999884420812307217e-01 9.747273044616488926e-05 -7.326243603184545705e+00 -2.189101028027822405e-03 -1.079965192322693366e-04 9.999975980823515576e-01 3.832966530778160745e+02
9.999783925846918997e-01 5.883772693777415512e-03 2.931821177957839256e-03 -1.033091628516414007e+00 -5.883175658272210215e-03 9.999826714548651907e-01 -2.122389658773638041e-04 -7.362504622275730881e+00 -2.933019191166439266e-03 1.949859613264788203e-04 9.999956796781123147e-01 3.849187458298096089e+02
9.999712942301645091e-01 7.043796105375413862e-03 2.792067767807001645e-03 -1.036477544699720976e+00 -7.043247723791250768e-03 9.999751747677059210e-01 -2.062117312390027342e-04 -7.398236152485206496e+00 -2.793451016730057624e-03 1.865405861733054373e-04 9.999960809074208701e-01 3.865377357774341363e+02
9.999624066056015392e-01 7.974518821190610188e-03 3.404763487492704077e-03 -1.044335458630683888e+00 -7.975940881333706475e-03 9.999681099635422399e-01 4.042748854638327752e-04 -7.422325491236835049e+00 -3.401431071091109461e-03 -4.314158861096926631e-04 9.999941220539824149e-01 3.881463562232682989e+02
9.999544771857776793e-01 8.901587475437781893e-03 3.435881842240542938e-03 -1.057554887771037233e+00 -8.904552337073485049e-03 9.999599936556446966e-01 8.485592521595431694e-04 -7.453858573888116013e+00 -3.428190920211946369e-03 -8.791156242041712901e-04 9.999937373095443283e-01 3.897838627272757321e+02
9.999362372263767007e-01 1.061927013534706178e-02 3.840907172980912321e-03 -1.050710158896149826e+00 -1.062174761753307758e-02 9.999433922219221893e-01 6.251797265248136299e-04 -7.488592070142989776e+00 -3.834050862209128618e-03 -6.659370199796921805e-04 9.999924282597750791e-01 3.913965697617867363e+02
9.999360270986670240e-01 1.043935903109668648e-02 4.354478008721064837e-03 -1.054532222215061710e+00 -1.044284727607342790e-02 9.999451684907094684e-01 7.790846445289872392e-04 -7.516271181377394583e+00 -4.346106177350073617e-03 -8.245079639273344757e-04 9.999902157231889133e-01 3.930176163160614351e+02
