0.0000 -0.0000 0.0000 0.0000 0.0000 -0.0000 -0.0000 1.0000
0.1041 0.0160 -0.0236 1.3464 -0.0004 -0.0001 0.0002 1.0000
0.2083 -0.0001 -0.0393 2.6212 -0.0005 -0.0000 0.0006 1.0000
0.3125 -0.0032 -0.0769 3.9701 -0.0003 -0.0002 0.0009 1.0000
0.4166 -0.0092 -0.0925 5.2909 -0.0002 0.0000 0.0011 1.0000
0.5208 -0.0093 -0.1080 6.5889 -0.0005 -0.0002 0.0013 1.0000
0.6250 -0.0173 -0.1410 7.9396 -0.0010 -0.0001 0.0019 1.0000
0.7291 -0.0164 -0.1575 9.2775 -0.0011 -0.0001 0.0019 1.0000
0.8333 -0.0309 -0.1833 10.5859 -0.0007 -0.0002 0.0016 1.0000
0.9375 -0.0404 -0.2085 11.9448 0.0004 -0.0001 0.0004 1.0000
1.0416 -0.0570 -0.2291 13.3082 0.0010 -0.0002 -0.0010 1.0000
1.1459 -0.0721 -0.2553 14.6264 0.0010 -0.0002 -0.0024 1.0000
1.2500 -0.0820 -0.2876 15.9858 0.0007 0.0000 -0.0027 1.0000
1.3543 -0.0768 -0.3151 17.3434 -0.0005 0.0001 -0.0018 1.0000
1.4584 -0.0863 -0.3390 18.6862 -0.0015 0.0003 0.0002 1.0000
1.5625 -0.0831 -0.3743 20.0442 -0.0007 -0.0001 0.0012 1.0000
1.6668 -0.0892 -0.3912 21.3993 0.0004 0.0001 0.0016 1.0000
1.7710 -0.0955 -0.4473 22.7706 0.0010 0.0002 0.0005 1.0000
1.8751 -0.1065 -0.4376 24.1223 0.0005 0.0007 -0.0006 1.0000
1.9794 -0.1141 -0.4547 25.5077 -0.0015 0.0010 -0.0005 1.0000
2.0835 -0.1078 -0.4787 26.8742 -0.0021 0.0011 0.0003 1.0000
2.1878 -0.1148 -0.5266 28.2568 -0.0017 0.0011 0.0020 1.0000
2.2919 -0.1150 -0.5237 29.5990 -0.0005 0.0010 0.0024 1.0000
2.3961 -0.1202 -0.5764 31.0073 0.0004 0.0015 0.0023 1.0000
2.5003 -0.1294 -0.5799 32.3761 0.0012 0.0015 0.0011 1.0000
2.6044 -0.1404 -0.6250 33.7566 0.0019 0.0018 0.0002 1.0000
2.7086 -0.1417 -0.6462 35.1464 0.0019 0.0020 -0.0000 1.0000
2.8128 -0.1418 -0.6839 36.5448 0.0013 0.0017 0.0002 1.0000
2.9169 -0.1422 -0.7086 37.9442 0.0007 0.0017 -0.0003 1.0000
3.0210 -0.1603 -0.7387 39.3343 0.0005 0.0015 -0.0017 1.0000
3.1253 -0.1605 -0.7678 40.7223 0.0005 0.0017 -0.0029 1.0000
3.2294 -0.1691 -0.7911 42.1391 0.0003 0.0018 -0.0040 1.0000
3.3335 -0.1819 -0.8209 43.5457 0.0004 0.0015 -0.0045 1.0000
3.4376 -0.1814 -0.8473 44.9685 0.0004 0.0015 -0.0040 1.0000
3.5418 -0.1799 -0.8827 46.3816 0.0006 0.0011 -0.0039 1.0000
3.6459 -0.1802 -0.9112 47.7886 0.0004 0.0009 -0.0036 1.0000
3.7500 -0.1983 -0.9392 49.1953 -0.0000 0.0002 -0.0037 1.0000
3.8541 -0.2069 -0.9736 50.6023 -0.0001 -0.0002 -0.0040 1.0000
3.9583 -0.2140 -0.9959 52.0594 -0.0001 -0.0006 -0.0042 1.0000
4.0624 -0.2286 -1.0250 53.4617 -0.0005 -0.0013 -0.0042 1.0000
4.1665 -0.2471 -1.0552 54.9163 -0.0010 -0.0016 -0.0037 1.0000
4.2706 -0.2625 -1.0771 56.3182 -0.0011 -0.0019 -0.0025 1.0000
4.3748 -0.2650 -1.1046 57.7281 -0.0010 -0.0020 -0.0017 1.0000
4.4789 -0.2827 -1.1341 59.1841 -0.0011 -0.0020 -0.0012 1.0000
4.5831 -0.2957 -1.1591 60.6293 -0.0014 -0.0020 -0.0006 1.0000
4.6873 -0.3048 -1.1835 62.0640 -0.0017 -0.0017 0.0005 1.0000
4.7914 -0.3194 -1.2170 63.4502 -0.0016 -0.0015 0.0009 1.0000
4.8955 -0.3241 -1.2335 64.8590 -0.0013 -0.0013 0.0015 1.0000
4.9996 -0.3309 -1.2677 66.2994 -0.0013 -0.0008 0.0014 1.0000
5.1038 -0.3455 -1.2999 67.7028 -0.0011 -0.0009 0.0008 1.0000
5.2079 -0.3519 -1.3302 69.1542 -0.0015 -0.0004 -0.0005 1.0000
5.3120 -0.3815 -1.3529 70.5516 -0.0021 -0.0001 -0.0022 1.0000
5.4162 -0.3993 -1.3832 71.9754 -0.0025 0.0004 -0.0040 1.0000
5.5202 -0.4131 -1.4026 73.3365 -0.0023 0.0006 -0.0060 1.0000
5.6245 -0.4460 -1.4239 74.7391 -0.0020 0.0012 -0.0077 1.0000
5.7286 -0.4584 -1.4453 76.1268 -0.0020 0.0016 -0.0089 1.0000
5.8326 -0.4728 -1.4704 77.5278 -0.0022 0.0018 -0.0086 1.0000
5.9368 -0.4717 -1.5026 78.9196 -0.0022 0.0018 -0.0082 1.0000
6.0409 -0.4702 -1.5286 80.3284 -0.0017 0.0015 -0.0082 1.0000
6.1450 -0.4675 -1.5450 81.6938 -0.0018 0.0013 -0.0079 1.0000
6.2490 -0.4868 -1.5712 83.0776 -0.0019 0.0014 -0.0080 1.0000
6.3531 -0.4874 -1.6006 84.4454 -0.0018 0.0010 -0.0076 1.0000
6.4573 -0.4947 -1.6200 85.8583 -0.0018 0.0008 -0.0076 1.0000
6.5614 -0.4939 -1.6492 87.2278 -0.0021 0.0001 -0.0073 1.0000
6.6655 -0.4955 -1.6785 88.5787 -0.0026 -0.0006 -0.0065 1.0000
6.7696 -0.5044 -1.7077 89.9499 -0.0029 -0.0011 -0.0056 1.0000
6.8736 -0.5202 -1.7304 91.3131 -0.0029 -0.0017 -0.0047 1.0000
6.9778 -0.5344 -1.7473 92.6817 -0.0027 -0.0016 -0.0041 1.0000
7.0819 -0.5526 -1.7730 94.0596 -0.0025 -0.0019 -0.0035 1.0000
7.1860 -0.5594 -1.7935 95.4102 -0.0023 -0.0020 -0.0036 1.0000
7.2900 -0.5751 -1.8177 96.7488 -0.0020 -0.0019 -0.0033 1.0000
7.3941 -0.5926 -1.8471 98.1145 -0.0018 -0.0018 -0.0039 1.0000
7.4983 -0.6161 -1.8683 99.4279 -0.0017 -0.0016 -0.0043 1.0000
7.6024 -0.6310 -1.8992 100.8215 -0.0023 -0.0016 -0.0048 1.0000
7.7064 -0.6501 -1.9167 102.1598 -0.0028 -0.0015 -0.0050 1.0000
7.8105 -0.6558 -1.9495 103.5115 -0.0025 -0.0016 -0.0047 1.0000
7.9146 -0.6761 -1.9659 104.8434 -0.0015 -0.0014 -0.0050 1.0000
8.0188 -0.6857 -1.9914 106.1702 -0.0009 -0.0014 -0.0046 1.0000
8.1228 -0.6990 -2.0206 107.5115 -0.0013 -0.0015 -0.0039 1.0000
8.2269 -0.7098 -2.0377 108.8260 -0.0023 -0.0010 -0.0022 1.0000
8.3310 -0.7111 -2.0692 110.1678 -0.0026 -0.0008 -0.0013 1.0000
8.4351 -0.7223 -2.0892 111.5001 -0.0021 -0.0006 -0.0014 1.0000
8.5393 -0.7444 -2.1068 112.8052 -0.0011 -0.0000 -0.0020 1.0000
8.6434 -0.7482 -2.1475 114.1444 -0.0002 0.0005 -0.0033 1.0000
8.7475 -0.7593 -2.1640 115.4738 -0.0000 0.0013 -0.0043 1.0000
8.8516 -0.7699 -2.1899 116.8095 -0.0007 0.0019 -0.0050 1.0000
8.9558 -0.7741 -2.2083 118.1278 -0.0018 0.0023 -0.0049 1.0000
9.0599 -0.7886 -2.2353 119.4894 -0.0020 0.0029 -0.0050 1.0000
9.1640 -0.7824 -2.2621 120.8087 -0.0019 0.0033 -0.0054 1.0000
9.2681 -0.7944 -2.2835 122.1204 -0.0017 0.0041 -0.0057 1.0000
9.3723 -0.8006 -2.3004 123.4811 -0.0015 0.0046 -0.0067 1.0000
9.4764 -0.7870 -2.3253 124.8078 -0.0011 0.0052 -0.0070 1.0000
9.5805 -0.7865 -2.3494 126.1623 -0.0007 0.0057 -0.0076 1.0000
9.6846 -0.7813 -2.3774 127.5049 -0.0006 0.0062 -0.0076 1.0000
9.7888 -0.7841 -2.4033 128.8013 -0.0009 0.0067 -0.0070 1.0000
9.8929 -0.7607 -2.4214 130.1768 -0.0014 0.0070 -0.0064 1.0000
9.9970 -0.7606 -2.4528 131.5019 -0.0015 0.0073 -0.0064 1.0000
10.1011 -0.7417 -2.4760 132.8632 -0.0016 0.0073 -0.0057 1.0000
10.2053 -0.7385 -2.4943 134.1730 -0.0020 0.0070 -0.0044 1.0000
10.3094 -0.7242 -2.5216 135.5084 -0.0019 0.0069 -0.0037 1.0000
10.4134 -0.7089 -2.5385 136.8485 -0.0020 0.0063 -0.0034 1.0000
10.5175 -0.7021 -2.5579 138.1739 -0.0023 0.0058 -0.0020 1.0000
10.6216 -0.6901 -2.5899 139.5434 -0.0025 0.0052 -0.0020 1.0000
10.7258 -0.6899 -2.6045 140.8740 -0.0025 0.0047 -0.0016 1.0000
10.8299 -0.6841 -2.6318 142.2086 -0.0023 0.0042 -0.0018 1.0000
10.9340 -0.6817 -2.6402 143.5647 -0.0020 0.0035 -0.0013 1.0000
11.0381 -0.6756 -2.6746 144.9137 -0.0010 0.0031 -0.0007 1.0000
11.1423 -0.6729 -2.7052 146.2343 -0.0007 0.0027 0.0010 1.0000
11.2464 -0.6482 -2.7296 147.5721 -0.0018 0.0022 0.0051 1.0000
11.3505 -0.6489 -2.7441 148.9457 -0.0025 0.0014 0.0089 1.0000
11.4546 -0.6443 -2.7835 150.2864 -0.0010 0.0008 0.0101 0.9999
11.5588 -0.6457 -2.8171 151.6437 0.0005 0.0010 0.0095 1.0000
11.6630 -0.6573 -2.8361 152.9711 0.0015 0.0013 0.0091 1.0000
11.7672 -0.6692 -2.8733 154.3170 0.0015 0.0017 0.0084 1.0000
11.8713 -0.6648 -2.8984 155.6497 0.0003 0.0019 0.0098 1.0000
11.9754 -0.6526 -2.9256 157.0016 -0.0012 0.0023 0.0124 0.9999
12.0796 -0.6460 -2.9486 158.3500 -0.0020 0.0024 0.0143 0.9999
12.1838 -0.6425 -2.9851 159.6936 -0.0020 0.0023 0.0151 0.9999
12.2879 -0.6447 -2.9997 161.0658 -0.0022 0.0027 0.0142 0.9999
12.3920 -0.6463 -3.0138 162.3882 -0.0019 0.0031 0.0134 0.9999
12.4963 -0.6502 -3.0413 163.7432 -0.0010 0.0037 0.0117 0.9999
12.6004 -0.6599 -3.0624 165.0987 -0.0006 0.0040 0.0102 0.9999
12.7045 -0.6557 -3.0808 166.4520 -0.0012 0.0042 0.0096 0.9999
12.8086 -0.6571 -3.1033 167.8081 -0.0012 0.0041 0.0091 0.9999
12.9128 -0.6532 -3.1274 169.1694 -0.0001 0.0039 0.0079 1.0000
13.0169 -0.6483 -3.1607 170.5410 0.0014 0.0037 0.0060 1.0000
13.1211 -0.6620 -3.1940 171.9120 0.0022 0.0035 0.0029 1.0000
13.2253 -0.6652 -3.2202 173.2781 0.0017 0.0038 0.0010 1.0000
13.3294 -0.6683 -3.2530 174.6750 0.0008 0.0040 -0.0004 1.0000
13.4335 -0.6753 -3.2702 176.0740 -0.0005 0.0038 -0.0004 1.0000
13.5376 -0.6637 -3.3121 177.4662 -0.0008 0.0035 0.0003 1.0000
13.6418 -0.6627 -3.3236 178.8121 -0.0008 0.0027 0.0013 1.0000
13.7459 -0.6565 -3.3622 180.2105 0.0010 0.0017 0.0016 1.0000
13.8500 -0.6696 -3.3940 181.5718 0.0029 0.0011 0.0003 1.0000
13.9542 -0.6858 -3.4189 182.9762 0.0034 0.0008 -0.0016 1.0000
14.0584 -0.6937 -3.4553 184.3657 0.0029 0.0007 -0.0033 1.0000
14.1625 -0.7066 -3.4750 185.7729 0.0014 0.0007 -0.0040 1.0000
14.2666 -0.7033 -3.5044 187.1789 0.0004 0.0010 -0.0038 1.0000
14.3708 -0.7158 -3.5278 188.5724 -0.0001 0.0010 -0.0032 1.0000
14.4749 -0.7129 -3.5630 189.9719 -0.0003 0.0008 -0.0031 1.0000
14.5790 -0.7227 -3.5863 191.3803 -0.0006 0.0009 -0.0020 1.0000
14.6831 -0.7277 -3.6221 192.8235 -0.0007 0.0010 -0.0010 1.0000
14.7873 -0.7240 -3.6458 194.2199 -0.0011 0.0012 0.0003 1.0000
14.8914 -0.7240 -3.6676 195.6317 -0.0018 0.0014 0.0023 1.0000
14.9955 -0.7348 -3.6881 197.0590 -0.0018 0.0017 0.0042 1.0000
15.0996 -0.7315 -3.7189 198.4857 0.0001 0.0017 0.0032 1.0000
15.2038 -0.7439 -3.7575 199.9182 0.0025 0.0018 -0.0002 1.0000
15.3080 -0.7651 -3.7790 201.3305 0.0028 0.0024 -0.0045 1.0000
15.4121 -0.7789 -3.8026 202.7840 0.0012 0.0030 -0.0079 1.0000
15.5163 -0.7789 -3.8324 204.2021 -0.0001 0.0036 -0.0085 1.0000
15.6204 -0.7881 -3.8646 205.6771 -0.0003 0.0034 -0.0084 1.0000
15.7245 -0.7753 -3.8879 207.1311 -0.0003 0.0027 -0.0064 1.0000
15.8286 -0.7712 -3.9218 208.5640 -0.0002 0.0022 -0.0057 1.0000
15.9327 -0.7820 -3.9417 210.0446 0.0002 0.0020 -0.0060 1.0000
16.0368 -0.7834 -3.9737 211.4736 0.0001 0.0020 -0.0063 1.0000
16.1409 -0.7882 -3.9956 212.9581 -0.0001 0.0018 -0.0068 1.0000
16.2450 -0.7904 -4.0331 214.4249 -0.0000 0.0017 -0.0066 1.0000
16.3491 -0.7927 -4.0597 215.8806 0.0003 0.0015 -0.0067 1.0000
16.4533 -0.7905 -4.0935 217.3472 0.0005 0.0014 -0.0067 1.0000
16.5574 -0.7997 -4.1167 218.8032 0.0006 0.0011 -0.0066 1.0000
16.6615 -0.8207 -4.1493 220.2860 0.0007 0.0011 -0.0070 1.0000
16.7657 -0.8111 -4.1816 221.7566 0.0008 0.0011 -0.0071 1.0000
16.8697 -0.8257 -4.2086 223.2532 0.0009 0.0007 -0.0074 1.0000
16.9738 -0.8375 -4.2433 224.7451 0.0010 0.0007 -0.0075 1.0000
17.0779 -0.8429 -4.2711 226.2360 0.0010 0.0005 -0.0077 1.0000
17.1820 -0.8509 -4.3077 227.7249 0.0010 0.0005 -0.0074 1.0000
17.2861 -0.8568 -4.3395 229.2108 0.0011 0.0005 -0.0071 1.0000
17.3903 -0.8681 -4.3681 230.7193 0.0010 0.0004 -0.0066 1.0000
17.4944 -0.8656 -4.4088 232.2098 0.0006 0.0005 -0.0061 1.0000
17.5984 -0.8760 -4.4341 233.6901 0.0004 0.0006 -0.0054 1.0000
17.7025 -0.8756 -4.4695 235.2122 0.0006 0.0005 -0.0055 1.0000
17.8066 -0.8774 -4.5018 236.7043 0.0009 0.0007 -0.0062 1.0000
17.9107 -0.8932 -4.5328 238.1981 0.0006 0.0008 -0.0068 1.0000
18.0148 -0.9001 -4.5552 239.7194 -0.0003 0.0011 -0.0063 1.0000
18.1189 -0.9092 -4.5866 241.2340 -0.0007 0.0014 -0.0060 1.0000
18.2230 -0.9177 -4.6148 242.7502 -0.0001 0.0016 -0.0063 1.0000
18.3270 -0.9163 -4.6478 244.2606 0.0005 0.0020 -0.0065 1.0000
18.4311 -0.9270 -4.6708 245.7803 0.0004 0.0020 -0.0070 1.0000
18.5354 -0.9230 -4.7077 247.2928 -0.0001 0.0018 -0.0070 1.0000
18.6394 -0.9483 -4.7395 248.8272 -0.0002 0.0020 -0.0069 1.0000
18.7435 -0.9477 -4.7706 250.3414 -0.0003 0.0018 -0.0071 1.0000
18.8475 -0.9504 -4.7936 251.8922 -0.0003 0.0017 -0.0080 1.0000
18.9517 -0.9556 -4.8257 253.4086 -0.0004 0.0019 -0.0086 1.0000
19.0556 -0.9567 -4.8446 254.9271 -0.0005 0.0020 -0.0087 1.0000
19.1596 -0.9531 -4.8853 256.4529 -0.0007 0.0019 -0.0078 1.0000
19.2638 -0.9522 -4.9033 257.9889 -0.0010 0.0018 -0.0072 1.0000
19.3679 -0.9485 -4.9424 259.5256 -0.0015 0.0021 -0.0056 1.0000
19.4718 -0.9521 -4.9610 261.0700 -0.0011 0.0018 -0.0051 1.0000
19.5759 -0.9504 -4.9955 262.5822 -0.0007 0.0019 -0.0048 1.0000
19.6799 -0.9481 -5.0216 264.1271 -0.0014 0.0019 -0.0039 1.0000
19.7840 -0.9567 -5.0390 265.6829 -0.0022 0.0022 -0.0028 1.0000
19.8881 -0.9612 -5.0751 267.2162 -0.0020 0.0023 -0.0023 1.0000
19.9921 -0.9522 -5.0993 268.7192 -0.0016 0.0023 -0.0022 1.0000
20.0962 -0.9579 -5.1176 270.2971 -0.0015 0.0028 -0.0026 1.0000
20.2002 -0.9602 -5.1475 271.8244 -0.0015 0.0034 -0.0029 1.0000
20.3043 -0.9739 -5.1800 273.3743 -0.0013 0.0036 -0.0040 1.0000
20.4083 -0.9826 -5.2116 274.9207 -0.0013 0.0043 -0.0050 1.0000
20.5123 -0.9750 -5.2358 276.4553 -0.0012 0.0047 -0.0049 1.0000
20.6164 -0.9819 -5.2640 278.0225 -0.0009 0.0049 -0.0051 1.0000
20.7204 -0.9691 -5.2949 279.5485 -0.0005 0.0055 -0.0050 1.0000
20.8245 -0.9588 -5.3245 281.0977 -0.0007 0.0058 -0.0049 1.0000
20.9287 -0.9523 -5.3518 282.6463 -0.0011 0.0063 -0.0039 1.0000
21.0328 -0.9336 -5.3775 284.1927 -0.0013 0.0064 -0.0035 1.0000
21.1368 -0.9254 -5.4140 285.7444 -0.0003 0.0066 -0.0027 1.0000
21.2409 -0.9221 -5.4430 287.2869 0.0008 0.0062 -0.0031 1.0000
21.3449 -0.9035 -5.4745 288.8146 0.0008 0.0058 -0.0028 1.0000
21.4489 -0.8951 -5.5024 290.3861 0.0009 0.0056 -0.0016 1.0000
21.5529 -0.8887 -5.5418 291.9350 0.0010 0.0049 -0.0019 1.0000
21.6570 -0.8825 -5.5736 293.5182 0.0011 0.0048 -0.0020 1.0000
21.7610 -0.8803 -5.6009 295.0563 0.0011 0.0044 -0.0023 1.0000
21.8650 -0.8725 -5.6345 296.6172 0.0010 0.0040 -0.0021 1.0000
21.9691 -0.8608 -5.6685 298.1929 0.0004 0.0036 -0.0024 1.0000
22.0732 -0.8622 -5.6995 299.7693 -0.0002 0.0033 -0.0026 1.0000
22.1772 -0.8617 -5.7328 301.3825 -0.0003 0.0037 -0.0027 1.0000
22.2812 -0.8653 -5.7608 302.9354 -0.0003 0.0042 -0.0033 1.0000
22.3853 -0.8658 -5.7875 304.5077 -0.0002 0.0044 -0.0028 1.0000
22.4893 -0.8541 -5.8089 306.1406 0.0003 0.0044 -0.0020 1.0000
22.5933 -0.8369 -5.8499 307.7271 0.0011 0.0046 -0.0012 1.0000
22.6974 -0.8449 -5.8767 309.3394 0.0017 0.0046 -0.0008 1.0000
22.8014 -0.8371 -5.9164 310.9243 0.0020 0.0035 -0.0012 1.0000
22.9054 -0.8290 -5.9554 312.5407 0.0017 0.0025 -0.0018 1.0000
23.0094 -0.8487 -5.9855 314.1727 0.0004 0.0025 -0.0024 1.0000
23.1135 -0.8280 -6.0119 315.7946 -0.0011 0.0026 -0.0017 1.0000
23.2174 -0.8290 -6.0418 317.4222 -0.0015 0.0028 -0.0013 1.0000
23.3214 -0.8278 -6.0740 319.0630 -0.0010 0.0028 -0.0009 1.0000
23.4254 -0.8231 -6.0992 320.6846 -0.0009 0.0031 -0.0007 1.0000
23.5296 -0.8244 -6.1224 322.3086 -0.0010 0.0031 -0.0005 1.0000
23.6335 -0.8245 -6.1603 323.9196 -0.0011 0.0033 -0.0004 1.0000
23.7375 -0.8147 -6.1894 325.5522 -0.0008 0.0036 -0.0010 1.0000
23.8417 -0.8168 -6.2190 327.1922 -0.0004 0.0039 -0.0012 1.0000
23.9457 -0.8155 -6.2534 328.8184 -0.0010 0.0044 -0.0009 1.0000
24.0496 -0.8050 -6.2840 330.4296 -0.0015 0.0042 -0.0004 1.0000
24.1537 -0.7903 -6.3180 332.0574 -0.0012 0.0043 -0.0002 1.0000
24.2578 -0.7880 -6.3559 333.6621 -0.0012 0.0044 -0.0004 1.0000
24.3618 -0.7901 -6.3618 335.2911 -0.0002 0.0041 -0.0013 1.0000
24.4658 -0.7913 -6.4198 336.9026 0.0011 0.0039 -0.0022 1.0000
24.5698 -0.7852 -6.4537 338.4998 0.0009 0.0035 -0.0027 1.0000
24.6739 -0.7779 -6.4880 340.1242 -0.0006 0.0031 -0.0027 1.0000
24.7779 -0.7895 -6.5060 341.7369 -0.0019 0.0028 -0.0034 1.0000
24.8820 -0.7959 -6.5428 343.3454 -0.0016 0.0019 -0.0037 1.0000
24.9860 -0.7924 -6.5781 344.9532 -0.0010 0.0013 -0.0037 1.0000
25.0902 -0.7969 -6.5982 346.5385 -0.0014 0.0002 -0.0032 1.0000
25.1942 -0.7998 -6.6359 348.1254 -0.0017 -0.0002 -0.0024 1.0000
25.2983 -0.8234 -6.6627 349.7237 -0.0014 -0.0002 -0.0023 1.0000
25.4024 -0.8297 -6.6962 351.3319 -0.0010 -0.0005 -0.0020 1.0000
25.5065 -0.8396 -6.7176 352.9289 -0.0009 -0.0004 -0.0020 1.0000
25.6105 -0.8466 -6.7505 354.5273 -0.0008 -0.0006 -0.0017 1.0000
25.7146 -0.8566 -6.7903 356.1218 -0.0005 -0.0008 -0.0014 1.0000
25.8187 -0.8740 -6.8230 357.7042 -0.0003 -0.0005 -0.0014 1.0000
25.9228 -0.8812 -6.8507 359.2895 -0.0004 -0.0007 -0.0011 1.0000
26.0270 -0.8874 -6.8730 360.8791 0.0000 -0.0003 -0.0012 1.0000
26.1309 -0.9030 -6.9245 362.4717 0.0004 -0.0006 -0.0007 1.0000
26.2351 -0.9026 -6.9426 364.0670 0.0001 -0.0005 0.0001 1.0000
26.3392 -0.9138 -6.9866 365.6518 -0.0005 -0.0004 0.0014 1.0000
26.4433 -0.9186 -7.0160 367.2496 -0.0002 -0.0006 0.0015 1.0000
26.5478 -0.9419 -7.0435 368.8582 0.0000 -0.0002 0.0008 1.0000
26.6514 -0.9489 -7.0721 370.4489 -0.0002 -0.0002 0.0002 1.0000
26.7579 -0.9543 -7.1060 372.0541 -0.0006 0.0003 -0.0004 1.0000
26.8626 -0.9691 -7.1384 373.6420 -0.0005 0.0002 -0.0006 1.0000
26.9637 -0.9794 -7.1736 375.2647 -0.0002 0.0004 -0.0008 1.0000
27.0678 -0.9788 -7.2001 376.8779 -0.0001 0.0006 -0.0009 1.0000
27.1719 -0.9963 -7.2321 378.4651 0.0000 0.0006 -0.0009 1.0000
27.2761 -1.0020 -7.2585 380.0774 -0.0002 0.0010 -0.0015 1.0000
27.3801 -1.0178 -7.2921 381.6744 -0.0002 0.0009 -0.0020 1.0000
27.4847 -1.0235 -7.3262 383.2967 -0.0001 0.0011 -0.0024 1.0000
27.5884 -1.0331 -7.3625 384.9187 0.0001 0.0015 -0.0029 1.0000
27.6925 -1.0365 -7.3982 386.5377 0.0001 0.0014 -0.0035 1.0000
27.7965 -1.0443 -7.4223 388.1464 -0.0002 0.0017 -0.0040 1.0000
27.9007 -1.0576 -7.4539 389.7839 -0.0004 0.0017 -0.0045 1.0000
28.0052 -1.0507 -7.4886 391.3966 -0.0003 0.0019 -0.0053 1.0000
28.1089 -1.0545 -7.5163 393.0176 -0.0004 0.0022 -0.0052 1.0000
