0.025112
0.078858
0.097125
0.096341
0.09625
0.099171
0.091233
0.092736
0.105755
0.100095
0.101312
0.098076
0.099512
0.099943
0.103167
0.096223
0.093539
0.09935
0.101343
0.095163
0.101975
0.102466
0.103763
0.099281
0.101063
0.103171
0.099202
0.101513
0.096306
0.096825
0.097644
0.099394
0.097631
0.096538
0.098584
0.102934
0.095725
0.102066
0.099337
0.101263
0.102569
0.095443
0.099288
0.100535
0.098386
0.099322
0.090886
0.091131
0.098756
0.096577
0.093842
0.10031
0.097113
0.109189
0.112697
0.113516
0.112897
0.109768
0.104993
0.109881
0.108888
0.109085
0.108244
0.105266
0.105775
0.105315
0.104812
0.12079
0.124443
0.123497
0.119892
0.125225
0.123281
0.12259
0.119874
0.123697
0.124088
0.131241
0.124258
0.116247
0.115389
0.127628
0.135261
0.133248
0.130402
0.1293
0.129047
0.131551
0.127016
0.119388
0.116993
0.118903
0.114184
0.114634
0.108801
0.112099
0.111658
0.11199
0.107277
0.106224
0.103689
0.104762
0.103108
0.101338
0.099725
0.09673
0.093749
0.101003
0.094467
0.09666
0.094164
0.09362
0.093379
0.083798
0.087186
0.078493
0.082375
0.074882
0.07451
0.067905
0.06442
0.060268
0.060583
0.07267
0.065639
0.063755
0.063832
0.06767
0.078893
0.073764
0.071898
0.074449
0.07419
0.072433
0.074489
0.073268
0.074847
0.07371
0.069291
0.067016
0.068469
0.065289
0.064738
0.060287
0.062156
0.062984
0.06572
0.068491
0.081405
0.077744
0.08234
0.083601
0.082024
0.075394
0.081257
0.094877
0.098552
0.099223
0.100047
0.10367
0.103951
0.105877
0.120547
0.1241
0.123465
0.123048
0.122928
0.114912
0.11458
0.117183
0.113392
0.113402
0.112835
0.109015
0.113838
0.116884
0.1126
0.113426
0.110002
0.109163
0.107199
0.111499
0.107152
0.104639
0.111178
0.103469
0.107678
0.106233
0.104922
0.103802
0.099203
0.099464
0.101305
0.099798
0.104729
0.099616
0.100645
0.097353
0.098229
0.098416
0.095428
0.097251
0.094077
0.092789
0.095307
0.093362
0.093012
0.091753
0.089547
0.09245
0.086595
0.085364
0.089581
0.084047
0.082681
0.080028
0.080561
0.078231
0.075877
0.078425
0.078106
0.074854
0.078914
0.079941
0.079742
0.075942
0.078093
0.078566
0.079072
0.074223
0.075521
0.07653
0.07849
0.078417
0.07987
0.0805
0.078009
0.078104
0.07751
0.083913
0.079872
0.082197
0.079646
0.074397
0.090581
0.08374
0.088521
0.088764
0.084758
0.08599
0.082924
0.08967
0.081615
0.084268
0.092788
0.089159
0.086069
0.088016
0.085086
0.082725
0.085226
0.093551
0.089483
0.088222
0.095947
0.09269
0.091813
0.089892
0.087676
0.087813
0.090359
0.095994
0.092281
0.093325
0.093471
0.088923
0.090026
0.099531
0.096108
0.098591
0.09715
0.092619
0.093732
0.094048
0.101932
0.096649
0.099575
0.100524
0.102415
0.106653
0.111895
0.106936
0.107183
0.105972
0.106985
0.104898
0.108188
0.115271
0.112254
0.109769
0.107028
0.111682
0.11405
0.11251
0.115026
0.116798
0.111317
0.113855
0.113413
0.110893
0.125031
0.113992
0.117548
0.118093
0.108597
0.114597
0.127752
0.115875
0.117127
0.112554
0.107368
0.105861
0.106516
0.102852
0.10407
0.101862
0.096188
0.094631
0.091145
0.089607
0.080773
0.086948
0.08615
0.084761
0.085601
0.085318
0.084292
0.08542
0.079465
0.078089
0.082467
0.07667
0.08336
0.085643
0.082205
0.080555
0.082536
0.083424
0.083013
0.078777
0.079845
0.084284
0.085717
0.086766
0.086687
0.085585
0.084785
0.084937
0.085864
0.094544
0.094315
0.094933
0.098679
0.096271
0.097727
0.092977
0.1001
0.096996
0.102124
0.100785
0.099974
0.099312
0.106479
0.107608
0.101528
0.103901
0.105171
0.103337
0.112807
0.11287
0.112828
0.106925
0.105978
0.106265
0.105232
0.115173
0.111235
0.113593
0.130376
0.116459
0.116655
0.120587
0.114005
0.117763
0.10976
0.119133
0.112835
0.107325
0.112919
0.106705
0.109527
0.107577
0.106213
0.099509
0.101546
0.100267
0.100406
0.108905
0.103132
0.100542
0.103078
0.107164
0.100594
0.099704
0.096935
0.09965
0.098817
0.109581
0.101948
0.098683
0.096903
0.113101
0.109882
0.108959
0.110388
0.107282
0.104178
0.112972
0.110237
0.101849
0.104154
0.099486
0.097687
0.101076
0.097428
0.092082
0.104661
0.099277
0.095394
0.099432
0.102525
0.099645
0.110784
0.104556
0.101363
0.099906
0.094356
0.098891
0.101088
0.100592
0.095036
0.098421
0.099264
0.098885
0.098857
0.101551
0.101701
0.095267
0.109736
0.096539
0.096894
0.097615
0.103868
0.095505
0.10139
0.100207
0.107386
0.109903
0.111404
0.107097
0.111828
0.126661
0.12038
0.119343
0.119382
0.110325
0.117125
0.120503
0.119988
0.12041
0.123864
0.116489
0.122683
0.122177
0.121589
0.123458
0.133257
0.133802
0.130143
0.123981
0.125574
0.124722
0.124874
0.126998
0.12379
0.121212
0.119339
0.127389
0.129923
0.127802
0.1243
0.122406
0.116949
0.118469
0.118487
0.11757
0.11819
0.124674
0.127399
0.127263
0.121485
0.124464
0.130675
0.126553
0.123388
0.127081
0.124512
0.125103
0.12736
0.12782
0.133715
0.137781
0.137483
0.132573
0.129338
0.132032
0.13046
0.134744
0.129758
0.128892
0.132961
0.132036
0.128001
0.128552
0.131024
0.13289
0.130186
0.134275
0.135616
0.136964
0.137425
0.14986
0.151715
0.14711
0.153443
0.149135
0.14854
0.148898
0.150153
0.148611
0.145172
0.148598
0.147371
0.145699
0.144226
0.138252
0.138584
0.141549
0.139232
0.139168
0.137978
0.138704
0.141578
0.137554
0.136529
0.139975
0.142618
0.150829
0.149967
0.149923
0.149827
0.144284
0.145206
0.13787
0.145904
0.137262
0.1363
0.138872
0.136709
0.133985
0.131862
0.12496
0.128381
0.1307
0.130852
0.126103
0.128181
0.12792
0.134943
0.137016
0.132627
0.133223
0.131899
0.136384
0.128541
0.126327
0.129985
0.125737
0.121618
0.118624
0.121571
0.120647
0.118834
0.114107
0.121121
0.126241
0.12868
0.125145
0.125012
0.12197
0.120563
0.122555
0.121424
0.117119
0.116501
0.121091
0.116307
0.118738
0.118898
0.112338
0.117848
0.120403
0.123496
0.125571
0.120179
0.124918
0.115715
0.117694
0.120646
0.117323
0.122638
0.116454
0.115243
0.119583
0.111477
0.110768
0.111555
0.111063
0.117443
0.111793
0.110255
0.116071
0.118289
0.119012
0.122109
0.122138
0.123067
0.123905
0.122112
0.119689
0.122308
0.121209
0.118878
0.119365
0.11775
0.118555
0.11374
0.113671
0.111972
0.11097
0.112202
0.107641
0.107815
0.107707
0.107295
0.109911
0.106121
0.109619
0.114186
0.120453
0.122022
0.116885
0.119374
0.11908
0.123627
0.117753
0.114241
0.114481
0.113701
0.115316
0.116087
0.11066
0.114206
0.111378
0.108199
0.111303
0.111508
0.124236
0.129868
0.126978
0.127154
0.129216
0.127541
0.128185
0.126146
0.126484
0.123148
0.123763
0.125453
0.123378
0.124104
0.123451
0.125034
0.126643
0.121682
0.122247
0.120144
0.11735
0.11903
0.122605
0.121934
0.118191
0.119243
0.116293
0.118021
0.11537
0.117683
0.1285
0.135344
0.134687
0.134755
0.133777
0.133377
0.1339
0.131043
0.130385
0.130137
0.128351
0.123221
0.126722
0.130272
0.130436
0.13325
0.133766
0.132174
0.132426
0.132131
0.130401
0.130904
0.129392
0.13065
0.132135
0.133116
0.135143
0.13583
0.130085
0.125037
0.132544
0.132582
0.133093
0.130764
0.126011
0.125089
0.130975
0.131349
0.129433
0.13308
0.129049
0.129693
0.123531
0.126713
0.132993
0.127815
0.127613
0.125059
0.126805
0.120892
0.12661
0.126781
0.123665
0.129344
0.121829
0.123131
0.12197
0.125309
0.123872
0.121302
0.121135
0.123132
0.123389
0.118175
0.118624
0.119978
0.116029
0.119541
0.11676
0.123637
0.120951
0.118895
0.120691
0.120998
0.123844
0.123799
0.118593
0.120089
0.122302
0.11949
0.12367
0.117654
0.118875
0.123521
0.124058
0.113545
0.11693
0.117364
0.116569
0.120583
0.116678
0.116903
0.113961
0.118116
0.118961
0.120286
0.118782
0.11736
0.117035
0.11624
0.112574
0.113383
0.115417
0.110487
0.107642
0.114097
0.10979
0.118198
0.126241
0.124299
0.129085
0.127345
0.13232
0.125734
0.126756
0.129791
0.125305
0.128913
0.130221
0.134123
0.130413
0.127104
0.13044
0.127807
0.131093
0.127695
0.120287
0.126835
0.131174
0.128645
0.125994
0.125526
0.124561
0.120648
0.120156
0.125575
0.123897
0.125653
0.120691
0.119133
0.123265
0.119883
0.119376
0.120549
0.124153
0.128533
0.133681
0.140929
0.139627
0.136951
0.139359
0.129087
0.132435
0.133189
0.133207
0.130214
0.13659
0.130175
0.130073
0.127801
0.125545
0.131525
0.134495
0.131422
0.135618
0.127587
0.131405
0.132585
0.133094
0.133991
0.130692
0.127727
0.128742
0.129034
0.125864
0.122995
0.127286
0.128009
0.124442
0.121172
0.114983
0.118961
0.13044
0.128873
0.12282
0.121501
0.124495
0.122763
0.120696
0.117966
0.112652
0.116994
0.113656
0.111781
0.109492
0.116007
0.10815
0.106228
0.105929
0.107398
0.104067
0.102395
0.106392
0.102733
0.09777
0.097544
0.101538
0.094927
0.097261
0.096248
0.089286
0.090914
0.081988
0.077374
0.077688
0.073259
0.071632
0.075578
0.07455
0.072888
0.074308
0.07164
0.07295
0.073723
0.071602
0.068752
0.071692
0.070424
0.069323
0.070209
0.069875
0.066518
0.068859
0.069404
0.070644
0.075271
0.077071
0.076761
0.076648
0.076567
0.077899
0.073991
0.079618
0.077085
0.076314
0.083371
0.083005
0.081207
0.079276
0.083564
0.080458
0.079072
0.082623
0.079218
0.080752
0.07527
0.077492
0.083408
0.083716
0.085295
0.088106
0.083587
0.085595
0.08425
0.085797
0.08472
0.085676
0.082033
0.080305
0.083841
0.082818
0.086452
0.086154
0.087021
0.083595
0.086669
0.083893
0.085441
0.081274
0.083489
0.08672
0.092358
0.094854
0.091136
0.092697
0.086029
0.092827
0.088478
0.083014
0.081932
0.08363
0.082929
0.08289
0.075467
0.080959
0.076039
0.075146
0.073475
0.076333
0.075937
0.083183
0.083281
0.090502
0.084701
0.085003
0.095632
0.092909
0.089302
0.092018
0.090888
0.087747
0.090104
0.09088
0.086426
0.089004
0.092666
0.093004
0.098897
0.094149
0.098052
0.090887
0.084517
0.08742
0.091723
0.095984
0.090503
0.09357
0.088049
0.091507
0.088843
0.092584
0.090764
0.089598
0.087523
0.086028
0.083783
0.080886
0.084098
0.083753
0.084165
0.081845
0.088892
0.089342
0.088596
0.085092
0.084525
0.084831
0.081737
0.080845
0.082784
0.079811
0.080017
0.079879
0.079507
0.07687
0.079274
0.077211
0.078611
0.079996
0.076999
0.075529
0.071746
0.07347
0.071594
0.077121
0.078648
0.078443
0.075629
0.077558
0.076211
0.08222
0.081382
0.081938
0.07824
0.082599
0.08532
0.085947
0.092139
0.088663
0.087641
0.085162
0.081659
0.081513
0.087391
0.084719
0.088735
0.089155
0.084259
0.086705
0.08538
0.088303
0.08333
0.088348
0.089448
0.090518
0.107025
0.101103
0.100218
0.098417
0.099682
0.097529
0.101342
0.100159
0.099388
0.097791
0.099985
0.099978
0.094872
0.094281
0.096464
0.097298
0.094889
0.097332
0.091139
0.092432
0.097187
0.09366
0.089488
0.088301
0.093549
0.088699
0.089622
0.088262
0.092188
0.089735
0.089499
0.092045
0.09374
0.092275
0.089378
0.090325
0.091455
0.095777
0.100799
0.100126
0.100296
0.097912
0.100483
0.101639
0.099199
0.098324
0.094344
0.097374
0.093789
0.098661
0.098161
0.095855
0.101176
0.097148
0.095886
0.099031
0.093122
0.094315
0.093587
0.100348
0.092566
0.093358
0.091945
0.094642
0.086897
0.087614
0.089978
0.088237
0.093153
0.097977
0.096625
0.100522
0.099621
0.100283
0.102179
0.09916
0.099681
0.096248
0.096721
0.091391
0.089717
0.088547
0.090534
0.096886
0.096935
0.100853
0.099331
0.096596
0.098307
0.106399
0.103522
0.104824
0.101129
0.121729
0.113065
0.113421
0.114117
0.125111
0.12468
0.126129
0.122028
0.120761
0.123167
0.125683
0.11922
0.126299
0.128608
0.124838
0.127916
0.134691
0.138333
0.132342
0.127816
0.132899
0.130664
0.129014
0.123472
0.125721
0.129352
0.127078
0.130191
0.13178
0.137287
0.140795
0.141227
0.136098
0.137675
0.141695
0.139903
0.138522
0.135832
0.135684
0.1335
0.126162
0.128923
0.130782
0.126931
0.129139
0.136705
0.133857
0.127772
0.127449
0.128063
0.130667
0.123895
0.126136
0.121502
0.117687
0.123244
0.118498
0.118268
0.126608
0.11841
0.117187
0.117611
0.110721
0.118875
0.116149
0.115066
0.117958
0.114523
0.115217
0.118248
0.116192
0.114669
0.127973
0.122499
0.119501
0.115866
0.112317
0.115299
0.118348
0.113587
0.126383
0.119247
0.117447
0.116875
0.117956
0.117731
0.115677
0.113412
0.11013
0.113779
0.114219
0.114027
0.118759
0.115592
0.116136
0.113125
0.115082
0.11136
0.118384
0.118156
0.121138
0.119714
0.117444
0.127196
0.124978
0.123328
0.118854
0.122682
0.121915
0.121171
0.126575
0.127764
0.124776
0.130383
0.131189
0.127465
0.121374
0.126441
0.121312
0.125278
0.118674
0.120729
0.125461
0.126246
0.127572
0.120321
0.120145
0.120902
0.127795
0.128066
0.122875
0.120013
0.123051
0.116631
0.120737
0.119332
0.12206
0.112297
0.109481
0.107888
0.114392
0.116868
0.116377
0.11896
0.119445
0.117883
0.119085
0.114822
0.116482
0.111064
0.110026
0.109163
0.109049
0.109811
0.107614
0.116328
0.116083
0.112598
0.109986
0.11567
0.116551
0.114135
0.114292
0.111275
0.113938
0.11421
0.108245
0.112166
0.114596
0.109693
0.117419
0.1163
0.114834
0.114147
0.111092
0.113288
0.116027
0.115703
0.126315
0.128055
0.124803
0.120889
0.12198
0.12728
0.119997
0.116969
0.126234
0.124379
0.130617
0.126126
0.126871
0.123333
0.118043
0.128392
0.119078
0.122873
0.124022
0.122427
0.127487
0.121046
0.114537
0.133741
0.125281
0.122571
0.125521
0.121045
0.122321
0.119985
0.124621
0.121511
0.119223
0.126181
0.12317
0.12513
0.118491
0.118755
0.114973
0.113437
0.112653
0.109242
0.101152
0.10629
0.105212
0.105239
0.108227
0.112144
0.105758
0.110285
0.113719
0.109444
0.104339
0.107689
0.102904
0.098788
0.099652
0.102284
0.10889
0.109396
0.10617
0.104047
0.102909
0.100192
0.106243
0.102898
0.109213
0.105253
0.106809
0.103604
0.099051
0.103499
0.096763
0.096041
0.09577
0.101482
0.103158
0.102103
0.101395
0.100431
0.1029
0.104043
0.100445
0.105435
0.111065
0.106781
0.104726
0.104901
0.102297
0.102952
0.098662
0.096996
0.101109
0.108999
0.10543
0.108126
0.099865
0.099269
0.099547
0.100602
0.097835
0.096804
0.100234
0.099223
0.097559
0.097293
0.096015
0.09929
0.09742
0.09453
0.099293
0.100554
0.097867
0.098564
0.099451
0.102818
0.095751
0.099861
0.09849
0.095255
0.101001
0.095973
0.100628
0.10473
0.096452
0.108538
0.10799
0.109521
0.100993
0.108549
0.108273
0.106944
0.1118
0.111378
0.108583
0.104721
0.109536
0.119335
0.118819
0.114159
0.114749
0.116628
0.117746
0.11839
0.114504
0.12
0.123569
0.117611
0.125893
0.12558
0.118923
0.118956
0.118635
0.119001
0.12309
0.121734
0.125439
0.116447
0.116785
0.119609
0.115368
0.115506
0.12022
0.120608
0.123289
0.117533
0.118143
0.119916
0.118917
0.115701
0.119837
0.115717
0.122184
0.118253
0.117468
0.114234
0.112112
0.116098
0.110254
0.111701
0.117154
0.113511
0.116816
0.10878
0.105243
0.106264
0.100908
0.102665
0.098263
0.097834
0.102388
0.093199
0.094622
0.091619
0.090022
0.086665
0.091804
0.083205
0.09152
0.086766
0.082428
0.084409
0.08436
0.082641
0.086043
0.084113
0.080117
0.083953
0.082711
0.083224
0.084007
0.082667
0.082455
0.084924
0.084625
0.085168
0.086982
0.085785
0.087515
0.088483
0.087426
0.083855
0.085712
0.085751
0.084461
0.084719
0.082839
0.081139
0.08225
0.083153
0.077356
0.080732
0.080412
0.081351
0.080465
0.083204
0.079151
0.081168
0.080046
0.080458
0.080224
0.080864
0.081669
0.079358
0.080807
0.078386
0.076323
0.078885
0.078158
0.077222
0.076781
0.079833
0.076616
0.085614
0.083283
0.07902
0.083594
0.076962
0.080697
0.085258
0.080145
0.080693
0.079093
0.081899
0.079033
0.080365
0.07977
0.079755
0.07637
0.077003
0.077461
0.076439
0.076074
0.079855
0.078452
0.074345
0.081904
0.080911
0.082385
0.084853
0.081725
0.083765
0.083341
0.087393
0.078265
0.08867
0.083286
0.086938
0.081955
0.082775
0.081755
0.084167
0.078157
0.084825
0.08812
0.087596
0.084066
0.083678
0.084303
0.084758
0.082106
0.085751
0.083606
0.082839
0.08339
0.087016
0.085979
0.086554
0.087001
0.09028
0.098009
0.092339
0.096403
0.094077
0.098716
0.096221
0.093739
0.098433
0.098764
0.105073
0.100963
0.105266
0.103931
0.109398
0.099182
0.097294
0.09912
0.103636
0.105019
0.101556
0.099923
0.100027
0.103179
0.100446
0.103619
0.096991
0.098593
0.097938
0.097484
0.098579
0.103393
0.102093
0.106888
0.100107
0.102499
0.104057
0.101548
0.100105
0.097753
0.099472
0.103367
0.098886
0.095329
0.099215
0.097785
0.094785
0.096121
0.099962
0.100005
0.098817
0.097373
0.097546
0.096703
0.095259
0.097954
0.093484
0.095044
0.099307
0.094815
0.096692
0.096292
0.095024
0.0921
0.09208
0.094466
0.094999
0.101884
0.102107
0.102735
0.10012
0.099514
0.096856
0.099035
0.101267
0.095416
0.093703
0.099403
0.095138
0.09461
0.089292
0.089394
0.090083
0.088931
0.08634
0.08483
0.08887
0.089482
0.089306
0.090601
0.088375
0.088634
0.084055
0.083989
0.082972
0.083409
0.077271
0.083003
0.081823
0.078497
0.078738
0.074193
0.076101
0.077599
0.080488
0.078606
0.084858
0.082001
0.086738
0.083635
0.082756
0.081394
0.08163
0.078124
0.081535
0.079826
0.077974
0.078489
0.076219
0.078033
0.076136
0.07809
0.077281
0.079164
0.077927
0.079873
0.077236
0.077632
0.075325
0.07526
0.074421
0.070709
0.075415
0.077501
0.073838
0.078962
0.084823
0.07795
0.080739
0.080263
0.080701
0.08293
0.082287
0.078515
0.076379
0.081425
0.075612
0.074342
0.075602
0.076249
0.074805
0.077915
0.075232
0.074808
0.075779
0.076916
0.076837
0.074621
0.076483
0.076288
0.081111
0.083293
0.07675
0.08264
0.084297
0.078821
0.080622
0.074911
0.080905
0.080323
0.078604
0.078053
0.076459
0.075646
0.066426
0.068886
0.064556
0.066106
0.066888
0.064116
0.061888
0.060677
0.061425
0.064843
0.063408
0.063855
0.065317
0.061135
0.062677
0.065249
0.067182
0.063594
0.060171
0.062912
0.061984
0.0638
0.062076
0.062259
0.063281
0.062885
0.063259
0.069914
0.066342
0.06756
0.067866
0.067613
0.068454
0.071034
0.068843
0.068779
0.071532
0.06814
0.068262
0.067798
0.062901
0.067092
0.067542
0.073378
0.072754
0.068441
0.071087
0.071807
0.07418
0.071222
0.074129
0.071981
0.073306
0.073448
0.074727
0.073396
0.068858
0.073655
0.073699
0.073379
0.072634
0.067293
0.070316
0.07268
0.071353
0.073002
0.073248
0.074798
0.070928
0.084921
0.076198
0.077846
0.076507
0.076027
0.076654
0.079038
0.078334
0.078801
0.077494
0.081692
0.080078
0.084649
0.083557
0.081333
0.080826
0.093381
0.090065
0.091053
0.081165
0.087447
0.083652
0.085643
0.086108
0.083577
0.081322
0.083903
0.085012
0.087457
0.086888
0.087599
0.088371
0.085009
0.082987
0.082607
0.080883
0.081258
0.08141
0.081463
0.080437
0.080978
0.079781
0.079914
0.084352
0.079753
0.083163
0.084703
0.081338
0.082154
0.082004
0.076661
0.079045
0.078071
0.078528
0.080742
0.082329
0.082665
0.081005
0.082574
0.082767
0.082625
0.080238
0.077078
0.078577
0.076874
0.077266
0.078207
0.077116
0.081125
0.083428
0.080302
0.076945
0.079593
0.07949
0.078716
0.073196
0.076468
0.080822
0.075265
0.08073
0.075668
0.081292
0.085179
0.085737
0.08715
0.086537
0.083032
0.078626
0.083344
0.079362
0.079819
0.080059
0.079993
0.079982
0.079574
0.075855
0.077265
0.077886
0.075194
0.076031
0.073853
0.075567
0.076413
0.077183
0.075328
0.07895
0.081451
0.08247
0.079602
0.079138
0.079917
0.07753
0.078641
0.074253
0.075584
0.077509
0.075477
0.075955
0.076584
0.082572
0.080921
0.077272
0.081683
0.078564
0.079591
0.079615
0.080515
0.075743
0.079739
0.076439
0.083184
0.085744
0.088865
0.08804
0.08951
0.08102
0.084286
0.088577
0.088185
0.086962
0.084033
0.086239
0.088073
0.090912
0.092187
0.091084
0.096181
0.094851
0.094757
0.091107
0.095005
0.089026
0.095041
0.093512
0.095287
0.098364
0.102325
0.105263
0.099918
0.108014
0.10543
0.100242
0.103455
0.10297
0.103826
0.101541
0.105165
0.108792
0.108751
0.112233
0.109535
0.110711
0.110869
0.107992
0.111644
0.11225
0.10906
0.111206
0.111524
0.107566
0.110106
0.104714
0.106983
0.108354
0.111822
0.110546
0.109211
0.112466
0.110644
0.107296
0.110329
0.106389
0.111759
0.111762
0.111573
0.113531
0.118882
0.123059
0.114977
0.116791
0.115586
0.12091
0.114943
0.119869
0.116976
0.116155
0.116807
0.114797
0.112452
0.115723
0.1145
0.10581
0.114314
0.107851
0.108452
0.114887
0.114632
0.113443
0.114257
0.111115
0.11246
0.108744
0.106231
0.105983
0.106019
0.109127
0.108832
0.108377
0.110005
0.109325
0.109367
0.107471
0.112488
0.113835
0.116952
0.115171
0.116961
0.114014
0.115652
0.116658
0.114132
0.113941
0.112046
0.109226
0.108807
0.106454
0.106616
0.106376
0.110851
0.11116
0.110839
0.111987
0.109739
0.106438
0.108063
0.109997
0.111998
0.109392
0.110041
0.110308
0.109898
0.109044
0.109972
0.107348
0.102454
0.105319
0.104031
0.11452
0.115953
0.113861
0.111108
0.110735
0.118546
0.116596
0.108039
0.108133
0.107326
0.106888
0.108669
0.109185
0.112035
0.109097
0.107471
0.108289
0.106094
0.106939
0.106214
0.107876
0.101686
0.107113
0.11171
0.109251
0.110932
0.110809
0.115357
0.109759
0.112181
0.114178
0.110829
0.110924
0.10574
0.111831
0.110435
0.113288
0.120126
0.118324
0.119252
0.114663
0.112472
0.109562
0.116914
0.109717
0.110515
0.121969
0.117293
