0.027136
0.10573
0.129261
0.128586
0.125219
0.127049
0.129861
0.128745
0.125265
0.129386
0.128716
0.116058
0.126018
0.129224
0.123271
0.119033
0.120594
0.120685
0.130126
0.122921
0.124702
0.127647
0.126646
0.120667
0.129585
0.117729
0.12059
0.120672
0.12246
0.130038
0.114525
0.122616
0.121581
0.129558
0.125027
0.119905
0.126706
0.125306
0.120829
0.123115
0.120904
0.127224
0.125547
0.115625
0.122333
0.12578
0.129254
0.12621
0.116662
0.121211
0.125673
0.126561
0.123159
0.124831
0.12385
0.118692
0.125592
0.121711
0.125115
0.127324
0.125189
0.117939
0.120787
0.12626
0.119486
0.120349
0.121427
0.121475
0.125612
0.11935
0.116534
0.122752
0.116685
0.122746
0.125552
0.117725
0.118084
0.11793
0.120383
0.119464
0.113015
0.119725
0.123797
0.117484
0.117504
0.123534
0.123585
0.118663
0.120903
0.118492
0.122152
0.122572
0.120896
0.117421
0.121165
0.12809
0.124033
0.125359
0.128294
0.121208
0.119127
0.116314
0.122241
0.11834
0.113385
0.126936
0.120186
0.123983
0.119344
0.123335
0.120531
0.119762
0.11686
0.11864
0.12362
0.127379
0.126252
0.118703
0.125288
0.126787
0.125551
0.118783
0.125898
0.118984
0.115678
0.122434
0.11679
0.120967
0.109772
0.115418
0.12347
0.111518
0.125081
0.123597
0.120266
0.11533
0.119723
0.116384
0.11798
0.1208
0.123588
0.122822
0.121762
0.117646
0.122552
0.121841
0.116875
0.115585
0.115417
0.118455
0.114493
0.111629
0.10932
0.113319
0.115785
0.113288
0.117677
0.111442
0.115259
0.113038
0.107509
0.114435
0.111232
0.110938
0.118807
0.116381
0.110867
0.110435
0.105399
0.115605
0.112666
0.110855
0.110938
0.111868
0.111921
0.112013
0.110505
0.107285
0.111472
0.110787
0.101582
0.108367
0.103297
0.103147
0.108095
0.106036
0.101121
0.109997
0.100144
0.109498
0.104532
0.106453
0.107329
0.107048
0.097557
0.10019
0.10221
0.103525
0.105311
0.104762
0.099102
0.103461
0.104198
0.106343
0.128207
0.128182
0.131239
0.131049
0.137096
0.135303
0.132143
0.132068
0.129863
0.130588
0.132077
0.127827
0.127645
0.133929
0.133832
0.132405
0.129519
0.126192
0.131675
0.13185
0.125757
0.127696
0.127028
0.125997
0.127795
0.122643
0.121077
0.131346
0.133572
0.130123
0.131782
0.133075
0.128825
0.127615
0.129449
0.131221
0.132055
0.126738
0.122974
0.1329
0.127456
0.127998
0.126606
0.167519
0.16194
0.165911
0.165288
0.158097
0.163017
0.166069
0.15451
0.151437
0.153073
0.156018
0.152207
0.151986
0.15185
0.147159
0.152061
0.163342
0.160053
0.161453
0.159643
0.157698
0.150368
0.153811
0.153166
0.148002
0.148273
0.144625
0.157447
0.156929
0.15114
0.144323
0.164009
0.156109
0.154106
0.150881
0.146818
0.151729
0.156364
0.163713
0.155028
0.157133
0.157976
0.150372
0.164774
0.162856
0.165398
0.160857
0.158565
0.156622
0.177876
0.172837
0.166332
0.162344
0.161003
0.18278
0.179136
0.176023
0.171394
0.172853
0.168136
0.174113
0.176459
0.182289
0.173885
0.162329
0.19132
0.185071
0.180009
0.169483
0.177988
0.168459
0.184264
0.17822
0.180351
0.173347
0.174025
0.184641
0.18503
0.182754
0.181565
0.174153
0.172687
0.185919
0.183824
0.173325
0.178329
0.171644
0.190061
0.185693
0.185481
0.180492
0.182911
0.177976
0.191111
0.18799
0.179583
0.183323
0.178471
0.194479
0.185379
0.183794
0.178846
0.174934
0.188
0.183131
0.180768
0.17098
0.184714
0.182236
0.186729
0.180419
0.175023
0.172411
0.178581
0.181692
0.179961
0.179849
0.180643
0.18315
0.213115
0.200958
0.19433
0.18422
0.180043
0.189793
0.177977
0.185518
0.185337
0.178205
0.183264
0.185602
0.186337
0.217608
0.20322
0.197476
0.198038
0.193799
0.184832
0.180803
0.179147
0.181291
0.175523
0.173834
0.174584
0.169134
0.201641
0.186567
0.194286
0.185842
0.184479
0.184033
0.179196
0.17346
0.174717
0.171953
0.180825
0.176804
0.181606
0.182176
0.217229
0.194416
0.182482
0.190196
0.185004
0.17818
0.175262
0.176028
0.18562
0.177729
0.173798
0.176659
0.17517
0.199602
0.190562
0.186364
0.179428
0.169202
0.166863
0.168946
0.168734
0.164008
0.165815
0.164412
0.171502
0.173887
0.209919
0.201731
0.196749
0.185806
0.179357
0.175251
0.17183
0.170766
0.163187
0.172147
0.171456
0.16317
0.164356
0.172714
0.187977
0.183409
0.179498
0.170881
0.168738
0.170287
0.158795
0.16433
0.162239
0.163772
0.161364
0.154298
0.152295
0.159949
0.184599
0.170625
0.170042
0.160429
0.160079
0.15366
0.152697
0.145549
0.155514
0.148677
0.14528
0.147144
0.146688
0.172878
0.15772
0.15423
0.151817
0.143049
0.138232
0.141757
0.136668
0.141572
0.139784
0.137768
0.144113
0.139263
0.159233
0.148691
0.147933
0.14176
0.142727
0.13634
0.136779
0.144536
0.137815
0.143244
0.140101
0.160396
0.153937
0.157131
0.147886
0.152767
0.140689
0.149644
0.15461
0.151071
0.145473
0.148194
0.168294
0.166959
0.166618
0.157742
0.163088
0.155094
0.152574
0.166751
0.162563
0.164375
0.166316
0.182729
0.178717
0.17698
0.171828
0.169397
0.168132
0.164376
0.174061
0.168034
0.173498
0.1733
0.197708
0.181451
0.183361
0.184631
0.173504
0.17479
0.169138
0.174646
0.171046
0.170345
0.175275
0.17474
0.20279
0.190898
0.186033
0.178599
0.173548
0.172501
0.1664
0.162011
0.17038
0.15763
0.165096
0.192647
0.180069
0.177368
0.174949
0.170872
0.16058
0.160337
0.158036
0.158035
0.16589
0.164518
0.166489
0.164833
0.204766
0.192437
0.186226
0.185526
0.184025
0.18458
0.176281
0.179214
0.179083
0.181642
0.18164
0.181201
0.205187
0.212911
0.200216
0.199551
0.196716
0.195041
0.183156
0.187724
0.192785
0.185099
0.179998
0.185962
0.190177
0.224129
0.203418
0.195322
0.195462
0.192589
0.192057
0.176825
0.178162
0.174303
0.184914
0.187056
0.192011
0.177957
0.216292
0.203078
0.197084
0.201734
0.194413
0.194273
0.190557
0.184882
0.179679
0.194683
0.194188
0.186121
0.183393
0.224438
0.209193
0.202516
0.195304
0.196378
0.192209
0.186725
0.184533
0.191064
0.187881
0.189634
0.190574
0.230449
0.211198
0.210368
0.204907
0.193333
0.198052
0.190421
0.185801
0.183611
0.192907
0.188268
0.191357
0.232247
0.217633
0.21184
0.201128
0.197277
0.196509
0.180061
0.175137
0.182059
0.196557
0.192713
0.189336
0.193276
0.226724
0.205051
0.200256
0.195591
0.196597
0.188411
0.184601
0.179046
0.189515
0.190063
0.188509
0.214705
0.200238
0.196426
0.197168
0.191218
0.182037
0.177725
0.180082
0.185809
0.184841
0.183719
0.187431
0.220732
0.201454
0.199748
0.195647
0.187114
0.183209
0.183209
0.174926
0.178483
0.177007
0.173455
0.178757
0.179621
0.209619
0.196188
0.190448
0.186247
0.180175
0.178752
0.181337
0.184463
0.179398
0.179949
0.18186
0.176337
0.182073
0.212132
0.198401
0.190883
0.180052
0.180586
0.177221
0.172673
0.172605
0.18199
0.175741
0.174126
0.175617
0.173397
0.201711
0.190076
0.185121
0.18789
0.174195
0.173019
0.177408
0.173093
0.173139
0.177548
0.175811
0.178084
0.194339
0.192243
0.18475
0.178248
0.168092
0.168063
0.165496
0.163479
0.17108
0.168361
0.164108
0.161251
0.166094
0.16407
0.167329
0.168589
0.159878
0.169425
0.168486
0.165571
0.156815
0.152123
0.154824
0.148168
0.14831
0.140914
0.142296
0.143244
0.139776
0.1363
0.131651
0.126759
0.125889
0.124016
0.119505
0.117281
0.111134
0.112236
0.108892
0.103643
0.102698
0.098568
0.094971
0.098057
0.097251
0.088531
0.089747
0.089434
0.089298
0.086555
0.085833
0.085523
0.08502
0.084039
0.082285
0.093405
0.084038
0.084259
0.084425
0.083385
0.082056
0.080142
0.080749
0.082208
0.082136
0.081076
0.079182
0.078657
0.085298
0.081106
0.079739
0.086555
0.084486
0.0835
0.08522
0.080954
0.079572
0.082136
0.080719
0.081564
0.079383
0.077971
0.080541
0.091664
0.08194
0.079417
0.077272
0.075926
0.074872
0.071534
0.072715
0.073577
0.073118
0.074891
0.075011
0.074714
0.07418
0.084964
0.077894
0.075901
0.072509
0.074102
0.070218
0.072532
0.073467
0.074247
0.070373
0.071957
0.076263
0.074515
0.073493
0.072197
0.075522
0.074356
0.073653
0.075069
0.070962
0.077727
0.075917
0.068929
0.072497
0.070936
0.069267
0.072106
0.070113
0.071901
0.075191
0.075401
0.071507
0.070191
0.064832
0.070569
0.074821
0.070708
0.072385
0.068008
0.073458
0.070762
0.067784
0.067009
0.068631
0.07155
0.076399
0.07487
0.069721
0.07516
0.078486
0.075761
0.074188
0.072515
0.078702
0.077455
0.07654
0.073496
0.072868
0.075014
0.077767
0.077027
0.075678
0.080743
0.077943
0.077068
0.074057
0.073291
0.075216
0.076613
0.072425
0.072045
0.072326
0.07736
0.076006
0.073329
0.077859
0.076655
0.076539
0.072984
0.073559
0.075532
0.076823
0.072814
0.069931
0.077323
0.078279
0.078102
0.081585
0.078659
0.085279
0.084343
0.084661
0.091923
0.087315
0.090885
0.085394
0.085879
0.091675
0.097651
0.091555
0.090449
0.09934
0.101277
0.093442
0.090676
0.092843
0.097701
0.099464
0.099684
0.10601
0.106794
0.106258
0.105215
0.100677
0.095344
0.095404
0.095448
0.094017
0.101028
0.108952
0.113741
0.110233
0.119969
0.117869
0.113451
0.10985
0.108181
0.097018
0.100297
0.102871
0.099053
0.102087
0.101765
0.104339
0.125797
0.12125
0.117275
0.114194
0.110898
0.11663
0.115536
0.107787
0.11185
0.1151
0.118469
0.120242
0.127401
0.127449
0.123533
0.116097
0.117843
0.119077
0.120044
0.124993
0.116286
0.121717
0.119146
0.139906
0.132882
0.125528
0.128052
0.121081
0.118123
0.12558
0.130502
0.12318
0.123396
0.144176
0.139508
0.137954
0.134914
0.135122
0.127311
0.127173
0.12756
0.127823
0.132703
0.134793
0.151508
0.150267
0.143356
0.144237
0.14169
0.137711
0.143681
0.149711
0.149512
0.142403
0.150558
0.16906
0.166273
0.159232
0.153667
0.154782
0.156425
0.1509
0.155413
0.153472
0.155341
0.153116
0.176596
0.17535
0.17174
0.168696
0.158198
0.156653
0.14726
0.141372
0.143196
0.143166
0.142585
0.139365
0.133981
0.14684
0.12918
0.119424
0.119679
0.125822
0.134028
0.147134
0.160559
0.160845
0.163679
0.16276
0.156357
0.157058
0.162662
0.163025
0.167859
0.179101
0.185765
0.177704
0.173663
0.168749
0.170794
0.173701
0.177439
0.169025
0.168349
0.16982
0.179334
0.177552
0.163115
0.16434
0.167978
0.169319
0.166393
0.164105
0.157445
0.167812
0.17384
0.165232
0.164644
0.149286
0.157875
0.17021
0.179332
0.176394
0.17751
0.171814
0.1689
0.168933
0.17868
0.177245
0.173343
0.17945
0.175711
0.168609
0.165421
0.16363
0.172779
0.164774
0.159255
0.160687
0.159054
0.169806
0.156829
0.170835
0.168941
0.162044
0.164028
0.163862
0.156982
0.157225
0.171004
0.167843
0.163951
0.171693
0.194169
0.18479
0.181004
0.175401
0.173763
0.170694
0.165394
0.161347
0.170671
0.167503
0.16607
0.164801
0.160329
0.163581
0.193229
0.172378
0.168844
0.16385
0.162924
0.157626
0.160095
0.162619
0.163711
0.154144
0.151777
0.159924
0.148517
0.182194
0.165548
0.166115
0.162099
0.155774
0.150659
0.150787
0.150881
0.139338
0.134032
0.139633
0.134022
0.125486
0.126573
0.125987
0.124159
0.120074
0.132927
0.130337
0.12252
0.120109
0.117477
0.118386
0.125891
0.130699
0.12247
0.121748
0.119781
0.117997
0.115699
0.10977
0.11068
0.109466
0.115181
0.120792
0.130473
0.13107
0.128802
0.118563
0.122285
0.123068
0.121999
0.123543
0.127182
0.133262
0.13475
0.136339
0.131821
0.127097
0.129295
0.130671
0.137612
0.152681
0.14909
0.144794
0.133805
0.137575
0.131272
0.133741
0.142763
0.144024
0.158102
0.15382
0.152802
0.144467
0.147512
0.144469
0.140401
0.135826
0.135004
0.147894
0.161421
0.15458
0.146085
0.148483
0.139621
0.141796
0.131309
0.128498
0.12419
0.125055
0.128
0.126005
0.133254
0.123313
0.152602
0.136216
0.132555
0.129087
0.127109
0.121878
0.123435
0.121138
0.124559
0.120871
0.127651
0.121829
0.145465
0.136662
0.129148
0.126862
0.126141
0.124605
0.120137
0.118639
0.115406
0.110547
0.113061
0.109366
0.107593
0.105436
0.107053
0.10745
0.106816
0.123489
0.109465
0.110457
0.109094
0.104401
0.105041
0.108661
0.105093
0.106378
0.117807
0.115385
0.111823
0.115757
0.116153
0.112743
0.123084
0.121292
0.123281
0.119841
0.115419
0.11876
0.123802
0.123675
0.125645
0.125124
0.12212
0.122567
0.125662
0.140807
0.135318
0.131549
0.135134
0.133663
0.131462
0.130828
0.127429
0.125912
0.136923
0.135861
0.129972
0.139434
0.137711
0.144989
0.144722
0.154392
0.150952
0.148761
0.152481
0.15788
0.15458
0.154904
0.144287
0.143239
0.148552
0.150881
0.156698
0.158827
0.152346
0.14864
0.160189
0.173466
0.164584
0.156522
0.155247
0.156877
0.166324
0.164273
0.160427
0.163795
0.16147
0.166528
0.164334
0.162136
0.163214
0.166421
0.16707
0.163187
0.158897
0.163331
0.161104
0.159095
0.159324
0.170536
0.162767
0.163409
0.159096
0.152402
0.1619
0.158558
0.157566
0.151979
0.145363
0.157411
0.151658
0.149922
0.145428
0.155623
0.160619
0.157743
0.153967
0.14704
0.152232
0.163692
0.159734
0.157477
0.158228
0.147295
0.143713
0.147914
0.155922
0.155541
0.154292
0.144722
0.144109
0.166845
0.157962
0.150618
0.150613
0.142766
0.162929
0.159801
0.152971
0.154965
0.152811
0.169218
0.157753
0.155887
0.15657
0.151449
0.153081
0.159008
0.159105
0.154983
0.150258
0.150722
0.164526
0.156785
0.163527
0.156951
0.151391
0.144976
0.155477
0.155687
0.152377
0.145718
0.164769
0.158672
0.159308
0.153792
0.148062
0.148235
0.148424
0.154768
0.156118
0.155369
0.153083
0.150135
0.144898
0.159151
0.159017
0.158227
0.155378
0.152497
0.152637
0.151182
0.150889
0.155034
0.154051
0.151097
0.150357
0.147085
0.146526
0.160943
0.15772
0.155475
0.14761
0.149122
0.145399
0.14799
0.148329
0.140677
0.152641
0.154329
0.150475
0.156011
0.155417
0.14966
0.151207
0.152145
0.149417
0.147723
0.147801
0.144052
0.149817
0.145206
0.148227
0.146148
0.159689
0.163622
0.157664
0.158866
0.158497
0.15301
0.153733
0.151619
0.156437
0.155609
0.152279
0.155359
0.156462
0.154222
0.150639
0.151804
0.154975
0.15139
0.14877
0.150339
0.154732
0.153572
0.153719
0.15048
0.154463
0.155228
0.150789
0.152258
0.156663
0.150457
0.153416
0.151935
0.147866
0.151041
0.146327
0.143472
0.145467
0.145782
0.143456
0.144479
0.144171
0.141052
0.14197
0.144381
0.145193
0.145247
0.142218
0.139005
0.140141
0.144459
0.142117
0.140312
0.142772
0.137975
0.141653
0.141009
0.140371
0.14185
0.155809
0.157162
0.157182
0.150679
0.159919
0.152475
0.15385
0.150695
0.154067
0.153195
0.151288
0.152671
0.148041
0.146201
0.141101
0.141215
0.146201
0.140077
0.137411
0.144724
0.141447
0.140148
0.151768
0.152995
0.154639
0.149934
0.148205
0.146548
0.145832
0.145772
0.142574
0.144363
0.161196
0.160648
0.159163
0.150553
0.149337
0.147283
0.160747
0.156997
0.151409
0.154413
0.148395
0.154528
0.1694
0.168716
0.166672
0.159924
0.157842
0.157504
0.156686
0.169532
0.164062
0.161214
0.156976
0.154045
0.152707
0.151127
0.155239
0.154402
0.151786
0.147197
0.145301
0.164085
0.154598
0.149726
0.143483
0.143091
0.135684
0.12868
0.143384
0.137953
0.129406
0.130713
0.120052
0.120238
0.117868
0.12411
0.11457
0.128744
0.119387
0.118733
0.116266
0.116004
0.115334
0.111482
0.112526
0.115255
0.119306
0.116701
0.120078
0.12053
0.115902
0.129999
0.125168
0.127753
0.125446
0.127963
0.124218
0.140072
0.137841
0.14026
0.135743
0.132779
0.148958
0.145335
0.148069
0.153192
0.149449
0.150595
0.167721
0.170617
0.161412
0.159792
0.165366
0.163879
0.175002
0.174397
0.172695
0.172342
0.1729
0.165512
0.18639
0.179201
0.175779
0.169446
0.16762
0.17147
0.175582
0.188695
0.184514
0.181488
0.176155
0.171803
0.181558
0.189784
0.187611
0.184162
0.181854
0.181985
0.177835
0.178399
0.177789
0.172608
0.170985
0.168805
0.181725
0.181835
0.173307
0.172771
0.17463
0.172975
0.16814
0.174237
0.179658
0.176509
0.173967
0.176069
0.175606
0.176826
0.17542
0.172742
0.174366
0.169952
0.174013
0.186922
0.185532
0.186002
0.185168
0.181313
0.182639
0.180024
0.18484
0.178928
0.176842
0.179223
0.18633
0.189052
0.186755
0.190192
0.187463
0.186557
0.177599
0.180015
0.178476
0.178144
0.177566
0.178407
0.172931
0.193006
0.195073
0.193117
0.188451
0.188294
0.189305
0.18679
0.184267
0.179543
0.180369
0.175436
0.176631
0.187647
0.186948
0.185944
0.180133
0.183352
0.180445
0.176088
0.174968
0.181961
0.1855
0.183235
0.185664
0.181547
0.186089
0.183286
0.181998
0.191495
0.188326
0.191803
0.188225
0.188846
0.188424
0.186347
0.182988
0.184162
0.183853
0.173973
0.191599
0.190749
0.191741
0.189353
0.190445
0.183107
0.184171
0.174713
0.181525
0.179317
0.19136
0.191334
0.185134
0.184803
0.191217
0.184762
0.183877
0.184903
0.185684
0.194026
0.192441
0.188041
0.186091
0.1947
0.192713
0.186168
0.18744
0.19022
0.194689
0.191096
0.190095
0.195177
0.190961
0.190201
0.1888
0.19646
0.195664
0.19401
0.192407
0.19734
0.190224
0.189646
0.186165
0.18485
0.181866
0.185537
0.183588
0.195258
0.190644
0.197265
0.198962
0.191525
0.196424
0.193826
0.191943
0.183871
0.183007
0.187797
0.19292
0.192839
0.199699
0.193108
0.196242
0.193503
0.189382
0.190012
0.190621
0.185007
0.183775
0.186131
0.183994
0.181042
0.194273
0.195709
0.199582
0.199418
0.195048
0.186704
0.190797
0.193209
0.188283
0.184954
0.184146
0.184113
0.184571
0.17786
0.176792
0.188191
0.187739
0.188099
0.17799
0.176562
0.176226
0.178578
0.167791
0.166926
0.164564
0.162386
0.158747
0.171801
0.172341
0.170023
0.163853
0.158944
0.177087
0.172801
0.169243
0.166905
0.169922
0.161941
0.165197
0.16034
0.163096
0.167425
0.172006
0.168433
0.169678
0.174719
0.171419
0.169096
0.167479
0.166707
0.163244
0.16124
0.163178
0.169268
0.173815
0.170235
0.168531
0.164302
0.167291
0.163332
0.158263
0.157649
0.155526
0.15539
0.157577
0.164885
0.163424
0.165439
0.160043
0.155332
0.156833
0.154368
0.152289
0.159735
0.161343
0.168222
0.167638
0.162688
0.164198
0.155461
0.166388
0.164808
0.1611
0.162293
0.159136
0.161755
0.168544
0.17723
0.173719
0.170748
0.173546
0.171641
0.16776
0.167178
0.17785
0.174406
0.177681
0.1751
0.171788
0.172108
0.172149
0.178644
0.182531
0.181461
0.171155
0.175172
0.176853
0.193718
0.192125
0.191763
0.184326
0.187403
0.181606
0.184679
0.200909
0.190997
0.181554
0.193531
0.192673
0.196014
0.187032
0.196543
0.200747
0.19472
0.193769
0.189254
0.185347
0.182867
0.17959
0.18285
0.18547
0.183197
0.174858
0.172953
0.159436
0.174999
0.164876
0.151787
0.145848
0.137795
0.133779
0.130938
0.131284
0.136481
0.136079
0.135805
0.137022
0.137585
0.149403
0.14631
0.150441
0.160659
0.173819
0.173491
0.15965
0.161874
0.158057
0.156673
0.156746
0.161945
0.150617
0.152808
0.165067
0.159938
0.153442
0.149102
0.149309
0.147914
0.153614
0.155822
0.146031
0.148133
0.143484
0.159162
0.146381
0.139486
0.140425
0.14027
0.133009
0.131768
0.138125
0.136587
0.131771
0.127456
0.127114
0.143533
0.13495
0.124407
0.119346
0.119847
0.118842
0.119444
0.124255
0.11812
0.115775
0.109237
0.10663
0.11337
0.109409
0.117697
0.107712
0.104839
0.102122
0.11493
0.105758
0.101822
0.099767
0.102904
0.103204
0.09726
0.093522
0.101224
0.104012
0.097602
0.106116
0.096973
0.098165
0.092441
0.091182
0.087408
0.093021
0.090369
0.090094
0.089725
0.086585
0.084457
0.092399
0.085499
0.08499
0.079882
0.086095
0.087137
0.083624
0.096235
0.094275
0.09331
0.092009
0.093366
0.105209
0.113013
0.105337
0.102966
0.103286
0.098998
0.104134
0.110586
0.109685
0.111686
0.112331
0.109162
0.110895
0.107105
0.111677
0.11357
0.11319
0.112862
0.108374
0.116926
0.116325
0.110867
0.110591
0.11044
0.122275
0.11548
0.11345
0.111433
0.11272
0.109179
0.112897
0.116141
0.114591
0.114512
0.114105
0.12582
0.127074
0.124726
0.127404
0.120703
0.124554
0.13216
0.127363
0.135699
0.143977
0.145067
0.140789
0.138406
0.140728
0.142024
0.145828
0.154933
0.150594
0.149407
0.142981
0.147502
0.150606
0.147158
0.143378
0.150804
0.15079
0.149716
0.149331
0.149244
0.158266
0.157293
0.150137
0.147663
0.162259
0.158614
0.155389
0.146402
0.154912
0.155366
0.152793
0.149617
0.145624
0.149378
0.1496
0.142238
0.139965
0.131009
0.143119
0.137887
0.130982
0.124929
0.129603
0.118983
0.128089
0.120441
0.120279
0.126856
0.123198
0.119442
0.112833
0.1122
0.115845
0.116747
0.119999
0.119012
0.125299
0.121577
0.119519
0.117258
0.11395
0.119545
0.128947
0.12122
0.120437
0.132256
0.133661
0.130812
0.12419
0.13219
0.139889
0.137182
0.133839
0.141278
0.149211
0.149553
0.143049
0.15284
0.156973
0.150122
0.151406
0.151788
0.153038
0.152425
0.146819
0.149154
0.154299
0.15078
0.149386
0.155632
0.151769
0.149626
0.14472
0.154756
0.150897
0.155952
0.154135
0.159923
0.165674
0.160755
0.157796
0.164917
0.159995
0.158343
0.15981
0.166707
0.171196
0.168088
0.159134
0.159292
0.162679
0.162582
0.15551
0.151729
0.164995
0.159691
0.154647
0.15172
0.160856
0.166847
0.161682
0.15321
0.157327
0.165801
0.162165
0.148986
0.1603
0.154912
0.16369
0.163353
0.156466
0.157901
0.157249
0.174682
0.170846
0.165866
0.164506
0.163049
0.157759
0.171889
0.166826
0.166774
0.163827
0.162012
0.182678
0.178096
0.167759
0.163095
0.154761
0.155612
0.163931
0.164489
0.160771
0.161701
0.1617
0.156351
0.161192
0.157235
0.165624
0.166828
0.185483
0.184457
0.178
0.176477
0.17071
0.168423
0.170439
0.17144
0.170725
0.172137
0.170125
0.164268
0.172571
0.174112
0.181739
0.170065
0.162573
0.174782
0.157909
0.144947
0.137607
0.125373
0.129096
0.126014
0.13883
0.152365
0.153736
0.148582
0.150109
0.151902
0.145552
0.147637
0.159389
0.156815
0.174898
0.167386
0.16852
0.166948
0.16048
0.158904
0.150569
0.156175
0.161077
0.152467
0.154798
0.151015
0.153053
0.167385
0.151583
0.15163
0.149733
0.155327
0.156838
0.150618
0.148332
0.147357
0.141291
0.134494
0.137087
0.136867
0.141013
0.139297
0.13703
0.142785
0.160695
0.139101
0.134443
0.128165
0.133631
0.125867
0.12319
0.123413
0.116596
0.117664
0.122274
0.117864
0.118689
0.11412
0.115207
0.115791
0.120553
0.108081
0.124466
0.11818
0.115337
0.114417
0.113896
0.109511
0.112295
0.110243
0.112725
0.112436
0.110974
0.112118
0.111101
0.113528
0.130298
0.117416
0.111476
0.110991
0.107383
0.103732
0.102189
0.101955
0.103371
0.099455
0.097151
0.096827
0.101392
0.096724
0.11143
0.101455
0.098349
0.099409
0.095619
0.095604
0.091532
0.089567
0.094059
0.095576
0.088562
0.090544
0.08925
0.08897
0.102714
0.095138
0.093499
0.088732
0.083752
0.082634
0.084331
0.089884
0.08484
0.080997
0.0802
0.078869
0.078087
0.073791
0.073219
0.077342
0.077235
0.081484
0.078032
0.076478
0.079417
0.077494
0.075063
0.07445
0.073756
0.076715
0.074529
0.072312
0.073172
0.070138
0.071007
0.073044
0.071431
0.068048
0.068624
0.069972
0.068481
0.070085
0.067265
0.06792
0.068062
0.068406
0.066103
0.067002
0.06506
0.066619
0.06735
0.062731
0.065023
0.065223
0.066119
0.067675
0.067277
0.066413
0.069858
0.070873
0.070453
0.070996
0.070662
0.069793
0.075055
0.07072
0.066473
0.074214
0.07226
0.070202
0.069332
0.068059
0.073307
0.069302
0.068296
0.06595
0.065408
0.066373
0.064216
0.068533
0.065313
0.067661
0.06588
0.065812
0.070382
0.069276
0.066909
0.066038
0.06803
0.069876
0.066875
0.065398
0.070526
0.067292
0.067779
0.065191
0.063641
0.066252
0.066982
0.064372
0.062706
0.067463
0.066328
0.065974
0.064704
0.065434
0.065772
0.068376
0.065021
0.06288
0.06313
0.06618
0.068457
0.067102
0.066478
0.071518
0.070495
0.071865
0.070925
0.067411
0.070843
0.072727
0.071647
0.070111
0.066831
0.069222
0.070414
0.067198
0.065851
0.0699
0.070548
0.068245
0.067102
0.066483
0.070742
0.072757
0.072134
0.070403
0.073425
0.073314
0.074716
0.073092
0.071288
0.073284
0.073888
0.074139
0.071017
0.076082
0.076083
0.073599
0.071931
0.067931
0.07247
0.076603
0.074778
0.071101
0.077198
0.073715
0.072944
0.07129
0.073747
0.076027
0.074143
0.072575
0.07666
0.078167
0.078999
0.079684
0.082826
0.082073
0.080751
0.07936
0.083783
0.077117
0.080021
0.07714
0.077078
0.079096
0.078966
0.078757
0.076789
0.078979
0.081105
0.081645
0.076506
0.082955
0.083523
0.082631
0.083844
0.080132
0.087034
0.091966
0.092558
0.099561
0.10341
0.101612
0.104043
0.101442
0.105627
0.118693
0.115857
0.112649
0.120385
0.132963
0.134357
0.133514
0.125375
0.131868
0.144732
0.14317
0.149852
0.152469
0.15394
0.153892
0.152589
0.158326
0.16502
0.16388
0.157209
0.169302
0.167459
0.165349
0.161858
0.160169
0.162323
0.167337
0.160963
0.163626
0.167221
0.165568
0.163833
0.164232
0.175331
0.177582
0.173326
0.164111
0.167946
0.170448
0.17616
0.168966
0.17073
0.174124
0.17891
0.173791
0.163385
0.175186
0.174084
0.174893
0.169307
0.162933
0.173342
0.177787
0.170107
0.160603
0.179406
0.175523
0.181111
0.17145
0.168417
0.174509
0.178446
0.174121
0.173064
0.181178
0.181206
0.169348
0.166791
0.175413
0.173019
0.164129
0.163718
0.168608
0.172686
0.168442
0.164022
0.16609
0.175094
0.173714
0.165585
0.178634
0.18234
0.18227
0.176742
0.187119
0.192275
0.177883
0.181387
0.169651
0.182978
0.180729
0.184715
0.178011
0.183802
0.186689
0.187441
0.182023
0.174971
0.179938
0.18898
0.181458
0.176072
0.184358
0.18517
0.182535
0.175637
0.168558
0.17665
0.183049
0.175185
0.174306
0.188925
0.187105
0.179136
0.174681
0.189428
0.190256
0.186125
0.176365
0.188102
0.190456
0.176668
0.181006
0.176461
0.182068
0.180067
0.171969
0.169268
0.180089
0.18314
0.173146
0.17307
0.166533
0.185701
0.178973
0.176929
0.172042
0.176344
0.181853
0.180766
0.174005
0.184103
0.185111
0.177428
0.17695
0.174612
0.181121
0.185408
0.178878
0.170195
0.184737
0.186057
0.177575
0.179201
0.170538
0.178803
0.176794
0.169574
0.177544
0.189742
0.184334
0.182104
0.177264
0.174331
0.186158
0.18961
0.185213
0.177747
0.186721
0.186784
0.192818
0.18101
0.178275
0.192533
0.191101
0.187506
0.182589
0.187457
0.190532
0.188171
0.178577
0.178625
0.179358
0.183213
0.179353
0.174206
0.189046
0.185914
0.189673
0.183252
0.179528
0.186096
0.184881
0.183877
0.175336
0.190135
0.184633
0.178434
0.168409
0.170126
0.168687
0.160417
0.162959
0.166609
0.161864
0.169116
0.17203
0.170906
0.165798
0.187372
0.183199
0.176554
0.173738
0.18196
0.182734
0.175481
0.176421
0.177403
0.179889
0.180348
0.177672
0.170684
0.180413
0.180194
0.178479
0.173859
0.168434
0.180939
0.182141
0.178813
0.171523
0.181962
0.182012
0.174287
0.169227
0.167135
0.167694
0.180178
0.172621
0.169268
0.186098
0.180734
0.179687
0.168654
0.180283
0.181081
0.174783
0.166774
0.162559
0.171345
0.170476
0.167195
0.164851
0.161464
0.165631
0.173543
0.170204
0.158959
0.173262
0.160926
0.163117
0.159199
0.146015
0.142802
0.136973
0.138663
0.139615
0.13776
0.130992
0.131399
0.134632
0.134947
0.133895
0.146764
0.133843
0.133868
0.151077
0.141264
0.13467
0.129858
0.127093
0.126265
0.128532
0.134496
0.134618
0.13259
0.126548
0.133618
0.13483
0.15613
0.14199
0.136246
0.137709
0.135527
0.129834
0.137728
0.137526
0.138935
0.139453
0.163103
0.163047
0.163513
0.156644
0.164493
0.161883
0.157629
0.167859
0.17341
0.16033
0.167771
0.170525
0.202981
0.185408
0.186044
0.183978
0.183566
0.177714
0.177597
0.187541
0.183672
0.180621
0.180527
0.204718
0.194126
0.19215
0.189653
0.183747
0.171104
0.168506
0.164779
0.161758
0.166221
0.16837
0.184038
0.168888
0.166851
0.162077
0.152692
0.157932
0.167322
0.162351
0.163871
0.189174
0.176119
0.177813
0.175283
0.171387
0.167883
0.161552
0.162412
0.169674
0.1675
0.168731
0.170344
0.198334
0.18436
0.180792
0.17476
0.169399
0.17323
0.164202
0.165548
0.173283
0.172635
0.166095
0.172625
0.199406
0.188443
0.177987
0.173045
0.174999
0.170058
0.165393
0.159147
0.159996
0.165163
0.188195
0.182365
0.17635
0.175781
0.168924
0.170714
0.170896
0.15852
0.162964
0.170431
0.164594
0.177947
0.170442
0.213721
0.192137
0.188128
0.177071
0.17787
0.176206
0.174717
0.167731
0.178336
0.171926
0.1676
0.169898
0.201926
0.191572
0.188443
0.177261
0.1758
0.175202
0.173397
0.165873
0.177014
0.170899
0.167825
0.168763
0.198873
0.187252
0.184527
0.178175
0.173252
0.167413
0.169603
0.158497
0.161443
0.162954
0.16733
0.169908
0.170453
0.199992
0.182119
0.170498
0.169526
0.168046
0.161714
0.165367
0.167649
0.166157
0.165023
0.187648
0.177739
0.168389
0.168819
0.16648
0.163207
0.157759
0.160481
0.161593
0.153257
0.163839
0.152915
0.179631
0.167737
0.162069
0.15249
0.153931
0.149985
0.152026
0.150054
0.148187
0.144104
0.145428
0.138625
0.164772
0.150279
0.149726
0.140829
0.14097
0.138289
0.13253
0.130763
0.137483
0.132372
0.133633
0.131031
0.156115
0.136264
0.134501
0.131873
0.129316
0.123041
0.115782
0.116704
0.114886
0.11473
0.115579
0.110093
0.106902
0.108175
0.106703
0.104507
0.113586
0.115483
0.113983
0.112843
0.109482
0.109166
0.108268
0.109248
0.102252
0.107277
0.10053
0.103459
0.117084
0.108661
0.104916
0.106148
0.102491
0.102692
0.10646
0.099708
0.100015
0.09986
0.108075
0.104031
0.09989
0.100325
0.107144
0.105588
0.103866
0.105503
0.108791
0.108936
0.109686
0.115772
0.118314
0.113046
0.110757
0.10897
0.114796
0.11903
0.111138
0.120823
0.121399
0.119777
0.117142
0.116042
0.112061
0.115299
0.120271
0.112235
0.128113
0.131323
0.124882
0.119688
0.124598
0.126117
0.13215
0.130672
0.126324
0.13763
0.134016
0.130744
0.125343
0.132407
0.13623
0.135963
0.130382
0.139696
0.143299
0.135197
0.137825
0.14861
0.143766
0.140755
0.141021
0.14321
0.151109
0.143078
0.142469
0.144498
0.150804
0.142371
0.142806
0.137721
0.149627
0.141689
0.138682
0.13589
0.133462
0.139488
0.146331
0.142109
0.1433
0.155163
0.149208
0.153542
0.1449
0.141264
0.134477
0.140804
0.142291
0.140081
0.141209
0.146819
0.143178
0.144011
0.162759
0.161535
0.156335
0.151864
0.141995
0.14483
0.146524
0.152405
0.144759
0.143695
0.136175
0.14145
0.143131
0.163018
0.155263
0.147944
0.142341
0.135692
0.129509
0.131381
0.132254
0.12644
0.121536
0.121338
0.118745
0.119709
0.1182
0.113806
0.107558
0.103319
0.095432
0.101311
0.097413
0.09011
0.086705
0.087745
0.081171
0.081747
0.079199
0.078308
0.073154
0.075087
0.075871
0.077962
0.073161
0.074203
0.080585
0.075166
0.0733
0.069022
0.072166
0.069781
0.067981
0.06546
0.062485
0.06523
0.064689
0.066059
0.064414
0.061089
0.066167
0.066003
0.061222
0.060039
0.060338
0.063455
0.066918
0.063586
0.064671
0.065568
0.063512
0.062995
0.0662
0.067811
0.063256
0.070326
0.073982
0.068609
0.067373
0.068368
0.070509
0.067006
0.066492
0.065215
0.078135
0.078084
0.078547
0.078091
0.078402
0.080482
0.082635
0.082513
0.083055
0.087842
0.086507
0.084665
0.086956
0.090498
0.097326
0.100676
0.097022
0.098344
0.09879
0.095571
0.097767
0.094435
0.096879
0.102807
0.103352
0.099891
0.099621
0.096454
0.103775
0.104582
0.112848
0.119019
0.123075
0.117023
0.116219
0.119011
0.126766
0.120837
0.129534
0.127296
0.126681
0.128412
0.130914
0.135266
0.13669
0.140773
0.14503
0.145968
0.136063
0.139094
0.140039
0.14619
0.149741
0.149226
0.149417
0.145773
0.155719
0.153704
0.149307
0.161037
0.16063
0.154671
0.157371
0.160559
0.164359
0.160823
0.153295
0.160817
0.164095
0.16587
0.162003
0.165821
0.166908
0.162871
0.165773
0.168802
0.167246
0.163002
0.167411
0.179615
0.183171
0.178199
0.16719
0.164285
0.163291
0.160147
0.152188
0.147337
0.146293
0.151648
0.158488
0.143214
0.142838
0.150301
0.141662
0.1416
0.139036
0.155471
0.152139
0.152886
0.141707
0.135106
0.131572
0.125181
0.1407
0.136447
0.133808
0.132643
0.145268
0.138419
0.134283
0.127543
0.125365
0.132823
0.132202
0.128512
0.145388
0.138208
0.139361
0.131205
0.132744
0.123104
0.124388
0.126414
0.12522
0.124113
0.122905
0.13536
0.123536
0.130373
0.125434
0.119508
0.119248
0.117219
0.117743
0.117266
0.117012
0.110601
0.116422
0.105124
0.106945
0.103076
0.098365
0.089336
0.089099
0.084205
0.080951
0.077257
0.074938
0.077926
0.069489
0.073073
0.067709
0.066597
0.064036
0.063009
0.067372
0.058921
0.057192
0.05254
0.052701
0.050571
0.054697
0.052324
0.051234
0.052374
0.052006
0.04769
0.048028
0.047591
0.046073
0.044188
0.045409
0.043447
0.045141
0.04419
0.048181
0.048166
0.050545
0.046819
0.04717
0.044409
0.046663
0.049162
0.050255
0.049574
0.052402
0.050834
0.052804
0.051181
0.053442
0.055239
0.054525
0.055717
0.060986
0.06273
0.061749
0.065674
0.063952
0.063665
0.071323
0.065745
0.068036
0.074381
0.077619
0.078709
0.076426
0.074403
0.078824
0.083881
0.08591
0.078425
0.08764
0.088182
0.08684
0.085597
0.08721
0.089389
0.090602
0.088257
0.092135
0.096427
0.094591
0.095197
0.099091
0.098768
0.097078
0.09308
0.09788
0.100743
0.100666
0.101302
0.102087
0.104844
0.104241
0.110441
0.1086
0.109657
0.114383
0.111993
0.124706
0.119564
0.116032
0.128934
0.13126
0.132614
0.129433
0.134332
0.138358
0.131981
0.139681
0.140148
0.134795
0.139445
0.14542
0.146954
0.151218
0.147945
0.143271
0.15331
0.153144
0.15176
0.14672
0.159453
0.1596
0.157825
0.158851
0.162149
0.163628
0.162581
0.160841
0.155643
0.168553
0.166609
0.164986
0.17334
0.174096
0.175388
0.168131
0.16853
0.162771
0.167455
0.170922
0.168221
0.162032
0.178457
0.175914
0.171869
0.178054
0.170675
0.16931
0.170469
0.175079
0.175325
0.178488
0.16615
0.17439
0.179862
0.178443
0.171961
0.16868
0.176968
0.171971
0.166989
0.161095
0.163982
0.159484
0.166354
0.160158
0.160658
0.171726
0.168708
0.170274
0.164866
0.156367
0.169814
0.173599
0.166973
0.165299
0.168926
0.16946
0.173669
0.167303
0.176494
0.174355
0.171747
0.167417
0.166348
0.168251
0.173641
0.173796
0.170242
0.174014
0.176534
0.176109
0.172166
0.168877
0.172213
0.175119
0.172736
0.169452
0.175809
0.175869
0.171794
0.160351
0.169513
0.176017
0.165829
0.165465
0.171794
0.181469
0.174492
0.167728
0.168859
0.177446
0.174996
0.169677
0.164387
0.178919
0.178147
0.171724
0.165716
0.168682
0.173977
0.169233
0.162886
0.165883
0.180354
0.172989
0.163129
0.15943
0.170322
0.173387
0.167577
0.161284
0.163511
0.161889
0.160655
0.162342
0.157791
0.16486
0.179129
0.176793
0.173011
0.170549
0.167419
0.160639
0.156992
0.154003
0.166689
0.163015
0.163542
0.167219
0.195614
0.179644
0.176781
0.178118
0.172518
0.167207
0.16354
0.162457
0.171459
0.171291
0.170168
0.170002
0.196092
0.183782
0.177692
0.169139
0.159088
0.153845
0.149883
0.153206
0.156547
0.152582
0.179683
0.177092
0.169049
0.16588
0.161539
0.157055
0.156993
0.155978
0.155458
0.15072
0.153984
0.15574
0.176993
0.172963
0.164422
0.16162
0.154712
0.154676
0.153498
0.149068
0.151305
0.154932
0.159341
0.15524
0.173828
0.161421
0.157405
0.148149
0.148815
0.139951
0.143568
0.149711
0.149099
0.151016
0.144563
0.171253
0.155528
0.1601
0.150039
0.148635
0.145748
0.148064
0.152176
0.147902
0.146396
0.141749
0.172703
0.153181
0.148222
0.150667
0.151761
0.151381
0.146338
0.142082
0.140694
0.150371
0.145768
0.144813
0.17425
0.161762
0.150006
0.150059
0.150929
0.144344
0.14244
0.138183
0.154586
0.143568
0.149787
0.151457
0.164004
0.152629
0.148399
0.144947
0.137629
0.138118
0.141739
0.13768
0.144042
0.138287
0.143588
0.16743
0.156654
0.153297
0.148929
0.148316
0.14576
0.144417
0.141735
0.140703
0.137725
0.136915
0.162372
0.151343
0.146609
0.141381
0.13529
0.132237
0.133938
0.126222
0.133411
0.133055
0.127904
0.131751
0.130308
0.159411
0.146097
0.146722
0.143512
0.141453
0.136053
0.138227
0.140177
0.142195
0.134272
0.134674
0.134182
0.131102
0.16283
0.146723
0.145331
0.143842
0.139612
0.137161
0.136126
0.131326
0.127407
0.135745
0.130317
0.129273
0.128658
0.146724
0.142057
0.135516
0.134445
0.127082
0.127447
0.125423
0.121733
0.12254
0.125784
0.115248
0.117345
0.114201
0.120032
0.120158
0.118239
0.137467
0.12215
0.116436
0.112437
0.104068
0.111868
0.110863
0.107598
0.113655
0.121157
0.113096
0.10991
0.110566
0.113041
0.11014
0.107027
0.109214
0.112672
0.110731
0.127529
0.123263
0.117995
0.115918
0.114812
0.114053
0.117902
0.117604
0.121513
0.118936
0.131535
0.133008
0.132698
0.12755
0.127225
0.127369
0.129679
0.128438
0.122044
0.127264
0.124686
0.126223
0.152244
0.141802
0.139934
0.137946
0.132158
0.129019
0.131447
0.129232
0.140946
0.141937
0.142486
0.157566
0.145959
0.143596
0.143419
0.133041
0.134369
0.136066
0.139831
0.143174
0.136108
0.143295
0.133961
0.167616
0.15425
0.148873
0.147117
0.147784
0.140362
0.143948
0.150973
0.151258
0.174088
0.163428
0.159785
0.157654
0.15301
0.151817
0.150853
0.147197
0.147928
0.1516
0.15241
0.146234
0.142188
0.162131
0.160065
0.151941
0.149482
0.144995
0.147928
0.143768
0.149746
0.146713
0.14745
0.151833
0.150765
0.157928
0.156082
0.152757
0.149729
0.151401
0.145948
0.142718
0.150447
0.150982
0.151854
0.153328
0.170462
0.153514
0.154812
0.149357
0.155163
0.15972
0.14881
0.16428
0.166602
0.156114
0.155245
0.151841
0.154922
0.162814
0.154658
0.170129
0.168692
0.167635
0.161313
0.153035
0.15713
0.162919
0.164842
0.159496
0.157254
0.178359
0.167574
0.165131
0.162059
0.156753
0.156858
0.163984
0.159017
0.158466
0.165517
0.165067
0.162224
0.16255
0.170925
0.162621
0.164206
0.164314
0.170222
0.167262
0.165799
0.159939
0.168584
0.164564
0.163866
0.160251
0.169994
0.162558
0.15658
0.16146
0.168935
0.1711
0.164743
0.16465
0.157125
0.164586
0.161727
0.15514
0.156175
0.162786
0.159575
0.155579
0.15671
0.152027
0.169066
0.160849
0.156346
0.156392
0.149432
0.162857
0.158459
0.151175
0.155715
0.163732
0.153948
0.150036
0.151407
0.149455
0.145306
0.139312
0.146965
0.139238
0.154482
0.145698
0.149709
0.151185
0.148151
0.142135
0.14136
0.145272
0.146331
0.145158
0.140923
0.142707
0.162182
0.148069
0.143705
0.14031
0.135286
0.130395
0.132714
0.138876
0.135958
0.141362
0.138593
0.156213
0.150696
0.15229
0.149294
0.144273
0.148012
0.142511
0.142721
0.152168
0.152999
0.147026
0.146792
0.165856
0.162027
0.160085
0.159829
0.154685
0.14643
0.14874
0.159677
0.156694
0.151151
0.156665
0.182683
0.166451
0.164486
0.158812
0.155039
0.160027
0.146628
0.142666
0.151702
0.158003
0.162474
0.164727
0.175961
0.165978
0.165399
0.159923
0.156502
0.154392
0.149819
0.154612
0.154548
0.150339
0.14621
0.153925
0.179849
0.167894
0.157954
0.15818
0.15455
0.142411
0.15042
0.138662
0.160831
0.151146
0.1559
0.153839
0.175901
0.157521
0.160441
0.152554
0.144472
0.151842
0.149468
0.145278
0.148917
0.15119
0.147197
0.154978
0.175622
0.170474
0.164207
0.154825
0.156137
0.152184
0.151209
0.147842
0.146733
0.16234
0.159532
0.163249
0.16172
0.187077
0.173657
0.164485
0.166695
0.154884
0.159627
0.151147
0.157925
0.144665
0.148382
0.160057
0.15407
0.156338
0.16187
0.183345
0.169482
0.168677
0.163632
0.157779
0.157707
0.157431
0.154423
0.158911
0.155088
0.164765
0.155316
0.161847
0.161741
0.152439
0.184959
0.163346
0.167188
0.161042
0.156888
0.149
0.154471
0.146454
0.15563
0.156241
0.154943
0.152927
0.155423
0.176248
0.163467
0.153938
0.153664
0.148085
0.13956
0.135784
0.134304
0.14716
0.145765
0.143594
0.142603
0.144217
0.16884
0.159673
0.154068
0.148343
0.150586
0.153353
0.148319
0.141691
0.139679
0.144229
0.148215
0.1437
0.14249
0.142103
0.141852
0.163815
0.154196
0.146365
0.14859
0.147094
0.138534
0.136087
0.138681
0.143568
0.139872
0.13466
0.129892
0.129461
0.136875
0.137229
0.130817
0.163727
0.137316
0.134963
0.13703
0.133591
0.123676
0.125601
0.122096
0.122029
0.126969
0.125248
0.122847
0.120365
0.124639
0.146189
0.125345
0.123695
0.122738
0.121391
0.111996
0.115419
0.107907
0.108596
0.106918
0.112243
0.106876
0.108176
0.101615
0.105846
0.10121
0.106762
0.101775
0.097798
0.095473
0.092478
0.102798
0.094629
0.095162
0.091512
0.089621
0.081752
0.0834
0.083434
0.083982
0.085069
0.082658
0.078071
0.075648
0.080387
0.088535
0.079901
0.080399
0.078517
0.078124
0.081844
0.080803
0.080746
0.079069
0.078105
0.072001
0.078923
0.082212
0.07857
0.077907
0.075009
0.076896
0.087202
0.087184
0.08811
0.087338
0.083657
0.097177
0.097887
0.098652
0.095397
0.097099
0.101037
0.104414
0.106403
0.110091
0.104687
0.116628
0.117898
0.11869
0.114615
0.115856
0.115655
0.113945
0.117878
0.120419
0.118613
0.110704
0.111142
0.125395
0.121121
0.120376
0.120752
0.120496
0.115007
0.125042
0.128011
0.122001
0.118838
0.12095
0.129882
0.130545
0.125034
0.127624
0.122687
0.119098
0.128079
0.13275
0.126917
0.129179
0.124749
0.119765
0.134305
0.13037
0.129664
0.12141
0.12037
0.135784
0.131042
0.130032
0.12553
0.125175
0.11866
0.130658
0.128052
0.130464
0.123827
0.1221
0.129812
0.130996
0.132177
0.127415
0.119716
0.125307
0.130854
0.13011
0.123842
0.119722
0.116339
0.130946
0.128562
0.124421
0.127157
0.120141
0.122116
0.128796
0.129259
0.125109
0.12127
0.121523
0.128081
0.130567
0.123572
0.12303
0.12534
0.122111
0.127586
0.129976
0.126431
0.120535
0.121391
0.116333
0.127632
0.123579
0.121352
0.120093
0.113706
0.113366
0.125617
0.118049
0.11528
0.114058
0.111816
0.11126
0.109817
0.115354
0.110708
0.113521
0.110303
0.108228
0.110299
0.115562
0.11554
0.111179
0.110579
0.106022
0.108138
0.104244
0.111838
0.109253
0.10337
0.100234
0.100025
0.103789
0.112466
0.109582
0.106462
0.112719
0.108626
0.108798
0.106667
0.114997
0.115995
0.112715
0.115686
0.112064
0.112796
0.112773
0.117984
0.116235
0.113767
0.114623
0.109793
0.114773
0.112542
0.119086
0.12018
0.117242
0.115918
0.114832
0.113289
0.112105
0.120312
0.119491
0.121923
0.12002
0.116389
0.115163
0.112002
0.116559
0.117468
0.113859
0.113786
0.110428
0.110265
0.108582
0.113295
0.110763
0.107859
0.103957
0.102763
0.103973
0.113743
0.10488
0.109075
0.103711
0.100311
0.091773
0.096281
0.10069
0.100917
0.097391
0.096054
0.097359
0.098976
0.098152
0.11663
0.1032
0.101832
0.101009
0.097814
0.097555
0.09493
0.094037
0.093698
0.090709
0.093024
0.099155
0.099628
0.095144
0.093272
0.103744
0.094356
0.095453
0.091541
0.090112
0.088728
0.090978
0.090865
0.086278
0.090789
0.094744
0.089455
0.092733
0.089654
0.096171
0.089863
0.088059
0.083609
0.087289
0.084158
0.079784
0.086546
0.081672
0.080964
0.082233
0.078082
0.07869
0.085712
0.078203
0.079715
0.076518
0.075727
0.074937
0.076946
0.078956
0.07814
0.080028
0.079485
0.076843
0.078889
0.071873
0.080463
0.07581
0.077026
0.078147
0.073282
0.075704
0.074262
0.079276
0.076492
0.07417
0.074395
0.070425
0.069667
0.072162
0.073232
0.07055
0.072294
0.07054
0.068094
0.064727
0.065311
0.066841
0.064125
0.06301
0.066084
0.06506
0.062661
0.062983
0.060273
0.064804
0.063287
0.059637
0.060055
0.060587
0.061334
0.059107
0.060276
0.065445
0.060306
0.059244
0.059851
0.056743
0.053554
0.053721
0.0562
0.055767
0.053213
0.052241
0.052009
0.055286
0.055807
0.058473
0.053553
0.05604
0.055554
0.054408
0.052557
0.054729
0.055248
0.052209
0.052428
0.055817
0.054297
0.051967
0.0515
0.053738
0.050847
0.051317
0.052151
0.05453
0.049837
0.05012
0.049235
0.053688
0.050903
0.051677
0.051009
0.049238
0.054107
0.052833
0.054577
0.053949
0.052006
0.052172
0.055376
0.052503
0.053956
0.054511
0.053693
0.056107
0.05436
0.055189
0.055664
0.051742
0.057466
0.0571
0.055811
0.053129
0.05528
0.054584
0.056888
0.057873
0.056535
0.060417
0.060536
0.058943
0.059744
0.054884
0.055412
0.053261
0.053371
0.058633
0.05901
0.05818
0.059129
0.061466
0.065628
0.061175
0.061246
0.059117
0.058903
0.058756
0.057757
0.058401
0.063269
0.066307
0.063804
0.064455
0.064371
0.072298
0.072553
0.071524
0.070588
0.073386
0.069466
0.068437
0.068363
0.067649
0.073898
0.077453
0.078834
0.078773
0.077676
0.075953
0.07962
0.082324
0.081718
0.080993
0.082716
0.079357
0.082698
0.082754
0.083415
0.084342
0.087346
0.085078
0.087531
0.089719
0.088687
0.09511
0.094896
0.092127
0.091779
0.09149
0.090356
0.098801
0.09913
0.100653
0.104266
0.100495
0.10927
0.113468
0.130836
0.132932
0.132109
0.123723
0.123571
0.12671
0.123825
0.119095
0.131056
0.131492
0.140726
0.172785
0.172932
0.168155
0.172123
0.167854
0.171607
0.1762
0.187667
0.183375
0.1828
0.182541
0.179473
0.172476
0.171585
0.169136
0.16668
0.17662
0.169251
0.165377
0.159582
0.147659
0.161804
0.150061
0.141287
0.131645
0.11961
0.110074
0.104117
0.096684
0.09077
0.088812
0.090874
0.088624
0.084773
0.085995
0.088468
0.087477
0.093847
0.094273
0.096643
0.093749
0.089589
0.094321
0.09417
0.100009
0.095
0.099433
0.094115
0.095522
0.09276
0.092994
0.095791
0.093027
0.095276
0.099107
0.102188
0.100034
0.097081
0.095588
0.090883
0.101208
0.097128
0.098308
0.095519
0.100908
0.097715
0.094287
0.097872
0.092852
0.096485
0.096513
0.096889
0.095471
0.095054
0.087929
0.099616
0.101828
0.101188
0.096771
0.095652
0.098632
0.102242
0.099005
0.099091
0.095208
0.098456
0.101955
0.10137
0.097319
0.097436
0.092913
0.095259
0.100388
0.098384
0.102055
0.101116
0.098562
0.097134
0.098835
0.096214
0.092932
0.097038
0.095887
0.10094
0.099517
0.098118
0.095563
0.096921
0.096162
0.098507
0.103851
0.100867
0.097412
0.097695
0.097158
0.100577
0.09538
0.091664
0.095463
0.093536
0.103342
0.103939
0.096683
0.101012
0.0987
0.097894
0.100064
0.099381
0.103292
0.100487
0.096282
0.101257
0.09649
0.097839
0.099064
0.094706
0.099614
0.097975
0.102041
0.095797
0.100717
0.098092
0.096527
0.096185
0.099908
0.099433
0.099674
0.094827
0.101434
0.099028
0.094478
0.097987
0.095943
0.100558
0.102532
0.10152
0.102497
0.097788
0.100731
0.100436
0.095735
0.095126
0.106009
0.103804
0.103729
0.102946
0.099448
0.098048
0.09804
0.097491
0.095982
0.097913
0.098362
0.098489
0.10179
0.098759
0.098565
0.100478
0.099049
0.09986
0.105634
0.102462
0.102068
0.100357
0.101183
0.099317
0.101118
0.09477
0.092652
0.100081
0.101372
0.101348
0.098802
0.10278
0.101393
0.09766
0.097481
0.107046
0.104771
0.105336
0.103202
0.103934
0.10283
0.099966
0.100368
0.093964
0.095628
0.10188
0.102143
0.10089
0.095551
0.095993
0.099079
0.096386
0.101058
0.101962
0.103139
0.0964
0.10139
0.09765
0.096591
0.101898
0.096016
0.097653
0.095999
0.10315
0.105502
0.100082
0.095883
0.100141
0.100904
0.094285
0.103458
0.108254
0.104945
0.097685
0.099794
0.098152
0.100396
0.09357
0.094803
0.093289
0.097156
0.102249
0.098031
0.103101
0.102325
0.093401
0.095268
0.099494
0.094364
0.099683
0.098232
0.10488
0.101106
0.101145
0.096244
0.097237
0.096998
0.095296
0.097642
0.101852
0.100559
0.097797
0.103151
0.098447
0.094732
0.09704
0.100751
0.104222
0.101206
0.099934
0.104243
0.100196
0.096566
0.099241
0.093108
0.09764
0.092516
0.099133
0.101541
0.102283
0.097296
0.101121
0.092833
0.093958
0.089265
0.091794
0.100966
0.098779
0.100674
0.098973
0.099465
0.091608
0.096031
0.098194
0.097776
0.102302
0.095897
0.099955
0.096201
0.094734
0.088661
0.097476
0.10185
0.100234
0.094811
0.099246
0.096712
0.094065
0.096236
0.096201
0.092275
0.091865
0.100192
0.097737
0.100452
0.093869
0.100788
0.096956
0.100527
0.104215
0.098017
0.097785
0.098752
0.09667
0.097637
0.098786
0.092067
0.099008
0.099615
0.102053
0.099825
0.096198
0.095374
0.098122
0.099264
0.095901
0.09915
0.095831
0.100377
0.094455
0.095944
0.09534
0.0926
0.093049
0.088435
0.098629
0.099373
0.098801
0.097718
0.095292
0.093093
0.090446
0.094359
0.096383
0.095418
0.094291
0.094056
0.090126
0.087492
0.086711
0.086113
0.085842
0.085597
0.083129
0.08341
0.081518
0.079412
0.08664
0.082919
0.088291
0.094042
0.094545
0.111329
0.120998
0.137542
0.13476
0.136587
0.135438
0.142171
0.160458
0.155366
0.158408
0.154308
0.147249
0.149863
0.141352
0.144143
0.151648
0.152008
0.142248
0.176392
0.157596
0.155603
0.150652
0.148321
0.15402
0.148258
0.135636
0.13832
0.131274
0.14209
0.140232
0.143303
0.144006
0.169439
0.153398
0.149835
0.143972
0.140306
0.135887
0.138298
0.135541
0.135356
0.132196
0.130988
0.126809
0.130848
0.135897
0.133124
0.129987
0.128756
0.131882
0.131473
0.127372
0.124221
0.13959
0.137561
0.136184
0.132145
0.129306
0.134962
0.130011
0.132134
0.133179
0.133887
0.133684
0.132753
0.14095
0.14099
0.131788
0.132809
0.130586
0.125955
0.134152
0.128602
0.134485
0.130109
0.131058
0.134302
0.13037
0.140326
0.139229
0.137243
0.132025
0.130012
0.131786
0.140035
0.137881
0.135369
0.128616
0.129902
0.130121
0.129334
0.132056
0.134174
0.135646
0.134196
0.130425
0.125387
0.139755
0.139872
0.133402
0.13723
0.132032
0.130387
0.129961
0.13523
0.139008
0.136431
0.129142
0.13012
0.132226
0.14436
0.14186
0.137206
0.136091
0.134882
0.130757
0.141535
0.138005
0.136862
0.133121
0.131825
0.130425
0.134564
0.135159
0.137558
0.138759
0.133899
0.13434
0.131117
0.147237
0.143707
0.141386
0.138443
0.141214
0.131487
0.149075
0.150428
0.1459
0.14062
0.151579
0.151287
0.148923
0.14458
0.144126
0.143204
0.131035
0.135696
0.147442
0.144623
0.147885
0.136868
0.142884
0.152804
0.146422
0.136245
0.131783
0.132346
0.131998
0.13469
0.138579
0.131643
0.128258
0.126994
0.137452
0.132328
0.133041
0.132511
0.129048
0.130135
0.133548
0.129335
0.141361
0.137291
0.136552
0.133115
0.126093
0.145455
0.140623
0.135426
0.1387
0.143798
0.147326
0.141845
0.14115
0.134453
0.140169
0.145684
0.137907
0.136749
0.133696
0.147311
0.147288
0.14606
0.144314
0.139698
0.149216
0.149658
0.147993
0.143786
0.140637
0.138438
0.14451
0.14833
0.145032
0.142778
0.141135
0.137162
0.153569
0.142346
0.140784
0.146279
0.139445
0.143327
0.135394
0.147893
0.148664
0.144659
0.140796
0.135803
0.155422
0.143699
0.146021
0.145212
0.14317
0.139173
0.136263
0.14946
0.145529
0.144762
0.139101
0.137558
0.141568
0.134847
0.147071
0.147639
0.144437
0.145212
0.141751
0.141934
0.138963
0.147373
0.145502
0.14185
0.135482
0.134986
0.133038
0.141999
0.142411
0.141156
0.136688
0.137936
0.131215
0.152854
0.137774
0.1446
0.13588
0.129356
0.131377
0.137199
0.136853
0.134115
0.128756
0.127327
0.120695
0.135365
0.129107
0.128523
0.124517
0.119459
0.129153
0.124112
0.125161
0.123677
0.117081
0.117839
0.111536
0.118368
0.11939
0.122375
0.119418
0.116153
0.128468
0.124623
0.122307
0.116866
0.118156
0.111499
0.122556
0.125326
0.118011
0.118231
0.115889
0.116845
0.124401
0.126753
0.124729
0.120981
0.11803
0.126735
0.123344
0.123535
0.124224
0.116536
0.119277
0.1231
0.119235
0.119157
0.118098
0.111084
0.113014
0.11404
0.123291
0.116455
0.117373
0.117794
0.113055
0.122035
0.122291
0.11797
0.117049
0.112757
0.112795
0.114903
0.108672
0.108583
0.102476
0.102031
0.101435
0.103642
0.103273
0.103235
0.112606
0.111638
0.106653
0.105191
0.103049
0.104653
0.107968
0.103282
0.103113
0.109617
0.1233
0.116719
0.115413
0.111811
0.111242
0.109567
0.105461
0.106106
0.11464
0.11363
0.113909
0.131454
0.1177
0.113833
0.115294
0.111158
0.114104
0.109525
0.111374
0.114441
0.111325
0.109026
0.110675
0.1303
0.118653
0.113141
0.11023
0.108348
0.109806
0.105224
0.100383
0.107659
0.111159
0.109443
0.105688
0.104967
0.108923
0.104401
0.129298
0.109975
0.108423
0.103475
0.10545
0.106681
0.106785
0.107413
0.104823
0.109584
0.112214
0.117297
0.114895
0.118529
0.125277
0.120513
0.112541
0.113795
0.111948
0.116424
0.112828
0.111016
0.109665
0.117414
0.128278
0.124152
0.120021
0.118008
0.118847
0.117792
0.111443
0.118731
0.117715
0.1136
0.112149
0.112354
0.110872
0.118737
0.13442
0.118891
0.111209
0.109193
0.106938
0.11104
0.109096
0.107838
0.103984
0.100847
0.10644
0.114306
0.115037
0.115353
0.112876
0.126771
0.116259
0.11303
0.10797
0.104856
0.104735
0.098476
0.100833
0.103497
0.101397
0.10221
0.100703
0.095172
0.102579
0.106378
0.100547
0.095986
0.096554
0.097148
0.098337
0.103957
0.109348
0.107278
0.109113
0.106023
0.103676
0.09999
0.104553
0.105046
0.098955
0.11828
0.118728
0.115061
0.110558
0.109579
0.112462
0.105464
0.108433
0.109819
0.106781
0.106765
0.12271
0.113063
0.115009
0.111455
0.107811
0.102674
0.100676
0.100894
0.098177
0.100919
0.100185
0.115513
0.109961
0.106669
0.10356
0.102926
0.099034
0.097477
0.095167
0.096728
0.091195
0.104763
0.094957
0.096815
0.096702
0.097984
0.101372
0.101398
0.100712
0.107838
0.108599
0.125249
0.120687
0.117396
0.111142
0.114001
0.112744
0.113619
0.107557
0.110245
0.111041
0.1112
0.124857
0.117323
0.111456
0.110781
0.108014
0.108472
0.111326
0.106768
0.106602
0.106081
0.104788
0.102114
0.10025
0.108682
0.103917
0.098741
0.096108
0.09281
0.090197
0.086909
0.090335
0.084851
0.084975
0.08788
0.084907
0.084422
0.099492
0.090297
0.090184
0.090959
0.089452
0.087111
0.085652
0.094075
0.090597
0.094476
0.092252
0.10746
0.103822
0.099984
0.0981
0.092977
0.08677
0.086934
0.08313
0.082385
0.078829
0.079314
0.085597
0.078275
0.076418
0.072994
0.067622
0.068774
0.070815
0.067525
0.068757
0.074871
0.079914
0.078743
0.08034
0.081257
0.081666
0.081712
0.087015
0.087826
0.09265
0.100169
0.097938
0.098058
0.102781
0.109515
0.105159
0.10726
0.108058
0.112999
0.105982
0.103105
0.108426
0.109633
0.103582
0.100084
0.106709
0.107817
0.103199
0.105926
0.108139
0.10986
0.107538
0.108264
0.108167
0.112753
0.109951
0.104214
0.108949
0.108885
0.105155
0.103169
0.10321
0.104952
0.104853
0.10661
0.10619
0.104078
0.100533
0.105751
0.109027
0.105681
0.101811
0.106373
0.104943
0.101101
0.09844
0.102398
0.101381
0.100293
0.099266
0.103999
0.103587
0.100721
0.100968
0.101531
0.100178
0.097863
0.096116
0.099868
0.096985
0.098159
0.10764
0.106269
0.103433
0.099684
0.094557
0.094789
0.093534
0.09338
0.095173
0.103868
0.1002
0.096197
0.09218
0.08814
0.087681
0.087442
0.088451
0.0873
0.084246
0.087398
0.100585
0.095164
0.091393
0.088552
0.086151
0.082026
0.079388
0.075895
0.077814
0.079604
0.079936
0.08825
0.085635
0.081222
0.078804
0.080275
0.079911
0.081986
0.0794
0.075371
0.081752
0.078939
0.080676
0.08819
0.08529
0.08398
0.082111
0.085884
0.089681
0.0841
0.082598
0.085054
0.085541
0.082339
0.079535
0.083044
0.086039
0.080657
0.081223
0.076503
0.07857
0.08041
0.074803
0.083377
0.080578
0.079063
0.07885
0.077393
0.079895
0.079385
0.078598
0.075825
0.081916
0.08501
0.082081
0.085775
0.088841
0.093201
0.092586
0.100176
0.106554
0.101631
0.098584
0.103431
0.111344
0.110077
0.111396
0.120248
0.114069
0.111285
0.112592
0.116429
0.111589
0.117291
0.120075
0.116786
0.116102
0.116825
0.124192
0.121668
0.113364
0.124138
0.12228
0.121672
0.119516
0.124434
0.122511
0.117767
0.117412
0.119015
0.118515
0.123774
0.119499
0.115872
0.114072
0.120434
0.117706
0.114936
0.125047
0.122441
0.119679
0.117562
0.115769
0.112684
0.115313
0.110468
0.114694
0.11721
0.112089
0.10816
0.107403
0.108728
0.107701
0.107277
0.113565
0.110986
0.103526
0.112597
0.113577
0.106907
0.105952
0.107118
0.107995
0.10809
0.102016
0.110284
0.107467
0.105678
0.099621
0.105988
0.105121
0.102685
0.100011
0.097409
0.101137
0.095511
0.091647
0.09472
0.094892
0.095219
0.099842
0.100086
0.098085
0.093827
0.093646
0.092981
0.096888
0.091055
0.089576
0.097998
0.093286
0.088189
0.084012
0.087601
0.087499
0.08402
0.080685
0.078603
0.086968
0.088159
0.081311
0.090143
0.092681
0.090892
0.087812
0.090527
0.093462
0.090654
0.092755
0.091705
0.09126
0.089697
0.091524
0.096944
0.092193
0.095097
0.094407
0.092032
0.090563
0.088317
0.090315
0.09148
0.088116
0.091547
0.09422
0.095496
0.092038
0.089276
0.089978
0.094532
0.089722
0.09507
0.096013
0.090091
0.096694
0.095953
0.092011
0.097512
0.098241
0.093827
0.091398
0.088864
0.085428
0.085414
0.096147
0.097943
0.09511
0.090691
0.092473
0.087935
0.096389
0.088869
0.090677
0.097959
0.09662
0.088619
0.086895
0.086354
0.08632
0.090072
0.086469
0.090163
0.096072
0.095416
0.091561
0.090992
0.089986
0.092745
0.0899
0.088169
0.101504
0.103396
0.096833
0.094934
0.089191
0.091139
0.093588
0.090686
0.098567
0.095892
0.094822
0.103977
0.100421
0.092756
0.094904
0.09262
0.094398
0.092295
0.091077
0.097771
0.096757
0.096896
0.098291
0.099521
0.097883
0.092269
0.089667
0.095425
0.089342
0.086894
0.096
0.092405
0.094864
0.095505
0.094063
0.090995
0.090882
0.085981
0.092155
0.088565
0.088577
0.094731
0.091921
0.084283
0.081989
0.077295
0.078334
0.085017
0.083898
0.080751
0.08275
0.095231
0.088707
0.087758
0.081692
0.07864
0.077071
0.082733
0.080348
0.080522
0.078009
0.080797
0.0895
0.086705
0.084376
0.07968
0.07861
0.080963
0.085745
0.079209
0.077982
0.08905
0.088289
0.084811
0.089422
0.090115
0.091697
0.087943
0.091598
0.094613
0.092956
0.094688
0.093823
0.096938
0.096545
0.094818
0.098156
0.091425
0.095543
0.092909
0.090402
0.087068
0.092017
0.094891
0.091239
0.092401
0.096338
0.094456
0.090873
0.092631
0.094935
0.094331
0.088529
0.093364
0.092707
0.087821
0.091288
0.093395
0.093629
0.091382
0.090519
0.09767
0.097589
0.095102
0.104301
0.104065
0.102571
0.09754
0.101619
0.107079
0.103285
0.102187
0.106272
0.109923
0.111104
0.108895
0.112014
0.114938
0.112156
0.112588
0.111618
0.112636
0.117437
0.112564
0.106908
0.108883
0.116493
0.11292
0.111726
0.109583
0.114019
0.114039
0.111606
0.114916
0.119838
0.121287
0.115852
0.116637
0.120521
0.121435
0.115532
0.109539
0.118968
0.115152
0.114036
0.113738
0.118703
0.115488
0.114438
0.111964
0.110089
0.115544
0.113557
0.108285
0.119236
0.118973
0.116152
0.111877
0.110151
0.109521
0.115243
0.110972
0.108209
0.116786
0.115488
0.107726
0.108316
0.110601
0.108468
0.106078
0.102287
0.096746
0.099912
0.100288
0.096574
0.092017
0.090614
0.089467
0.093038
0.092506
0.090353
0.083007
0.091023
0.089792
0.084283
0.082819
0.080685
0.082464
0.086677
0.085699
0.082632
0.085809
0.089632
0.086438
0.086298
0.085627
0.0878
0.092337
0.091725
0.087639
0.092841
0.095291
0.092645
0.096346
0.096549
0.105535
0.105231
0.107781
0.103436
0.103949
0.103132
0.108845
0.103834
0.109762
0.113485
0.11682
0.114319
0.111908
0.110493
0.107855
0.111509
0.108509
0.10656
0.116311
0.113409
0.112183
0.108941
0.115749
0.113569
0.108955
0.11721
0.116229
0.115348
0.112204
0.109205
0.112053
0.109803
0.107327
0.106144
0.119837
0.113355
0.111635
0.108464
0.110207
0.114142
0.112725
0.113289
0.117645
0.115126
0.110409
0.114926
0.117361
0.113456
0.118589
0.121598
0.121878
0.117084
0.115305
0.117126
0.116078
0.112749
0.109401
0.110045
0.112017
0.108331
0.107917
0.11529
0.11339
0.109799
0.108358
0.101409
0.107885
0.108642
0.104859
0.108433
0.109848
0.104734
0.116878
0.115134
0.108698
0.10523
0.11171
0.105532
0.107699
0.101728
0.108107
0.107303
0.106125
0.097897
0.102924
0.103189
0.095788
0.09516
0.099088
0.099378
0.097533
0.093702
0.098852
0.094293
0.092405
0.09601
0.092403
0.093908
0.09145
0.094889
0.095719
0.096993
0.095853
0.096307
0.099604
0.101814
0.104911
0.108527
0.107852
0.1021
0.10947
0.11129
0.108595
0.111438
0.112491
0.105573
0.104157
0.104886
0.107281
0.105811
0.095803
0.103033
0.101516
0.098082
0.104751
0.123325
0.130089
0.130123
0.128186
0.128429
0.125508
0.125418
0.12086
0.130448
0.126822
0.131015
0.145129
0.134828
0.129886
0.123767
0.123436
0.117568
0.12244
0.132951
0.137494
0.129384
0.139898
0.141884
0.135297
0.139435
0.134569
0.133706
0.135559
0.141929
0.136687
0.139864
0.137183
0.154256
0.144998
0.144085
0.145439
0.139413
0.132983
0.140445
0.142308
0.138293
0.138048
0.139749
0.157356
0.153547
0.152269
0.152202
0.148056
0.140193
0.14678
0.150354
0.153318
0.156615
0.14975
0.174391
0.168931
0.171167
0.166735
0.158786
0.15694
0.154443
0.154345
0.163795
0.153919
0.152006
0.162301
0.162857
0.191956
0.181043
0.17075
0.172335
0.169496
0.166002
0.160689
0.153431
0.15916
0.160863
0.163257
0.163284
0.161834
0.178605
0.164217
0.171923
0.163848
0.161717
0.158253
0.147549
0.156944
0.174305
0.171398
0.166008
0.162836
0.170261
0.198259
0.185359
0.18046
0.176747
0.169052
0.171455
0.16909
0.171694
0.170928
0.164971
0.168663
0.173636
0.197112
0.184606
0.177515
0.177711
0.176898
0.17688
0.166733
0.167536
0.157872
0.173907
0.163765
0.17105
0.166877
0.201346
0.17929
0.178315
0.183109
0.173837
0.174599
0.165726
0.157927
0.158559
0.160569
0.159132
0.163037
0.155825
0.162433
0.186372
0.173565
0.165356
0.168195
0.161638
0.155997
0.160426
0.157375
0.154467
0.160199
0.159838
0.159559
0.186261
0.174794
0.174378
0.167117
0.164087
0.16043
0.154957
0.142026
0.159989
0.153267
0.160537
0.15829
0.157304
0.179347
0.166465
0.159766
0.157055
0.147568
0.150192
0.149805
0.155152
0.155317
0.152632
0.151457
0.155134
0.183772
0.163205
0.161991
0.167823
0.158853
0.15184
0.150624
0.153067
0.16335
0.15705
0.157708
0.149071
0.17664
0.158435
0.163672
0.152371
0.153264
0.151995
0.144619
0.145182
0.146912
0.147382
0.147616
0.150909
0.175234
0.157879
0.154588
0.152389
0.149654
0.150311
0.146531
0.14675
0.153062
0.150641
0.153568
0.152171
0.167774
0.167153
0.165806
0.163034
0.158701
0.156719
0.151261
0.152449
0.152292
0.154332
0.158471
0.183161
0.17432
0.172837
0.167745
0.163542
0.16014
0.156701
0.165775
0.160932
0.154749
0.160072
0.155896
0.188353
0.172072
0.167261
0.163499
0.159391
0.157833
0.14844
0.151327
0.153356
0.159505
0.163313
0.180162
0.174762
0.171
0.166256
0.162787
0.162539
0.162973
0.153906
0.153081
0.154663
0.145794
0.145156
0.147888
0.179114
0.165615
0.162247
0.16151
0.151384
0.151209
0.147165
0.152217
0.162414
0.156189
0.152793
0.153594
0.17851
0.168401
0.159959
0.156881
0.155065
0.151045
0.152414
0.159366
0.151471
0.153918
0.152108
0.154544
0.16362
0.154606
0.153946
0.162732
0.162096
0.158181
0.157677
0.154571
0.156267
0.165449
0.160947
0.167452
0.160853
0.159628
0.158145
0.161068
0.170131
0.170007
0.161438
0.166442
0.161593
0.165917
0.155411
0.161713
0.15825
0.154896
0.147876
0.152559
0.153104
0.151409
0.15307
0.153491
0.151505
0.150511
0.143116
0.153469
0.158694
0.152938
0.150382
0.158428
0.161857
0.158334
0.160426
0.160238
0.160266
0.152421
0.151842
0.155072
0.150637
0.14746
0.156596
0.155219
0.151098
0.14436
0.14842
0.151213
0.152299
0.161541
0.166072
0.163537
0.156866
0.16032
0.161485
0.150182
0.165541
0.161835
0.157348
0.154945
0.15849
0.163873
0.160666
0.156833
0.165439
0.162194
0.160191
0.166934
0.1638
0.154724
0.151207
0.155464
0.160903
0.156344
0.159354
0.158945
0.156028
0.156389
0.155945
0.162381
0.156119
0.149182
0.157211
0.159313
0.156563
0.161486
0.159829
0.158787
0.15501
0.152786
0.156628
0.155199
0.152082
0.148439
0.154823
0.156845
0.152693
0.153873
0.158782
0.153214
0.146116
0.155223
0.15232
0.153386
0.152651
0.150153
0.160113
0.161386
0.159606
0.149859
0.148644
0.148276
0.152976
0.149877
0.149129
0.149568
0.165166
0.156865
0.14965
0.148296
0.141168
0.141566
0.13678
0.142665
0.140022
0.14124
0.159147
0.148469
0.147743
0.143386
0.137956
0.137022
0.130676
0.142862
0.141155
0.138292
0.152466
0.149077
0.145768
0.143689
0.137702
0.128978
0.135701
0.134874
0.134396
0.138408
0.138774
0.148146
0.13817
0.135054
0.130739
0.126088
0.130535
0.128739
0.122734
0.126813
0.13165
0.134527
0.130167
0.126062
0.135716
0.136368
0.129143
0.139873
0.140753
0.136049
0.135146
0.138464
0.143599
0.141764
0.137212
0.148731
0.150929
0.150429
0.145709
0.142191
0.139881
0.145732
0.149431
0.143895
0.140883
0.153849
0.15293
0.149444
0.144695
0.145532
0.14975
0.152706
0.149471
0.144341
0.140083
0.145067
0.148372
0.141066
0.142253
0.152499
0.145101
0.137924
0.138436
0.136038
0.143957
0.137566
0.137941
0.133224
0.136617
0.146056
0.137292
0.133224
0.140632
0.137428
0.131489
0.124952
0.124853
0.122411
0.119976
0.119825
0.116878
0.129878
0.129499
0.128413
0.126071
0.119777
0.117954
0.118381
0.116484
0.11984
0.123934
0.121958
0.115756
0.13399
0.12349
0.119225
0.118282
0.118385
0.11701
0.11473
0.120711
0.118891
0.127138
0.126171
0.124405
0.121692
0.114813
0.115385
0.10862
0.116546
0.122293
0.117874
0.116426
0.123271
0.12865
0.126649
0.119607
0.126368
0.123269
0.119386
0.121558
0.118633
0.123288
0.126882
0.126035
0.118728
0.132474
0.137638
0.133281
0.128579
0.129363
0.127203
0.125759
0.127555
0.127317
0.124507
0.121903
0.130538
0.126529
0.140148
0.129189
0.129844
0.124186
0.121899
0.120722
0.119968
0.121893
0.119774
0.119751
0.12204
0.1316
0.136766
0.130493
0.124687
0.114716
0.117372
0.109155
0.11651
0.122694
0.12412
0.118854
0.139805
0.129387
0.126338
0.126075
0.126092
0.117386
0.113913
0.112821
0.118225
0.117595
0.120789
0.134163
0.13183
0.131476
0.12751
0.117857
0.11734
0.113988
0.124702
0.121886
0.118083
0.120159
0.129754
0.124564
0.122132
0.114608
0.115022
0.11324
0.117739
0.111632
0.114714
0.116249
0.126526
0.126629
0.124094
0.122715
0.120228
0.11711
0.116283
0.12603
0.121856
0.126767
0.134024
0.133536
0.128836
0.124725
0.122404
0.119483
0.117573
0.120691
0.121214
0.114594
0.122413
0.121126
0.137213
0.125389
0.124944
0.121221
0.121096
0.115246
0.112451
0.118042
0.111442
0.109633
0.112087
0.130819
0.124417
0.124311
0.121111
0.119753
0.114665
0.114309
0.119981
0.1172
0.116817
0.118006
0.134267
0.129907
0.123618
0.125922
0.118082
0.119115
0.117327
0.125915
0.117957
0.1227
0.119303
0.140553
0.126612
0.126472
0.123136
0.119444
0.117248
0.11829
0.11889
0.117654
0.114336
0.115228
0.112222
0.130498
0.12891
0.119531
0.122108
0.117201
0.119701
0.116755
0.112782
0.114832
0.119629
0.116816
0.125793
0.124287
0.125568
0.115068
0.115533
0.111292
0.112999
0.1116
0.111646
0.118144
0.111728
0.124315
0.124705
0.124432
0.118856
0.116008
0.11124
0.111345
0.111866
0.107716
0.116314
0.112753
0.108724
0.113356
0.111088
0.109343
0.104691
0.098915
0.096288
0.099046
0.098334
0.092723
0.092766
0.096005
0.106887
0.100707
0.099038
0.099838
0.101952
0.105665
0.11051
0.107635
0.114352
0.110284
0.112093
0.107035
0.107241
0.107116
0.109758
0.107797
0.108418
0.112648
0.116774
0.115563
0.114079
0.120475
0.124046
0.122168
0.123251
0.121009
0.119282
0.128056
0.130045
0.135549
0.138255
0.135688
0.126372
0.129019
0.129382
0.13295
0.130259
0.141948
0.140386
0.137006
0.130729
0.130215
0.132029
0.131876
0.129074
0.12307
0.135505
0.131664
0.129745
0.127744
0.124094
0.123213
0.126678
0.119935
0.123552
0.124973
0.129051
0.122699
0.145155
0.133556
0.125062
0.122521
0.11695
0.125758
0.131523
0.128618
0.121266
0.124542
0.134323
0.133029
0.131602
0.123959
0.1197
0.120541
0.121357
0.120846
0.119525
0.114361
0.116569
0.117152
0.128207
0.125433
0.119256
0.117461
0.120027
0.113249
0.1205
0.117809
0.114179
0.113564
0.111197
0.119244
0.114211
0.11239
0.12099
0.115649
0.115012
0.112715
0.114015
0.115522
0.112328
0.106771
0.112932
0.11419
0.107096
0.107754
0.11062
0.11834
0.112448
0.120956
0.120747
0.120325
0.1143
0.117877
0.118648
0.122181
0.12331
0.120269
0.125612
0.127229
0.127933
0.126342
0.119702
0.129215
0.127905
0.129164
0.125708
0.130953
0.128717
0.125311
0.127715
0.133693
0.136454
0.137977
0.130796
0.142004
0.143656
0.144986
0.138215
0.144082
0.154526
0.149175
0.147617
0.152123
0.157668
0.151643
0.147304
0.149404
0.153415
0.150272
0.139331
0.151901
0.15167
0.153684
0.145634
0.151827
0.152099
0.150119
0.144096
0.133925
0.144871
0.146004
0.136501
0.13259
0.142085
0.154699
0.144128
0.145584
0.14061
0.137188
0.134519
0.126227
0.131789
0.139137
0.136719
0.131421
0.133832
0.126285
0.12844
0.157259
0.14226
0.142162
0.128391
0.132867
0.127325
0.128861
0.115726
0.122524
0.129108
0.119245
0.121467
0.12346
0.144059
0.133723
0.131314
0.130873
0.129387
0.122119
0.122449
0.117672
0.116246
0.125862
0.123238
0.120347
0.116982
0.146459
0.1382
0.13259
0.132067
0.133616
0.134016
0.133529
0.13226
0.123569
0.131562
0.130987
0.129129
0.128061
0.157752
0.145965
0.139541
0.133987
0.133435
0.126625
0.123322
0.121003
0.128609
0.130519
0.135328
0.135181
0.163305
0.149409
0.139208
0.137724
0.145232
0.138235
0.139454
0.130476
0.132274
0.141462
0.141053
0.139589
0.161848
0.154577
0.146278
0.149607
0.143925
0.136394
0.133693
0.132754
0.140173
0.136474
0.140521
0.139694
0.159998
0.151345
0.14507
0.145207
0.143169
0.136701
0.13611
0.124817
0.129881
0.14127
0.140262
0.143177
0.134307
0.164013
0.152696
0.145393
0.145325
0.137249
0.137667
0.134322
0.130715
0.127912
0.136779
0.128212
0.125887
0.130623
0.158031
0.144607
0.139845
0.138687
0.137489
0.131345
0.130819
0.127109
0.123181
0.129787
0.128548
0.123536
0.125154
0.149146
0.139275
0.136504
0.128702
0.13111
0.120552
0.120256
0.114346
0.111563
0.113841
0.115541
0.116785
0.113664
0.112219
0.108052
0.124875
0.108952
0.10684
0.103508
0.100464
0.091033
0.098345
0.100103
0.094452
0.094692
0.094874
0.089369
0.093233
0.086327
0.086919
0.082413
0.081272
0.078034
0.075856
0.073315
0.079226
0.077692
0.077114
0.078509
0.082139
0.07468
0.072182
0.072724
0.073411
0.070614
0.077171
0.074454
0.077221
0.077491
0.082244
0.084729
0.078538
0.078155
0.074242
0.073226
0.080061
0.076489
0.076075
0.081778
0.081931
0.077502
0.074814
0.068335
0.06992
0.073344
0.072825
0.069395
0.072503
0.071128
0.076955
0.071866
0.069039
0.066923
0.067532
0.067563
0.06995
0.066441
0.069445
0.070667
0.078279
0.075552
0.075425
0.071459
0.073451
0.072593
0.076352
0.072179
0.072713
0.071252
0.069347
0.071965
0.068086
0.066849
0.065899
0.064343
0.066207
0.062888
0.061171
0.059595
0.056343
0.057976
0.053591
0.053773
0.049616
0.05231
0.052466
0.051045
0.046262
0.047309
0.045962
0.048514
0.046742
0.045514
0.050445
0.047041
0.046694
0.045857
0.047147
0.049421
0.044616
0.04558
0.048966
0.047001
0.045084
0.047657
0.047465
0.046419
0.046372
0.050666
0.050417
0.049341
0.048478
0.050062
0.052922
0.051521
0.058924
0.060877
0.061356
0.058838
0.061958
0.067913
0.068037
0.066967
0.072591
0.070104
0.066508
0.064491
0.066281
0.066972
0.062852
0.062687
0.070431
0.072729
0.068057
0.067278
0.064848
0.065561
0.066569
0.064904
0.066328
0.076263
0.072365
0.070158
0.067023
0.064511
0.066023
0.06374
0.067591
0.070222
0.068286
0.076135
0.072277
0.072449
0.073765
0.07244
0.076619
0.075419
0.080062
0.077463
0.079412
0.077232
0.077061
0.081844
0.076629
0.080704
0.082059
0.080366
0.075967
0.075872
0.079824
0.075033
0.079657
0.079568
0.076171
0.074183
0.073518
0.072589
0.069786
0.064834
0.069641
0.066711
0.066634
0.06463
0.067338
0.066974
0.063944
0.067547
0.069307
0.069176
0.071489
0.073734
0.071139
0.071073
0.071953
0.073203
0.067538
0.069833
0.071023
0.071678
0.068251
0.072281
0.073852
0.07193
0.070635
0.07213
0.077846
0.077788
0.07626
0.082246
0.087876
0.088692
0.085368
0.095174
0.099637
0.096918
0.101649
0.096435
0.100154
0.104091
0.107129
0.10309
0.109933
0.114942
0.111826
0.111195
0.109443
0.1162
0.118582
0.121941
0.117934
0.124082
0.135812
0.129607
0.130689
0.126726
0.134687
0.138753
0.136276
0.142882
0.137102
0.13685
0.13517
0.129052
0.137313
0.142223
0.139343
0.139099
0.137766
0.146239
0.143657
0.140181
0.13987
0.141459
0.149972
0.152872
0.14323
0.145313
0.141283
0.152349
0.153392
0.151776
0.14924
0.143061
0.152844
0.156007
0.154868
0.153632
0.141798
0.157789
0.159878
0.154765
0.153522
0.144212
0.159792
0.160648
0.159019
0.154716
0.150755
0.164785
0.166445
0.16196
0.153993
0.168728
0.168035
0.162853
0.160878
0.153169
0.165044
0.167423
0.164048
0.157245
0.174117
0.174839
0.162859
0.157523
0.156201
0.167093
0.168066
0.16942
0.157446
0.152207
0.161793
0.16383
0.160014
0.154087
0.167126
0.171668
0.164064
0.162208
0.156099
0.160102
0.164359
0.160341
0.155765
0.170408
0.164734
0.162583
0.16471
0.162335
0.153827
0.163355
0.167264
0.160551
0.158585
0.172855
0.174199
0.173468
0.171862
0.160889
0.161664
0.168816
0.166128
0.159919
0.170867
0.166034
0.159579
0.159684
0.150946
0.156755
0.157936
0.154542
0.147992
0.14627
0.163326
0.153284
0.154076
0.153721
0.162838
0.165697
0.167305
0.162877
0.162135
0.168317
0.166055
0.166563
0.160423
0.171183
0.176024
0.17194
0.172514
0.163051
0.171583
0.170732
0.167565
0.166208
0.17233
0.17116
0.164082
0.161393
0.169809
0.1687
0.162698
0.154761
0.165045
0.1652
0.161165
0.149769
0.161075
0.15856
0.156496
0.15025
0.15483
0.15528
0.153565
0.14705
0.156567
0.154546
0.146304
0.142129
0.144335
0.146093
0.149475
0.142569
0.141545
0.146861
0.142953
0.145466
0.151442
0.140685
0.13805
0.144224
0.140243
0.137729
0.147802
0.144578
0.144915
0.148718
0.151264
0.143241
0.147666
0.147136
0.142512
0.143022
0.144683
0.139124
0.141188
0.140357
0.134604
0.138415
0.140737
0.13471
0.136554
0.136607
0.126779
0.130379
0.129123
0.120812
0.123655
0.118668
0.11439
0.111666
0.115807
0.108426
0.112606
0.109072
0.11439
0.11037
0.105446
0.110092
0.110941
0.109795
0.10848
0.106108
0.104033
0.104221
0.105214
0.111303
0.109253
0.107142
0.106541
0.111407
0.105544
0.116391
0.116907
0.110641
0.116944
0.113536
0.118193
0.11261
0.115601
0.121348
0.119218
0.1185
0.125225
0.129094
0.126889
0.137582
0.139328
0.136089
0.133737
0.138107
0.145284
0.1388
0.143729
0.145327
0.143841
0.143916
0.145208
0.152264
0.1556
0.150221
0.147088
0.157545
0.155978
0.152888
0.150548
0.143692
0.157198
0.156006
0.14833
0.14433
0.156742
0.159501
0.157435
0.152208
0.143957
0.152638
0.159592
0.152465
0.149297
0.15808
0.164765
0.161173
0.157353
0.14825
0.157622
0.165924
0.15648
0.158794
0.16532
0.168348
0.160591
0.156786
0.154493
0.163065
0.165324
0.162944
0.16088
0.155875
0.173302
0.168815
0.161683
0.158726
0.175072
0.173971
0.172605
0.167178
0.163594
0.154717
0.167815
0.164837
0.158357
0.155424
0.163598
0.189049
0.177794
0.173106
0.170931
0.163345
0.159136
0.148429
0.153265
0.153732
0.156313
0.159295
0.158559
0.157039
0.177225
0.168172
0.160746
0.159377
0.153071
0.145812
0.151835
0.144359
0.152488
0.145272
0.150449
0.152249
0.176951
0.168721
0.163432
0.163579
0.154813
0.151779
0.146896
0.144946
0.150057
0.150751
0.150417
0.172713
0.1708
0.161983
0.161296
0.156779
0.155842
0.152246
0.15173
0.154243
0.154269
0.153367
0.151055
0.154805
0.183756
0.168788
0.165287
0.16149
0.1598
0.155529
0.153622
0.151673
0.144468
0.145076
0.152598
0.146261
0.146549
0.150305
0.145686
0.178973
0.156213
0.153785
0.144384
0.147477
0.136886
0.140146
0.140628
0.149518
0.147017
0.146475
0.149306
0.143521
0.169788
0.155962
0.148526
0.148195
0.144672
0.134532
0.133753
0.136706
0.139535
0.140519
0.139617
0.136943
0.165579
0.155389
0.154556
0.151968
0.153155
0.147689
0.145951
0.143231
0.140453
0.137595
0.148553
0.148485
0.152385
0.177647
0.162521
0.158483
0.153749
0.155537
0.153968
0.148581
0.142763
0.149068
0.152786
0.151068
0.154213
0.148518
0.178267
0.156395
0.158607
0.155508
0.15108
0.149034
0.149134
0.135886
0.140534
0.136782
0.144687
0.147037
0.141048
0.147324
0.144974
0.174683
0.158911
0.152451
0.148256
0.140717
0.142671
0.137186
0.134575
0.139128
0.148652
0.140957
0.135738
0.145606
0.185351
0.158642
0.158304
0.155554
0.152991
0.150159
0.143805
0.133646
0.137563
0.140263
0.142947
0.147258
0.137199
0.168775
0.157582
0.1572
0.152769
0.151936
0.150588
0.147521
0.146746
0.142054
0.154048
0.147672
0.150288
0.150374
0.171453
0.167245
0.161821
0.162132
0.15469
0.14612
0.148349
0.14109
0.153389
0.146006
0.148681
0.148411
0.154828
0.182516
0.162902
0.164938
0.166849
0.161758
0.155169
0.157127
0.153948
0.158365
0.152674
0.158497
0.159767
0.174215
0.170224
0.163389
0.154653
0.156012
0.154208
0.149496
0.158311
0.152122
0.152278
0.148319
0.147138
0.176901
0.158833
0.160443
0.156008
0.153569
0.150879
0.150413
0.142837
0.152284
0.149233
0.147724
0.152909
0.145178
0.16856
0.154713
0.152126
0.141854
0.144508
0.144422
0.144227
0.143927
0.137318
0.144775
0.148316
0.140168
0.144435
0.174274
0.165225
0.158438
0.147042
0.149078
0.143839
0.13889
0.140507
0.141424
0.149546
0.145381
0.148354
0.173909
0.163516
0.159746
0.158312
0.153085
0.145227
0.145531
0.144893
0.142647
0.151934
0.152594
0.147035
0.145391
0.181117
0.163676
0.156772
0.153231
0.14818
0.142838
0.138124
0.141897
0.138992
0.146141
0.147072
0.149134
0.177851
0.166186
0.162327
0.153203
0.149435
0.151471
0.147101
0.152867
0.150611
0.154674
0.16526
0.178702
0.169519
0.167388
0.159169
0.154681
0.145839
0.139574
0.14554
0.144793
0.143747
0.142757
0.138671
0.137481
0.140694
0.133824
0.13471
0.139729
0.146933
0.14453
0.141789
0.142929
0.140609
0.146098
0.161616
0.151981
0.147373
0.1689
0.163543
0.162859
0.159912
0.148007
0.148183
0.156854
0.161287
0.154479
0.149401
0.162467
0.154407
0.149885
0.145026
0.142632
0.146686
0.147315
0.150852
0.141778
0.142155
0.145684
0.146569
0.142966
0.142212
0.137908
0.138346
0.13991
0.136281
0.130057
0.126415
0.137282
0.131073
0.128674
0.121506
0.125129
0.123521
0.128567
0.12287
0.12221
0.115188
0.130573
0.121591
0.120046
0.117258
0.114187
0.111717
0.119866
0.121291
0.117408
0.120333
0.11181
0.117934
0.116618
0.115247
0.115932
0.114347
0.107512
0.108116
0.106292
0.117562
0.110992
0.110993
0.106245
0.10154
0.098503
0.096088
0.094865
0.098209
0.096312
0.094402
0.09037
0.09173
0.085787
0.090091
0.086291
0.089282
0.084946
0.083822
0.085308
0.087017
0.08845
0.086605
0.090908
0.091223
0.094418
0.105349
0.104801
0.107883
0.103259
0.107758
0.104741
0.107761
0.108006
0.109089
0.105685
0.109188
0.106299
0.118698
0.112898
0.117966
0.116533
0.125712
0.123881
0.125696
0.121926
0.125425
0.126119
0.120756
0.124811
0.12361
0.121856
0.127103
0.121228
0.122837
0.124445
0.134404
0.139262
0.138011
0.13677
0.135265
0.137508
0.138921
0.135365
0.133155
0.128352
0.13162
0.130575
0.14426
0.140147
0.146244
0.142167
0.140876
0.138637
0.140597
0.141355
0.136157
0.138495
0.139903
0.144323
0.150765
0.147572
0.152147
0.147545
0.144916
0.147355
0.147973
0.139397
0.145848
0.154934
0.15934
0.156083
0.147949
0.149872
0.151939
0.1483
0.148411
0.144333
0.151102
0.147724
0.155149
0.145606
0.143182
0.141382
0.144579
0.141699
0.145122
0.15283
0.155006
0.155676
0.152096
0.147128
0.146874
0.145325
0.14756
0.143793
0.140701
0.15915
0.15485
0.152021
0.146519
0.150962
0.146239
0.150575
0.14759
0.149177
0.163086
0.160594
0.164374
0.153983
0.155307
0.157378
0.150573
0.152878
0.147056
0.148308
0.162863
0.158709
0.156375
0.156635
0.152405
0.153705
0.151468
0.149527
0.147982
0.146728
0.146058
0.155223
0.158711
0.160351
0.158569
0.159047
0.15308
0.151806
0.151592
0.150334
0.149555
0.145756
0.14639
0.159209
0.153987
0.151283
0.14965
0.154139
0.158255
0.158228
0.157938
0.156274
0.156021
0.152658
0.14882
0.159221
0.161612
0.164959
0.167171
0.161042
0.165107
0.168098
0.165659
0.164273
0.161732
0.168391
0.165005
0.160788
0.161233
0.159424
0.161435
0.16114
0.158838
0.159807
0.157743
0.167765
0.176965
0.174673
0.174594
0.17656
0.173213
0.177276
0.176309
0.17588
0.172816
0.169173
0.172536
0.17285
0.169552
0.169624
0.174582
0.172496
0.17266
0.17349
0.176557
0.1733
0.172514
0.166523
0.170341
0.170546
0.170417
0.169513
0.168565
0.170057
0.166663
0.167148
0.170034
0.169885
0.169067
0.169099
0.16673
0.169442
0.17141
0.170028
0.168633
0.169217
0.172707
0.175802
0.171703
0.172895
0.173609
0.174285
0.174245
0.173533
0.169673
0.170069
0.170317
0.170246
0.167571
0.169684
0.167998
0.166929
0.169065
0.169767
0.170007
0.165196
0.169694
0.170372
0.171868
0.167096
0.174535
0.172384
0.167178
0.164309
0.163275
0.169636
0.169316
0.166764
0.172816
0.168975
0.172187
0.173496
0.174194
0.167582
0.169834
0.168176
0.166086
0.169305
0.162271
0.165995
0.164359
0.169483
0.167766
0.173369
0.166552
0.169266
0.169473
0.168967
0.173644
0.171482
0.168726
0.166776
0.167658
0.166954
0.167383
0.171023
0.166772
0.160245
0.168923
0.16936
0.169787
0.161205
0.162102
0.163638
0.161615
0.162994
0.159912
0.160954
0.159321
0.163785
0.165262
0.166186
0.161032
0.156702
0.163467
0.159605
0.154356
0.157885
0.155816
0.152642
0.146353
0.146662
0.147589
0.146864
0.139953
0.144928
0.139402
0.138782
0.147559
0.156193
0.147839
0.147206
0.148421
0.146954
0.146549
0.143668
0.147254
0.137841
0.13885
0.139307
0.139152
0.130484
0.134492
0.135047
0.132863
0.130284
0.129013
0.121601
0.127707
0.123262
0.122863
0.119853
0.115958
0.11544
0.116404
0.115255
0.116519
0.109661
0.113822
0.12082
0.118314
0.118704
0.116505
0.113381
0.111773
0.110409
0.117837
0.111128
0.111883
0.105301
0.101366
0.115928
0.109721
0.108019
0.105448
0.104214
0.099982
0.098164
0.109009
0.105401
0.104172
0.104219
0.103163
0.104738
0.101952
0.10413
0.098902
0.099502
0.096355
0.099344
0.10442
0.103768
0.102228
0.099631
0.097198
0.097442
0.09534
0.089793
0.093753
0.093697
0.095667
0.098076
0.097965
0.096379
0.095134
0.093877
0.099042
0.101646
0.097265
0.098333
0.101184
0.098548
0.106413
0.103336
0.102125
0.097899
0.099593
0.101553
0.109095
0.109749
0.103599
0.10744
0.109112
0.104115
0.101909
0.103589
0.101735
0.09977
0.102422
0.106455
0.109669
0.106358
0.106564
0.10408
0.106537
0.106613
0.10593
0.100245
0.105252
0.111924
0.113923
0.115072
0.109442
0.113914
0.111444
0.11314
0.113182
0.112311
0.103514
0.107807
0.111023
0.105661
0.110078
0.118185
0.115615
0.11997
0.117002
0.118409
0.114846
0.116561
0.118675
0.115055
0.114952
0.115659
0.121658
0.114044
0.117598
0.115596
0.115988
0.112423
0.113724
0.112986
0.108931
0.108617
0.108224
0.109259
0.10754
0.108884
0.110203
0.111249
0.122106
0.127516
0.125302
0.122555
0.120858
0.125298
0.121034
0.122334
0.124268
0.123516
0.123621
0.120315
0.12232
0.122722
0.119334
0.12336
0.124291
0.123677
0.121644
0.118243
0.11699
0.120863
0.119772
0.122025
0.113685
0.119052
0.117983
0.119067
0.122459
0.121255
0.120169
0.117946
0.114495
0.115877
0.112613
0.130456
0.13427
0.131133
0.134606
0.13169
0.13366
0.129682
0.129113
0.129674
0.130557
0.131088
0.126761
0.122247
0.126063
0.125612
0.124701
0.128423
0.124036
0.124257
0.120518
0.122136
0.123456
0.122228
0.126096
0.123467
0.123909
0.121716
0.122178
0.11593
0.119267
0.115969
0.117877
0.114875
0.116816
0.116237
0.114527
0.116688
0.128081
0.130326
0.128368
0.127657
0.128125
0.127288
0.127471
0.126697
0.126144
0.123128
0.124073
0.122002
0.120599
0.122282
0.1245
0.115615
0.120076
0.11799
0.12301
0.121114
0.123724
0.12063
0.11668
0.120617
0.119809
0.117646
0.121154
0.120147
0.116762
0.113622
0.119895
0.118399
0.119744
0.121585
0.118432
0.117685
0.117273
0.116099
0.114893
0.108809
0.119221
0.11558
0.116399
0.111173
0.111074
0.115623
0.114741
0.109556
0.110018
0.108908
0.110594
0.112609
0.112675
0.11426
0.107855
0.113234
0.109814
0.114906
0.115089
0.110664
0.114696
0.111094
0.106965
0.114856
0.10612
0.106391
0.110694
0.112747
0.110187
0.107413
0.112235
0.109194
0.112153
0.11236
0.106681
0.108412
0.106044
0.112417
0.114159
0.110765
0.109679
0.108621
0.120608
0.122134
0.119684
0.119904
0.124981
0.124778
0.119742
0.117657
0.11953
0.12337
0.120717
0.122617
0.121956
0.119676
0.116071
0.11945
0.116532
0.122746
0.116857
0.12393
0.121236
0.122966
0.121151
