0.029575
0.10974
0.13154
0.123619
0.117898
0.121224
0.124891
0.125795
0.129926
0.130904
0.125237
0.12788
0.132671
0.124371
0.130462
0.122303
0.119777
0.121822
0.123018
0.128286
0.129754
0.122764
0.124295
0.130613
0.129607
0.132639
0.129941
0.140704
0.146847
0.143862
0.146635
0.14566
0.147507
0.143081
0.145279
0.150393
0.147832
0.15472
0.149767
0.149044
0.149923
0.147919
0.14558
0.15037
0.156004
0.161819
0.158168
0.154201
0.159328
0.161151
0.165474
0.154628
0.159548
0.158304
0.161696
0.161956
0.163326
0.160368
0.163168
0.157284
0.157957
0.16554
0.163899
0.158301
0.173299
0.182969
0.183989
0.174224
0.174606
0.185795
0.179581
0.176691
0.178167
0.182502
0.175159
0.175658
0.178159
0.180681
0.178453
0.167961
0.16609
0.188037
0.181943
0.174003
0.179078
0.168312
0.177488
0.173374
0.175785
0.173326
0.163298
0.166465
0.170963
0.170257
0.170442
0.163328
0.16717
0.159961
0.163015
0.156512
0.154412
0.153931
0.147521
0.153687
0.159161
0.160596
0.155865
0.150846
0.149591
0.152578
0.151113
0.148106
0.1348
0.140986
0.142209
0.132081
0.130369
0.123569
0.123341
0.116139
0.117517
0.112771
0.111637
0.109093
0.10747
0.109449
0.101804
0.09259
0.091149
0.091847
0.090184
0.089804
0.084794
0.081636
0.078999
0.074265
0.073016
0.076747
0.079997
0.078495
0.079839
0.074259
0.076898
0.078009
0.074672
0.07536
0.075526
0.072792
0.077862
0.072338
0.074186
0.076785
0.069519
0.074153
0.074181
0.077023
0.075034
0.074191
0.071488
0.074843
0.07464
0.071533
0.07482
0.069693
0.073078
0.074551
0.072077
0.074319
0.071207
0.070033
0.071162
0.073876
0.069996
0.071796
0.073788
0.074581
0.072758
0.072378
0.070004
0.075138
0.068887
0.069463
0.075237
0.074513
0.076161
0.074361
0.077931
0.073713
0.074293
0.074515
0.075789
0.069629
0.071389
0.073853
0.072376
0.073064
0.070348
0.072833
0.075702
0.073893
0.074402
0.073675
0.070985
0.071485
0.073901
0.075023
0.073475
0.076196
0.074234
0.071513
0.076915
0.072645
0.070332
0.074259
0.071229
0.072794
0.071283
0.071586
0.071761
0.074644
0.07375
0.072545
0.071315
0.072138
0.073928
0.075344
0.070753
0.074133
0.071487
0.070674
0.074303
0.073857
0.076218
0.07376
0.074704
0.070858
0.074021
0.072994
0.074161
0.071321
0.07383
0.068953
0.076049
0.071722
0.073295
0.071414
0.073405
0.069485
0.072061
0.069566
0.071517
0.075355
0.074279
0.076598
0.072177
0.070767
0.071821
0.073748
0.073285
0.073653
0.06995
0.074278
0.071539
0.072143
0.072454
0.071717
0.069481
0.064302
0.07123
0.071897
0.072609
0.078539
0.075841
0.075373
0.076561
0.071512
0.073747
0.072642
0.070624
0.065403
0.068467
0.070845
0.071184
0.073288
0.069959
0.074628
0.070253
0.074269
0.071082
0.071727
0.070506
0.071246
0.066318
0.065049
0.068063
0.070436
0.068778
0.071809
0.069614
0.069665
0.072038
0.069003
0.066898
0.068984
0.065282
0.068479
0.067958
0.070861
0.06793
0.06992
0.072326
0.068752
0.068356
0.064409
0.064145
0.064893
0.067429
0.064829
0.070146
0.06734
0.068126
0.067899
0.068358
0.067663
0.064154
0.064743
0.065673
0.061289
0.0626
0.064083
0.06501
0.063973
0.067253
0.069717
0.068368
0.068987
0.06483
0.067367
0.067677
0.069393
0.067225
0.063045
0.068583
0.069731
0.068952
0.070235
0.067398
0.072711
0.066203
0.0706
0.070919
0.072932
0.073998
0.0699
0.07383
0.072696
0.072531
0.07833
0.078489
0.076075
0.074572
0.075379
0.073096
0.082354
0.080397
0.082788
0.080941
0.082868
0.079537
0.087626
0.091183
0.089913
0.089176
0.092097
0.09566
0.100902
0.099137
0.100433
0.10315
0.099504
0.103536
0.110696
0.108554
0.109288
0.105941
0.10702
0.112258
0.109062
0.111452
0.112731
0.116583
0.115706
0.114332
0.118969
0.117372
0.118671
0.118347
0.119897
0.115394
0.11664
0.12191
0.122323
0.122646
0.126074
0.12952
0.130727
0.129918
0.133037
0.126611
0.131246
0.128215
0.130457
0.131144
0.133915
0.13327
0.129131
0.130408
0.128351
0.132676
0.129387
0.130936
0.134407
0.130922
0.131686
0.132214
0.132953
0.131012
0.135267
0.132926
0.134668
0.130445
0.132002
0.130749
0.130713
0.126135
0.123088
0.133241
0.132737
0.133326
0.12932
0.132397
0.130976
0.129092
0.133124
0.126327
0.12996
0.130356
0.12499
0.126467
0.121749
0.131501
0.132671
0.13244
0.125541
0.129006
0.127891
0.129877
0.130513
0.12285
0.125062
0.126051
0.129627
0.127471
0.132253
0.131171
0.130776
0.129402
0.124643
0.134447
0.130048
0.125701
0.122291
0.128513
0.128636
0.12905
0.129208
0.130462
0.129477
0.128283
0.128781
0.123904
0.127392
0.128093
0.132218
0.128281
0.127872
0.129934
0.128397
0.129508
0.128894
0.131152
0.131063
0.128094
0.132989
0.131214
0.127033
0.129503
0.128073
0.130718
0.131452
0.128835
0.129055
0.127178
0.134252
0.131928
0.129482
0.13127
0.135101
0.128198
0.127726
0.135382
0.133052
0.130695
0.134183
0.133159
0.134621
0.133045
0.135154
0.133492
0.135216
0.127265
0.131957
0.133572
0.137813
0.132543
0.128096
0.130665
0.133605
0.132896
0.133959
0.127687
0.131581
0.128295
0.131632
0.133008
0.130357
0.129551
0.132721
0.134288
0.122152
0.12667
0.131239
0.131757
0.133615
0.123462
0.129676
0.123916
0.122976
0.125086
0.12892
0.135319
0.139948
0.140359
0.134337
0.143788
0.145447
0.140504
0.147021
0.140929
0.142306
0.141043
0.138196
0.137245
0.13474
0.137887
0.138234
0.137479
0.139074
0.146227
0.141569
0.144161
0.142084
0.141709
0.137105
0.144124
0.15561
0.157843
0.148437
0.149002
0.148484
0.155296
0.151205
0.148052
0.148412
0.153894
0.151905
0.153764
0.151556
0.148391
0.148073
0.151304
0.148776
0.147561
0.141383
0.143346
0.147966
0.147029
0.14784
0.142682
0.146494
0.144461
0.144395
0.142509
0.150032
0.144665
0.148522
0.147266
0.139736
0.1634
0.161994
0.158766
0.1588
0.158767
0.158493
0.154908
0.159616
0.147501
0.145945
0.157766
0.152284
0.155595
0.155986
0.152843
0.156134
0.154047
0.155081
0.157745
0.155616
0.154628
0.154398
0.148157
0.154332
0.15017
0.150465
0.148128
0.14973
0.147045
0.151035
0.150238
0.151838
0.146556
0.14799
0.147733
0.150077
0.142982
0.142026
0.144906
0.145565
0.143447
0.136307
0.137209
0.140601
0.146805
0.149178
0.158274
0.157528
0.163134
0.156541
0.154789
0.158844
0.155521
0.151482
0.156556
0.153036
0.147586
0.15015
0.156699
0.155704
0.1526
0.158816
0.15859
0.15281
0.154173
0.147471
0.151237
0.147681
0.150921
0.149538
0.148805
0.146648
0.143843
0.147858
0.148444
0.149728
0.145282
0.150261
0.154285
0.149117
0.149921
0.145786
0.14971
0.148917
0.149767
0.157804
0.149503
0.148516
0.150198
0.14934
0.155078
0.15242
0.15035
0.150737
0.147356
0.147279
0.149242
0.153498
0.147116
0.152544
0.153636
0.148119
0.148858
0.153601
0.151488
0.147542
0.1501
0.150308
0.149995
0.154003
0.149849
0.145373
0.152809
0.154122
0.151091
0.1502
0.153925
0.149059
0.146371
0.158353
0.155105
0.156165
0.157233
0.157124
0.146069
0.160456
0.16014
0.152092
0.145814
0.144488
0.149384
0.142119
0.146321
0.147328
0.152868
0.149112
0.154124
0.158176
0.160484
0.156846
0.157062
0.153755
0.157743
0.158746
0.154219
0.150692
0.154745
0.158748
0.156456
0.154124
0.147312
0.151708
0.14858
0.152683
0.148654
0.146735
0.143952
0.148057
0.150655
0.14924
0.145605
0.147365
0.148459
0.14895
0.145807
0.152563
0.157393
0.152624
0.159711
0.156555
0.150759
0.156067
0.154435
0.157031
0.153034
