0.012101
0.04776
0.050835
0.050443
0.047465
0.047034
0.045431
0.046358
0.045216
0.045473
0.044487
0.04583
0.044542
0.042703
0.046397
0.044765
0.053217
0.049534
0.048808
0.049481
0.048948
0.047441
0.04586
0.050462
0.049451
0.049889
0.048822
0.048658
0.046864
0.046477
0.04584
0.044774
0.045505
0.0429
0.042526
0.041825
0.041145
0.043385
0.041188
0.044428
0.040391
0.041199
0.03956
0.039558
0.040599
0.038297
0.037584
0.037677
0.037214
0.039555
0.038873
0.041447
0.040465
0.050722
0.04119
0.042928
0.040137
0.042196
0.042904
0.04354
0.041149
0.042612
0.040906
0.042722
0.040521
0.040612
0.039823
0.038787
0.039836
0.040069
0.041126
0.038066
0.038589
0.039344
0.038142
0.03867
0.040091
0.036588
0.036956
0.038317
0.038328
0.037331
0.037916
0.03779
0.043024
0.042163
0.04001
0.039702
0.038465
0.041934
0.041032
0.048555
0.045593
0.045435
0.044893
0.046136
0.043781
0.04769
0.046389
0.049773
0.048985
0.048685
0.050042
0.050432
0.049219
0.051118
0.048329
0.050625
0.050869
0.051446
0.049502
0.051114
0.048762
0.050058
0.050807
0.051148
0.05275
0.053501
0.05093
0.052781
0.050025
0.049465
0.049122
0.051953
0.048064
0.046898
0.043939
0.047241
0.044576
0.041071
0.040133
0.043243
0.038936
0.040463
0.041223
0.041897
0.038647
0.037942
0.037641
0.037089
0.038201
0.041121
0.040849
0.040484
0.040782
0.041878
0.040945
0.046705
0.040667
0.038336
0.038875
0.038762
0.038686
0.039209
0.040432
0.038667
0.038829
0.037972
0.038976
0.037391
0.039829
0.039397
0.039508
0.040397
0.043242
0.041287
0.039452
0.039983
0.03753
0.037382
0.03928
0.036981
0.042208
0.040671
0.037597
0.035789
0.03747
0.035768
0.03994
0.036842
0.037544
0.036839
0.038265
0.035782
0.036977
0.041542
0.038468
0.038878
0.039637
0.041136
0.038626
0.040797
0.043952
0.044443
0.041904
0.043513
0.040303
0.043917
0.043056
0.048344
0.045584
0.046979
0.045953
0.047037
0.045974
0.04718
0.046489
0.04667
0.043973
0.045332
0.042559
0.045837
0.046161
0.043742
0.044868
0.04406
0.043507
0.043194
0.041142
0.041426
0.042269
0.039173
0.039994
0.041955
0.036647
0.039377
0.038041
0.035837
0.03644
0.03341
0.036447
0.034462
0.036347
0.034225
0.038091
0.035406
0.035296
0.034727
0.037214
0.035858
0.037066
0.036035
0.036396
0.040604
0.035985
0.03799
0.036774
0.036658
0.036402
0.035679
0.035833
0.035204
0.034587
0.035119
0.033812
0.035819
0.044759
0.040024
0.040291
0.039942
0.039002
0.04366
0.04481
0.045958
0.050134
0.046373
0.046325
0.046309
0.044484
0.044366
0.04412
0.039954
0.037265
0.040534
0.039717
0.038997
0.038383
0.036001
0.03985
0.041249
0.040307
0.039254
0.048958
0.042006
0.041915
0.041843
0.041489
0.038746
0.03805
0.037759
0.035766
0.036872
0.038589
0.040795
0.047257
0.045856
0.046359
0.046878
0.046597
0.045804
0.048287
0.046794
0.044329
0.045906
0.046028
0.04622
0.046505
0.048058
0.043365
0.046689
0.042132
0.044134
0.041937
0.04109
0.038448
0.038518
0.038205
0.03941
0.038924
0.041354
0.039321
0.038692
0.040161
0.039872
0.047308
0.042054
0.041577
0.04099
0.040357
0.03913
0.037098
0.03607
0.034427
0.032761
0.033423
0.03416
0.033858
0.03464
0.034097
0.036768
0.037274
0.036554
0.034786
0.041791
0.039635
0.039869
0.035446
0.035519
0.034381
0.032521
0.035652
0.034752
0.034741
0.035285
0.035422
0.043096
0.038748
0.040082
0.038925
0.039074
0.038803
0.039007
0.039391
0.040479
0.037767
0.040053
0.039546
0.040712
0.040385
0.039526
0.046987
0.04165
0.041739
0.042375
0.045244
0.043841
0.042145
0.044046
0.04547
0.043586
0.045201
0.045727
0.043796
0.04739
0.043767
0.043632
0.04427
0.043912
0.042573
0.044068
0.042344
0.042996
0.041251
0.044995
0.043658
0.044863
0.044358
0.043862
0.043254
0.043004
0.044471
0.044951
0.042955
0.043698
0.047229
0.046265
0.045597
0.045744
0.046828
0.050596
0.048864
0.050216
0.048165
0.051799
0.050232
0.052525
0.051789
0.051231
0.050639
0.051294
0.050813
0.052703
0.05059
0.054923
0.0548
0.054575
0.053187
0.053284
0.049796
0.051966
0.049267
0.047836
0.047991
0.047251
0.046758
0.045094
0.04559
0.046524
0.046338
0.046082
0.044814
0.043344
0.042279
0.041934
0.038737
0.039544
0.040323
0.039627
0.036798
0.03873
0.039106
0.039651
0.038781
0.038749
0.043631
0.042141
0.040321
0.042803
0.042
0.046662
0.042158
0.048286
0.046639
0.047097
0.045527
0.046453
0.046496
0.045832
0.045823
0.044993
0.044155
0.042936
0.040066
0.043863
0.039836
0.039723
0.041238
0.038795
0.038767
0.039418
0.036486
0.037981
0.036524
0.036234
0.035902
0.03583
0.036078
0.035163
0.03607
0.044909
0.037976
0.038919
0.039532
0.040054
0.040648
0.041978
0.042294
0.04973
0.04828
0.046875
0.045409
0.046444
0.044956
0.043742
0.040757
0.04069
0.041649
0.0415
0.039542
0.03811
0.039494
0.038788
0.039108
0.039049
0.039819
0.038789
0.040341
0.039265
0.037084
0.038685
0.037653
0.038287
0.039848
0.037842
0.036488
0.035992
0.036796
0.039013
0.038682
0.038536
0.040228
0.039621
0.04442
0.044559
0.04266
0.04393
0.041713
0.044943
0.0406
0.045553
0.043923
0.043885
0.042733
0.045587
0.043114
0.042884
0.043354
0.041893
0.043944
0.04337
0.040567
0.045487
0.041656
0.04472
0.042694
0.044855
0.04244
0.043523
0.042524
0.045122
0.042021
0.044987
0.042485
0.044627
0.042147
0.047078
0.042993
0.043183
0.042592
0.044851
0.043189
0.0459
0.045016
0.046467
0.048036
0.049204
0.048389
0.048528
0.048624
0.049259
0.047024
0.04904
0.047492
0.048197
0.048017
0.046901
0.048066
0.047852
0.046381
0.048726
0.050952
0.048782
0.046879
0.049191
0.04757
0.047578
0.045826
0.045283
0.039679
0.041876
0.040773
0.041404
0.038914
0.041103
0.038324
0.038888
0.038003
0.039375
0.038556
0.040392
0.038812
0.037699
0.038894
0.039006
0.0375
0.042628
0.037066
0.038306
0.039213
0.047099
0.042294
0.042419
0.042052
0.046471
0.044948
0.045821
0.049207
0.045671
0.044184
0.044346
0.040834
0.04565
0.040077
0.044436
0.039861
0.045498
0.039101
0.038787
0.03763
0.037198
0.036267
0.035831
0.035744
0.036209
0.036498
0.03712
0.035393
0.036314
0.035733
0.040063
0.035573
0.036334
0.035945
0.036031
0.03668
0.035366
0.035975
0.035102
0.037098
0.037213
0.035664
0.037431
0.037131
0.035573
0.039916
0.03618
0.035946
0.036029
0.035917
0.035046
0.034998
0.036422
0.036545
0.035313
0.034842
0.035039
0.036018
0.036729
0.03577
0.036308
0.035437
0.036158
0.042225
0.034918
0.035168
0.035685
0.035485
0.034954
0.036118
0.035237
0.037252
0.035222
0.036854
0.036599
0.044152
0.040798
0.039923
0.039961
0.040298
0.043147
0.044531
0.044778
0.043015
0.043713
0.043439
0.043469
0.047582
0.043858
0.043527
0.0422
0.043399
0.043778
0.043847
0.04413
0.041208
0.041488
0.041108
0.042126
0.041598
0.042444
0.04269
0.048468
0.044967
0.045129
0.043936
0.045925
0.045245
0.046457
0.04562
0.045918
0.04595
0.048354
0.0486
0.051889
0.050742
0.0504
0.051269
0.052063
0.050884
0.051191
0.051789
0.053522
0.053245
0.056175
0.052278
0.055452
0.055418
0.053636
0.055051
0.051896
0.052176
0.053139
0.05171
0.052198
0.049842
0.050375
0.051397
0.050935
0.049271
0.047193
0.042369
0.04272
0.040674
0.041326
0.039597
0.039952
0.040061
0.04085
0.038956
0.037517
0.036102
0.036705
0.035217
0.033891
0.03321
0.031764
0.033613
0.031507
0.033827
0.033692
0.03336
0.035649
0.035255
0.040374
0.03687
0.035621
0.034719
0.034855
0.036098
0.035822
0.034401
0.034871
0.03784
0.035771
0.037267
0.037665
0.037382
0.037692
0.037825
0.037551
0.04446
0.039412
0.040488
0.037545
0.043776
0.039874
0.040289
0.043384
0.043055
0.04382
0.046946
0.044388
0.048755
0.0459
0.049243
0.043892
0.04482
0.044058
0.046087
0.045807
0.047199
0.043502
0.043791
0.043878
0.041771
0.041046
0.044923
0.040388
0.04265
0.039336
0.040115
0.040195
0.040994
0.039397
0.039118
0.038057
0.038039
0.039784
0.040836
0.040418
0.0458
0.041292
0.049417
0.042751
0.045967
0.04354
0.047372
0.044337
0.045947
0.045231
0.047858
0.047754
0.05024
0.049129
0.05111
0.051162
0.050139
0.048629
0.050309
0.049908
0.05008
0.050749
0.049994
0.046774
0.048634
0.045572
0.04657
0.046875
0.043974
0.041187
0.040472
0.038446
0.039145
0.036531
0.03772
0.037948
0.039338
0.037515
0.041184
0.040888
0.040896
0.042988
0.043261
0.053405
0.044963
0.044284
0.045563
0.041906
0.044155
0.042859
0.043901
0.045233
0.045114
0.044158
0.04374
0.044484
0.044412
0.048508
0.043604
0.04285
0.042112
0.040667
0.040929
0.03709
0.043697
0.038576
0.039052
0.039745
0.0416
0.04667
0.044121
0.042866
0.041038
0.039465
0.038873
0.036593
0.03708
0.038918
0.039184
0.04705
0.042642
0.041611
0.041634
0.041889
0.04068
0.042091
0.040638
0.041116
0.041794
0.040963
0.041866
0.042457
0.041575
0.042135
0.043239
0.049927
0.044156
0.045066
0.043735
0.043022
0.043286
0.041734
0.04733
0.044494
0.045015
0.046115
0.050291
0.049745
0.049932
0.046853
0.050841
0.049382
0.045864
0.047623
0.048636
0.047537
0.046641
0.045148
0.047421
0.04559
0.046883
0.045709
0.045483
0.044763
0.044868
0.043302
0.045496
0.042934
0.043692
0.043068
0.043443
0.041608
0.042234
0.04222
0.042225
0.041808
0.041573
0.041308
0.041727
0.043854
0.043931
0.042272
0.043563
0.042593
0.043265
0.040845
0.044737
0.042035
0.039969
0.039718
0.040364
0.039473
0.042978
0.036585
0.041459
0.039367
0.039938
0.039506
0.040862
0.04117
0.041569
0.042517
0.044154
0.042647
0.0435
0.042437
0.042825
0.042762
0.047539
0.043082
0.043164
0.045124
0.042955
0.05004
0.046448
0.045821
0.045663
0.043811
0.046727
0.049217
0.050001
0.0465
0.046908
0.044657
0.043068
0.048253
0.044679
0.042536
0.041853
0.041254
0.040147
0.038913
0.037509
0.041371
0.039347
0.040642
0.042129
0.049617
0.045231
0.043772
0.046587
0.042701
0.042445
0.040449
0.04046
0.039372
0.03892
0.037704
0.041181
0.040708
0.041242
0.043639
0.049839
0.046437
0.046029
0.043918
0.042952
0.041664
0.043871
0.042057
0.040899
0.040407
0.039282
0.037073
0.043826
0.041573
0.039337
0.040239
0.050134
0.046358
0.047421
0.04634
0.047023
0.044362
0.045674
0.045318
0.047388
0.044243
0.045217
0.044998
0.047072
0.047647
0.048622
0.046658
0.048289
0.048614
0.049125
0.048459
0.052741
0.051906
0.050761
0.050516
0.053199
0.05012
0.051348
0.049991
0.05062
0.049973
0.051616
0.051251
0.053525
0.050156
0.050819
0.049245
0.050396
0.048902
0.049252
0.048694
0.049442
0.050828
0.052046
0.050947
0.052256
0.055516
0.051408
0.050252
0.051659
0.051768
0.052457
0.051867
0.052286
0.051345
0.051465
0.051612
0.054425
0.052447
0.053561
0.05241
0.051642
0.051615
0.051463
0.051665
0.050792
0.051568
0.05115
0.051169
0.052818
0.048299
0.050892
0.05396
0.052155
0.049967
0.052567
0.048287
0.050813
0.049834
0.048881
0.047696
0.048335
0.048467
0.047423
0.048269
0.046654
0.044541
0.04872
0.047657
0.048392
0.050758
0.051137
0.050081
0.050755
0.051025
0.050336
0.048474
0.049859
0.049584
0.05043
0.051346
0.054282
0.052155
0.052639
0.052116
0.054643
0.051473
0.052999
0.049908
0.050756
0.050633
0.049285
0.050272
0.052389
0.052024
0.053395
0.051555
0.049834
0.050719
0.050182
0.050195
0.049359
0.048674
0.050114
0.048265
0.050916
0.051711
0.051603
0.050756
0.050388
0.048741
0.050953
0.050317
0.050853
0.049888
0.052704
0.053373
0.0543
0.053119
0.052235
0.051674
0.05741
0.054504
0.055431
0.056312
0.055874
0.058657
0.056319
0.057758
0.055995
0.055794
0.055375
0.056514
0.053473
0.051807
0.053879
0.053344
0.055434
0.057979
0.056722
0.054893
0.058158
0.053738
0.053188
0.052231
0.051113
0.057475
0.05109
0.049688
0.051233
0.050915
0.050867
0.050251
0.048368
0.05236
0.048675
0.046923
0.049398
0.04794
0.047559
0.047307
0.048589
0.046533
0.047481
0.045353
0.049321
0.050334
0.049026
0.049259
0.04946
0.050432
0.050573
0.048725
0.049286
0.048881
0.05086
0.049211
0.049515
0.048245
0.05
0.048809
0.050825
0.051413
0.052265
0.052831
0.053071
0.051773
0.051898
0.050359
0.047997
0.047334
0.048169
0.04604
0.045923
0.042206
0.044236
0.041342
0.040541
0.040567
0.046082
0.042001
0.041727
0.039092
0.043683
0.038793
0.038868
0.039198
0.037127
0.036508
0.036373
0.040962
0.040831
0.040625
0.040807
0.043498
0.041402
0.040754
0.048397
0.0442
0.044128
0.041391
0.043141
0.041186
0.041013
0.04089
0.040734
0.037684
0.038807
0.03732
0.037502
0.038276
0.036533
0.037245
0.03843
0.038443
0.036615
0.045697
0.039307
0.03598
0.035564
0.035463
0.035598
0.035821
0.036512
0.038873
0.046489
0.04171
0.044938
0.045637
0.044742
0.043441
0.044737
0.045483
0.049737
0.051754
0.050499
0.04525
0.047895
0.043224
0.045105
0.040766
0.040928
0.03999
0.042754
0.042169
0.042402
0.041588
0.041464
0.043501
0.041212
0.041665
0.041119
0.039199
0.037232
0.036882
0.040885
0.037483
0.036948
0.036959
0.03753
0.037916
0.039953
0.041723
0.039405
0.038152
0.04112
0.046637
0.042306
0.043852
0.045275
0.042357
0.044755
0.042719
0.044941
0.045186
0.044095
0.045865
0.049409
0.04747
0.047392
0.048378
0.048145
0.048686
0.050017
0.047398
0.04801
0.050543
0.048256
0.048639
0.048569
0.046933
0.047947
0.048638
0.047288
0.045939
0.048432
0.049832
0.052419
0.050043
0.051674
0.04976
0.050103
0.050914
0.05004
0.048721
0.04898
0.048142
0.046745
0.047191
0.046405
0.046114
0.043702
0.043003
0.043435
0.041532
0.0408
0.042277
0.043448
0.039814
0.041683
0.039244
0.041118
0.039218
0.038199
0.036294
0.036196
0.037702
0.03712
0.038066
0.040018
0.037943
0.039599
0.03752
0.042783
0.038278
0.040212
0.0374
0.043584
0.040352
0.042756
0.041067
0.044322
0.038843
0.039649
0.03763
0.039367
0.037173
0.03748
0.03613
0.036635
0.038469
0.03587
0.035228
0.035512
0.037728
0.035126
0.036027
0.036465
0.034812
0.036058
0.037801
0.036115
0.035633
0.035013
0.034135
0.034984
0.034919
0.035009
0.036827
0.035312
0.034712
0.035494
0.035882
0.043071
0.036078
0.036025
0.036552
0.036037
0.035013
0.036446
0.03888
0.037451
0.037559
0.038308
0.037048
0.038958
0.043431
0.039993
0.040952
0.038338
0.037517
0.03778
0.037811
0.036854
0.035928
0.036777
0.036771
0.037211
0.037821
0.038139
0.038938
0.048111
0.041872
0.040738
0.041735
0.042058
0.040317
0.041747
0.039961
0.043708
0.041999
0.042717
0.049986
0.044257
0.043475
0.044532
0.041822
0.042623
0.040347
0.040061
0.037364
0.038065
0.039806
0.038681
0.039648
0.040144
0.040102
0.041192
0.038873
0.039945
0.038751
0.043878
0.039732
0.039775
0.039832
0.04098
0.038306
0.044797
0.042986
0.042912
0.042471
0.043796
0.044563
0.057386
0.046953
0.051389
0.048982
0.047467
0.046374
0.047491
0.046581
0.047337
0.046197
0.048401
0.049274
0.051253
0.046928
0.052271
0.04695
0.04836
0.051894
0.054369
0.049391
0.048846
0.048893
0.046273
0.04702
0.046238
0.043607
0.04326
0.04202
0.039939
0.039403
0.040419
0.040561
0.038164
0.037115
0.040991
0.039985
0.040657
0.040543
0.042758
0.041247
0.040255
0.040475
0.045316
0.040442
0.040225
0.039618
0.040088
0.039778
0.037864
0.039888
0.038784
0.037223
0.038293
0.037932
0.038812
0.03796
0.038986
0.038022
0.041931
0.046596
0.039274
0.039476
0.040262
0.037923
0.038734
0.037974
0.039048
0.037134
0.037465
0.038944
0.036672
0.04391
0.039261
0.038541
0.039433
0.037719
0.034739
0.040031
0.040956
0.040727
0.042709
0.049223
0.045904
0.041905
0.041173
0.042881
0.044018
0.043127
0.043698
0.044357
0.045777
0.046353
0.04549
0.051624
0.046319
0.043744
0.044933
0.042245
0.043125
0.042696
0.039252
0.053336
0.041757
0.044265
0.043072
0.042025
0.04872
0.042154
0.039307
0.039398
0.037636
0.037335
0.038228
0.038251
0.039712
0.04033
0.038475
0.039273
0.042694
0.051029
0.045879
0.046755
0.04806
0.045419
0.04476
0.044745
0.044399
0.046043
0.045286
0.044797
0.043868
0.046714
0.04484
0.041959
0.045868
0.042684
0.043055
0.049652
0.043727
0.042747
0.041334
0.044614
0.041456
0.041326
0.041476
0.044547
0.042465
0.042577
0.041505
0.040629
0.045789
0.042591
0.059747
0.055687
0.051934
0.052261
0.050465
0.052016
0.051087
0.051947
0.052223
0.048781
0.052941
0.052303
0.055019
0.054042
0.053535
0.053877
0.060986
0.056451
0.056503
0.054482
0.056283
0.056188
0.055607
0.055283
0.055078
0.05367
0.05326
0.053207
0.049457
0.052679
0.048345
0.047283
0.047674
0.0454
0.04549
0.048908
0.045322
0.045197
0.04368
0.04201
0.045016
0.045208
0.057585
0.049083
0.049386
0.048679
0.048265
0.043841
0.0464
0.044614
0.046034
0.046907
0.052906
0.043987
0.041636
0.04219
0.042925
0.042203
0.043544
0.038445
0.039061
0.040463
0.041292
0.040785
0.042434
0.041979
0.041175
0.038835
0.039878
0.039422
0.045834
0.042257
0.041987
0.040596
0.045853
0.044113
0.043725
0.041663
0.042526
0.043114
0.042024
0.043384
0.045673
0.045479
0.044173
0.044649
0.045429
0.050965
0.049727
0.045666
0.047745
0.044783
0.044816
0.043953
0.045627
0.045087
0.047651
0.046172
0.04564
0.04455
0.050861
0.043146
0.04252
0.041762
0.041337
0.039035
0.037296
0.035722
0.036103
0.036389
0.034877
0.035702
0.03669
0.037805
0.039283
0.047576
0.042094
0.042604
0.040621
0.040056
0.041558
0.038582
0.038391
0.037784
0.036102
0.034711
0.032385
0.034569
0.034724
0.037882
0.047446
0.044219
0.045693
0.043667
0.04296
0.039984
0.039407
0.037752
0.037765
0.036558
0.036684
0.038104
0.039877
0.042316
0.041343
0.049777
0.04725
0.04664
0.045134
0.042472
0.043265
0.043017
0.042067
0.038995
0.04016
0.039181
0.041057
0.039613
0.039958
0.039938
0.041976
0.03948
0.041241
0.040579
0.049195
0.04251
0.042668
0.041851
0.043313
0.04195
0.041488
0.041333
0.03929
0.038443
0.040282
0.039145
0.040951
0.040186
0.041868
0.041068
0.052498
0.045846
0.046006
0.044683
0.045694
0.042497
0.042819
0.042266
0.041428
0.039663
0.041301
0.041625
0.039898
0.039931
0.040886
0.041025
0.042039
0.040895
0.042051
0.042081
0.042165
0.047786
0.043459
0.044266
0.045111
0.043853
0.043037
0.042703
0.042555
0.045295
0.044933
0.044366
0.043846
0.043706
0.043552
0.04086
0.047205
0.043161
0.04206
0.042631
0.042758
0.042553
0.043908
0.046591
0.044979
0.044099
0.043069
0.042299
0.054036
0.044516
0.043221
0.044915
0.048316
0.043434
0.045861
0.045596
0.046128
0.047048
0.045238
0.04295
0.046646
0.048622
0.048195
0.047952
0.046367
0.047306
0.050529
0.046259
0.047818
0.047186
0.047959
0.04585
0.049652
0.046
0.047168
0.051572
0.05083
0.049183
0.049285
0.048336
0.048355
0.047818
0.045739
0.045097
0.045165
0.045433
0.047676
0.046417
0.044981
0.045309
0.046488
0.04247
0.041502
0.040001
0.040201
0.040346
0.042045
0.041112
0.040501
0.040491
0.040872
0.039218
0.039179
0.037483
0.036484
0.035576
0.034668
0.036313
0.035949
0.035261
0.041607
0.038021
0.037255
0.038773
0.043131
0.041105
0.045044
0.043985
0.04614
0.043747
0.044557
0.043586
0.046193
0.043965
0.047184
0.046674
0.046854
0.046128
0.052367
0.046747
0.046969
0.044336
0.043701
0.043968
0.046074
0.042892
0.043843
0.042315
0.045088
0.044674
0.045031
0.047673
0.046508
0.044365
0.044325
0.043201
0.05009
0.045948
0.045995
0.04884
0.046261
0.046527
0.048706
0.042104
0.042448
0.040624
0.040798
0.041961
0.043095
0.042405
0.042201
0.043145
0.044755
0.056281
0.048679
0.047358
0.04627
0.045597
0.045942
0.044153
0.043838
0.040569
0.042276
0.039806
0.043195
0.042247
0.043614
0.04246
0.044685
0.052013
0.050208
0.049079
0.046074
0.047323
0.047238
0.045681
0.047187
0.043956
0.046223
0.043828
0.046378
0.04588
0.046429
0.046269
0.047543
0.044959
0.043998
0.041476
0.043759
0.046136
0.043785
0.043862
0.046773
0.042182
0.045036
0.048751
0.045796
0.044508
0.046938
0.043078
0.047475
0.046866
0.047063
0.044859
0.045664
0.046891
0.049929
0.050975
0.05159
0.049728
0.0523
0.048701
0.051283
0.051108
0.049499
0.049477
0.05007
0.050967
0.052829
0.052108
0.053754
0.051676
0.051913
0.053255
0.051658
0.050571
0.052013
0.049838
0.049298
0.048584
0.049848
0.051054
0.052627
0.050263
0.051261
0.050076
0.048022
0.050001
0.046191
0.048865
0.045529
0.044744
0.044207
0.043277
0.045194
0.043909
0.044603
0.043495
0.040897
0.039867
0.036182
0.035484
0.034356
0.035237
0.035169
0.037434
0.039134
0.047159
0.040702
0.041354
0.039954
0.040422
0.038033
0.037589
0.038306
0.039259
0.03734
0.039
0.041178
0.041081
0.04692
0.041973
0.044005
0.042226
0.044957
0.043549
0.043736
0.043734
0.04411
0.043164
0.041991
0.040802
0.044523
0.042347
0.046172
0.041043
0.042326
0.039703
0.048963
0.046362
0.046439
0.044291
0.044981
0.043703
0.043542
0.041539
0.042015
0.043069
0.041341
0.040959
0.043377
0.042506
0.040543
0.04179
0.043826
0.045158
0.045238
0.043038
0.04444
0.050378
0.045287
0.045889
0.044789
0.043536
0.045012
0.043637
0.044879
0.043051
0.042844
0.04105
0.04351
0.038786
0.04153
0.039334
0.041506
0.038825
0.039113
0.039306
0.040224
0.038023
0.044733
0.038672
0.041055
0.037758
0.037656
0.043383
0.038014
0.040187
0.038065
0.039304
0.039788
0.043664
0.043004
0.042143
0.042451
0.041514
0.042297
0.042551
0.048117
0.047566
0.046061
0.046624
0.046687
0.047663
0.048118
0.047369
0.047868
0.046687
0.049059
0.046636
0.047524
0.047813
0.048573
0.048333
0.049365
0.048153
0.048252
0.047993
0.051936
0.052725
0.052458
0.051013
0.051948
0.051564
0.052049
0.051249
0.051242
0.049989
0.050117
0.049414
0.049572
0.047404
0.048592
0.04704
0.04819
0.047918
0.048489
0.048467
0.04635
0.043126
0.045662
0.041565
0.043159
0.041596
0.044278
0.041198
0.042997
0.041455
0.041007
0.040837
0.044301
0.044913
0.043019
0.040855
0.047716
0.042646
0.041613
0.04351
0.039782
0.044918
0.041738
0.040166
0.041478
0.041467
0.046338
0.042149
0.045419
0.041589
0.053613
0.045368
0.044984
0.043091
0.043845
0.04212
0.04224
0.03935
0.041748
0.043078
0.043504
0.042288
0.043731
0.048384
0.046152
0.044866
0.045548
0.044497
0.044489
0.042402
0.045833
0.047109
0.045508
0.045547
0.04975
0.045673
0.046406
0.046798
0.04916
0.047164
0.048542
0.046615
0.053735
0.050368
0.050773
0.048775
0.049992
0.049425
0.049734
0.048427
0.048252
0.045792
0.050901
0.046391
0.047747
0.045445
0.046382
0.044462
0.045944
0.044369
0.046317
0.044537
0.048526
0.045947
0.047848
0.044687
0.05342
0.049158
0.049467
0.049521
0.047963
0.048469
0.046733
0.048886
0.051995
0.04733
0.049605
0.048079
0.047023
0.048628
0.04898
0.044822
0.047137
0.049342
0.047302
0.048023
0.049398
0.046753
0.048601
0.04639
0.047108
0.04935
0.047462
0.044715
0.044821
0.045233
0.044673
0.045822
0.048521
0.045792
0.057395
0.052253
0.051354
0.050456
0.047815
0.047485
0.04802
0.046982
0.045777
0.045063
0.046478
0.044335
0.046974
0.044845
0.046225
0.046128
0.045126
0.042792
0.044239
0.045
0.045964
0.04382
0.044623
0.043621
0.046452
0.043791
0.054297
0.048526
0.045447
0.047132
0.04606
0.04739
0.048209
0.046152
0.047901
0.046864
0.048373
0.047434
0.047481
0.044562
0.046603
0.043352
0.043482
0.045232
0.047828
0.046062
0.046332
0.043253
0.045568
0.044596
0.044154
0.042655
0.045687
0.042618
0.044566
0.041569
0.04292
0.046215
0.047531
0.044975
0.05306
0.049117
0.048179
0.049242
0.048538
0.049694
0.049569
0.048881
0.053964
0.050576
0.052611
0.052007
0.053086
0.053105
0.051039
0.051092
0.051747
0.052441
0.053262
0.048298
0.049708
0.050084
0.048912
0.046565
0.047146
0.04365
0.043241
0.044396
0.045795
0.047363
0.045926
0.046149
0.046616
0.045196
0.052582
0.057318
0.051015
0.048905
0.050294
0.048101
0.046756
0.046309
0.045475
0.045418
0.049119
0.044931
0.045154
0.045682
0.045163
0.04635
0.044006
0.04156
0.042173
0.040407
0.045646
0.041932
0.040713
0.038913
0.042836
0.053711
0.048349
0.046042
0.046242
0.043687
0.044058
0.042997
0.039296
0.039758
0.038892
0.038153
0.038815
0.037738
0.036496
0.037356
0.039116
0.038427
0.039516
0.036219
0.043883
0.038078
0.038078
0.042045
0.040305
0.039175
0.038779
0.037212
0.040956
0.039107
0.0385
0.037944
0.034642
0.033994
0.034463
0.033529
0.031355
0.031992
0.034643
0.033195
0.034871
0.034255
0.035248
0.033461
0.035381
0.040982
0.036723
0.036829
0.036694
0.041086
0.042081
0.042804
0.043294
0.044018
0.045391
0.044541
0.045858
0.043403
0.04212
0.042159
0.043417
0.041105
0.041131
0.041188
0.03998
0.042827
0.043333
0.048421
0.042113
0.041076
0.044054
0.040803
0.038293
0.039734
0.038539
0.036092
0.041121
0.040012
0.040864
0.039935
0.040876
0.040497
0.054072
0.044413
0.046599
0.045478
0.04634
0.045648
0.047197
0.04632
0.045689
0.047798
0.04819
0.048264
0.047322
0.05825
0.052489
0.049405
0.050713
0.048564
0.048219
0.045108
0.04433
0.044338
0.045071
0.044825
0.042276
0.042044
0.039665
0.037795
0.03837
0.040012
0.038108
0.037332
0.036641
0.035425
0.036614
0.03547
0.037275
0.038097
0.03643
0.043009
0.046369
0.04187
0.043041
0.041012
0.040203
0.036413
0.036142
0.035161
0.035562
0.034541
0.033773
0.035134
0.035136
0.035506
0.036145
0.034958
0.039528
0.038156
0.037786
0.036552
0.038549
0.038086
0.039067
0.037604
0.038037
0.038799
0.038171
0.037329
0.047112
0.039346
0.04001
0.037237
0.036515
0.035101
0.03315
0.034252
0.033449
0.033478
0.034607
0.03686
0.035159
0.037109
0.039
0.037308
0.039294
0.046619
0.042372
0.040921
0.047622
0.040563
0.042997
0.041619
0.04176
0.041283
0.042698
0.041555
0.042906
0.043065
0.042141
0.042147
0.041678
0.041006
0.043509
0.041668
0.039953
0.041139
0.042819
0.043304
0.044067
0.041771
0.042056
0.04138
0.043039
0.039511
0.040285
0.036963
0.037177
0.035952
0.036245
0.035418
0.034147
0.033754
0.033699
0.032973
0.032099
0.032528
0.031586
0.032616
0.032676
0.032885
0.032189
0.031861
0.031975
0.033988
0.034527
0.035076
0.03937
0.036159
0.036458
0.036093
0.036237
0.035594
0.035343
0.037455
0.036394
0.036424
0.037185
0.04309
0.038385
0.03892
0.036412
0.03557
0.035044
0.036677
0.038142
0.045195
0.041025
0.040282
0.04185
0.038593
0.04092
0.038133
0.036016
0.037157
0.035275
0.036559
0.036127
0.035261
0.037305
0.036494
0.034839
0.035878
0.043951
0.036707
0.03686
0.036755
0.037657
0.037436
0.040222
0.039183
0.040446
0.03974
0.044827
0.040034
0.040718
0.038942
0.038911
0.036237
0.037972
0.035573
0.035341
0.036216
0.03386
0.032977
0.033448
0.034726
0.033862
0.038953
0.034771
0.043025
0.039387
0.037981
0.036656
0.037058
0.034457
0.036593
0.035824
0.03509
0.035691
0.033598
0.032963
0.033349
0.033339
0.032643
0.034435
0.032742
0.032096
0.032865
0.040681
0.034946
0.034714
0.034695
0.03523
0.034224
0.034815
0.033823
0.035914
0.036205
0.035447
0.036053
0.038484
0.036931
0.035846
0.036222
0.03615
0.035755
0.040652
0.035809
0.034518
0.034236
0.034496
0.034806
0.03323
0.034007
0.035254
0.033538
0.034119
0.034576
0.04148
0.036009
0.037177
0.036267
0.037286
0.036188
0.041491
0.040309
0.043137
0.041538
0.050313
0.046796
0.049859
0.048118
0.049079
0.047523
0.053115
0.047819
0.05075
0.049533
0.052117
0.050182
0.051206
0.050018
0.051024
0.049569
0.054413
0.055758
0.053365
0.055246
0.057109
0.05191
0.051272
0.049184
0.04838
0.049279
0.049298
0.048078
0.047201
0.045719
0.046937
0.046445
0.048669
0.049316
0.048471
0.048556
0.050719
0.04774
0.049201
0.050282
0.048596
0.049469
0.051266
0.05292
0.055102
0.052266
0.05198
0.057715
0.054245
0.051898
0.05378
0.052885
0.051183
0.051318
0.05199
0.051118
0.049837
0.049342
0.048315
0.046449
0.047759
0.044925
0.044567
0.046164
0.044594
0.042295
0.044465
0.0414
0.044388
0.042722
0.043528
0.043523
0.043518
0.042732
0.047666
0.041175
0.043386
0.049881
0.048793
0.046552
0.045827
0.046669
0.047131
0.047014
0.04717
0.044368
0.049409
0.049646
0.051393
0.049636
0.048101
0.046549
0.044805
0.049757
0.046545
0.043848
0.041128
0.039185
0.046432
0.039627
0.038211
0.034855
0.034119
0.034844
0.036889
0.038898
0.037519
0.042026
0.040656
0.04064
0.041718
0.040447
0.042516
0.04203
0.044025
0.050174
0.050281
0.050593
0.051136
0.047377
0.048689
0.047449
0.048916
0.049037
0.053816
0.049961
0.05265
0.054655
0.055655
0.05153
0.063668
0.062762
0.057095
0.058195
0.05802
0.055282
0.057952
0.056068
0.054176
0.055532
0.057157
0.053166
0.053642
0.05193
0.051631
0.052944
0.054489
0.053441
0.050647
0.049951
0.050479
0.048296
0.046718
0.049227
0.046578
0.046419
0.045205
0.044102
0.041153
0.040436
0.040223
0.038927
0.040511
0.039272
0.03711
0.038273
0.038286
0.038873
0.039534
0.037144
0.037604
0.038849
0.039238
0.037294
0.038701
0.036856
0.036333
0.036707
0.038515
0.036639
0.038814
0.039423
0.040474
0.046204
0.041662
0.041715
0.042461
0.039943
0.041003
0.040072
0.040226
0.041687
0.042205
0.044764
0.049651
0.041928
0.042622
0.044328
0.039767
0.036396
0.035039
0.034952
0.034593
0.035222
0.035569
0.036842
0.037394
0.046121
0.039994
0.038277
0.038759
0.039332
0.037154
0.038509
0.03814
0.037542
0.03824
0.036321
0.035616
0.035048
0.03409
0.0388
0.035844
0.034427
0.034883
0.036368
0.034966
0.037417
0.036376
0.037048
0.035922
0.037588
0.04293
0.040191
0.042795
0.040705
0.041374
0.039274
0.040694
0.043636
0.042502
0.043253
0.042621
0.04216
0.044872
0.04219
0.047502
0.044753
0.046525
0.044725
0.045615
0.044801
0.046405
0.044745
0.049101
0.043778
0.043219
0.04097
0.041161
0.04198
0.042503
0.042458
0.040145
0.038745
0.036568
0.03573
0.035148
0.036146
0.034349
0.034637
0.033626
0.033892
0.034767
0.034918
0.036149
0.036069
0.034599
0.034046
0.033771
0.035084
0.03691
0.035662
0.037375
0.036428
0.037984
0.036602
0.042587
0.041353
0.046937
0.043953
0.04364
0.042243
0.041783
0.039437
0.038164
0.036408
0.041832
0.037845
0.03621
0.03455
0.037747
0.035384
0.035876
0.036388
0.041302
0.036398
0.044184
0.039545
0.041333
0.038784
0.039456
0.041268
0.042777
0.041248
0.043323
0.041645
0.040094
0.038435
0.038354
0.036703
0.035924
0.035275
0.042349
0.038553
0.040443
0.041226
0.039418
0.03907
0.040287
0.040255
0.042782
0.043165
0.041795
0.040804
0.039919
0.040543
0.038926
0.038792
0.037144
0.035588
0.036233
0.035067
0.034978
0.037989
0.038548
0.036905
0.036708
0.042478
0.037834
0.037442
0.039623
0.036668
0.039653
0.039231
0.041163
0.040428
0.044996
0.041407
0.041114
0.037119
0.035291
0.034132
0.033883
0.034001
0.034881
0.034486
0.035588
0.035258
0.035035
0.035496
0.034177
0.042175
0.036633
0.037593
0.040086
0.037587
0.040802
0.040142
0.040319
0.037987
0.037564
0.036298
0.040129
0.03566
0.03217
0.029505
0.026986
0.03011
0.037243
0.035376
0.035932
0.036195
0.034423
0.036631
0.035826
0.037065
0.038433
0.036761
0.041571
0.044672
0.043014
0.044783
0.046613
0.046409
0.044576
0.044765
0.044829
0.047825
0.04496
0.046193
0.04749
0.049746
0.04716
0.051342
0.049171
0.049123
0.049383
0.050957
0.048207
0.049651
0.051375
0.053474
0.051717
0.053659
0.052359
0.054186
0.050163
0.052798
0.050074
0.050618
0.048586
0.05036
0.047876
0.049318
0.047286
0.048352
0.047184
0.05004
0.046671
0.050186
0.046634
0.046676
0.046858
0.04804
0.044988
0.046378
0.046167
0.045217
0.045314
0.047009
0.048244
0.049064
0.047094
0.04903
0.047975
0.048747
0.049652
0.048622
0.050198
0.047739
0.049789
0.04878
0.048015
0.046204
0.045337
0.048832
0.044958
0.046444
0.04615
0.046442
0.046294
0.046376
0.044745
0.04846
0.046189
0.044392
0.046426
0.047004
0.045291
0.045743
0.046751
0.044846
0.046381
0.048327
0.044201
0.047381
0.055602
0.050698
0.050081
0.04921
0.048757
0.04567
0.045314
0.045523
0.045319
0.046006
0.044303
0.046666
0.045397
0.044822
0.044721
0.044605
0.043055
0.043006
0.049564
0.047449
0.043389
0.045169
0.04663
0.046817
0.043764
0.045098
0.04619
0.048064
0.044517
0.046602
0.044489
0.046323
0.04654
0.051492
0.049189
0.048057
0.049069
0.04931
0.047005
0.049326
0.048694
0.046999
0.048859
0.048938
0.048052
0.047476
0.045666
0.044738
0.045288
0.044562
0.045467
0.043298
0.044258
0.043396
0.041762
0.048523
0.047318
0.047261
0.045188
0.046112
0.045061
0.044693
0.044763
0.045186
0.044638
0.04546
0.042725
0.044844
0.043713
0.044437
0.045915
0.045525
0.04603
0.053474
0.051535
0.050326
0.050393
0.051453
0.049403
0.051645
0.051118
0.053937
0.051772
0.053472
0.049592
0.04875
0.048836
0.050725
0.053478
0.051621
0.050402
0.051143
0.047801
0.047916
0.045781
0.046709
0.045667
0.043304
0.041637
0.042886
0.040721
0.040781
0.038298
0.040644
0.042222
0.039314
0.038247
0.037143
0.038628
0.042111
0.037435
0.036995
0.038477
0.040457
0.038614
0.042646
0.042009
0.042002
0.040706
0.043342
0.042822
0.043963
0.04294
0.042734
0.040404
0.043432
0.041345
0.041001
0.041511
0.040063
0.039159
0.039737
0.038235
0.036897
0.036452
0.036694
0.0395
0.034356
0.036759
0.035387
0.034391
0.03512
0.039081
0.034129
0.040395
0.041151
0.037399
0.040495
0.041172
0.042491
0.041406
0.042397
0.045287
0.043408
0.042098
0.040779
0.041047
0.038634
0.039012
0.037448
0.039431
0.039489
0.038893
0.039378
0.037454
0.03812
0.038341
0.036516
0.036549
0.041049
0.037185
0.037127
0.037373
0.035835
0.044918
0.041968
0.039918
0.042032
0.040976
0.041634
0.039983
0.042449
0.04052
0.043922
0.044742
0.045302
0.045455
0.047614
0.04628
0.048905
0.046867
0.048844
0.046715
0.047065
0.045653
0.045978
0.044941
0.046631
0.049222
0.048108
0.049167
0.048894
0.049659
0.049993
0.050835
0.048529
0.045167
0.045785
0.046203
0.046846
0.045211
0.044041
0.043779
0.042635
0.040258
0.039831
0.038383
0.040831
0.040335
0.041825
0.039266
0.039138
0.036597
0.037989
0.037794
0.034123
0.037645
0.038879
0.039514
0.038802
0.044746
0.04017
0.040118
0.043731
0.042408
0.043513
0.041507
0.042609
0.045944
0.04667
0.044033
0.04174
0.041431
0.040695
0.038017
0.038765
0.039004
0.039008
0.039037
0.036924
0.037794
0.036572
0.036141
0.036311
0.036096
0.036935
0.036796
0.037016
0.036916
0.038335
0.034741
0.035373
0.036797
0.035575
0.035624
0.036974
0.037217
0.037365
0.036904
0.0367
0.036107
0.036714
0.036407
0.038171
0.036868
0.036063
0.036695
0.036761
0.036128
0.035589
0.035978
0.036731
0.036116
0.035444
0.035665
0.035424
0.039744
0.036773
0.03986
0.035021
0.035551
0.03457
0.039665
0.039146
0.037199
0.041666
0.041637
0.039677
0.042238
0.040964
0.041685
0.043975
0.04553
0.044252
0.042631
0.042919
0.042013
0.042993
0.042491
0.043381
0.044726
0.041635
0.041134
0.03917
0.045764
0.042059
0.042988
0.04203
0.040532
0.047767
0.044218
0.047152
0.045665
0.045736
0.046588
0.051545
0.049168
0.048923
0.048532
0.047008
0.047191
0.048936
0.047892
0.053106
0.052875
0.052588
0.050504
0.052202
0.050899
0.052904
0.05057
0.051476
0.050543
0.050168
0.055397
0.05006
0.049318
0.047815
0.049387
0.048444
0.046956
0.047976
0.047394
0.048117
0.044777
0.044809
0.040172
0.042986
0.041872
0.043779
0.041982
0.043382
0.039259
0.040379
0.04075
0.037816
0.036758
0.034201
0.034527
0.033243
0.033559
0.032536
0.033125
0.032982
0.033114
0.034049
0.038349
0.03585
0.033512
0.035025
0.034649
0.036363
0.038771
0.038732
0.037592
0.036649
0.036025
0.040668
0.037488
0.038325
0.038804
0.036564
0.041383
0.037712
0.036709
0.039767
0.040248
0.040266
0.042808
0.044194
0.044011
0.044553
0.049354
0.047157
0.048008
0.046914
0.044367
0.045614
0.044871
0.04116
0.044019
0.042807
0.042157
0.041901
0.040294
0.040708
0.041132
0.038934
0.041114
0.037226
0.039513
0.039474
0.039632
0.040933
0.042806
0.052918
0.047266
0.046621
0.048152
0.049204
0.048989
0.049838
0.048956
0.051075
0.051614
0.048327
0.058318
0.053643
0.051804
0.050785
0.048203
0.045465
0.048037
0.044528
0.042818
0.043481
0.039084
0.037664
0.03872
0.036855
0.039299
0.038004
0.040718
0.041508
0.044962
0.052482
0.046737
0.043636
0.042579
0.04219
0.041137
0.043395
0.043424
0.045159
0.043903
0.045271
0.045402
0.044125
0.044018
0.047198
0.043088
0.040576
0.039187
0.041588
0.048428
0.038609
0.039182
0.052331
0.043535
0.041012
0.041398
0.03962
0.035051
0.03756
0.039123
0.039672
0.04549
0.042939
0.045127
0.041824
0.041233
0.039302
0.041251
0.041377
0.041656
0.041383
0.041448
0.042072
0.042466
0.054635
0.045258
0.044417
0.047468
0.045427
0.04453
0.047558
0.048202
0.050339
0.046234
0.046392
0.048239
0.044812
0.045198
0.043134
0.045614
0.04336
0.04484
0.045253
0.046805
0.055083
0.048204
0.048113
0.047548
0.044597
0.04345
0.040871
0.041076
0.03829
0.036646
0.03773
0.039555
0.041453
0.041059
0.041057
0.041265
0.048099
0.047025
0.045354
0.043194
0.041318
0.043341
0.038603
0.038596
0.037168
0.040008
0.040023
0.042858
0.040029
0.039601
0.038475
0.041285
0.050208
0.044272
0.042554
0.04272
0.042391
0.041403
0.042043
0.042261
0.040141
0.040543
0.040299
0.041195
0.038579
0.040248
0.040203
0.040366
0.041296
0.043585
0.042921
0.042282
0.042632
0.044239
0.042458
0.041578
0.042272
0.04106
0.042368
0.042183
0.042972
0.043231
0.042555
0.043883
0.042471
0.041472
0.038353
0.040438
0.039347
0.040881
0.041497
0.041571
0.04357
0.041481
0.042453
0.042846
0.042292
0.04429
0.044849
0.04537
0.045
0.045799
0.044769
0.047373
0.046138
0.047742
0.046883
0.049667
0.047336
0.048404
0.049446
0.048888
0.0496
0.054141
0.052754
0.052426
0.052547
0.054115
0.051116
0.051948
0.053446
0.052058
0.05334
0.052946
0.051471
0.050524
0.051296
0.051749
0.050588
0.053051
0.052365
0.052431
0.051863
0.051604
0.046254
0.050177
0.048939
0.048387
0.048466
0.047659
0.046467
0.04796
0.046753
0.045489
0.044649
0.04847
0.045423
0.045221
0.044389
0.043637
0.044346
0.04886
0.044054
0.045827
0.042673
0.0459
0.040939
0.045589
0.044616
0.041618
0.039158
0.040261
0.04312
0.041798
0.049645
0.048071
0.044752
0.045986
0.044249
0.043167
0.041566
0.042617
0.039986
0.042155
0.041462
0.040854
0.042492
0.044058
0.055009
0.049148
0.049291
0.048845
0.048462
0.046819
0.047971
0.046901
0.045524
0.045843
0.046291
0.044996
0.045599
0.050582
0.057337
0.051763
0.048931
0.050716
0.049325
0.050027
0.047575
0.04689
0.045614
0.045508
0.048109
0.046945
0.044824
0.048314
0.044316
0.048423
0.045003
0.046741
0.052813
0.056655
0.048653
0.050356
0.049729
0.046069
0.045261
0.045693
0.04362
0.04678
0.045389
0.045952
0.043778
0.045667
0.044418
0.056477
0.04765
0.047582
0.04516
0.045849
0.042622
0.045646
0.044279
0.043333
0.042326
0.045353
0.045726
0.053745
0.04749
0.049097
0.048282
0.048876
0.046547
0.047803
0.044029
0.043813
0.042786
0.047567
0.045723
0.047049
0.05342
0.049089
0.058769
0.049186
0.051323
0.049772
0.048709
0.047055
0.047037
0.046124
0.044353
0.045403
0.044358
0.046454
0.045059
0.047883
0.048617
0.057282
0.049641
0.051905
0.053038
0.047797
0.044992
0.046072
0.045812
0.043092
0.043236
0.043232
0.043273
0.043851
0.046137
0.057478
0.04763
0.047903
0.047219
0.045021
0.047127
0.04574
0.049485
0.048166
0.048994
0.048807
0.046738
0.062277
0.053579
0.053812
0.051956
0.051905
0.051789
0.050057
0.046711
0.04684
0.043793
0.045047
0.052204
0.044834
0.045364
0.045651
0.044355
0.045391
0.048338
0.055629
0.046369
0.044763
0.043781
0.043571
0.042558
0.041743
0.0434
0.042039
0.043413
0.047665
0.043642
0.055344
0.045787
0.046304
0.046555
0.05007
0.045593
0.045041
0.045107
0.04558
0.043033
0.045138
0.043945
0.048706
0.04621
0.047478
0.055823
0.048314
0.046156
0.046258
0.046188
0.044437
0.04308
0.047376
0.046574
0.045122
0.042346
0.044445
0.054345
0.050229
0.050854
0.050182
0.045066
0.045764
0.044641
0.042689
0.042681
0.044453
0.045871
0.046342
0.046789
0.058729
0.05104
0.050254
0.052572
0.049411
0.046504
0.048364
0.044238
0.045551
0.04392
0.045424
0.047952
0.04757
0.046443
0.058857
0.052268
0.051034
0.04912
0.050721
0.046348
0.045901
0.043513
0.043907
0.044445
0.046244
0.046372
0.054398
0.048205
0.051064
0.051509
0.050739
0.048242
0.049319
0.048563
0.050553
0.050452
0.052502
0.05233
0.062383
0.054921
0.053874
0.050647
0.052709
0.0513
0.049748
0.049566
0.050714
0.047001
0.047276
0.048664
0.05299
0.059236
0.053072
0.049825
0.051431
0.050022
0.049253
0.047968
0.049479
0.048483
0.05213
0.048084
0.05034
0.051389
0.061721
0.057806
0.056332
0.054555
0.052903
0.052437
0.051421
0.051175
0.054009
0.05123
0.051076
0.058783
0.054805
0.05323
0.052806
0.050565
0.048856
0.050359
0.053171
0.048933
0.045508
0.047655
0.045543
0.048874
0.047291
0.0529
0.048425
0.048662
0.053088
0.048751
0.051415
0.047722
0.048667
0.049999
0.051053
0.050018
0.049193
0.04941
0.063054
0.05614
0.054033
0.054533
0.051149
0.050528
0.053003
0.050473
0.051324
0.047448
0.048839
0.048689
0.050967
0.053221
0.049043
0.050793
0.058371
0.053065
0.051556
0.051606
0.052694
0.050746
0.051061
0.048083
0.046055
0.050186
0.049898
0.048496
0.050813
0.051187
0.050977
0.059882
0.055366
0.050891
0.051498
0.050143
0.052874
0.05074
0.049893
0.046757
0.047252
0.049438
0.049022
0.046046
0.047814
0.047389
0.045344
0.046827
0.053638
0.046723
0.04633
0.045917
0.046089
0.052363
0.047505
0.04458
0.046686
0.043387
0.045215
0.048754
0.049282
0.050067
0.047467
0.047729
0.053713
0.052929
0.051355
0.050735
0.050769
0.050894
0.049979
0.051468
0.050809
0.05218
0.051256
0.049929
0.051654
0.049801
0.052405
0.050918
0.055901
0.052246
0.053785
0.052124
0.051957
0.053138
0.052914
0.053557
0.053131
0.050971
0.05269
0.054049
0.05548
0.053658
0.05423
0.055563
0.054622
0.052733
0.052879
0.052014
0.053051
0.054021
0.054074
0.05356
0.057158
0.056605
0.057592
0.056942
0.058103
0.057742
0.057941
0.055557
0.057611
0.058134
0.06114
0.056809
0.056512
0.059089
0.058652
0.05621
0.059315
0.055888
0.058793
0.057036
0.057851
0.056976
0.057264
0.059558
0.056494
0.056031
0.056684
0.053995
0.05582
0.054896
0.056178
0.056623
0.059489
0.061546
0.060704
0.056728
0.057728
0.055704
0.053076
0.054316
0.053787
0.05284
0.052378
0.050975
0.051426
0.049631
0.050246
0.048829
0.048913
0.047968
0.049294
0.047907
0.048533
0.047362
0.048001
0.050908
0.048005
0.046966
0.049812
0.052729
0.049649
0.048145
0.047922
0.047665
0.04548
0.04418
0.043281
0.045405
0.044313
0.041742
0.042659
0.042135
0.042119
0.040568
0.041132
0.040785
0.041416
0.039161
0.039552
0.04338
0.03894
0.036736
0.037463
0.036454
0.035417
0.039348
0.050619
0.043922
0.045049
0.042895
0.04378
0.041956
0.043549
0.043041
0.044214
0.04222
0.041321
0.041084
0.038884
0.041541
0.040008
0.039748
0.040316
0.03898
0.037853
0.039155
0.040578
0.039813
0.043202
0.039446
0.039103
0.041915
0.046594
0.041492
0.044883
0.046731
0.049332
0.049099
0.050746
0.047214
0.049659
0.051598
0.053108
0.05138
0.051415
0.049649
0.047536
0.047477
0.046638
