0.007069
0.028216
0.030493
0.030772
0.030729
0.031343
0.029629
0.029665
0.031734
0.029845
0.030179
0.031014
0.029226
0.034821
0.030946
0.030501
0.029744
0.031358
0.029641
0.030727
0.030885
0.030618
0.031377
0.034985
0.032033
0.029947
0.031082
0.03001
0.029491
0.032026
0.031028
0.032055
0.032265
0.031109
0.031419
0.031662
0.03135
0.031564
0.031124
0.031477
0.03127
0.031264
0.029734
0.030289
0.03113
0.030239
0.030109
0.031611
0.030409
0.03107
0.030247
0.030819
0.030882
0.031707
0.030962
0.030965
0.031561
0.030201
0.030856
0.03096
0.030792
0.030706
0.03239
0.031388
0.031024
0.031147
0.030925
0.031653
0.031044
0.030797
0.029878
0.03074
0.03217
0.031542
0.030069
0.031119
0.033478
0.030717
0.031022
0.032132
0.030297
0.029887
0.030661
0.031456
0.029681
0.030294
0.029678
0.032359
0.031171
0.031803
0.031713
0.030724
0.030553
0.030297
0.029492
0.030599
0.029329
0.029855
0.030721
0.037863
0.028472
0.029517
0.02935
0.028088
0.033654
0.02973
0.027559
0.028924
0.02884
0.029974
0.029604
0.028886
0.032165
0.029663
0.030928
0.029393
0.029175
0.031929
0.02932
0.031013
0.03139
0.032231
0.030532
0.030954
0.030703
0.031428
0.030936
0.029561
0.029443
0.030165
0.028637
0.029271
0.028755
0.028584
0.030542
0.030519
0.027884
0.029334
0.03026
0.029032
0.028739
0.02843
0.02771
0.027987
0.028062
0.02761
0.02831
0.028126
0.027987
0.027626
0.027756
0.02624
0.026209
0.026121
0.024977
0.025898
0.025685
0.02593
0.025168
0.027103
0.024258
0.024144
0.023953
0.023162
0.022925
0.022592
0.022085
0.022722
0.022656
0.022524
0.021694
0.021296
0.021137
0.021781
0.021261
0.020545
0.021488
0.021487
0.021763
0.020809
0.021354
0.021625
0.02067
0.020715
0.020894
0.022096
0.021043
0.020943
0.021695
0.020874
0.020747
0.020873
0.020626
0.020795
0.020978
0.021435
0.020881
0.021543
0.022195
0.022905
0.022888
0.022804
0.022341
0.022448
0.022554
0.022837
0.023703
0.023521
0.023844
0.024017
0.024929
0.023684
0.024289
0.024411
0.023854
0.025826
0.025932
0.026096
0.025223
0.02793
0.025281
0.024666
0.026134
0.024654
0.027382
0.029179
0.026424
0.028226
0.027674
0.028078
0.032372
0.033716
0.0291
0.033291
0.030657
0.02951
0.029638
0.03215
0.031758
0.031353
0.031392
0.031992
0.036591
0.035276
0.032682
0.032308
0.032378
0.033435
0.03341
0.03362
0.03692
0.033235
0.032804
0.031503
0.033068
0.039898
0.034004
0.035767
0.033134
0.036847
0.032179
0.036226
0.033413
0.032899
0.032693
0.031649
0.032603
0.032165
0.031764
0.03592
0.032942
0.032042
0.03291
0.03289
0.033036
0.033083
0.036809
0.034465
0.034529
0.033355
0.033296
0.03414
0.034035
0.0383
0.03439
0.035359
0.035118
0.035278
0.036427
0.034574
0.038837
0.036758
0.036508
0.036272
0.036889
0.037239
0.038015
0.035872
0.039147
0.037154
0.036235
0.037069
0.039099
0.036781
0.036668
0.036575
0.040713
0.037499
0.036656
0.037667
0.036853
0.036644
0.042509
0.037442
0.035248
0.035703
0.034944
0.035577
0.036008
0.035944
0.038416
0.036618
0.036144
0.036004
0.03618
0.037176
0.035479
0.035273
0.038684
0.036351
0.035862
0.035709
0.035879
0.035986
0.034765
0.039099
0.034901
0.033834
0.031237
0.033538
0.032473
0.038791
0.035927
0.034037
0.03432
0.032986
0.032247
0.034691
0.033797
0.033294
0.034584
0.032112
0.032974
0.032992
0.034682
0.04109
0.034857
0.034597
0.035
0.033478
0.033813
0.032695
0.033495
0.032149
0.032919
0.033322
0.031328
0.03213
0.030959
0.032686
0.031896
0.03177
0.031187
0.031135
0.031012
0.02977
0.028211
0.02755
0.026986
0.025842
0.02588
0.025091
0.026392
0.025977
0.025482
0.02716
0.027182
0.029545
0.028782
0.035564
0.03214
0.032649
0.032695
0.032661
0.032606
0.032664
0.033139
0.031912
0.03237
0.031699
0.032911
0.032807
0.033053
0.031692
0.033379
0.033623
0.033978
0.033871
0.033712
0.032307
0.033111
0.032461
0.031974
0.033032
0.032966
0.033413
0.034568
0.033645
0.033038
0.033028
0.032597
0.032733
0.036542
0.03433
0.033608
0.032293
0.034321
0.033288
0.034113
0.033349
0.033364
0.033542
0.033347
0.033813
0.034354
0.034314
0.038209
0.034321
0.033529
0.033023
0.031573
0.031258
0.030988
0.030475
0.033845
0.031962
0.031592
0.031164
0.030523
0.032109
0.031953
0.031867
0.034366
0.034087
0.031533
0.031589
0.037461
0.032956
0.031783
0.032128
0.0326
0.029411
0.030396
0.030638
0.034265
0.032253
0.031475
0.030747
0.03173
0.035317
0.031546
0.030763
0.030371
0.029997
0.029673
0.028962
0.029441
0.031183
0.030616
0.030018
0.029194
0.030763
0.030179
0.033314
0.03105
0.030162
0.029069
0.029285
0.029883
0.030354
0.030874
0.031192
0.030301
0.035051
0.030891
0.030055
0.028992
0.029645
0.028333
0.028146
0.029525
0.030435
0.029386
0.02902
0.027959
0.029029
0.028483
0.032152
0.029533
0.028714
0.027869
0.02836
0.027144
0.031973
0.028637
0.028314
0.028158
0.02784
0.027637
0.031728
0.028717
0.028078
0.027774
0.02818
0.027988
0.033085
0.029965
0.030956
0.030538
0.029802
0.02932
0.033666
0.03083
0.030579
0.030037
0.028972
0.029489
0.029763
0.028674
0.030422
0.029404
0.028411
0.027759
0.027528
0.031942
0.027216
0.027193
0.027016
0.027053
0.026093
0.025291
0.026923
0.028442
0.027185
0.026844
0.026394
0.027156
0.026912
0.025784
0.025712
0.02812
0.027655
0.026416
0.029933
0.034998
0.026957
0.027451
0.026402
0.025875
0.027804
0.027398
0.026806
0.027164
0.027853
0.027507
0.027978
0.028349
0.029006
0.027833
0.028796
0.028345
0.028545
0.031445
0.031526
0.029122
0.028799
0.02776
0.029388
0.028192
0.030789
0.028388
0.028603
0.028383
0.02777
0.02889
0.028913
0.032821
0.030065
0.029634
0.030301
0.029176
0.032002
0.030304
0.029615
0.029196
0.028909
0.029744
0.031918
0.030182
0.028987
0.032787
0.03169
0.037019
0.033389
0.030198
0.031949
0.036314
0.031561
0.030511
0.033923
0.032041
0.032339
0.034248
0.03466
0.036555
0.031323
0.033773
0.030914
0.034885
0.034654
0.030612
0.036064
0.031023
0.030725
0.030903
0.030029
0.031138
0.030489
0.028844
0.028998
0.028822
0.027851
0.032843
0.029128
0.027518
0.028998
0.027799
0.027361
0.033136
0.028415
0.027164
0.028373
0.029223
0.027428
0.032394
0.029001
0.028567
0.028915
0.027937
0.027457
0.02986
0.02879
0.031427
0.030675
0.030889
0.034067
0.031409
0.030049
0.031713
0.029955
0.029623
0.031477
0.030398
0.028214
0.030715
0.029529
0.031946
0.034056
0.029612
0.028914
0.028928
0.028554
0.028433
0.029785
0.033238
0.029549
0.031515
0.031438
0.030834
0.030697
0.031021
0.03049
0.031572
0.029096
0.031617
0.031897
0.031047
0.030073
0.031522
0.031839
0.030397
0.03146
0.030814
0.030181
0.032622
0.032319
0.032206
0.031419
0.032467
0.032635
0.031813
0.031605
0.03231
0.034081
0.033401
0.032435
0.03432
0.033764
0.033653
0.033758
0.032994
0.032369
0.033542
0.033212
0.032701
0.03354
0.033787
0.033783
0.03337
0.033402
0.033317
0.033117
0.033001
0.032779
0.032304
0.032525
0.031969
0.03178
0.032215
0.033988
0.033612
0.033125
0.032544
0.031765
0.031313
0.03065
0.030867
0.031151
0.02985
0.029854
0.030757
0.029721
0.029569
0.030091
0.029723
0.028686
0.029649
0.02863
0.031917
0.032329
0.034562
0.031652
0.037711
0.031752
0.033331
0.031257
0.034066
0.032646
0.03166
0.032971
0.032594
0.032333
0.031625
0.030534
0.03146
0.030712
0.031877
0.031063
0.030271
0.033411
0.031618
0.031431
0.036014
0.031986
0.032583
0.03191
0.03171
0.032213
0.032013
0.032054
0.032578
0.031324
0.032015
0.030568
0.033465
0.032341
0.031816
0.035432
0.033195
0.033405
0.032233
0.032116
0.03363
0.032114
0.032957
0.033746
0.0326
0.032358
0.032479
0.032487
0.032811
0.032487
0.031749
0.03311
0.032104
0.031027
0.031582
0.031808
0.031912
0.031698
0.030671
0.030915
0.033593
0.031963
0.031698
0.031768
0.031632
0.031708
0.030647
0.033748
0.032188
0.031209
0.030624
0.031148
0.031321
0.03241
0.030408
0.033268
0.032155
0.036602
0.032559
0.031126
0.031724
0.031671
0.031122
0.029765
0.032707
0.030733
0.029694
0.031686
0.030353
0.030919
0.029689
0.031282
0.029428
0.032823
0.030574
0.029476
0.031279
0.029723
0.035116
0.032508
0.030073
0.030192
0.030432
0.028949
0.028913
0.03041
0.030007
0.030364
0.030248
0.030593
0.030595
0.031885
0.032018
0.032225
0.032006
0.032075
0.031402
0.031883
0.03115
0.031045
0.031427
0.030374
0.0295
0.03131
0.032057
0.032637
0.032359
0.031425
0.031563
0.031561
0.030749
0.032253
0.033388
0.033881
0.03103
0.032079
0.031703
0.036736
0.031612
0.031216
0.031004
0.030363
0.029324
0.035707
0.030126
0.030227
0.031799
0.030357
0.030772
0.03133
0.030673
0.030346
0.031856
0.032113
0.029704
0.030019
0.030663
0.029543
0.030664
0.030053
0.0324
0.028985
0.031654
0.030528
0.029986
0.028605
0.029358
0.030949
0.030748
0.034342
0.028198
0.028147
0.03077
0.028926
0.030158
0.029476
0.028918
0.028928
0.028714
0.028882
0.027643
0.031612
0.029324
0.028866
0.036595
0.02918
0.030735
0.028968
0.030935
0.029213
0.030747
0.029446
0.028325
0.030298
0.029639
0.030021
0.031077
0.029779
0.030923
0.031356
0.031469
0.03124
0.032196
0.0298
0.029501
0.03126
0.031251
0.029477
0.03023
0.03682
0.032072
0.031663
0.030509
0.031465
0.035478
0.031675
0.032001
0.031178
0.030105
0.030729
0.029395
0.030749
0.03828
0.031164
0.032875
0.031486
0.033773
0.031329
0.031918
0.033466
0.029836
0.029529
0.032186
0.030745
0.031872
0.031159
0.036591
0.030033
0.034235
0.029376
0.033521
0.028878
0.03226
0.028644
0.031901
0.029812
0.029469
0.028683
0.029646
0.032038
0.027796
0.030783
0.030313
0.033244
0.029196
0.029165
0.034788
0.029091
0.029705
0.032095
0.028865
0.028713
0.034423
0.027944
0.032849
0.033245
0.029549
0.036699
0.029782
0.028835
0.028438
0.02726
0.026528
0.026161
0.025222
0.024829
0.026727
0.025624
0.026493
0.027822
0.029418
0.029012
0.031246
0.036403
0.032414
0.032156
0.032227
0.03312
0.031986
0.031997
0.033103
0.031886
0.032527
0.032087
0.032679
0.03392
0.03402
0.034041
0.032829
0.038774
0.032784
0.032605
0.032
0.030782
0.031515
0.030933
0.032096
0.030057
0.033919
0.031047
0.03018
0.030951
0.03117
0.028781
0.033741
0.030723
0.029466
0.031626
0.029261
0.028705
0.030939
0.030146
0.031686
0.031073
0.030466
0.03094
0.030573
0.033847
0.031477
0.03321
0.031135
0.031639
0.030323
0.029138
0.031171
0.028324
0.031668
0.032849
0.031537
0.029864
0.029069
0.030586
0.030102
0.029925
0.030248
0.028746
0.030947
0.02976
0.030188
0.030477
0.029733
0.029693
0.031168
0.030585
0.030601
0.031977
0.030763
0.032057
0.031994
0.032192
0.032236
0.03194
0.031818
0.031469
0.031787
0.033096
0.033193
0.032684
0.032253
0.032131
0.032713
0.032108
0.031551
0.033469
0.033415
0.033327
0.034104
0.034169
0.033643
0.03385
0.033303
0.033285
0.033379
0.033216
0.034022
0.034618
0.034944
0.035148
0.035426
0.034718
0.034432
0.033937
0.033747
0.034697
0.03495
0.034213
0.034297
0.035106
0.041582
0.036732
0.035979
0.035603
0.035405
0.033566
0.032888
0.037938
0.035055
0.034856
0.035387
0.041579
0.037445
0.036079
0.035023
0.034259
0.033919
0.033886
0.034324
0.034738
0.035508
0.035236
0.034249
0.034421
0.03398
0.038466
0.035537
0.034481
0.033685
0.033206
0.034161
0.033264
0.03467
0.033834
0.035188
0.034156
0.034374
0.034969
0.034789
0.040032
0.034654
0.034336
0.034591
0.035135
0.035195
0.034716
0.038891
0.034543
0.034263
0.03398
0.033944
0.035124
0.033919
0.034614
0.037302
0.035085
0.03498
0.033374
0.034405
0.034946
0.033674
0.033845
0.033825
0.033981
0.03328
0.035095
0.033815
0.033966
0.034391
0.032533
0.037815
0.034059
0.032725
0.033581
0.032551
0.032958
0.032674
0.03845
0.034714
0.033846
0.034175
0.03329
0.034569
0.034261
0.037928
0.034699
0.034539
0.035058
0.034522
0.034433
0.034646
0.035461
0.033927
0.032956
0.033061
0.032793
0.034734
0.032824
0.032594
0.032004
0.03244
0.036748
0.032844
0.033437
0.033263
0.033027
0.034808
0.033565
0.033626
0.035723
0.035422
0.03607
0.033643
0.035786
0.035836
0.040933
0.038332
0.037686
0.036901
0.03595
0.036624
0.037191
0.036741
0.037528
0.037913
0.036568
0.037357
0.035538
0.044076
0.040042
0.039226
0.038181
0.037607
0.037254
0.035889
0.036135
0.034555
0.037586
0.03618
0.038018
0.038853
0.038888
0.035712
0.043033
0.038069
0.03797
0.036323
0.036478
0.03517
0.0375
0.036468
0.039912
0.038721
0.036115
0.036828
0.038071
0.036478
0.036635
0.0407
0.038717
0.03611
0.036729
0.035365
0.03765
0.036034
0.036606
0.0381
0.038408
0.036862
0.036511
0.039064
0.036357
0.041961
0.038279
0.037656
0.036435
0.036211
0.035535
0.035531
0.040827
0.038503
0.037718
0.037721
0.037833
0.037983
0.037198
0.04046
0.037239
0.036474
0.03441
0.033507
0.033128
0.037832
0.032238
0.031788
0.031901
0.0317
0.029537
0.029358
0.030921
0.029726
0.030204
0.028947
0.030568
0.029628
0.028906
0.028635
0.026171
0.033947
0.026202
0.027335
0.025763
0.027466
0.026369
0.02707
0.027895
0.026922
0.028685
0.031817
0.031636
0.029571
0.030273
0.030453
0.030172
0.031374
0.031847
0.030958
0.031637
0.03435
0.032681
0.040856
0.0352
0.036004
0.035082
0.035363
0.034059
0.037179
0.035077
0.034865
0.036686
0.037644
0.038666
0.039528
0.035759
0.041996
0.03808
0.035697
0.038267
0.033792
0.039538
0.03974
0.039331
0.035863
0.0358
0.032778
0.034232
0.039052
0.035185
0.035537
0.035046
0.034363
0.03531
0.039163
0.03575
0.034027
0.03505
0.03394
0.033816
0.034439
0.033902
0.033247
0.032966
0.033915
0.032643
0.036744
0.033989
0.035332
0.033538
0.03375
0.037032
0.033823
0.034487
0.034192
0.032669
0.033647
0.033936
0.033496
0.034256
0.033025
0.033818
0.034537
0.03602
0.034625
0.034154
0.032988
0.037946
0.034842
0.033392
0.033082
0.03277
0.032437
0.032952
0.033985
0.033073
0.033466
0.035182
0.034509
0.035258
0.035665
0.034765
0.03453
0.033234
0.037945
0.035449
0.034995
0.034953
0.034486
0.035013
0.034754
0.034451
0.036992
0.036121
0.035621
0.035526
0.035988
0.033274
0.033441
0.036824
0.033598
0.032177
0.032456
0.031577
0.033169
0.033767
0.041347
0.035489
0.032591
0.032491
0.041431
0.034932
0.033422
0.033407
0.034058
0.031157
0.031301
0.030593
0.033618
0.031812
0.029923
0.02909
0.032529
0.031635
0.03706
0.032394
0.031948
0.031593
0.031837
0.031584
0.044092
0.035097
0.033668
0.033912
0.034307
0.032336
0.032689
0.032301
0.03112
0.032035
0.033008
0.030386
0.032515
0.031135
0.033185
0.030333
0.038646
0.031863
0.030165
0.031094
0.030035
0.029958
0.030898
0.032095
0.031029
0.030908
0.030303
0.031535
0.031666
0.031624
0.034746
0.031377
0.030404
0.0302
0.031669
0.029729
0.032106
0.031451
0.031925
0.030404
0.037948
0.030599
0.029689
0.027945
0.027377
0.028066
0.030368
0.02616
0.027084
0.026979
0.027079
0.032573
0.028403
0.029143
0.028234
0.028959
0.029043
0.031265
0.030725
0.035575
0.033749
0.030497
0.031961
0.031985
0.032101
0.032435
0.03115
0.030309
0.030228
0.030953
0.028861
0.02938
0.029677
0.03022
0.031029
0.027808
0.028348
0.029136
0.027255
0.028086
0.028915
0.026575
0.026173
0.027984
0.027285
0.026144
0.025796
0.0252
0.026112
0.027061
0.025626
0.026298
0.024706
0.023667
0.028146
0.033822
0.026497
0.025953
0.023951
0.02375
0.024412
0.027533
0.024467
0.02423
0.02467
0.024238
0.025889
0.02627
0.031355
0.028389
0.027652
0.027628
0.027294
0.027125
0.026647
0.026568
0.025472
0.028603
0.029013
0.025189
0.026061
0.024686
0.026223
0.026249
0.027402
0.026596
0.028365
0.02685
0.025933
0.027548
0.027255
0.031052
0.028848
0.028417
0.028552
0.027562
0.027936
0.028407
0.027888
0.027973
0.028582
0.02709
0.028055
0.029086
0.028109
0.02869
0.028481
0.028364
0.027765
0.027687
0.027101
0.026342
0.026692
0.026634
0.02681
0.027093
0.0274
0.027869
0.028821
0.031972
0.029749
0.031564
0.030228
0.032542
0.030066
0.033363
0.033404
0.033421
0.030638
0.030988
0.031554
0.033233
0.032306
0.031224
0.031353
0.030572
0.034164
0.030128
0.031558
0.031974
0.030878
0.032457
0.029815
0.031457
0.031097
0.031145
0.028795
0.030791
0.028639
0.029568
0.030592
0.029029
0.028841
0.028778
0.028705
0.028142
0.030967
0.029359
0.028633
0.029412
0.029678
0.029626
0.030227
0.029362
0.028481
0.029963
0.028831
0.028884
0.028339
0.028968
0.030195
0.03035
0.030242
0.030009
0.02952
0.029589
0.028795
0.029955
0.029044
0.029059
0.028717
0.028679
0.028965
0.027823
0.028366
0.029164
0.029113
0.030627
0.029625
0.03094
0.030574
0.030357
0.030292
0.029759
0.029995
0.030452
0.029614
0.029601
0.029896
0.029102
0.02891
0.029672
0.028435
0.028963
0.029577
0.028839
0.030504
0.030478
0.030771
0.030606
0.029805
0.029457
0.029376
0.029584
0.028978
0.028251
0.030708
0.029826
0.031314
0.030525
0.030467
0.031904
0.031171
0.031095
0.03174
0.030881
0.030981
0.031348
0.031648
0.032083
0.031514
0.031921
0.031701
0.031326
0.03008
0.030945
0.03033
0.032168
0.031916
0.032433
0.032253
0.032394
0.032423
0.036884
0.032766
0.032982
0.032768
0.032473
0.032591
0.03223
0.032078
0.034096
0.032025
0.03313
0.033296
0.033458
0.033326
0.031776
0.037107
0.033108
0.03227
0.032194
0.033139
0.033582
0.033515
0.033549
0.036679
0.034179
0.034448
0.034309
0.034883
0.034831
0.034637
0.037494
0.03484
0.034241
0.034761
0.033993
0.034388
0.034281
0.03403
0.033614
0.032857
0.034605
0.033418
0.033997
0.034323
0.034059
0.033967
0.037281
0.034454
0.032748
0.032588
0.031802
0.031515
0.031944
0.03137
0.033618
0.031833
0.031229
0.031666
0.030544
0.035552
0.032884
0.032105
0.032428
0.031421
0.031178
0.031087
0.0318
0.034636
0.032098
0.032275
0.031531
0.032654
0.03157
0.031274
0.034799
0.033364
0.032205
0.032133
0.031509
0.031279
0.036536
0.033647
0.033676
0.033117
0.032748
0.032079
0.033662
0.032501
0.035503
0.033702
0.033366
0.032266
0.032936
0.033177
0.032478
0.036687
0.033368
0.033589
0.034417
0.036464
0.033779
0.032623
0.041158
0.033721
0.034039
0.033066
0.036228
0.0359
0.036609
0.038306
0.035038
0.033615
0.032367
0.033681
0.033141
0.035207
0.034415
0.034801
0.037133
0.033359
0.034345
0.0438
0.03663
0.035081
0.035012
0.035043
0.037324
0.034727
0.035377
0.036703
0.036203
0.034455
0.034613
0.035886
0.037557
0.036601
0.040419
0.036615
0.03695
0.037006
0.034645
0.036529
0.035401
0.037726
0.035341
0.034932
0.034958
0.035607
0.035812
0.040473
0.036442
0.036336
0.033294
0.033939
0.032791
0.039076
0.034904
0.033688
0.033047
0.032983
0.033142
0.034204
0.033982
0.034573
0.035764
0.033727
0.033633
0.033365
0.039695
0.036285
0.034181
0.033636
0.032961
0.03304
0.032831
0.036328
0.033457
0.032595
0.032916
0.033211
0.040273
0.034901
0.034323
0.034754
0.033451
0.032516
0.032358
0.032629
0.034318
0.034937
0.03428
0.033432
0.033857
0.038897
0.035574
0.034382
0.034114
0.033579
0.033388
0.033063
0.032982
0.035746
0.033454
0.033079
0.03256
0.03254
0.032138
0.036126
0.033761
0.033307
0.032662
0.031607
0.030809
0.032119
0.036219
0.033743
0.035018
0.030731
0.037523
0.037532
0.033658
0.033106
0.033003
0.03132
0.034357
0.032781
0.034647
0.031225
0.031805
0.032255
0.032485
0.034733
0.042388
0.035458
0.033569
0.033227
0.032818
0.031932
0.031776
0.033389
0.031296
0.031151
0.030913
0.030218
0.030514
0.039788
0.03156
0.042793
0.030998
0.031018
0.030071
0.029919
0.030025
0.032027
0.029066
0.030228
0.029524
0.029139
0.027988
0.029416
0.037642
0.029378
0.027569
0.027847
0.027613
0.027835
0.030579
0.028645
0.028798
0.029175
0.028848
0.035332
0.030137
0.029146
0.028959
0.029548
0.028239
0.02765
0.028362
0.028936
0.027715
0.026549
0.027732
0.027086
0.03495
0.027458
0.027534
0.028874
0.028237
0.031722
0.03461
0.030805
0.031913
0.030446
0.034756
0.032148
0.034397
0.032211
0.032628
0.031809
0.029263
0.038307
0.036838
0.033065
0.029776
0.029746
0.031405
0.029499
0.031078
0.034854
0.027305
0.026985
0.029145
0.026392
0.025995
0.026357
0.027738
0.025201
0.025122
0.022453
0.028872
0.024713
0.023212
0.022496
0.022295
0.020511
0.021383
0.019822
0.020875
0.022032
0.021119
0.020341
0.021794
0.020235
0.020241
0.021846
0.02478
0.019503
0.021122
0.020296
0.022597
0.021317
0.019111
0.023211
0.019743
0.020215
0.020683
0.021161
0.027304
0.025034
0.025003
0.026015
0.025876
0.026624
0.027668
0.028061
0.030005
0.02945
0.027632
0.028284
0.028116
0.02794
0.028457
0.028158
0.027643
0.02818
0.027355
0.027729
0.027719
0.025351
0.030352
0.025724
0.024013
0.022483
0.023934
0.023627
0.022371
0.025945
0.025015
0.03047
0.028276
0.027428
0.029172
0.0291
0.02957
0.0293
0.030185
0.029357
0.030003
0.033941
0.029612
0.02932
0.029562
0.027514
0.027745
0.0285
0.030946
0.026866
0.028774
0.025998
0.024781
0.025527
0.02862
0.024139
0.025075
0.025652
0.030016
0.027722
0.025685
0.025561
0.025781
0.02632
0.026108
0.027702
0.025683
0.025172
0.024992
0.028789
0.027722
0.027003
0.027783
0.027346
0.026993
0.02773
0.027537
0.026793
0.026398
0.03023
0.026022
0.025536
0.025251
0.025432
0.024462
0.023572
0.024004
0.026264
0.024354
0.024625
0.023968
0.027547
0.03388
0.025548
0.025633
0.02615
0.025775
0.02565
0.027684
0.026691
0.027214
0.028038
0.028271
0.027556
0.02941
0.033691
0.029044
0.029454
0.029328
0.03096
0.030192
0.030225
0.030186
0.027979
0.029895
0.030005
0.029391
0.027977
0.029805
0.028019
0.028054
0.031194
0.028547
0.028
0.028669
0.028508
0.027901
0.029346
0.029538
0.028619
0.030174
0.028541
0.028404
0.029207
0.02995
0.02802
0.027903
0.028251
0.030533
0.029285
0.027187
0.025805
0.0279
0.0272
0.031354
0.028747
0.028245
0.027678
0.027016
0.026337
0.026582
0.03067
0.027018
0.026692
0.028276
0.025348
0.026332
0.026409
0.026973
0.027
0.027943
0.034033
0.036248
0.029923
0.029688
0.031314
0.03053
0.029555
0.028663
0.029651
0.028574
0.028949
0.027454
0.028432
0.030187
0.030165
0.031221
0.030645
0.030023
0.030414
0.037957
0.032636
0.030497
0.028965
0.03129
0.031111
0.031522
0.030105
0.029843
0.031059
0.029763
0.030662
0.030262
0.030225
0.030445
0.029327
0.030649
0.027704
0.030856
0.035289
0.031068
0.026567
0.026636
0.026628
0.030868
0.028704
0.027459
0.025817
0.025856
0.028633
0.025127
0.026313
0.021895
0.021617
0.022021
0.021848
0.021753
0.023341
0.022963
0.023205
0.02266
0.023453
0.022809
0.022934
0.023307
0.023107
0.02324
0.022622
0.022941
0.024955
0.022877
0.023022
0.022816
0.022549
0.02232
0.02193
0.02429
0.022099
0.022065
0.021846
0.022897
0.029558
0.02512
0.024874
0.02847
0.024802
0.024329
0.024699
0.023909
0.02726
0.026582
0.025104
0.024398
0.03001
0.024907
0.027063
0.032844
0.027356
0.027111
0.027786
0.026918
0.027452
0.029871
0.026564
0.027983
0.028367
0.027379
0.031916
0.029165
0.027424
0.027806
0.026825
0.027561
0.02749
0.026586
0.028393
0.027383
0.027347
0.027071
0.028574
0.028596
0.030604
0.028159
0.028543
0.026843
0.027644
0.027287
0.027571
0.025597
0.02866
0.027375
0.026542
0.026057
0.032136
0.028063
0.028096
0.02715
0.026715
0.025349
0.026497
0.028732
0.02726
0.028528
0.028189
0.028575
0.029569
0.029755
0.035771
0.029615
0.029272
0.029347
0.029503
0.027851
0.028915
0.028784
0.027632
0.027933
0.030847
0.030836
0.029615
0.028696
0.028222
0.029135
0.030769
0.026641
0.030934
0.027177
0.027523
0.026821
0.02666
0.026051
0.027312
0.026507
0.028208
0.028081
0.026615
0.026767
0.028035
0.025935
0.029267
0.028769
0.026517
0.026766
0.026619
0.026584
0.027481
0.029835
0.02842
0.027078
0.028912
0.02717
0.027471
0.031551
0.029172
0.029137
0.029502
0.028116
0.027047
0.028042
0.027396
0.027178
0.028771
0.027736
0.02751
0.02799
0.027049
0.026803
0.026982
0.025939
0.027395
0.026987
0.025594
0.02521
0.026074
0.02412
0.025287
0.025144
0.024843
0.024145
0.02637
0.023963
0.023684
0.023183
0.023534
0.022985
0.023572
0.022636
0.022439
0.022178
0.022116
0.022215
0.021615
0.025463
0.022902
0.025566
0.022896
0.025619
0.023528
0.023129
0.023307
0.029081
0.022929
0.022963
0.026609
0.022469
0.022648
0.02423
0.023493
0.023196
0.027254
0.023707
0.024437
0.029081
0.024503
0.025991
0.025606
0.024107
0.02367
0.025311
0.023673
0.02476
0.024072
0.024425
0.025137
0.02619
0.024973
0.02547
0.025463
0.025102
0.025377
0.026573
0.025747
0.025585
0.027395
0.02659
0.026672
0.02793
0.025626
0.027461
0.028439
0.027649
0.026864
0.027243
0.027399
0.025943
0.027477
0.026966
0.026578
0.028002
0.028606
0.030807
0.028506
0.028794
0.032329
0.029706
0.0322
0.029565
0.029048
0.028778
0.029174
0.028186
0.028843
0.029475
0.029864
0.030143
0.028814
0.032784
0.027833
0.030252
0.029158
0.037952
0.0375
0.031313
0.031626
0.036811
0.03021
0.033278
0.030335
0.030721
0.030699
0.03211
0.030771
0.031357
0.029259
0.030874
0.030111
0.028273
0.029552
0.028806
0.027828
0.028097
0.028464
0.027518
0.026927
0.030153
0.030637
0.030543
0.028961
0.030393
0.030408
0.035161
0.030505
0.027727
0.029476
0.027637
0.028295
0.029091
0.026359
0.033188
0.02834
0.028118
0.033672
0.034149
0.027167
0.030002
0.026069
0.028472
0.023805
0.024231
0.024044
0.024109
0.027718
0.03126
0.023632
0.024314
0.027805
0.027319
0.027385
0.024378
0.024713
0.025631
0.03008
0.028279
0.027809
0.026509
0.0262
0.027147
0.028159
0.027655
0.028073
0.032962
0.030942
0.031001
0.029955
0.030554
0.030237
0.029566
0.029717
0.030624
0.029174
0.035406
0.031368
0.030251
0.031085
0.030019
0.031108
0.030574
0.030349
0.031034
0.031586
0.02975
0.030313
0.029954
0.031077
0.031184
0.031439
0.031546
0.030681
0.035403
0.032574
0.030576
0.029913
0.030863
0.035615
0.031098
0.030753
0.030138
0.029353
0.029071
0.031035
0.028058
0.035187
0.031818
0.030191
0.037346
0.029899
0.03844
0.030406
0.030694
0.031893
0.030838
0.029949
0.029222
0.029097
0.038166
0.031956
0.031998
0.030089
0.029461
0.030219
0.028917
0.032536
0.030928
0.031222
0.030923
0.037722
0.034449
0.034643
0.03439
0.032592
0.032392
0.035677
0.032784
0.033598
0.033039
0.036501
0.03431
0.034093
0.033056
0.036848
0.035276
0.035138
0.03485
0.034463
0.037685
0.03725
0.03656
0.036203
0.035311
0.035286
0.035361
0.036025
0.037978
0.036224
0.034912
0.034164
0.03457
0.032298
0.033143
0.036093
0.032967
0.032806
0.032526
0.032743
0.034457
0.031789
0.032349
0.03191
0.031538
0.032741
0.031003
0.033418
0.030963
0.032938
0.030037
0.029903
0.029018
0.030918
0.036525
0.033252
0.032477
0.032398
0.03165
0.034894
0.0324
0.033972
0.033293
0.033075
0.039973
0.036745
0.036067
0.035329
0.035877
0.03511
0.034564
0.03432
0.033806
0.035642
0.033316
0.032161
0.033898
0.033806
0.043229
0.03464
0.032352
0.031478
0.03073
0.03045
0.03086
0.02869
0.029473
0.034131
0.031299
0.03053
0.035227
0.030595
0.033208
0.032356
0.033173
0.032673
0.030936
0.029667
0.034901
0.033745
0.028974
0.030927
0.029389
0.029285
0.030506
0.029278
0.028062
0.028968
0.03809
0.029235
0.028545
0.029703
0.029121
0.028947
0.029873
0.032365
0.029789
0.030217
0.028555
0.028577
0.032968
0.030818
0.029403
0.030212
0.030333
0.030479
0.031335
0.03505
0.033215
0.031516
0.031201
0.031536
0.031508
0.036773
0.033625
0.03222
0.032057
0.032422
0.037913
0.033813
0.032744
0.033081
0.032205
0.037144
0.034476
0.03427
0.033747
0.032869
0.032246
0.031704
0.033526
0.040727
0.033878
0.032459
0.033488
0.033569
0.03267
0.033066
0.034472
0.033071
0.032057
0.032899
0.032091
0.03756
0.032727
0.032403
0.035607
0.033728
0.033577
0.032366
0.031469
0.033095
0.031632
0.031285
0.035779
0.033116
0.032944
0.031548
0.032351
0.033411
0.035297
0.031909
0.032234
0.035923
0.032591
0.033635
0.034791
0.033033
0.033354
0.032931
0.033924
0.03348
0.034587
0.034203
0.032379
0.034406
0.032727
0.032698
0.033677
0.032015
0.031996
0.031097
0.031556
0.031312
0.03129
0.031578
0.031129
0.0308
0.031386
0.032026
0.031465
0.031524
0.030952
0.030758
0.030515
0.030855
0.030932
0.030718
0.031088
0.030846
0.033437
0.032267
0.034301
0.033041
0.033108
0.032608
0.039394
0.034398
0.033346
0.036424
0.035088
0.034719
0.033259
0.032689
0.03266
0.034138
0.03367
0.033313
0.032156
0.031084
0.032559
0.034839
0.035394
0.03302
0.033541
0.031992
0.038396
0.03326
0.040186
0.035597
0.032125
0.033275
0.032421
0.03216
0.035176
0.0328
0.031517
0.033876
0.033733
0.036267
0.035764
0.032797
0.032771
0.034426
0.032867
0.032795
0.035913
0.035149
0.034307
0.034181
0.033031
0.032419
0.032384
0.032657
0.032042
0.031775
0.033101
0.033507
0.033957
0.03419
0.033593
0.032271
0.031558
0.031966
0.031288
0.030255
0.032553
0.032767
0.031362
0.032431
0.031738
0.040037
0.034806
0.0345
0.034404
0.034681
0.034355
0.032889
0.033863
0.033203
0.034361
0.034278
0.033607
0.033969
0.033787
0.034549
0.035858
0.036367
0.035747
0.035094
0.04006
0.035531
0.036797
0.035768
0.03479
0.034715
0.033926
0.038594
0.036275
0.035109
0.034341
0.033212
0.03417
0.039896
0.033748
0.033125
0.033306
0.033721
0.034123
0.033758
0.036643
0.035323
0.033625
0.033484
0.033141
0.034159
0.032267
0.036507
0.03613
0.036832
0.032372
0.032718
0.033114
0.033549
0.03328
0.039825
0.03553
0.035202
0.034081
0.035064
0.038361
0.039531
0.033957
0.036515
0.034464
0.032781
0.038767
0.033796
0.032861
0.032437
0.031629
0.030936
0.035576
0.034304
0.033741
0.033878
0.03333
0.033812
0.034112
0.034501
0.036204
0.032903
0.03265
0.030923
0.038349
0.03399
0.033103
0.032085
0.031547
0.031005
0.032447
0.035419
0.032405
0.032382
0.032291
0.032452
0.033142
0.032784
0.033067
0.035744
0.032974
0.031702
0.031023
0.030428
0.030509
0.030986
0.030404
0.02926
0.032503
0.030731
0.029479
0.030827
0.036183
0.02988
0.034298
0.030301
0.029246
0.029613
0.029916
0.029176
0.02972
0.033438
0.030328
0.029405
0.029546
0.028073
0.028246
0.030069
0.029654
0.031746
0.030711
0.029405
0.028936
0.029389
0.028525
0.027804
0.031224
0.028555
0.027837
0.028418
0.026455
0.027662
0.027313
0.026907
0.026097
0.029249
0.027767
0.026822
0.027878
0.026507
0.026977
0.027244
0.029747
0.027403
0.028061
0.027322
0.027026
0.028497
0.027039
0.027618
0.028682
0.026954
0.027437
0.027237
0.027143
0.026908
0.029011
0.028584
0.026909
0.02773
0.026903
0.026901
0.027814
0.02695
0.029438
0.029859
0.029048
0.02989
0.030139
0.030092
0.029669
0.030095
0.029934
0.028266
0.029732
0.029849
0.028855
0.028764
0.029829
0.03039
0.030144
0.030615
0.028417
0.02949
0.029155
0.029468
0.030841
0.02937
0.027876
0.028513
0.029255
0.029514
0.029802
0.029674
0.027765
0.027962
0.028722
0.027585
0.029122
0.027305
0.027233
0.027738
0.027195
0.027372
0.026923
0.028456
0.028072
0.028817
0.028523
0.027606
0.028296
0.029588
0.027488
0.0285
0.02948
0.029091
0.028555
0.028744
0.028667
0.028746
0.026373
0.027149
0.028161
0.027595
0.028098
0.029142
0.028648
0.028994
0.029873
0.028699
0.028709
0.029065
0.028734
0.030741
0.029649
0.028404
0.028811
0.029272
0.028435
0.027986
0.028252
0.029968
0.030194
0.028353
0.027731
0.028348
0.028178
0.02804
0.031134
0.029532
0.029094
0.0291
0.029128
0.029346
0.029323
0.02836
0.031498
0.032698
0.032035
0.032447
0.032238
0.031473
0.030501
0.031524
0.031168
0.032495
0.030747
0.029442
0.030192
0.03026
0.02863
0.030773
0.033152
0.029118
0.028439
0.02943
0.028126
0.029705
0.030279
0.032652
0.029809
0.029419
0.028649
0.028252
0.028208
0.031036
0.027718
0.027386
0.028985
0.026943
0.027513
0.027976
0.030593
0.029271
0.027688
0.027818
0.028908
0.028387
0.032239
0.028756
0.026939
0.02668
0.026715
0.027113
0.028386
0.029322
0.027838
0.028523
0.029607
0.028952
0.028797
0.027849
0.027336
0.027282
0.031346
0.028856
0.028207
0.029003
0.028399
0.029407
0.029463
0.028139
0.029213
0.029597
0.028614
0.027935
0.028538
0.02907
0.0327
0.029556
0.029585
0.028941
0.029878
0.028742
0.029125
0.034018
0.031325
0.030892
0.030332
0.030724
0.031736
0.030065
0.03337
0.032816
0.031667
0.029681
0.029925
0.03155
0.035021
0.031741
0.029417
0.029473
0.029173
0.02916
0.0303
0.03407
0.030523
0.028893
0.028884
0.028116
0.028095
0.028857
0.028468
0.031176
0.027693
0.029686
0.029064
0.033944
0.031519
0.029883
0.029089
0.030504
0.029083
0.029512
0.03079
0.032226
0.029595
0.030927
0.030902
0.029674
0.029373
0.033261
0.030361
0.029623
0.029018
0.027753
0.028111
0.028504
0.030452
0.028778
0.027373
0.026555
0.026197
0.026434
0.029188
0.02598
0.026259
0.024706
0.024932
0.023797
0.024146
0.022998
0.025493
0.022635
0.022405
0.021241
0.021673
0.022393
0.021609
0.021333
0.023941
0.021759
0.021332
0.021116
0.021797
0.021176
0.024316
0.022147
0.02185
0.020604
0.020539
0.021236
0.021818
0.022256
0.020597
0.021193
0.021054
0.021698
0.021115
0.022666
0.02258
0.023259
0.021719
0.026499
0.023075
0.023233
0.024307
0.023325
0.02359
0.023646
0.024624
0.024319
0.026922
0.026492
0.02554
0.025683
0.025973
0.025344
0.029037
0.027729
0.027382
0.027124
0.026484
0.026461
0.032481
0.0291
0.029918
0.030844
0.030728
0.035132
0.032609
0.031828
0.033291
0.033635
0.031258
0.035341
0.033597
0.034226
0.033439
0.032971
0.033309
0.033413
0.033477
0.032511
0.034457
0.03259
0.032626
0.032618
0.032917
0.032134
0.036526
0.033441
0.033864
0.032252
0.031915
0.032167
0.032751
0.036682
0.033625
0.033143
0.032847
0.03471
0.039227
0.035303
0.03547
0.034784
0.033821
0.034105
0.032831
0.034804
0.036701
0.036089
0.037122
0.035202
0.044163
0.040392
0.037718
0.036418
0.036833
0.036937
0.036293
0.040707
0.037402
0.03993
0.036663
0.035097
0.034898
0.036173
0.038884
0.035388
0.03476
0.034079
0.035147
0.035818
0.040134
0.037618
0.037043
0.036028
0.035513
0.035926
0.036692
0.036321
0.038532
0.03783
0.035984
0.035186
0.037334
0.036893
0.041239
0.036928
0.036459
0.037669
0.036015
0.034382
0.036089
0.035342
0.039177
0.035774
0.035629
0.0344
0.03615
0.036238
0.040429
0.037406
0.035963
0.03476
0.034808
0.034633
0.036507
0.035039
0.034389
0.033998
0.034075
0.034552
0.033726
0.032874
0.03437
0.032679
0.031858
0.031138
0.030994
0.03348
0.030565
0.029895
0.030842
0.02928
0.028662
0.027971
0.025692
0.026852
0.027634
0.025416
0.025993
0.026045
0.027996
0.026321
0.030608
0.035394
0.031071
0.031784
0.030928
0.033544
0.032639
0.032755
0.032558
0.032224
0.032017
0.031805
0.031935
0.03187
0.035267
0.033941
0.033124
0.032717
0.032393
0.033036
0.034308
0.032346
0.03351
0.033228
0.032704
0.034386
0.033329
0.034282
0.033686
0.034051
0.0337
0.039166
0.034837
0.034031
0.034449
0.033047
0.032775
0.033595
0.033797
0.037458
0.03595
0.035915
0.034463
0.03443
0.039951
0.035363
0.035026
0.032977
0.033543
0.033257
0.03126
0.036139
0.033722
0.034855
0.032089
0.032368
0.033112
0.033885
0.03388
0.035827
0.032593
0.033339
0.032548
0.033014
0.043262
0.034186
0.032842
0.036847
0.032612
0.03413
0.036431
0.033627
0.03292
0.031706
0.032754
0.031715
0.032207
0.036291
0.031918
0.031705
0.033196
0.032372
0.031524
0.031764
0.037272
0.031612
0.02993
0.037878
0.033794
0.032246
0.030761
0.034659
0.031064
0.039019
0.033584
0.032537
0.032521
0.032055
0.03118
0.030421
0.0309
0.036386
0.031707
0.030114
0.03078
0.02998
0.030176
0.030456
0.033432
0.030026
0.030145
0.029964
0.031539
0.033339
0.034053
0.031049
0.03421
0.029412
0.028595
0.033913
0.03117
0.029204
0.035337
0.031651
0.029314
0.030191
0.032547
0.031812
0.033133
0.032387
0.032195
0.03166
0.030571
0.031361
0.032604
0.031076
0.033602
0.035307
0.030597
0.031267
0.029827
0.029503
0.030561
0.032788
0.029593
0.028617
0.027819
0.028523
0.027589
0.027748
0.028322
0.029678
0.027665
0.02838
0.026984
0.027553
0.028222
0.031059
0.030613
0.028979
0.027357
0.02683
0.027844
0.027928
0.027075
0.031685
0.027494
0.028431
0.029115
0.02855
0.02915
0.031073
0.030057
0.0293
0.029235
0.029279
0.029345
0.028349
0.030696
0.0295
0.030364
0.027917
0.029889
0.029432
0.033391
0.030006
0.030054
0.029041
0.029163
0.030101
0.030361
0.029397
0.033117
0.03223
0.033708
0.028997
0.030627
0.031236
0.030631
0.029531
0.039269
0.03124
0.031706
0.033095
0.03179
0.031175
0.038026
0.034132
0.033788
0.033116
0.033453
0.032874
0.031558
0.032683
0.030962
0.032183
0.032568
0.033512
0.0314
0.032315
0.030833
0.03306
0.032387
0.031224
0.030029
0.030843
0.030614
0.032907
0.031198
0.030254
0.029587
0.030663
0.029759
0.037742
0.030649
0.028727
0.031025
0.029551
0.02847
0.034678
0.029878
0.029048
0.030423
0.028658
0.028298
0.028611
0.030898
0.02945
0.028313
0.029325
0.028951
0.031074
0.030132
0.033861
0.03229
0.031397
0.029984
0.030431
0.031892
0.030134
0.031756
0.02983
0.032233
0.031053
0.031334
0.031331
0.031842
0.031187
0.029963
0.030338
0.034806
0.032064
0.031056
0.031467
0.034462
0.031436
0.031806
0.031733
0.030708
0.032134
0.03608
0.033347
0.031613
0.033936
0.034075
0.032098
0.03285
0.032566
0.031918
0.033441
0.033065
0.032938
0.033098
0.033499
0.034701
0.033842
0.033133
0.032453
0.03253
0.033867
0.034255
0.034077
0.034682
0.033831
0.033797
0.033544
0.034454
0.033055
0.033028
0.033433
0.034844
0.035819
0.034701
0.034964
0.034114
0.03381
0.034735
0.032851
0.033595
0.03365
0.033876
0.033982
0.033374
0.033676
0.032864
0.033993
0.033343
0.034992
0.034331
0.033786
0.034387
0.033303
0.032671
0.033195
0.035151
0.032405
0.033546
0.033887
0.034078
0.033307
0.033595
0.032501
0.031121
0.031049
0.029618
0.031711
0.031597
0.03237
0.030741
0.03385
0.031554
0.032708
0.030281
0.03446
0.033975
0.034034
0.032243
0.034203
0.034143
0.033628
0.032279
0.03228
0.033594
0.030809
0.032286
0.031946
0.033934
0.033221
0.032197
0.032947
0.033162
0.032493
0.032753
0.032494
0.032135
0.032365
0.032953
0.033366
0.031702
0.033274
0.032599
0.033123
0.036309
0.032842
0.032382
0.033215
0.034077
0.034154
0.033735
0.033938
0.03341
0.032927
0.034832
0.033909
0.035077
0.033872
0.034576
0.033989
0.033504
0.032935
0.036742
0.033402
0.034654
0.034185
0.033767
0.036431
0.03407
0.033634
0.033371
0.03434
0.033795
0.032927
0.034259
0.033814
0.032814
0.03345
0.032743
0.033597
0.032481
0.032949
0.033281
0.034433
0.034736
0.03478
0.032942
0.031687
0.032301
0.031465
0.031292
0.032671
0.031916
0.032727
0.032205
0.032703
0.032396
0.035655
0.031813
0.035806
0.034832
0.034229
0.034299
0.034003
0.034736
0.032336
0.031583
0.032337
0.031802
0.03152
0.0326
0.032513
0.032405
0.03363
0.032761
0.03288
0.032475
0.031758
0.034473
0.031824
0.033043
0.03476
0.033487
0.03271
0.032845
0.034447
0.031831
0.031478
0.033174
0.031272
0.034252
0.031007
0.030624
0.035841
0.031364
0.030585
0.031574
0.031496
0.032496
0.031885
0.03003
0.030779
0.03185
0.034451
0.033457
0.03326
0.033489
0.032504
0.032302
0.03315
0.03235
0.031849
0.031921
0.031
0.031706
0.030629
0.030611
0.030502
0.030998
0.031911
0.032484
0.031823
0.031957
0.031598
0.030916
0.031022
0.031261
0.030632
0.031409
0.031439
0.032603
0.031979
0.032354
0.03161
0.031074
0.031034
0.031145
0.030628
0.031128
0.031939
0.03369
0.0317
0.039313
0.032827
0.032584
0.033105
0.031013
0.034636
0.032534
0.03185
0.030094
0.031187
0.032444
0.030159
0.032011
0.031716
0.029875
0.030228
0.030588
0.030613
0.030945
0.03006
0.030599
0.031143
0.029259
0.02832
0.030842
0.02981
0.0294
0.030165
0.029546
0.029837
0.029311
0.030286
0.030096
0.031628
0.03119
0.031051
0.029952
0.03041
0.028591
0.028113
0.030173
0.031323
0.030133
0.030714
0.030525
0.028542
0.029813
0.030098
0.029822
0.029634
0.030596
0.029316
0.030696
0.032445
0.032122
0.031223
0.033729
0.030579
0.031306
0.031443
0.030857
0.031868
0.037629
0.031131
0.030544
0.031182
0.031714
0.030564
0.033858
0.032823
0.032791
0.0322
0.033861
0.032407
0.035242
0.033128
0.034575
0.033623
0.032801
0.03467
0.033906
0.033356
0.035467
0.032408
0.032927
0.032474
0.031099
0.037432
0.030467
0.037234
0.031498
0.032799
0.03185
0.031627
0.032182
0.032796
0.030715
0.029507
0.031715
0.032677
0.032557
0.031678
0.031322
0.033917
0.034315
0.030424
0.033674
0.03346
0.03332
0.034192
0.033503
0.033543
0.033163
0.033448
0.033305
0.03245
0.032331
0.032694
0.032379
0.031501
0.03151
0.03119
0.03198
0.031598
0.030747
0.031644
0.031086
0.032094
0.032263
0.030713
0.034596
0.031348
0.031092
0.034534
0.030979
0.030601
0.031559
0.030712
0.031123
0.03076
0.03552
0.030018
0.031854
0.034337
0.030187
0.030049
0.029524
0.028583
0.029322
0.028875
0.029782
0.029312
0.03039
0.032526
0.030498
0.029204
0.030234
0.030115
0.032214
0.030842
0.029975
0.031661
0.033592
0.029669
0.029829
0.029914
0.036012
0.030254
0.030302
0.030338
0.029656
0.029945
0.029858
0.028573
0.029041
0.030403
0.02963
0.030551
0.028416
0.028467
0.02965
0.030431
0.031246
0.032753
0.030637
0.030541
0.031882
0.031001
0.030899
0.031856
0.031969
0.03537
0.034938
0.036914
0.034116
0.033984
0.035068
0.033259
0.034748
0.037655
0.034612
0.034608
0.034035
0.033948
0.034276
0.034556
0.034059
0.033754
0.035096
0.03386
0.033574
0.033372
0.032758
0.035399
0.033942
0.03311
0.033764
0.033225
0.033933
0.033091
0.03337
0.033334
0.032207
0.032661
0.032773
0.032439
0.033269
0.034843
0.033082
0.031936
0.033048
0.03289
0.032036
0.035061
0.030516
0.030887
0.039113
0.032135
0.031917
0.031367
0.034204
0.03199
0.032732
0.029945
0.03646
0.031874
0.031238
0.033193
0.029793
0.032153
0.035197
0.032099
0.031784
0.032575
0.031929
0.031967
0.031123
0.032459
0.032079
0.032837
0.032398
0.032428
0.032419
0.0327
0.032986
0.032942
0.032299
0.03224
0.031814
0.031171
0.033798
0.030147
0.031756
0.032733
0.032416
0.033435
0.032631
0.032868
0.033083
0.033719
0.038681
0.033657
0.032991
0.036558
0.033125
0.033369
0.032654
0.033004
0.033404
0.033324
0.031649
0.033781
0.032074
0.031901
0.032608
0.032177
0.031504
0.032438
0.031501
0.035379
0.032755
0.031361
0.032434
0.030868
0.036318
0.03168
0.030565
0.031767
0.031653
0.03164
0.031524
0.030855
0.030085
0.031483
0.031838
0.032007
0.038087
0.030695
0.031265
0.03789
0.037689
0.033055
0.040565
0.032862
0.035262
0.03252
0.034088
0.032451
0.034549
0.033254
0.033168
0.033007
0.033973
0.030919
0.032348
0.032977
0.031183
0.03195
0.03165
0.031631
0.03316
0.032505
0.032241
0.032847
0.032917
0.033792
0.035486
0.035384
0.035083
0.033737
0.03404
0.033616
0.034533
0.033237
0.033004
0.032908
0.032895
0.034087
0.03243
0.033189
0.032982
0.031293
0.032923
0.032498
0.034353
0.034554
0.034723
0.035567
0.034848
0.0348
0.034596
0.034601
0.034678
0.034466
0.034044
0.034096
0.033339
0.034688
0.033024
0.033744
0.033482
0.033953
0.034376
0.033561
0.033228
0.033514
0.034242
0.035651
0.034545
0.037034
0.033827
0.03329
0.034823
0.03441
0.034198
0.034957
0.034537
0.035771
0.036686
0.036226
0.037891
0.037703
0.036876
0.037006
0.034874
0.034095
0.035734
0.035117
0.035445
0.036147
0.036645
0.035446
0.035951
0.038804
0.036005
0.034997
0.035208
0.035531
0.038441
0.037214
0.035472
0.035127
0.034228
0.034596
0.035883
0.03647
0.036543
0.036305
0.035405
0.035902
0.035421
0.035119
0.035029
0.034927
0.034577
0.034329
0.034363
0.034326
0.033774
0.033448
0.033378
0.032707
0.034347
0.033829
0.033346
0.035686
0.035439
0.034851
0.033975
0.034199
0.034411
0.034448
0.033741
0.033924
0.034858
0.033926
0.032234
0.033813
0.031623
0.033126
0.033097
0.032915
0.032962
0.03295
0.033156
0.032933
0.033055
0.033743
0.034924
0.036562
0.035683
0.035296
0.03518
0.03522
0.035507
0.036653
0.036974
0.035418
0.035833
0.035564
0.03479
0.034811
0.034955
0.034471
0.034334
0.035704
0.039834
0.035964
0.033653
0.032278
0.032873
0.033363
0.033292
0.035459
0.037384
0.036708
0.036622
0.036772
0.036607
0.03681
0.036524
0.036579
0.036
0.036055
0.036266
0.034919
0.03554
0.03488
0.036378
0.036309
0.036191
0.036546
0.035438
0.035393
0.035796
0.035415
0.035858
0.034897
0.035303
0.035865
0.035359
0.036164
0.036972
0.036241
0.035359
0.037088
0.035753
0.036522
0.035858
0.035177
0.035769
0.035242
0.034885
0.036033
0.034755
0.035132
0.035303
0.033876
0.034993
0.033583
0.034439
0.036206
0.03695
0.036893
0.036306
0.036015
0.035703
0.035396
0.035411
0.035183
0.034923
0.035415
0.03343
0.034233
0.034716
0.034142
0.034576
0.035012
0.035651
0.036211
0.036058
0.038324
0.035765
0.036137
0.036303
0.03341
0.034465
0.041639
0.03472
0.03364
0.037974
0.034948
0.035945
0.036585
0.03543
0.03602
0.036086
0.036643
0.037384
0.035632
0.036732
0.03598
0.03569
0.034218
0.034671
0.033262
0.033498
0.035704
0.034047
0.036457
0.035977
0.03432
0.03522
0.0356
0.034768
0.036915
0.033299
0.034698
0.03248
0.032695
0.031729
0.033004
0.030808
0.031792
0.030235
0.032591
0.031457
0.032917
0.033068
0.035447
0.0337
0.035357
0.03443
0.032926
0.032945
0.034206
0.033992
0.033044
0.03423
0.036096
0.033805
0.039578
0.032326
0.03367
0.03333
0.035354
0.036012
0.036581
0.034305
0.034965
0.036386
0.039463
0.036528
0.036399
0.036517
0.034865
0.036411
0.03596
0.036739
0.034976
0.034976
0.034595
0.035285
0.03598
0.038707
0.037328
0.036374
0.042521
0.038885
0.038517
0.038114
0.039203
0.037237
0.036907
0.037341
0.037384
0.038156
0.036716
0.0378
0.034678
0.035015
0.036456
0.036074
0.0334
0.036239
0.037527
0.038057
0.036786
0.038005
0.03763
0.038207
0.035599
0.037509
0.036061
0.03763
0.037424
0.037299
0.039187
0.039004
0.038664
0.039844
0.040823
0.03944
0.040193
0.038361
0.039526
0.038353
0.039013
0.03832
0.037433
0.03731
0.040519
0.039744
0.041857
0.039858
0.038275
0.039595
0.040709
0.037505
0.039663
0.037039
0.037864
0.037245
0.036878
0.03935
0.041658
0.037911
0.040255
0.038573
0.040552
0.039508
0.040011
0.037147
0.039093
0.039503
0.038966
0.039067
0.04062
0.0448
0.03805
0.040129
0.040029
0.040445
0.04092
0.03965
0.038785
0.038071
0.039824
0.040781
0.039694
0.040571
0.038781
0.039256
0.039436
0.039254
0.038468
0.038701
0.038017
0.0396
0.04038
0.038048
0.039533
0.038443
0.038557
0.038743
0.040699
0.039573
0.039187
0.039272
0.040473
0.038853
0.039723
0.039594
0.039192
0.039715
0.039082
0.039851
0.041145
0.03887
0.038912
0.038598
0.038242
0.037695
0.037965
0.03647
0.039322
0.038307
0.038504
0.038308
0.037663
0.036078
0.035619
0.034897
0.034295
0.035688
0.034834
0.034319
0.03549
0.034518
0.033899
0.033688
0.032462
0.032373
0.031283
0.031712
0.031112
0.031737
0.031226
0.031669
0.031671
0.030606
0.029834
0.029743
0.029176
0.028832
0.027911
0.027498
0.027344
0.027418
0.026251
0.02622
0.026421
0.025812
0.025864
0.025345
0.023412
0.024789
0.023336
0.026768
0.025283
0.02452
0.024786
0.02768
0.027544
0.03326
0.028684
0.02864
0.028813
0.029342
0.029911
0.028883
0.029148
0.02876
0.028567
0.028715
0.030232
0.029764
0.029554
0.030257
0.028872
0.029432
0.029958
0.030115
0.030686
0.030513
0.031108
0.035325
0.035905
0.034741
0.03136
0.036598
0.033531
0.034366
0.033862
0.034617
0.034779
0.036579
0.034853
0.036792
0.035541
0.037274
0.034839
0.035879
0.035417
0.037842
0.036778
0.03628
0.035691
0.038154
0.037417
0.039158
0.035593
0.037823
0.037037
0.038455
0.036043
0.039792
0.035597
0.034739
0.034963
0.038063
0.036376
0.035778
0.035108
0.034771
0.036942
0.03663
0.03445
0.034578
0.034031
0.034546
0.035977
0.036413
0.036141
0.035483
0.034369
0.034556
0.034641
0.036969
0.035217
0.034696
0.033503
0.035732
0.034213
0.035981
0.03434
0.033855
0.032086
0.033773
0.031659
0.033248
0.032105
0.034273
0.033702
0.034026
0.033734
0.033544
0.036697
0.033697
0.034169
0.034922
0.035063
0.035393
0.033838
0.03557
0.035064
0.035413
0.034704
0.034326
0.035176
0.033764
0.033848
0.039278
0.03646
0.037466
0.036168
0.036243
0.034692
0.035948
0.034669
0.034092
0.033356
0.036213
0.035463
0.03607
0.035073
0.03599
0.03593
0.035823
0.039594
0.037019
0.035908
0.035973
0.034768
0.035804
0.036428
0.035463
0.03606
0.036446
0.034202
0.034387
0.033789
0.03397
0.037087
0.033264
0.032654
0.033715
0.032589
0.032403
0.03674
0.03273
0.031741
0.032779
0.033772
0.031942
0.031637
0.035155
0.032519
0.032423
0.031773
0.031087
0.03144
0.035575
0.033553
0.032182
0.031488
0.0309
0.030625
0.035434
0.032522
0.03186
0.031488
0.032041
0.032251
0.032991
0.032801
0.032781
0.03925
0.035622
0.034409
0.034038
0.03469
0.033075
0.03216
0.031423
0.033821
0.032419
0.031077
0.03087
0.031178
0.030702
0.032151
0.033204
0.030287
0.029843
0.029516
0.029253
0.034826
0.030597
0.029941
0.029854
0.028803
0.030172
0.029194
0.029698
0.03247
0.03047
0.030024
0.0321
0.031126
0.035663
0.035668
0.035619
0.032332
0.033559
0.030007
0.029846
0.033389
0.035317
0.030736
0.030451
0.031109
0.030656
0.033684
0.030491
0.029677
0.028719
0.02772
0.026692
0.027318
0.027183
0.029049
0.027364
0.026657
0.026409
0.026978
0.030943
0.027065
0.028584
0.027864
0.026583
0.028794
0.028129
0.032367
0.030086
0.029368
0.028149
0.030556
0.034385
0.03159
0.031117
0.031734
0.032112
0.031239
0.03121
0.032086
0.031148
0.031467
0.032049
0.031789
0.031267
0.031391
0.031403
0.031893
0.031003
0.031514
0.03423
0.035128
0.032098
0.038539
0.032315
0.033231
0.032441
0.037718
0.032436
0.032163
0.039502
0.031581
0.030582
0.030704
0.029487
0.029969
0.030143
0.030236
0.029368
0.031021
0.03008
0.028667
0.030065
0.029769
0.030916
0.031721
0.029508
0.030497
0.030202
0.029689
0.029352
0.03104
0.029956
0.029514
0.030308
0.029284
0.030018
0.032126
0.033604
0.031959
0.030766
0.031557
0.031609
0.030006
0.030381
0.030572
0.030053
0.029197
0.029302
0.028741
0.027423
0.028238
0.027496
0.026731
0.02796
0.027314
0.02663
0.026914
0.026974
0.027144
0.027401
0.027278
0.028115
0.028416
0.027017
0.02816
0.028698
0.028053
0.026586
0.027743
0.027014
0.025807
0.027295
0.025969
0.024893
0.026383
0.025269
0.02637
0.026449
0.024899
0.025999
0.026407
0.026188
0.025981
0.027418
0.026659
0.025716
0.027375
0.026187
0.024869
0.026022
0.026714
0.02492
0.02576
0.026659
0.026285
0.026872
0.026639
0.02675
0.027261
0.025956
0.025409
0.025521
0.025895
0.024886
0.026619
0.025411
0.023893
0.025529
0.029559
0.025484
0.025184
0.02377
0.024411
0.025557
0.025088
0.025255
0.025532
0.02486
0.027026
0.025996
0.029969
0.026663
0.028148
0.026529
0.02789
0.026411
0.027171
0.026959
0.028076
0.029476
0.026704
0.028508
0.026794
0.032459
0.028832
0.027834
0.026473
0.028
0.026428
0.030453
0.0268
0.026229
0.026112
0.027765
0.026495
0.02683
0.027425
0.026398
0.026138
0.031728
0.027658
0.026435
0.027024
0.026383
0.026478
0.027187
0.02861
0.027414
0.027596
0.026779
0.027363
0.028039
0.026967
0.026573
0.030227
0.029338
0.028804
0.028141
0.028287
0.02836
0.029087
0.028119
0.02776
0.02732
0.027047
0.026248
0.026579
0.028399
0.026913
0.026984
0.027517
0.027155
0.026292
0.026619
0.026807
0.027141
0.029133
0.027891
0.028876
0.029761
0.027852
0.029609
0.03265
0.029157
0.029779
0.029148
0.02871
0.029584
0.033429
0.029575
0.029735
0.032067
0.03006
0.031406
0.028812
0.028837
0.029203
0.027829
0.028005
0.033052
0.028031
0.02757
0.027515
0.027426
0.027347
0.027582
0.031201
0.028055
0.028467
0.028313
0.025616
0.026436
0.025451
0.024721
0.026402
0.024861
0.023716
0.023871
0.023818
0.022696
0.027616
0.024247
0.023446
0.026829
0.024287
0.023985
0.027949
0.02545
0.024965
0.025122
0.024411
0.025143
0.024911
0.025418
0.027454
0.029532
0.02475
0.024076
0.030744
0.025914
0.026321
0.025997
0.027657
0.025321
0.027766
0.025606
0.027565
0.025953
0.024509
0.028725
0.026449
0.027502
0.025116
0.025297
0.026435
0.02533
0.032259
0.028365
0.026741
0.026718
0.025987
0.031159
0.028047
0.026334
0.027013
0.0276
0.030294
0.028189
0.028585
0.027257
0.02701
0.027964
0.02625
0.026642
0.026762
0.025557
0.026232
0.029898
0.026637
0.025948
0.026452
0.024889
0.029228
0.027508
0.026322
0.026227
0.026042
0.027865
0.026124
0.026954
0.027793
0.026475
0.02599
0.026492
0.025806
0.026078
0.025517
0.026924
0.025405
0.025826
0.02504
0.025667
0.025231
0.027715
0.025131
0.024152
0.024287
0.02427
0.024369
0.025291
0.026238
0.025806
0.025644
0.026485
0.026691
0.026373
0.026552
0.02576
0.029603
0.028216
0.028571
0.027094
0.028992
0.027014
0.030625
0.031062
0.029626
0.030435
0.02919
0.029825
0.031303
0.030405
0.036902
0.031928
0.030963
0.031105
0.031856
0.030692
0.031069
0.031282
0.030081
0.030559
0.030627
0.028946
0.030492
0.029534
0.029778
0.029973
0.029571
0.029024
0.027293
0.028717
0.028456
0.028187
0.031075
0.037603
0.027226
0.028245
0.029453
0.026803
0.029027
0.029679
0.028553
0.029494
0.029927
0.029502
0.030363
0.030011
0.032613
0.029258
0.029639
0.0294
0.031419
0.028491
0.028532
0.029741
0.028533
0.02706
0.026537
0.027784
0.027344
0.026625
0.024856
0.025278
0.025129
0.028599
0.024889
0.024817
0.024272
0.022781
0.024389
0.025688
0.024578
0.025029
0.026009
0.025752
0.025753
0.030322
0.027499
0.026582
0.025527
0.025532
0.024948
0.026718
0.024446
0.025096
0.029464
0.027819
0.027998
0.026643
0.026673
0.028758
0.0319
0.030724
0.030373
0.030458
0.03068
0.030845
0.030231
0.030518
0.030372
0.030651
0.029888
0.032425
0.03158
0.030752
0.035499
0.031687
0.032237
0.032638
0.031885
0.032738
0.031697
0.034348
0.032693
0.030724
0.031585
0.029565
0.029159
0.036006
0.03189
0.032053
0.031144
0.029841
0.030121
0.03042
0.034014
0.030345
0.036121
0.033211
0.032354
0.032884
0.032518
0.032129
0.032001
0.031837
0.030492
0.031622
0.031933
0.03074
0.031331
0.032769
0.035742
0.032856
0.032061
0.031475
0.03094
0.031361
0.030489
0.030734
0.031974
0.032731
0.031922
0.035943
0.033581
0.031406
0.037616
0.033834
0.036131
0.033614
0.034985
0.033782
0.032583
0.034024
0.036655
0.034865
0.033597
0.03194
0.034332
0.039359
0.035381
0.033303
0.033735
0.033636
0.033245
0.037295
0.03481
0.034017
0.033491
0.034372
0.039056
0.036767
0.036485
0.03593
0.037191
0.03624
0.035494
0.038245
0.037568
0.036566
0.036745
0.036599
0.037211
0.036796
0.036205
0.035519
0.034327
0.039627
0.033895
0.03207
0.032716
0.033642
0.032552
0.034773
0.03665
0.033364
0.032755
0.031723
0.031879
0.032833
0.033083
0.033672
0.032425
0.032511
0.032809
0.033153
0.032944
0.034832
0.033039
0.032463
0.031395
0.03079
0.034196
0.032553
0.032811
0.031354
0.031845
0.032572
0.031656
0.031468
0.031147
0.032513
0.030858
0.030835
0.032615
0.032645
0.033258
0.030081
0.030976
0.034286
0.032419
0.032241
0.031358
0.031456
0.032076
0.038055
0.035042
0.03376
0.034107
0.034244
0.034536
0.03505
0.03437
0.034862
0.034715
0.034065
0.034179
0.034055
0.03548
0.035886
0.03797
0.03675
0.036053
0.03815
0.035948
0.033982
0.03516
0.035566
0.034404
0.034762
0.035018
0.035881
0.034908
0.034133
0.034231
0.034121
0.037529
0.034754
0.034323
0.032616
0.032243
0.03344
0.033483
0.03268
0.038647
0.03392
0.035928
0.031493
0.035909
0.031159
0.035416
0.035061
0.035151
0.032294
0.030757
0.029837
0.030149
0.030429
0.030529
0.031426
0.027508
0.029496
0.028977
0.028738
0.029281
0.034958
0.030064
0.028904
0.03731
0.032283
0.030462
0.035245
0.030773
0.02876
0.02916
0.028156
0.030631
0.030341
0.03317
0.031237
0.029041
0.036319
0.032117
0.032722
0.032432
0.037354
0.031952
0.031354
0.0302
0.029371
0.029903
0.027967
0.028066
0.033486
0.031862
0.031602
0.030898
0.030929
0.037255
0.034076
0.032934
0.033478
0.03275
0.031821
0.032651
0.033952
0.036158
0.034955
0.034392
0.033739
0.034473
0.034022
0.03851
0.035206
0.03476
0.034909
0.033613
0.033819
0.033918
0.037959
0.035202
0.034748
0.034215
0.034708
0.03763
0.034048
0.033541
0.034836
0.035027
0.037351
0.034812
0.033243
0.033054
0.033234
0.033327
0.037174
0.033393
0.033987
0.033528
0.034983
0.034184
0.034509
0.031901
0.0324
0.033457
0.03227
0.033453
0.033297
0.033364
0.033324
0.034733
0.03367
0.031505
0.032078
0.032838
0.032485
0.036022
0.03439
0.03459
0.034183
0.034682
0.035081
0.035061
0.034655
0.035085
0.034446
0.035963
0.033815
0.034264
0.034359
0.035286
0.03657
0.036723
0.037011
0.037179
0.035883
0.036187
0.036912
0.036532
0.03638
0.035066
0.035814
0.034863
0.035049
0.034819
0.033636
0.033166
0.034048
0.035019
0.034616
0.034044
0.033569
0.032794
0.032595
0.033486
0.032589
0.032371
0.032133
0.031582
0.032947
0.031901
0.031575
0.032262
0.032786
0.03358
0.033803
0.033153
0.033068
0.033057
0.032937
0.032256
0.033268
0.032572
0.032686
0.032888
0.03303
0.034148
0.034213
0.035148
0.035189
0.034731
0.034683
0.034432
0.033855
0.032748
0.033077
0.033061
0.033622
0.033079
0.033527
0.032329
0.031464
0.030896
0.034064
0.032097
0.03087
0.031333
0.031164
0.03271
0.032468
0.031386
0.03406
0.02984
0.03015
0.030952
0.0319
0.031605
0.032254
0.033058
0.039336
0.032669
0.030921
0.031826
0.031916
0.032347
0.031197
0.030599
0.029936
0.031577
0.031969
0.032734
0.030585
0.029449
0.030202
0.030776
0.031517
0.034262
0.030307
0.029957
0.029658
0.02959
0.028299
0.029741
0.032333
0.034807
0.029681
0.029409
0.028928
0.028718
0.028868
0.032767
0.030029
0.029099
0.030238
0.028801
0.028176
0.035221
0.028997
0.029306
0.028031
0.028734
0.029265
0.027905
0.034862
0.029994
0.029062
0.028682
0.027487
0.027119
0.030104
0.028305
0.028782
0.032729
0.031289
0.029906
0.029723
0.030166
0.03103
0.035674
0.03046
0.031382
0.030091
0.03238
0.035756
0.033073
0.032459
0.032469
0.032005
0.03078
0.030499
0.031494
0.033418
0.031977
0.029531
0.029661
0.036872
0.030165
0.029609
0.02967
0.029457
0.028484
0.028117
0.033033
0.029981
0.029152
0.028422
0.028244
0.028555
0.032036
0.028223
0.02762
0.026577
0.029475
0.029556
0.03048
0.027692
0.028364
0.027056
0.026806
0.032099
0.029399
0.028843
0.029855
0.031655
0.030108
0.031193
0.029484
0.030883
0.030865
0.030401
0.030697
0.03442
0.032626
0.033482
0.032192
0.034063
0.032516
0.038167
0.03528
0.034344
0.034183
0.033403
0.03388
0.033416
0.031683
0.033595
0.034401
0.034023
0.032293
0.031956
0.033752
0.033906
0.035619
0.034492
0.035762
0.033018
0.032866
0.035816
0.033624
0.03271
0.033183
0.032049
0.039185
0.034166
0.032502
0.032956
0.037553
0.034732
0.035269
0.035285
0.034314
0.034365
0.037369
0.03615
0.037532
0.036364
0.036815
0.044476
0.039608
0.038824
0.038246
0.037727
0.037693
0.03502
0.036372
0.035829
0.035285
0.035069
0.034771
0.034151
0.034469
0.034448
0.034521
0.035793
0.034212
0.041343
0.03731
0.035981
0.035821
0.035055
0.03357
0.034166
0.033993
0.0345
0.035401
0.032657
0.033218
0.034071
0.033316
0.034296
0.032973
0.033818
0.032831
0.033222
0.032987
0.030662
0.032424
0.032612
0.032043
0.033132
0.03286
0.032433
0.03208
0.032161
0.034564
0.032832
0.034757
0.033669
0.033495
0.03773
0.033368
0.034423
0.034614
0.034303
0.03381
0.032117
0.032866
0.032412
0.032374
0.032071
0.032653
0.031748
0.031456
0.03228
0.031894
0.035665
0.03355
0.032277
0.033153
0.032497
0.033421
0.032498
0.032192
0.03257
0.032284
0.031508
0.031338
0.031832
0.032371
0.032785
0.032912
0.033734
0.03318
0.033549
0.035787
0.031178
0.03511
0.03393
0.033929
0.038577
0.033697
0.033462
0.034026
0.033045
0.033782
0.034424
0.034889
0.033199
0.034184
0.034572
0.034174
0.033589
0.033482
0.036844
0.034162
0.033369
0.032417
0.033881
0.03385
0.033818
0.033194
0.034162
0.034957
0.035133
0.033854
0.034566
0.035056
0.034681
0.034223
0.037022
0.035871
0.039189
0.035621
0.035078
0.036227
0.035757
0.035042
0.035415
0.035254
0.034451
0.033718
0.03421
0.034808
0.033653
0.033341
0.034738
0.035277
0.035985
0.035492
0.035855
0.034994
0.035177
0.034673
0.034183
0.034069
0.033915
0.034069
0.03422
0.034827
0.036317
0.035696
0.036613
0.034688
0.036592
0.035548
0.035595
0.034675
0.034375
0.033532
0.033775
0.036541
0.035064
0.033917
0.034433
0.03404
0.033474
0.033316
0.030107
0.030369
0.031335
0.029664
0.03078
0.031611
0.030019
0.031124
0.036025
0.03085
0.029445
0.030398
0.029827
0.032162
0.03064
0.030224
0.029198
0.030373
0.030588
0.030543
0.030801
0.030671
0.030626
0.030961
0.030668
0.030599
0.031097
0.031891
0.032091
0.03322
0.032016
0.031835
0.031744
0.032953
0.031504
0.030841
0.03094
0.030596
0.030764
0.03096
0.030147
0.031894
0.0318
0.032036
0.031462
0.031566
0.03124
0.031172
0.029937
0.031117
0.031822
0.031756
0.032033
0.032223
0.035208
0.03176
0.030304
0.031346
0.030768
0.031086
0.031689
0.030564
0.03103
0.03093
0.030619
0.030376
0.032687
0.029632
0.031285
0.02951
0.027971
0.029148
0.030316
0.029472
0.030526
0.032328
0.030133
0.030281
0.031292
0.029952
0.031446
0.034719
0.031524
0.030374
0.030829
0.030338
0.029324
0.029786
0.030591
0.03083
0.029699
0.031985
0.031709
0.031184
0.03219
0.031843
0.031748
0.035451
0.031635
0.03219
0.031072
0.030694
0.030843
0.031835
0.029916
0.03076
0.033254
0.031337
0.030661
0.029963
0.031031
0.031336
0.030198
0.029698
0.030239
0.028871
0.028487
0.028424
0.030775
0.029016
0.02839
0.028723
0.027847
0.02877
0.027969
0.029925
0.028149
0.027397
0.029191
0.028037
0.026347
0.02867
0.028325
0.02662
0.026988
0.027559
0.026905
0.027004
0.026499
0.026008
0.025849
0.028829
0.030466
0.027254
0.027263
0.026655
0.026483
0.028168
0.027756
0.026081
0.026626
0.025583
0.026208
0.028588
0.026939
0.026932
0.027456
0.026188
0.026857
0.026903
0.025762
0.025855
0.025869
0.024979
0.025408
0.025781
0.026019
0.026616
0.03105
0.026591
0.026778
0.027502
0.026148
0.02668
0.026768
0.026255
0.026616
0.028052
0.030844
0.026604
0.028643
0.026179
0.026536
0.033087
0.026915
0.028804
0.02755
0.029147
0.03047
0.026883
0.029268
0.030532
0.030172
0.025607
0.024977
0.026449
0.026611
0.026153
0.027991
0.030156
0.025565
0.02994
0.026164
0.028206
0.026145
0.02802
0.026918
0.028162
0.027188
0.028346
0.027535
0.026364
0.030356
0.030315
0.027673
0.028219
0.031652
0.026538
0.027077
0.030491
0.02727
0.026411
0.032271
0.028592
0.026629
0.028956
0.028328
0.027459
0.028421
0.027415
0.030708
0.027029
0.026923
0.027205
0.028299
0.028665
0.031827
0.0264
0.027329
0.029444
0.031762
0.02692
0.028792
0.031538
0.027722
0.027272
0.028494
0.027759
0.027526
0.030409
0.029426
0.031562
0.032343
0.027163
0.027881
0.0291
0.028365
0.028283
0.029682
0.030818
0.028813
0.033577
0.03011
0.029475
0.032112
0.029252
0.028771
0.029681
0.030044
0.032547
0.033247
0.030846
0.0308
0.03144
0.030581
0.030831
0.036128
0.030058
0.029764
0.030158
0.031352
0.031385
0.032779
0.033803
0.030797
0.034788
0.030587
0.031093
0.030872
0.029975
0.030551
0.03096
0.029997
0.030216
0.031218
0.03026
0.036246
0.030573
0.035136
0.031615
0.030709
0.036937
0.031998
0.030379
0.030663
0.03083
0.030095
0.029894
0.030024
0.03322
0.028988
0.030663
0.02951
0.02983
0.029633
0.030091
0.035025
0.029645
0.029931
0.029388
0.031462
0.029914
0.029696
0.029553
0.029527
0.027883
0.02947
0.029544
0.02865
0.039453
0.027675
0.036325
0.027299
0.029102
0.030336
0.035991
0.028219
0.028595
0.02737
0.02828
0.02758
0.026625
0.029776
0.029237
0.02848
0.027772
0.027869
0.027273
0.030521
0.027045
0.025972
0.027157
0.025256
0.026641
0.027766
0.027486
0.026897
0.028043
0.026395
0.030532
0.02926
0.027955
0.026441
0.028673
0.02782
0.032094
0.030105
0.028062
0.028776
0.029254
0.027472
0.032873
0.031698
0.029885
0.030152
0.030933
0.030384
0.030264
0.035581
0.031596
0.031412
0.03072
0.031111
0.031128
0.034555
0.033548
0.032195
0.03104
0.031886
0.029861
0.036029
0.032807
0.031442
0.032664
0.030481
0.031162
0.031454
0.040082
0.031397
0.030308
0.029486
0.030289
0.031954
0.036068
0.030679
0.034231
0.031407
0.028905
0.032641
0.035591
0.034244
0.032631
0.033557
0.036795
0.033884
0.03295
0.031398
0.034854
0.032271
0.033836
0.033742
0.039705
0.038501
0.034212
0.034752
0.033349
0.032268
0.031873
0.030672
0.030621
0.032085
0.03971
0.033905
0.032945
0.036641
0.033111
0.032766
0.031961
0.02974
0.030475
0.030633
0.031212
0.031241
0.031822
0.041822
0.034214
0.033924
0.033114
0.032654
0.032015
0.030848
0.029964
0.029082
0.029237
0.030762
0.03063
0.030173
0.030612
0.039604
0.031766
0.031564
0.031567
0.031192
0.030332
0.030996
0.030818
0.032492
0.03276
0.032785
0.033588
0.034696
0.034757
0.03373
0.039715
0.034513
0.034338
0.034012
0.033941
0.033996
0.035148
0.037496
0.035904
0.034704
0.034586
0.034858
0.034871
0.034874
0.038371
0.035835
0.03587
0.035886
0.036157
0.037468
0.03532
0.0348
0.034788
0.034656
0.034914
0.034897
0.035282
0.034385
0.033825
0.033742
0.033078
0.036774
0.032643
0.038046
0.033032
0.036921
0.033025
0.035971
0.030562
0.030105
0.031652
0.032015
0.03607
0.031581
0.032288
0.032309
0.032382
0.032383
0.031989
0.031407
0.031529
0.032926
0.03404
0.035127
0.034836
0.034494
0.033545
0.034295
0.034322
0.034215
0.033988
0.033947
0.035105
0.037707
0.037102
0.035234
0.036714
0.03548
0.0351
0.035959
0.035332
0.033877
0.034191
0.034074
0.034146
0.035163
0.035821
0.034569
0.03461
0.033601
0.032447
0.03698
0.036458
0.035238
0.032501
0.032006
0.032668
0.032117
0.034422
0.036019
0.032927
0.032231
0.032332
0.032024
0.03276
0.031656
0.033853
0.03673
0.031762
0.031531
0.031224
0.031941
0.032179
0.032654
0.035564
0.032612
0.031492
0.031149
0.030889
0.030436
0.029885
0.030881
0.030015
0.031737
0.028908
0.029737
0.02939
0.028556
0.028886
0.026759
0.027024
0.028392
0.026989
0.02619
0.025965
0.026537
0.029769
0.028538
0.024183
0.029581
0.027255
0.0271
0.026786
0.025544
0.02553
0.029553
0.029161
0.027688
0.027427
0.029618
0.027395
0.032883
0.030836
0.03025
0.032811
0.03176
0.031669
0.034318
0.03398
0.03406
0.032784
0.038435
0.035599
0.034244
0.035495
0.034187
0.035362
0.037533
0.03711
0.038464
0.035512
0.0371
0.042718
0.039452
0.038209
0.037509
0.037637
0.038433
0.036242
0.038051
0.035813
0.039851
0.036238
0.036063
0.037807
0.036255
0.037615
0.04271
0.037493
0.036134
0.035961
0.034903
0.04145
0.03708
0.033559
0.037617
0.037424
0.036898
0.036599
0.034814
0.037171
0.035223
0.035097
0.03498
0.035667
0.036708
0.034973
0.035027
0.036882
0.036083
0.034782
0.035275
0.038391
0.037003
0.034874
0.036335
0.036444
0.036527
0.037947
0.034664
0.039166
0.036704
0.036802
0.036712
0.03776
0.036445
0.038137
0.03594
0.039211
0.037377
0.036615
0.03527
0.036815
0.036132
0.036358
0.035023
0.03599
0.034673
0.033811
0.036264
0.03674
0.035212
0.036225
0.034921
0.034091
0.037469
0.035707
0.035042
0.034078
0.035432
0.036535
0.034519
0.035631
0.034231
0.035568
0.036196
0.037049
0.03698
0.036322
0.034948
0.03526
0.035475
0.034189
0.034136
0.032779
0.032953
0.034111
0.034452
0.035451
0.034806
0.033728
0.035069
0.033248
0.033958
0.032915
0.035103
0.035242
0.036691
0.03658
0.0363
0.035474
0.034894
0.038611
0.037871
0.03755
0.037613
0.037138
0.038528
0.039044
0.03728
0.038358
0.038148
0.039296
0.038275
0.039747
0.039322
0.040146
0.039199
0.039739
0.038716
0.039316
0.038209
0.038885
0.037374
0.037102
0.036235
0.036477
0.036054
0.0354
0.034808
0.034497
0.033668
0.03359
0.033584
0.034412
0.036045
0.036628
0.037977
0.038248
0.037744
0.03749
0.037688
0.037716
0.03789
0.043056
0.03757
0.037589
0.037628
0.035767
0.036824
0.038363
0.03876
0.037515
0.037438
0.035986
0.03748
0.038309
0.037562
0.036472
0.036553
0.036938
0.037023
0.035334
0.037063
0.036662
0.036878
0.03611
0.03573
0.035825
0.036147
0.036578
0.035605
0.036659
0.035881
0.036319
0.035982
0.03574
0.035456
0.036228
0.040081
0.039822
0.039642
0.037697
0.038134
0.037347
0.035937
0.034707
0.035329
0.034653
0.035484
0.034395
0.037539
0.033152
0.032958
0.033072
0.032387
0.031534
0.032224
0.031209
0.031032
0.03038
0.032338
0.03111
0.031225
0.032538
0.030789
0.03105
0.031888
0.029448
0.030374
0.030317
0.028929
0.028476
0.030769
0.029838
0.02886
0.029664
0.029461
0.0293
0.029678
0.028519
0.028723
0.028849
0.028423
0.028437
0.031839
0.032125
0.032755
0.032639
0.031446
0.031462
0.03102
0.030373
0.030109
0.030528
0.029989
0.029599
0.028661
0.02938
0.029086
0.029039
0.027738
0.028292
0.029325
0.02865
0.029719
0.030064
0.028376
0.029067
0.028404
0.028176
0.027869
0.028168
0.028283
0.029122
0.028911
0.031484
0.029636
0.029781
0.028091
0.032542
0.027836
0.027499
0.027112
0.027832
0.033335
0.029867
0.029765
0.02926
0.029347
0.029393
0.032789
0.032161
0.029807
0.031036
0.031642
0.030599
0.029763
0.030029
0.028463
0.02905
0.02905
0.027126
0.028655
0.02911
0.029109
0.029134
0.037347
0.028555
0.028517
0.029912
0.027638
0.026264
0.026062
0.026304
0.026898
0.027229
0.026724
0.026782
0.025318
0.026498
0.025959
0.02634
0.02571
0.025881
0.025962
0.026795
0.029502
0.026468
0.02647
0.024894
0.024692
0.024512
0.026756
0.028123
0.026906
0.026806
0.026874
0.031289
0.026167
0.02584
0.02577
0.02621
0.027021
0.026244
0.026888
0.027476
0.026374
0.03234
0.026039
0.02688
0.026739
0.02645
0.027031
0.026991
0.024859
0.026084
0.031464
0.026018
0.025902
0.027636
0.027078
0.026703
0.028054
0.027462
0.030998
0.037675
0.02925
0.029132
0.029444
0.029234
0.027856
0.028194
0.030955
0.029125
0.027971
0.02719
0.027131
0.027533
0.031105
0.0271
0.026431
0.026214
0.026914
0.028378
0.02911
0.031985
0.028849
0.029069
0.029488
0.028067
0.030881
0.027778
0.028834
0.03307
0.030368
0.030271
0.030921
0.030042
0.028536
0.033993
0.0311
0.031082
0.030155
0.029775
0.030004
0.030682
0.033086
0.031792
0.032065
0.031901
0.030661
0.031907
0.032564
0.040931
0.034713
0.035438
0.035509
0.034197
0.040977
0.033074
0.03373
0.034399
0.033588
0.032771
0.037215
0.035562
0.034795
0.034617
0.034223
0.033175
0.03415
0.033825
0.035772
0.032565
0.031359
0.030974
0.031429
0.030882
0.032529
0.032497
0.033103
0.033484
0.031901
0.032717
0.04016
0.033105
0.033619
0.035871
0.032993
0.032713
0.032549
0.032924
0.033601
0.033558
0.032381
0.033773
0.034177
0.035301
0.03433
0.03453
0.033449
0.037605
0.034847
0.033994
0.032693
0.032854
0.031807
0.031752
0.030995
0.034235
0.031951
0.032209
0.030995
0.035782
0.030152
0.031418
0.030065
0.029208
0.031258
0.032168
0.031592
0.030986
0.030493
0.029991
0.029925
0.030589
0.0305
0.033109
0.031038
0.030427
0.031984
0.030898
0.031265
0.030565
0.030243
0.032486
0.030853
0.029691
0.029723
0.031745
0.031974
0.03159
0.030503
0.02986
0.030956
0.032832
0.032584
0.032336
0.031947
0.032197
0.03202
0.029948
0.031541
0.029796
0.032155
0.032462
0.031586
0.033376
0.032471
0.031875
0.032127
0.034299
0.032148
0.031507
0.03226
0.03377
0.034995
0.035277
0.034935
0.034288
0.037128
0.037148
0.03701
0.035514
0.036601
0.035745
0.036462
0.036294
0.040226
0.039201
0.036844
0.03795
0.037995
0.039937
0.03813
0.037396
0.037724
0.038054
0.037511
0.038181
0.037106
0.038623
0.037967
0.03865
0.037572
0.035631
0.037018
0.036227
0.036183
0.036459
0.035324
0.03396
0.034343
0.034864
0.035261
0.034735
0.034324
0.032415
0.033919
0.031355
0.03162
0.037769
0.031143
0.029873
0.029493
0.037363
0.032368
0.032364
0.032148
0.032636
0.030881
0.032868
0.0326
0.03173
0.031477
0.033994
0.034567
0.03545
0.034376
0.03355
0.03201
0.033049
0.036851
0.035031
0.035361
0.033319
0.033475
0.034587
0.033596
0.033805
0.033406
0.033082
0.032841
0.033904
0.033286
0.033381
0.033495
0.03612
0.033119
0.03379
0.034391
0.033617
0.034307
0.033424
0.033256
0.032711
0.032593
0.032863
0.033271
0.033735
0.032272
0.031692
0.03234
0.033153
0.034172
0.033891
0.0348
0.034108
0.034649
0.034455
0.034221
0.03412
0.035436
0.036676
0.033821
0.034009
0.034187
0.034712
0.035194
0.034387
0.034492
0.035193
0.034081
0.035579
0.034848
0.035952
0.034698
0.035188
0.034917
0.040754
0.039666
0.038637
0.039771
0.03832
0.038428
0.036883
0.038971
0.03852
0.036968
0.035964
0.036855
0.036601
0.0359
0.03546
0.035949
0.036775
0.036543
0.034825
0.035083
0.034059
0.035005
0.034572
0.03437
0.035233
0.035658
0.035107
0.035719
0.035521
0.034689
0.034536
0.034097
0.034126
0.035833
0.034858
0.033748
0.036014
0.03649
0.036935
0.036098
0.03399
0.035496
0.033271
0.035392
0.036403
0.03538
0.034673
0.035818
0.035999
0.034455
0.037801
0.036045
0.035797
0.036617
0.036212
0.037848
0.036707
0.036016
0.036481
0.036116
0.035935
0.03745
0.037361
0.036222
0.037866
0.037073
0.036471
0.03698
0.03619
0.03496
0.036395
0.036618
0.038185
0.039479
0.036862
0.037772
0.03672
0.036018
0.036625
0.036366
0.036377
0.036093
0.035231
0.034894
0.035188
0.035481
0.035351
0.035351
0.037602
0.034321
0.036787
0.034897
0.034548
0.034531
0.034586
0.036134
0.035076
0.034343
0.034609
0.033829
0.033478
0.033394
0.032058
0.032502
0.030904
0.032378
0.032029
0.033363
0.032264
0.031812
0.031685
0.030263
0.03059
0.033579
0.032429
0.031712
0.032257
0.031272
0.03237
0.032169
0.032134
0.034541
0.033001
0.033106
0.032855
0.033624
0.033058
0.032796
0.0325
0.032629
0.03461
0.03401
0.033251
0.034815
0.033863
0.034746
0.03335
0.038504
0.03584
0.035428
0.035172
0.034633
0.035813
0.034787
0.034757
0.034673
0.035008
0.0351
0.034622
0.035508
0.035456
0.035061
0.040873
0.037105
0.0354
0.034386
0.035407
0.032236
0.035495
0.035039
0.035853
0.034907
0.033924
0.032816
0.03333
0.032247
0.037865
0.032998
0.032789
0.032475
0.031321
0.037823
0.035259
0.035101
0.03338
0.032496
0.032798
0.036632
0.03509
0.032768
0.034062
0.033819
0.033253
0.039273
0.034972
0.033306
0.033352
0.033061
0.033424
0.034343
0.034838
0.038314
0.035365
0.034646
0.034229
0.034937
0.03381
0.034246
0.038608
0.034639
0.036417
0.035511
0.03423
0.035521
0.035399
0.034228
0.034255
0.031778
0.032752
0.033218
0.034495
0.033462
0.033292
0.032974
0.032503
0.034836
0.034318
0.033029
0.032126
0.031082
0.032211
0.033425
0.035207
0.031653
0.032255
0.030685
0.030229
0.030618
0.030966
0.03322
0.03439
0.032293
0.032479
0.032153
0.038463
0.034341
0.03405
0.033349
0.032579
0.033501
0.032919
0.031961
0.033264
0.032817
0.033274
0.033838
0.034472
0.035328
0.034976
0.035091
0.042222
0.036464
0.035353
0.035481
0.035281
0.034241
0.03463
0.034413
0.034197
0.034766
0.0356
0.034173
0.034155
0.034759
0.033538
0.034063
0.034108
0.034271
0.034965
0.033669
0.0312
0.032094
0.030682
0.031496
0.030931
0.032841
0.027287
0.029624
0.028407
0.027296
0.028825
0.026592
0.027771
0.028245
0.029428
0.027397
0.028104
0.027856
0.035324
0.029515
0.02933
0.029106
0.029438
0.028526
0.028574
0.030222
0.030829
0.030246
0.032408
0.034889
0.030328
0.030682
0.030057
0.030652
0.029898
0.029292
0.029368
0.032252
0.031292
0.029762
0.030524
0.030433
0.034585
0.031209
0.030805
0.031155
0.029426
0.030548
0.029576
0.03018
0.029422
0.032506
0.03052
0.029673
0.030651
0.03082
0.03121
0.028921
0.028842
0.033935
0.030803
0.029947
0.030473
0.029257
0.029547
0.029027
0.029585
0.031288
0.029931
0.028348
0.029119
0.029179
0.028165
0.028731
0.027235
0.03108
0.029928
0.029203
0.02911
0.030478
0.029609
0.027637
0.03394
0.031885
0.032223
0.030942
0.030269
0.032005
0.031517
0.03233
0.029805
0.040602
0.033935
0.03739
0.032051
0.032987
0.035558
0.032617
0.033546
0.038112
0.032423
0.032636
0.033116
0.033328
0.034432
0.033044
0.033185
0.032928
0.034616
0.03475
0.034205
0.03497
0.034231
0.035556
0.036205
0.035928
0.035329
0.036727
0.034784
0.035537
0.033771
0.034783
0.033732
0.033765
0.033674
0.036205
0.034134
0.033156
0.034782
0.034401
0.03376
0.033257
0.034749
0.035092
0.036937
0.03435
0.033847
0.033114
0.036892
0.033788
0.033912
0.032948
0.031788
0.032072
0.032423
0.031729
0.032525
0.032197
0.033713
0.033334
0.034144
0.033413
0.034022
0.033332
0.033462
0.034169
0.033097
0.03363
0.033571
0.032958
0.033095
0.033594
0.033807
0.033416
0.039297
0.038493
0.036809
0.036445
0.035276
0.032962
0.035189
0.036737
0.034131
0.037681
0.034874
0.035279
0.033608
0.034235
0.035364
0.034412
0.042102
0.034192
0.038774
0.032826
0.032085
0.034172
0.034612
0.035427
0.03528
0.033185
0.034591
0.034126
0.033835
0.032049
0.036372
0.035541
0.034262
0.034502
0.033084
0.034336
0.033757
0.034651
0.033913
0.033214
0.033665
0.033669
0.032857
0.033612
0.034794
0.034904
0.034212
0.036347
0.033775
0.033514
0.035035
0.033868
0.034868
0.038819
0.036376
0.033764
0.034225
0.03369
0.034076
0.033291
0.033755
0.034674
0.032303
0.034373
0.035149
0.034424
0.032779
0.033969
0.033731
0.031923
0.036097
0.033552
0.035042
0.034211
0.033494
0.034311
0.034285
0.034956
0.034606
0.034322
0.034005
0.034477
0.035645
0.036276
0.036343
0.036459
0.036613
0.036349
0.03583
0.035875
0.037311
0.037425
0.035803
0.034765
0.036345
0.041668
0.038993
0.037018
0.03565
0.035145
0.03427
0.034585
0.039238
0.034283
0.033115
0.034171
0.033694
0.032602
0.035545
0.034837
0.035375
0.036761
0.036258
0.03741
0.034427
0.035008
0.036729
0.034784
0.033626
0.032808
0.034372
0.03402
0.034136
0.035251
0.038261
0.037967
0.036428
0.036042
0.03481
0.036564
0.03439
0.040193
0.035868
0.034401
0.035113
0.034317
0.042021
0.037091
0.035152
0.033951
0.034076
0.034056
0.033115
0.037309
0.034992
0.034287
0.038671
0.035719
0.037145
0.0351
0.036658
0.035676
0.03822
0.03561
0.03448
0.033903
0.033468
0.040199
0.033987
0.033604
0.033617
0.032443
0.032154
0.032735
0.033423
0.032811
0.033802
0.033713
0.032978
0.034571
0.032734
0.034824
0.033371
0.037281
0.034298
0.033408
0.032085
0.030863
0.032141
0.031582
0.031423
0.030863
0.030131
0.032477
0.030884
0.031604
0.031251
0.030869
0.031113
0.034448
0.031279
0.029882
0.031029
0.0311
0.03058
0.031477
0.030518
0.030635
0.031559
0.030349
0.028901
0.029425
0.028349
0.029983
0.029754
0.029658
0.031935
0.030576
0.030611
0.030372
0.030611
0.029211
0.029493
0.027665
0.031761
0.03016
0.028818
0.029362
0.029731
0.02869
0.028719
0.029316
0.027587
0.030179
0.029943
0.028516
0.029456
0.029565
0.028582
0.028446
0.028596
0.027914
0.027638
0.026824
0.02697
0.026013
0.02786
0.027997
0.028536
0.029197
0.028529
0.028949
0.029752
0.029921
0.029671
0.02957
0.030099
0.029889
0.032212
0.030889
0.030552
0.029859
0.030095
0.0315
0.030474
0.029777
0.031271
0.030806
0.029045
0.029479
0.029961
0.030448
0.030378
0.030655
0.030005
0.030197
0.030421
0.029868
0.02941
0.03205
0.032214
0.030453
0.03066
0.031255
0.030702
0.031316
0.030487
0.030767
0.037012
0.030376
0.031564
0.031761
0.030168
0.028911
0.031177
0.03051
0.030491
0.030583
0.029785
0.030238
0.029701
0.030058
0.031292
0.031046
0.030691
0.030019
0.029837
0.029539
0.02901
0.029142
0.028766
0.028921
0.029082
0.028736
0.028179
0.028642
0.028205
0.028051
0.02838
0.032813
0.030352
0.031297
0.029395
0.0307
0.030375
0.029887
0.028825
0.034873
0.029661
0.030215
0.029767
0.029268
0.028611
0.029418
0.030037
0.031316
0.02961
0.028092
0.02803
0.028375
0.028873
0.028546
0.030327
0.029868
0.028995
0.034388
0.030305
0.02951
0.030301
0.030164
0.031022
0.029636
0.029318
0.028938
0.030529
0.029455
0.028782
0.03075
0.029082
0.030283
0.029367
0.03057
0.029792
0.029429
0.029564
0.029835
0.029487
0.027984
0.033322
0.030822
0.030775
0.030922
0.030165
0.031088
0.030077
0.030252
0.030028
0.029862
0.029882
0.029335
0.029322
0.029549
0.030486
0.030314
0.030535
0.031068
0.029971
0.029666
0.032905
0.030126
0.029512
0.030577
0.033377
0.03072
0.03057
0.029935
0.029428
0.030421
0.028756
0.029166
0.030906
0.029206
0.029981
0.030456
0.034138
0.029189
0.030569
0.029124
0.028815
0.029777
0.028627
0.027467
0.032543
0.029579
0.029542
0.029779
0.029861
0.028518
0.029921
0.029474
0.032069
0.030268
0.028982
0.027157
0.029962
0.028702
0.028717
0.02974
0.031149
0.029345
0.030001
0.027997
0.029685
0.028817
0.028715
0.029001
0.029853
0.030663
0.028232
0.030102
0.028729
0.030215
0.030256
0.027136
0.029007
0.029556
0.030561
0.027826
0.028784
0.028416
0.028347
0.029276
0.028679
0.02892
0.029269
0.028057
0.028066
0.030979
0.028366
0.030468
0.030194
0.029129
0.029211
0.034597
0.030699
0.030415
0.031049
0.03028
0.032605
0.033091
0.031293
0.032019
0.030768
0.029958
0.031659
0.031951
0.032063
0.0309
0.031391
0.03099
0.032246
0.030248
0.030148
0.033132
0.031622
0.030982
0.032179
0.031104
0.030732
0.031466
0.029273
0.029699
0.03083
0.029636
0.029772
0.029915
0.029817
0.029511
0.028511
0.031585
0.029043
0.028099
0.028214
0.027108
0.027526
0.028324
0.026944
0.029427
0.027899
0.033993
0.02735
0.027697
0.028636
0.031854
0.027716
0.027446
0.027466
0.026944
0.026213
0.02727
0.027235
0.027026
0.028739
0.027246
0.025878
0.027182
0.025704
0.031056
0.027046
0.026576
0.027114
0.027388
0.026018
0.029892
0.027467
0.027828
0.027339
0.025904
0.026724
0.027462
0.030648
0.027823
0.027773
0.031181
0.027244
0.0287
0.029284
0.02825
0.030144
0.028433
0.033774
0.027674
0.034821
0.026585
0.026185
0.027323
0.025737
0.025794
0.025296
0.028764
0.025126
0.02544
0.024292
0.023453
0.025471
0.02234
0.021808
0.023505
0.022662
0.022641
0.021777
0.021523
0.021823
0.025323
0.021808
0.021652
0.021664
0.020808
0.021035
0.021938
0.020948
0.021785
0.020655
0.023149
0.021508
0.024253
0.021364
0.02328
0.021464
0.021915
0.021709
0.02179
0.023179
0.021733
0.021795
0.021838
0.023627
0.022148
0.023468
0.021503
0.023422
0.023195
0.023952
0.026575
0.025056
0.027821
0.028608
0.024856
0.024305
0.024823
0.025546
0.029309
0.02464
0.026714
0.025703
0.026317
0.026134
0.02838
0.02718
0.028262
0.027642
0.028109
0.033964
0.029346
0.029849
0.030551
0.029075
0.030167
0.030242
0.035652
0.033186
0.032985
0.034238
0.032931
0.032815
0.033215
0.035971
0.034156
0.033343
0.033335
0.033243
0.03438
0.033148
0.034551
0.034033
0.033656
0.032402
0.032562
0.032843
0.034485
0.033861
0.033015
0.032745
0.032093
0.032987
0.034498
0.033267
0.032357
0.032058
0.033226
0.032648
0.032215
0.037315
0.034876
0.034561
0.033953
0.033627
0.034081
0.033891
0.037329
0.035824
0.035756
0.035319
0.035118
0.035305
0.035775
0.039071
0.036209
0.0359
0.035755
0.034815
0.036419
0.036499
0.036113
0.038093
0.035507
0.035746
0.035628
0.035744
0.037151
0.033913
0.034489
0.036233
0.037642
0.037383
0.036179
0.036786
0.035342
0.036087
0.036025
0.039032
0.037353
0.036646
0.035569
0.036173
0.035839
0.035827
0.033823
0.034548
0.035214
0.034339
0.035549
0.037076
0.036365
0.03636
0.035905
0.036329
0.036675
0.038179
0.03808
0.035772
0.036264
0.035742
0.036583
0.03792
0.038435
0.036594
0.036511
0.035899
0.035862
0.035624
0.035226
0.034473
0.034925
0.035053
0.034781
0.035971
0.035552
0.037172
0.036006
0.035887
0.036535
0.034594
0.036118
0.035747
0.035519
0.035482
0.034624
0.035009
0.035159
0.034465
0.034849
0.034531
0.03412
0.034683
0.035387
0.036692
0.03752
0.036845
0.035217
0.035315
0.035842
0.035808
0.035655
0.036276
0.035987
0.035436
0.035171
0.035601
0.034649
0.034508
0.035576
0.035901
0.035196
0.034545
0.03446
0.033701
0.036264
0.036187
0.035525
0.035374
0.035157
0.035093
0.034113
0.034648
0.033778
0.033676
0.034486
0.03652
0.035877
0.036931
0.036755
0.03663
0.03559
0.036503
0.035251
0.035336
0.03644
0.035647
0.034745
0.035093
0.034724
0.034541
0.035069
0.034708
0.035275
0.034685
0.03365
0.034042
0.033695
0.032815
0.032938
0.032826
0.033085
0.032998
0.033045
0.032575
0.032982
0.03328
0.032952
0.033509
0.033803
0.033313
0.033661
0.03272
0.034696
0.033744
0.03367
0.033546
0.033942
0.033152
0.032645
0.032458
0.032943
0.032241
0.031919
0.031661
0.03148
0.032474
0.032559
0.032338
0.033354
0.032431
0.03312
0.033031
0.032208
0.033742
0.034192
0.033677
0.033911
0.033245
0.034307
0.03396
0.034117
0.033482
0.034197
0.034127
0.033809
0.035071
0.033745
0.033614
