0.027446
0.119493
0.122259
0.139057
0.134261
0.12935
0.130447
0.121012
0.133404
0.133255
0.132587
0.13657
0.136473
0.12609
0.135903
0.136892
0.135126
0.132958
0.123827
0.136226
0.136917
0.133396
0.131841
0.129551
0.127078
0.128152
0.131624
0.129958
0.125743
0.136751
0.131877
0.126753
0.127854
0.125416
0.129982
0.116058
0.127841
0.1283
0.129324
0.129815
0.133595
0.130363
0.133676
0.130293
0.132929
0.132479
0.131656
0.125127
0.128181
0.127429
0.13477
0.150296
0.152049
0.149216
0.154122
0.153069
0.145905
0.153267
0.147889
0.15392
0.149756
0.148773
0.146848
0.142791
0.143411
0.147604
0.145349
0.144458
0.136656
0.137207
0.137372
0.143651
0.142341
0.14202
0.139327
0.141278
0.138962
0.140698
0.138788
0.137287
0.140781
0.135914
0.133241
0.144955
0.1437
0.151694
0.150847
0.15005
0.151414
0.150374
0.152766
0.146484
0.139519
0.143273
0.139277
0.145045
0.140358
0.145814
0.148609
0.148349
0.134756
0.134703
0.134272
0.145597
0.138241
0.129343
0.136997
0.130225
0.131984
0.126559
0.140414
0.135664
0.134676
0.131631
0.133207
0.134422
0.132393
0.132431
0.140259
0.137388
0.135914
0.145665
0.147143
0.143036
0.143893
0.141625
0.14107
0.14534
0.137827
0.142497
0.152572
0.145822
0.144582
0.137329
0.15266
0.14443
0.139531
0.137493
0.138148
0.14101
0.145621
0.135797
0.132095
0.143933
0.142251
0.142768
0.141604
0.145814
0.13816
0.138853
0.138636
0.138546
0.147429
0.138525
0.140307
0.144598
0.139851
0.141392
0.13627
0.143427
0.13834
0.13435
0.133808
0.137219
0.138703
0.142585
0.145466
0.139603
0.140194
0.141689
0.144446
0.138086
0.143588
0.139906
0.142224
0.137079
0.136329
0.138699
0.145891
0.135194
0.13708
0.142227
0.140069
0.141877
0.138696
0.134046
0.146308
0.145242
0.143936
0.136519
0.142916
0.14443
0.139805
0.138206
0.139109
0.134504
0.134405
0.137868
0.13904
0.135868
0.137956
0.143614
0.137651
0.142777
0.141163
0.137554
0.140943
0.140027
0.14004
0.140031
0.134291
0.140951
0.139164
0.145934
0.150794
0.14381
0.142389
0.143779
0.152132
0.146541
0.137908
0.151691
0.140554
0.138719
0.140603
0.144498
0.143564
0.146353
0.140597
0.139007
0.136615
0.140846
0.150057
0.143961
0.149665
0.138406
0.144843
0.146262
0.154794
0.147604
0.149952
0.150656
0.155914
0.155466
0.14782
0.148245
0.150481
0.148915
0.149283
0.148111
0.154025
0.152782
0.146861
0.139525
0.140527
0.13223
0.146393
0.138603
0.14246
0.137806
0.143883
0.142904
0.160717
0.146473
0.141112
0.142216
0.141265
0.13793
0.141213
0.139578
0.140776
0.140354
0.146163
0.144182
0.143644
0.146993
0.142599
0.144874
0.143053
0.149346
0.147969
0.147567
0.147118
0.151508
0.146772
0.149235
0.144522
0.158791
0.154114
0.153905
0.150068
0.158082
0.158261
0.154863
0.15586
0.155727
0.16192
0.161051
0.158736
0.160231
0.158357
0.152745
0.146643
0.148415
0.156516
0.15628
0.15485
0.152673
0.151434
0.14596
0.165995
0.156566
0.147496
0.149893
0.142903
0.144832
0.153003
0.146928
0.155379
0.145193
0.145026
0.14245
0.142523
0.173288
0.153452
0.151657
0.150919
0.150348
0.147904
0.158066
0.15695
0.156615
0.154018
0.153929
0.155676
0.149447
0.170418
0.162664
0.154263
0.156004
0.157842
0.157095
0.154726
0.158434
0.161938
0.157151
0.152822
0.147626
0.147605
0.169387
0.152463
0.149725
0.146131
0.144209
0.136014
0.160555
0.147106
0.143239
0.141505
0.144993
0.137714
0.14085
0.15574
0.142351
0.142096
0.163332
0.146812
0.142529
0.144003
0.139757
0.136337
0.14205
0.137472
0.136986
0.140862
0.130424
0.136976
0.138624
0.141242
0.141377
0.173694
0.150386
0.147064
0.137784
0.139401
0.140834
0.142863
0.134217
0.14607
0.140879
0.135389
0.137671
0.139725
0.133643
0.130314
0.134796
0.141343
0.136654
0.133782
0.129226
0.127843
0.148311
0.13552
0.136655
0.139258
0.138179
0.136731
0.13727
0.144717
0.142781
0.132722
0.13309
0.136519
0.134604
0.149012
0.135787
0.141182
0.134884
0.133606
0.13027
0.123543
0.140656
0.12647
0.134361
0.128797
0.122726
0.143771
0.138304
0.136882
0.132469
0.129346
0.126799
0.124359
0.143758
0.130538
0.135675
0.130094
0.122972
0.125198
0.14487
0.130454
0.132934
0.129274
0.12716
0.122069
0.118087
0.121923
0.131289
0.12343
0.126971
0.122722
0.122887
0.12464
0.118838
0.117444
0.1192
0.117061
0.117888
0.118275
0.124293
0.127116
0.119302
0.115135
0.115978
0.113473
0.117082
0.120925
0.115324
0.115878
0.108352
0.113806
0.116948
0.113471
0.114322
0.114083
0.113112
0.110463
0.108355
0.110838
0.106
0.10442
0.10447
0.102747
0.103182
0.107973
0.106496
0.110705
0.109476
0.110678
0.110006
0.118911
0.116702
0.11492
0.127695
0.124941
0.12301
0.126368
0.125044
0.120836
0.120945
0.128778
0.119933
0.126186
0.123287
0.122787
0.13437
0.137412
0.126104
0.13074
0.123806
0.127635
0.127483
0.126851
0.129188
0.133417
0.133047
0.132724
0.130945
0.126793
0.127245
0.13058
0.125029
0.127354
0.130469
0.132279
0.133288
0.141551
0.13415
0.137577
0.136449
0.133732
0.138863
0.134905
0.141408
0.138681
0.141251
0.143263
0.133798
0.137714
0.128467
0.135127
0.140487
0.136336
0.130977
0.138786
0.132606
0.138524
0.135792
0.134266
0.136242
0.13402
0.146422
0.140177
0.142519
0.141064
0.137317
0.141319
0.138496
0.135476
0.139823
0.144126
0.143144
0.1522
0.147186
0.146162
0.141548
0.143466
0.142918
0.147721
0.144723
0.144952
0.143105
0.142451
0.138425
0.137594
0.13794
0.135072
0.131482
0.13172
0.133357
0.127177
0.129254
0.129905
0.128892
0.136742
0.135115
0.137823
0.139478
0.137937
0.138318
0.133519
0.135911
0.135667
0.135303
0.131288
0.133652
0.131217
0.127859
0.131744
0.13195
0.132235
0.131149
0.128294
0.125938
0.125492
0.131823
0.131602
0.139501
0.137763
0.135326
0.135249
0.133009
0.132992
0.133781
0.134109
0.133756
0.135472
0.131158
0.133461
0.128523
0.130877
0.132106
0.131062
0.128442
0.130859
0.129154
0.128773
0.131502
0.1298
0.127207
0.125077
0.12942
0.128272
0.127952
0.12612
0.127791
0.125966
0.124617
0.126893
0.126871
0.12902
0.126609
0.129341
0.125174
0.122532
0.124832
0.123733
0.122158
0.121224
0.12193
0.123717
0.119708
0.123923
0.122615
0.124271
0.122008
0.120931
0.122397
0.123354
0.12468
0.122426
0.121588
0.123621
0.124145
0.121094
0.122854
0.123734
0.122944
0.122371
0.12008
0.123783
0.123232
0.120453
0.138085
0.136416
0.139937
0.131877
0.13249
0.133095
0.134008
0.131893
0.129144
0.134117
0.13369
0.133379
0.134506
0.126818
0.131027
0.131357
0.131476
0.129716
0.129211
0.129936
0.129133
0.125348
0.1288
0.123932
0.128435
0.124716
0.125367
0.119612
0.115453
0.119806
0.118955
0.118457
0.120413
0.121394
0.116777
0.118471
0.117985
0.112916
0.118323
0.122886
0.121553
0.12201
0.120497
0.120742
0.12156
0.120227
0.117561
0.118821
0.118502
0.121363
0.121464
0.1201
0.120197
0.122434
0.116636
0.11404
0.11555
0.119505
0.115591
0.119735
0.12003
0.117456
0.1197
0.11918
0.117929
0.116123
0.115052
0.115439
0.116468
0.114236
0.114248
0.112749
0.11008
0.110224
0.111554
0.113092
0.114003
0.113485
0.110594
0.114864
0.116239
0.110916
0.114068
0.107694
0.112714
0.11471
0.113216
0.11329
0.11513
0.112449
0.11418
0.115637
0.112383
0.116048
0.114396
0.122033
0.109019
0.115068
0.113152
0.116386
0.112722
0.110896
0.110498
0.125233
0.113326
0.122198
0.121314
0.128081
0.130051
0.126034
0.126455
0.1209
0.122587
0.122848
0.121941
0.124867
0.12524
0.127881
0.13101
0.132352
0.126068
0.128004
0.119541
0.122494
0.118031
0.121419
0.120571
0.125563
0.12934
0.117581
0.120682
0.13135
0.115033
0.122945
0.115842
0.118328
0.117827
0.116976
0.122239
0.113297
0.114519
0.114644
0.113716
0.114299
0.142204
0.133808
0.130847
0.130507
0.124194
0.127108
0.121904
0.123957
0.123676
0.119006
0.12228
0.12088
0.125885
0.126151
0.130308
0.128427
0.127113
0.133338
0.14269
0.137842
0.133591
0.138516
0.137868
0.134216
0.133398
0.132415
0.132413
0.136053
0.132151
0.129457
0.130877
0.139346
0.136416
0.137161
0.132864
0.128575
0.132117
0.138233
0.135717
0.134508
0.129857
0.131181
0.128638
0.12028
0.126005
0.123135
0.127308
0.11784
0.122904
0.122161
0.118504
0.119354
0.132774
0.122459
0.115064
0.118808
0.11127
0.105884
0.115581
0.119716
0.107643
0.112866
0.108436
0.110988
0.104769
0.121348
0.110484
0.107734
0.107946
0.10043
0.098225
0.107475
0.101492
0.100599
0.099004
0.104637
0.104821
0.114435
0.104198
0.108241
0.104753
0.103694
0.102657
0.106694
0.125161
0.105659
0.10175
0.09798
0.098568
0.095788
0.097851
0.105616
0.099853
0.096373
0.099723
0.099276
0.100302
0.101103
0.103206
0.113887
0.110487
0.111256
0.107745
0.10813
0.101267
0.100484
0.10097
0.101586
0.099276
0.105542
0.10427
0.105831
0.10249
0.099895
0.117721
0.105181
0.104962
0.102083
0.103489
0.10165
0.105356
0.103677
0.10916
0.103558
0.100491
0.09893
0.101277
0.100432
0.110072
0.101528
0.100063
0.10233
0.101923
0.101485
0.102114
0.100659
0.105836
0.100299
0.099515
0.099994
0.101589
0.100076
0.097723
0.099196
0.096348
0.102315
0.101811
0.101959
0.099932
0.10315
0.099817
0.100949
0.105731
0.103405
0.103021
0.100592
0.099813
0.103067
0.099866
0.110773
0.105651
0.105923
0.103736
0.102643
0.099629
0.103869
0.105013
0.108395
0.101395
0.105983
0.098919
0.102389
0.109111
0.106783
0.110388
0.111864
0.105778
0.107811
0.109373
0.109255
0.123902
0.111698
0.109033
0.108171
0.108715
0.105941
0.117644
0.116159
0.112635
0.112649
0.112125
0.109597
0.109667
0.110455
0.110838
0.110432
0.108635
0.109592
0.111221
0.111382
0.1116
0.11526
0.115476
0.113443
0.109123
0.109592
0.114741
0.114974
0.11624
0.114202
0.117579
0.116973
0.115385
0.110558
0.115067
0.114421
0.116544
0.117896
0.11897
0.122341
0.11991
0.119021
0.11764
0.116658
0.116018
0.108023
0.113548
0.115928
0.116829
0.115001
0.114219
0.113565
0.108601
0.108982
0.110397
0.104834
0.109903
0.111389
0.114584
0.114124
0.110862
0.107884
0.107652
0.106877
0.1053
0.107466
0.107511
0.103972
0.107753
0.105496
0.104888
0.101123
0.102259
0.098581
0.105152
0.103461
0.098571
0.096194
0.099407
0.095648
0.098106
0.104545
0.106168
0.103514
0.104691
0.101975
0.102512
0.115585
0.100537
0.100382
0.09756
0.101467
0.100461
0.11311
0.105555
0.102524
0.097913
0.100155
0.098026
0.105265
0.100099
0.10118
0.094525
0.097282
0.092118
0.095298
0.092963
0.091376
0.096082
0.091096
0.093498
0.092965
0.092717
0.095545
0.10277
0.100941
0.097187
0.094603
0.095053
0.095285
0.097506
0.091679
0.10249
0.09789
0.096176
0.094504
0.096958
0.095484
0.098076
0.098697
0.095367
0.097779
0.100623
0.094008
0.100078
0.091163
0.09794
0.097235
0.094134
0.093975
0.093378
0.092297
0.092466
0.087362
0.096578
0.0868
0.084562
0.090245
0.090501
0.09053
0.090031
0.095311
0.091039
0.101029
0.099468
0.096291
0.095299
0.092515
0.09306
0.086998
0.091829
0.089593
0.090438
0.086648
0.087296
0.0858
0.088491
0.091362
0.086045
0.085914
0.107232
0.100167
0.096274
0.097881
0.101391
0.097788
0.099317
0.096287
0.089122
0.090426
0.088356
0.093172
0.09851
0.086546
0.092486
0.113082
0.102855
0.104491
0.1061
0.10414
0.097923
0.099794
0.101291
0.117045
0.114454
0.108677
0.104727
0.103525
0.096806
0.099342
0.099963
0.099188
0.105087
0.104695
0.098937
0.107387
0.101492
0.111541
0.135977
0.118993
0.1127
0.106762
0.109285
0.106604
0.106586
0.106051
0.104093
0.106701
0.105729
0.106013
0.103365
0.110248
0.111319
0.116559
0.135702
0.120308
0.122301
0.1149
0.109894
0.110512
0.105247
0.10322
0.107338
0.106872
0.107501
0.108249
0.104388
0.10823
0.114167
0.121737
0.112681
0.105384
0.107152
0.115491
0.112093
0.102452
0.106715
0.100252
0.105235
0.103732
0.10471
0.10629
0.103153
0.099777
0.106887
0.110741
0.125975
0.123352
0.126212
0.125259
0.123374
0.117388
0.116995
0.118788
0.120041
0.117285
0.121699
0.11674
0.136268
0.126944
0.126212
0.125436
0.114233
0.119981
0.107897
0.110638
0.121651
0.10997
0.115307
0.115002
0.118348
0.120848
0.135723
0.120905
0.116208
0.119849
0.112726
0.098453
0.093947
0.087506
0.091708
0.09481
0.092366
0.095943
0.096237
0.098104
0.100225
0.11831
0.10372
0.09753
0.107679
0.109044
0.109578
0.110496
0.13117
0.121035
0.126657
0.125955
0.120779
0.126214
0.129031
0.123736
0.118016
0.119137
0.11462
0.122175
0.117173
0.125424
0.144029
0.126607
0.125403
0.12424
0.125656
0.120932
0.112759
0.119424
0.121961
0.116
0.116892
0.113067
0.115801
0.126744
0.117681
0.115861
0.114253
0.114334
0.111839
0.12812
0.113642
0.108894
0.110301
0.109738
0.106323
0.11453
0.113846
0.123459
0.106282
0.114792
0.130766
0.123258
0.12143
0.118733
0.116055
0.111247
0.117864
0.118543
0.120131
0.118522
0.120133
0.118192
0.137613
0.134102
0.123122
0.122022
0.120586
0.115901
0.118304
0.117342
0.119317
0.11799
0.109368
0.112535
0.140893
0.127604
0.125063
0.117185
0.120964
0.121469
0.120402
0.114022
0.11565
0.123822
0.121015
0.1233
0.145574
0.138548
0.132959
0.131122
0.130601
0.127801
0.126166
0.124912
0.119974
0.11966
0.120147
0.122087
0.123873
0.151703
0.133877
0.13409
0.128787
0.12726
0.118694
0.117608
0.111259
0.120543
0.122874
0.122436
0.120441
0.139391
0.11653
0.110657
0.107854
0.110481
0.105387
0.103772
0.102334
0.102064
0.110308
0.105888
0.10304
0.122847
0.108541
0.106503
0.10678
0.098247
0.099881
0.100899
0.109626
0.101933
0.100373
0.09644
0.099841
0.123624
0.117109
0.118247
0.115168
0.115723
0.111883
0.116447
0.114485
0.125741
0.115962
0.109063
0.112093
0.097997
0.101603
0.104706
0.106303
0.113505
0.12337
0.126854
0.119454
0.117053
0.11599
0.114603
0.108716
0.112307
0.110905
0.11277
0.111013
0.112094
0.112154
0.106498
0.104552
0.141331
0.115169
0.1109
0.10993
0.107049
0.103295
0.105976
0.099751
0.104349
0.099874
0.103794
0.126811
0.11639
0.119744
0.114044
0.114413
0.106878
0.106934
0.105763
0.100895
0.109499
0.111222
0.109684
0.135464
0.11208
0.11186
0.111578
0.113449
0.106851
0.109538
0.110034
0.116311
0.114505
0.116049
0.141121
0.127981
0.127756
0.122483
0.121217
0.121949
0.113041
0.113296
0.111357
0.111254
0.109404
0.115132
0.107571
0.129787
0.116728
0.118103
0.114243
0.107063
0.111921
0.112484
0.109524
0.111061
0.111701
0.11219
0.110594
0.128011
0.117253
0.121177
0.119076
0.120241
0.12107
0.117831
0.117598
0.115547
0.11847
0.142029
0.139994
0.140562
0.137543
0.136487
0.130178
0.13323
0.130602
0.129355
0.131279
0.128794
0.129962
0.123114
0.124893
0.134072
0.118372
0.120267
0.112562
0.118759
0.114453
0.128334
0.111506
0.112765
0.114675
0.110508
0.109724
0.110593
0.121921
0.106323
0.109321
0.128941
0.120462
0.113853
0.109214
0.111819
0.111289
0.109392
0.115313
0.108646
0.109365
0.112247
0.110576
0.11218
0.13084
0.127927
0.119818
0.119112
0.117808
0.116325
0.115931
0.116445
0.114537
0.111094
0.112033
0.117969
0.111656
0.115264
0.120766
0.117246
0.134241
0.123354
0.114006
0.110052
0.102853
0.103875
0.099615
0.101002
0.102344
0.112171
0.103479
0.109767
0.108522
0.109086
0.1125
0.127109
0.116584
0.113431
0.109108
0.102525
0.100319
0.098486
0.097481
0.101487
0.098948
0.103461
0.108403
0.131406
0.10633
0.11141
0.112245
0.110364
0.106535
0.101965
0.106552
0.099633
0.097805
0.10005
0.102625
0.107918
0.116359
0.108358
0.113728
0.137194
0.118215
0.120149
0.115125
0.119687
0.11827
0.120784
0.120067
0.116028
0.116587
0.118957
0.119665
0.118878
0.126366
0.12029
0.119682
0.118412
0.119238
0.120554
0.11909
0.125757
0.121734
0.121286
0.121117
0.111506
0.138003
0.122151
0.114346
0.115976
0.11404
0.116856
0.114236
0.126603
0.120855
0.119348
0.119714
0.122554
0.131832
0.124959
0.119799
0.115775
0.116944
0.110107
0.127148
0.12143
0.119591
0.115035
0.117724
0.120592
0.116318
0.125462
0.118102
0.119025
0.118858
0.116046
0.135807
0.124948
0.124099
0.124332
0.118981
0.121358
0.115966
0.127338
0.1271
0.123627
0.12389
0.139471
0.12425
0.130535
0.127991
0.124741
0.131342
0.130704
0.126416
0.119706
0.11941
0.124214
0.12334
0.131975
0.121819
0.122352
0.118087
0.135843
0.123008
0.12327
0.121453
0.133542
0.127714
0.127411
0.134077
0.132928
0.127347
0.128681
0.125184
0.128322
0.12219
0.1292
0.129565
0.125603
0.125528
0.12869
0.143621
0.137
0.130928
0.138828
0.136536
0.132873
0.135098
0.133057
0.127263
0.134278
0.136225
0.135788
0.128832
0.130408
0.149454
0.141262
0.135727
0.135895
0.12642
0.121243
0.122878
0.142932
0.128227
0.124058
0.12456
0.122209
0.122851
0.137224
0.129239
0.130316
0.125399
0.123395
0.139612
0.128505
0.124082
0.122788
0.121137
0.113883
0.12256
0.12659
0.124307
0.119808
0.116416
0.116928
0.118498
0.123581
0.121227
0.148067
0.124841
0.121194
0.116443
0.120692
0.114313
0.115428
0.114316
0.117848
0.114793
0.12429
0.119223
0.14048
0.126064
0.126946
0.12333
0.125791
0.122693
0.113347
0.111383
0.112671
0.116221
0.115435
0.113357
0.113633
0.116723
0.134857
0.126072
0.12378
0.124225
0.124504
0.120922
0.119842
0.123065
0.122346
0.121427
0.125133
0.128009
0.12723
0.161201
0.127627
0.130469
0.129613
0.124871
0.12369
0.125069
0.122728
0.124707
0.120923
0.120351
0.116639
0.119421
0.15076
0.140412
0.138209
0.133604
0.132199
0.130105
0.12905
0.124413
0.127416
0.123935
0.12159
0.122225
0.120857
0.120164
0.122624
0.121548
0.11821
0.142871
0.126143
0.130619
0.125163
0.124
0.122653
0.121057
0.112303
0.114248
0.124531
0.120663
0.117867
0.140709
0.126142
0.124704
0.117479
0.11186
0.114175
0.113222
0.112843
0.105563
0.109511
0.100808
0.102911
0.101007
0.096806
0.097333
0.093736
0.09301
0.095849
0.094661
0.094157
0.096725
0.099511
0.096758
0.094351
0.08946
0.09625
0.096495
0.096765
0.09573
0.102395
0.09857
0.098114
0.096405
0.096329
0.096007
0.092373
0.08977
0.090354
0.09474
0.091452
0.09467
0.094089
0.100216
0.112106
0.106494
0.100491
0.104262
0.100362
0.099217
0.098971
0.09312
0.092306
0.094947
0.096761
0.094202
0.094659
0.09642
0.117486
0.100151
0.102292
0.103097
0.100055
0.100177
0.10163
0.097575
0.09693
0.095935
0.098331
0.100634
0.096428
0.09866
0.098587
0.098731
0.099729
0.098522
0.097572
0.094026
0.09631
0.09543
0.089242
0.09796
0.094036
0.094751
0.093631
0.094997
0.09061
0.092344
0.091944
0.093665
0.097454
0.092936
0.092966
0.09263
0.106165
0.093892
0.095229
0.098651
0.100733
0.101538
0.103918
0.104765
0.110321
0.103484
0.115085
0.112088
0.112568
0.121948
0.1169
0.115668
0.11735
0.114906
0.121459
0.118278
0.11233
0.115283
0.114677
0.117518
0.11277
0.10826
0.111277
0.113026
0.108734
0.115012
0.113435
0.110008
0.105002
0.105103
0.10409
0.102366
0.101728
0.10333
0.101467
0.105079
0.103483
0.102022
0.100617
0.102921
0.099834
0.104491
0.101655
0.098521
0.099383
0.103622
0.105116
0.105985
0.108673
0.10587
0.105819
0.096673
0.10734
0.106948
0.104253
0.101148
0.104536
0.106482
0.106384
0.107322
0.108983
0.104375
0.109542
0.117065
0.110478
0.113869
0.114828
0.111719
0.113263
0.113621
0.115126
0.122041
0.121276
0.123905
0.127122
0.127238
0.122017
0.121265
0.123926
0.12281
0.11744
0.116924
0.111862
0.120101
0.115327
0.119465
0.118306
0.119958
0.121476
0.119284
0.115208
0.118592
0.119975
0.119445
0.123205
0.125132
0.123496
0.120347
0.119509
0.125222
0.123136
0.12257
0.119854
0.118275
0.126714
0.12146
0.129508
0.126204
0.124908
0.12118
0.118657
0.119827
0.13197
0.126323
0.127544
0.125618
0.121928
0.125641
0.133816
0.1268
0.123872
0.123414
0.118208
0.117836
0.119813
0.122524
0.129427
0.121401
0.123024
0.119646
0.144279
0.126895
0.126975
0.118743
0.122536
0.12075
0.120109
0.116768
0.111681
0.122289
0.120869
0.117415
0.119289
0.119838
0.116814
0.111246
0.124894
0.112387
0.117274
0.115071
0.11192
0.109944
0.109377
0.106964
0.116714
0.113955
0.116553
0.109819
0.132726
0.12228
0.124454
0.122383
0.118674
0.122284
0.115347
0.120492
0.119706
0.113624
0.118174
0.118547
0.123075
0.122364
0.122451
0.136255
0.125031
0.126322
0.120908
0.11813
0.119268
0.11201
0.130941
0.118439
0.116606
0.119011
0.113895
0.119727
0.116487
0.122705
0.122492
0.117531
0.117966
0.13388
0.121032
0.12399
0.12445
0.12384
0.117835
0.126688
0.12935
0.129143
0.126541
0.122366
0.123047
0.119564
0.118179
0.118182
0.115614
0.112277
0.113482
0.116725
0.132018
0.116325
0.113651
0.109283
0.106397
0.10945
0.106141
0.108527
0.106169
0.107337
0.108693
0.109129
0.110252
0.113504
0.10994
0.10847
0.121637
0.114841
0.111249
0.112299
0.111905
0.103485
0.111649
0.109312
0.112812
0.107744
0.111204
0.112075
0.143409
0.116034
0.117608
0.122557
0.121512
0.120199
0.113629
0.113476
0.108337
0.11373
0.110183
0.111949
0.111459
0.109328
0.104654
0.110274
0.108116
0.106482
0.106072
0.101986
0.110734
0.107677
0.108557
0.11303
0.111135
0.113681
0.129168
0.12049
0.118332
0.117469
0.119289
0.115541
0.116536
0.114516
0.120215
0.119219
0.114785
0.117069
0.118755
0.139087
0.131063
0.130891
0.129611
0.129692
0.128268
0.129849
0.125563
0.123218
0.123956
0.126746
0.128416
0.12649
0.128523
0.124957
0.125347
0.143133
0.126289
0.132477
0.133109
0.129738
0.135593
0.129441
0.130585
0.12682
0.134145
0.130894
0.12981
0.130432
0.129355
0.129919
0.133247
0.128074
0.129157
0.130839
0.13341
0.137783
0.131173
0.139217
0.137413
0.138713
0.137172
0.139321
0.134108
0.134913
0.135164
0.135864
0.132594
0.1313
0.140403
0.142054
0.141839
0.140683
0.138576
0.136206
0.138026
0.135149
0.135821
0.139815
0.133142
0.138822
0.141331
0.144557
0.143586
0.142599
0.13907
0.14138
0.134365
0.133792
0.134056
0.137482
0.139565
0.143592
0.141044
0.136785
0.138687
0.136095
0.136687
0.147831
0.136378
0.138054
0.132729
0.136701
0.133761
0.140447
0.136979
0.139374
0.141276
0.137684
0.13436
0.135761
0.133916
0.128157
0.134814
0.132789
0.128663
0.129
0.124642
0.121434
0.123439
0.126727
0.127103
0.129393
0.122469
0.12881
0.128624
0.12809
0.12791
0.129683
0.121647
0.123453
0.124303
0.117547
0.121665
0.120481
0.121039
0.118785
0.125176
0.120089
0.118913
0.121489
0.117313
0.112964
0.112206
0.11504
0.112343
0.11123
0.109807
0.11079
0.109698
0.112259
0.11405
0.111584
0.108142
0.108732
0.107093
0.111068
0.109293
0.105049
0.110679
0.108519
0.114933
0.116336
0.115481
0.117167
0.111996
0.114731
0.111713
0.11838
0.119337
0.11653
0.116318
0.119264
0.119711
0.120634
0.118017
0.119343
0.119424
0.120576
0.120023
0.12382
0.127012
0.124701
0.116932
0.118282
0.113469
0.113598
0.11455
0.11664
0.111807
0.117057
0.11956
0.115659
0.115464
0.112252
0.110913
0.11177
0.121315
0.119032
0.11217
0.118862
0.109016
0.113645
0.114056
0.106093
0.108276
0.111829
0.115155
0.113414
0.11407
0.113502
0.112522
0.114233
0.120843
0.112192
0.111349
0.115477
0.116626
0.117394
0.120495
0.119721
0.123761
0.121987
0.117261
0.123745
0.128206
0.12276
0.123858
0.126873
0.122912
0.122585
0.126682
0.12911
0.134595
0.133973
0.131877
0.129175
0.130417
0.132364
0.125227
0.12201
0.128395
0.129639
0.132317
0.129037
0.128034
0.129278
0.126598
0.1268
0.127352
0.126672
0.127419
0.129767
0.126714
0.120481
0.120768
0.116046
0.11943
0.120753
0.117705
0.12158
0.116935
0.122116
0.121802
0.122606
0.122313
0.121858
0.123055
0.119938
0.115019
0.112635
0.11834
0.123487
0.126064
0.123934
0.118228
0.117405
0.120157
0.121013
0.120268
0.127265
0.126349
0.120175
0.124263
0.119352
0.120269
0.118575
0.118589
0.125683
0.117882
0.123395
0.126702
0.130388
0.124933
0.133861
0.132179
0.125696
0.124391
0.132563
0.127215
0.131782
0.130712
0.13257
0.128578
0.122887
0.130365
0.128025
0.132902
0.125372
0.128427
0.146464
0.13457
0.140171
0.128531
0.130298
0.135413
0.135683
0.138369
0.130826
0.135631
0.128195
0.133163
0.134795
0.155463
0.13855
0.137432
0.141712
0.13475
0.139602
0.138602
0.135626
0.133537
0.133559
0.132346
0.137496
0.138484
0.143068
0.138006
0.13492
0.131768
0.148877
0.132689
0.136831
0.137377
0.126827
0.129643
0.128817
0.144042
0.134217
0.128265
0.125852
0.119129
0.121477
0.138818
0.120195
0.110187
0.110327
0.125703
0.117588
0.109947
0.121881
0.116556
0.110803
0.101458
0.103351
0.10157
0.096113
0.1022
0.092629
0.100908
0.099513
0.099826
0.10926
0.106551
0.103059
0.106965
0.108539
0.109116
0.103172
0.115785
0.111812
0.10867
0.105919
0.103678
0.100982
0.101038
0.101958
0.100702
0.098695
0.099647
0.103743
0.10267
0.101433
0.100851
0.10332
0.107862
0.128515
0.112547
0.111172
0.112021
0.108596
0.104934
0.099374
0.098365
0.097898
0.101489
0.093769
0.097909
0.100937
0.100631
0.102106
0.098103
0.094294
0.100753
0.107952
0.095783
0.095666
0.094106
0.089962
0.109717
0.101623
0.097433
0.112887
0.098872
0.102257
0.10003
0.098756
0.098795
0.094898
0.094279
0.092291
0.097813
0.0961
0.094333
0.097704
0.096454
0.094903
0.096786
0.094641
0.094432
0.091818
0.093832
0.097305
0.099943
0.100474
0.094835
0.100876
0.106135
0.10304
0.116452
0.104503
0.106983
0.108339
0.098451
0.097408
0.10063
0.09495
0.095481
0.091943
0.098839
0.091664
0.097863
0.099834
0.09928
0.115047
0.105503
0.106921
0.106513
0.104382
0.096599
0.096408
0.096404
0.102042
0.101783
0.101862
0.112577
0.102886
0.103976
0.101997
0.092719
0.097513
0.092074
0.091817
0.092479
0.097005
0.095298
0.097473
0.095282
0.108267
0.097571
0.092699
0.095444
0.096966
0.087887
0.100143
0.095004
0.094846
0.094161
0.094012
0.09421
0.116326
0.10205
0.102521
0.10075
0.096918
0.098319
0.098735
0.093897
0.09264
0.09377
0.100566
0.096551
0.099271
0.124844
0.111691
0.110994
0.107035
0.103896
0.102752
0.102064
0.099329
0.099892
0.095338
0.094623
0.098062
0.093852
0.095261
0.105083
0.097451
0.098327
0.096854
0.094468
0.09755
0.096416
0.100012
0.097998
0.094323
0.096929
0.097192
0.095119
0.099987
0.113619
0.106221
0.104697
0.101914
0.09661
0.09172
0.083079
0.087258
0.089354
0.090501
0.088579
0.095489
0.093412
0.09353
0.09305
0.092393
0.092022
0.089662
0.09906
0.091124
0.09027
0.086744
0.093734
0.090369
0.090622
0.089499
0.094143
0.088177
0.093616
0.093882
0.090137
0.107485
0.103746
0.10391
0.103677
0.101364
0.097949
0.103313
0.104222
0.104559
0.105064
0.104787
0.121956
0.105726
0.107502
0.105399
0.105066
0.102809
0.109331
0.106871
0.101898
0.108099
0.122493
0.107437
0.10606
0.103122
0.102726
0.098752
0.100306
0.101142
0.099862
0.097675
0.101136
0.103378
0.098582
0.113854
0.110081
0.106492
0.105947
0.097915
0.097475
0.097908
0.095585
0.098694
0.097639
0.098251
0.098716
0.121928
0.107198
0.110446
0.109474
0.101353
0.099583
0.098908
0.100628
0.096415
0.093552
0.09674
0.099796
0.103157
0.097525
0.099779
0.094561
0.117663
0.106024
0.105283
0.104044
0.10407
0.101147
0.09635
0.101996
0.101241
0.097524
0.096835
0.095828
0.098644
0.099975
0.099774
0.096246
0.120677
0.103812
0.105041
0.104022
0.101387
0.099323
0.097876
0.095656
0.096313
0.096224
0.096611
0.095979
0.099955
0.097991
0.098427
0.113311
0.104617
0.103006
0.100015
0.100413
0.09902
0.098368
0.10632
0.101621
0.100585
0.099354
0.09698
0.094641
0.095768
0.094329
0.098432
0.102305
0.097315
0.095619
0.11289
0.101974
0.106692
0.104555
0.103871
0.105615
0.108713
0.112404
0.109881
0.107192
0.117523
0.111168
0.108973
0.104326
0.101071
0.099878
0.096115
0.102847
0.103241
0.103405
0.101717
0.100283
0.113259
0.110771
0.109489
0.104086
0.100894
0.099477
0.11333
0.102392
0.106673
0.105916
0.098632
0.096524
0.118658
0.107431
0.10294
0.104145
0.114012
0.11123
0.110538
0.107124
0.109138
0.117258
0.114263
0.108365
0.110501
0.119307
0.116004
0.11747
0.114329
0.123598
0.117612
0.116301
0.109761
0.113928
0.117121
0.117012
0.115315
0.11682
0.129164
0.129448
0.128572
0.131642
0.139552
0.133077
0.135426
0.130966
0.144234
0.143818
0.134941
0.136164
0.133518
0.136219
0.133859
0.131188
0.123811
0.143129
0.126983
0.13303
0.135111
0.134128
0.142999
0.140285
0.134505
0.126899
0.137598
0.128829
0.132379
0.128819
0.123229
0.135244
0.123285
0.122347
0.119498
0.116657
0.12003
0.12518
0.118309
0.110365
0.117218
0.132367
0.12264
0.120874
0.121306
0.112489
0.119266
0.117657
0.111808
0.109876
0.108941
0.112712
0.120261
0.114973
0.111185
0.110052
0.125894
0.116448
0.115167
0.117002
0.111964
0.108419
0.118061
0.114896
0.113188
0.109628
0.109193
0.111677
0.110888
0.13491
0.123999
0.12074
0.116765
0.119839
0.112849
0.11691
0.109708
0.110412
0.110042
0.111067
0.1133
0.133935
0.119024
0.114486
0.114142
0.112554
0.111369
0.104265
0.113564
0.112094
0.112231
0.112556
0.128786
0.117924
0.115026
0.113589
0.109283
0.109148
0.105336
0.09813
0.103045
0.100473
0.102625
0.103366
0.10137
0.123172
0.11553
0.115933
0.110346
0.10678
0.104601
0.107577
0.106633
0.10791
0.103247
0.100568
0.108025
0.106507
0.132005
0.125171
0.117677
0.114412
0.11874
0.112112
0.11952
0.114263
0.10746
0.111119
0.130919
0.122626
0.123321
0.123566
0.121328
0.119233
0.119586
0.121367
0.115589
0.117468
0.145946
0.132505
0.138753
0.137625
0.129607
0.134467
0.134234
0.135198
0.135467
0.139714
0.13386
0.131733
0.163438
0.151465
0.149166
0.150132
0.148293
0.145065
0.151154
0.151229
0.149295
0.146032
0.139733
0.151675
0.179334
0.164683
0.159202
0.15927
0.157062
0.151838
0.147196
0.143566
0.144655
0.148002
0.141714
0.152923
0.173221
0.157924
0.153877
0.148714
0.150319
0.144525
0.141051
0.150733
0.143182
0.145944
0.137526
0.144011
0.169774
0.14822
0.157227
0.147119
0.143757
0.146097
0.143202
0.147221
0.146013
0.139426
0.158641
0.154155
0.149326
0.147306
0.141848
0.142693
0.151741
0.149042
0.145484
0.145339
0.143069
0.145048
0.17664
0.147707
0.157173
0.149854
0.151061
0.148876
0.140601
0.141327
0.143652
0.147081
0.144641
0.166813
0.161726
0.152293
0.156746
0.154724
0.158683
0.15365
0.153858
0.152678
0.150281
0.151958
0.1495
0.190804
0.155808
0.161938
0.163
0.156815
0.155381
0.151402
0.159115
0.157382
0.161885
0.160148
0.153524
0.15411
0.158053
0.162244
0.158452
0.147906
0.173558
0.164477
0.161575
0.151598
0.145285
0.141979
0.147886
0.152044
0.145542
0.144585
0.148468
0.146723
0.175
0.165982
0.162401
0.159095
0.152573
0.153631
0.145491
0.144465
0.142441
0.147792
0.14658
0.140497
0.143513
0.142627
0.171553
0.154331
0.149601
0.145894
0.145911
0.14744
0.158401
0.150491
0.147172
0.142426
0.145447
0.135299
0.135886
0.138068
0.140166
0.132225
0.159609
0.148305
0.146056
0.138042
0.131588
0.13393
0.133235
0.13514
0.127303
0.123861
0.126178
0.132101
0.132875
0.147811
0.144191
0.139283
0.133244
0.130976
0.138468
0.128918
0.134525
0.135127
0.149612
0.153798
0.141675
0.140369
0.137794
0.137911
0.134262
0.130035
0.129604
0.133574
0.132984
0.130486
0.157002
0.144712
0.144996
0.142446
0.136686
0.135106
0.130725
0.125958
0.125179
0.121301
0.131643
0.132059
0.149525
0.139646
0.138088
0.13189
0.13142
0.128186
0.124142
0.126652
0.127526
0.125494
0.127808
0.129267
0.140892
0.142938
0.135699
0.129006
0.131197
0.126984
0.124411
0.12655
0.108876
0.110635
0.12787
0.121471
0.122762
0.121076
0.114236
0.114367
0.115177
0.121628
0.119177
0.117513
0.118197
0.116476
0.136634
0.12273
0.11895
0.119434
0.119493
0.121311
0.121002
0.131048
0.128163
0.126227
0.124871
0.123856
0.125273
0.117522
0.129952
0.127269
0.122551
0.126162
0.122011
0.122736
0.140578
0.131741
0.129996
0.130714
0.130785
0.126419
0.144297
0.132425
0.127431
0.127226
0.12453
0.129082
0.126748
0.133767
0.124512
0.124435
0.123142
0.124323
0.12461
0.141527
0.126447
0.127655
0.1256
0.127234
0.122237
0.120502
0.11453
0.115273
0.116089
0.115613
0.112918
0.113246
0.110337
0.124902
0.112098
0.111141
0.108124
0.106929
0.107775
0.105826
0.111683
0.117651
0.109613
0.106494
0.104852
0.099343
0.097114
0.115545
0.102196
0.100405
0.101537
0.096859
0.093702
0.096498
0.092972
0.091401
0.095725
0.093284
0.092068
0.090105
0.091303
0.088486
0.099306
0.088743
0.085349
0.084848
0.086784
0.086244
0.087379
0.083956
0.087269
0.084637
0.085542
0.084717
0.088255
0.087484
0.089243
0.085133
0.09555
0.091921
0.08976
0.088535
0.09087
0.086528
0.086337
0.088946
0.091549
0.084359
0.087821
0.086337
0.087911
0.082497
0.084225
0.074811
0.082398
0.077867
0.077484
0.076688
0.075948
0.075337
0.079814
0.080565
0.081302
0.083254
0.085149
0.086303
0.087318
0.088782
0.090335
0.090253
0.104333
0.098135
0.098836
0.096168
0.099855
0.097357
0.094567
0.098671
0.10024
0.102174
0.102836
0.102196
0.103849
0.104643
0.104571
0.109391
0.105179
0.108104
0.107649
0.103011
0.102765
0.103978
0.104943
0.105638
0.108222
0.109574
0.108937
0.108576
0.109331
0.106966
0.106481
0.107251
0.105715
0.103994
0.104871
0.103603
0.104666
0.109121
0.113324
0.113031
0.112988
0.113076
0.11061
0.110726
0.116073
0.109249
0.107016
0.109774
0.107111
0.109447
0.110476
0.11528
0.109633
0.105183
0.108959
0.10788
0.111837
0.112478
0.110179
0.10961
0.107773
0.110049
0.110489
0.110459
0.111108
0.114239
0.11704
0.115947
0.112316
0.113142
0.112953
0.113807
0.113915
0.114388
0.112709
0.113202
0.1129
0.111618
0.110842
0.110579
0.110513
0.108306
0.111806
0.112717
0.117496
0.117208
0.115569
0.114809
0.114768
0.118605
0.116387
0.112187
0.115661
0.117369
0.114435
0.113387
0.11088
0.113304
0.111714
0.111067
0.111255
0.106275
0.108759
0.111208
0.112325
0.107266
0.114715
0.114694
0.11881
0.121098
0.113194
0.117156
0.114811
0.113267
0.111973
0.113514
0.113462
0.113384
0.113727
0.114133
0.116124
0.111709
0.113073
0.114852
0.113993
0.112986
0.118067
0.114989
0.111317
0.119459
0.11709
0.118731
0.113632
0.117278
0.122126
0.120494
0.122576
0.127915
0.115821
0.120717
0.12214
0.122272
0.120882
0.117508
0.11664
0.116402
0.120468
0.115334
0.118908
0.118943
0.11212
0.120602
0.124628
0.126644
0.120623
0.128161
0.12539
0.128192
0.12337
0.12112
0.122138
0.121498
0.120522
0.130642
0.129922
0.124423
0.126754
0.119968
0.116519
0.122867
0.12359
0.118312
0.121072
0.119648
0.123005
0.122363
0.118732
0.142037
0.11842
0.119535
0.119958
0.119911
0.118132
0.117282
0.134096
0.121147
0.123812
0.11939
0.119971
0.134319
0.123667
0.121646
0.118284
0.127219
0.121262
0.122298
0.122893
0.119909
0.114592
0.114187
0.109543
0.122027
0.122108
0.12106
0.115203
0.117058
0.111873
0.113994
0.12384
0.125977
0.11623
0.119536
0.118706
0.121936
0.121758
0.119807
0.110781
0.114439
0.11812
0.11457
0.109916
0.120051
0.123242
0.122386
0.121429
0.119954
0.120846
0.119128
0.118576
0.12453
0.115409
0.118861
0.116122
0.12063
0.122925
0.119726
0.118124
0.117414
0.123035
0.120734
0.11982
0.124458
0.119825
0.120458
0.122509
0.118062
0.121184
0.123653
0.121878
0.119652
0.124056
0.123183
0.131212
0.129334
0.127212
0.127577
0.129239
0.123954
0.125359
0.125579
0.128132
0.134249
0.127163
0.128683
0.131336
0.12582
0.148816
0.129103
0.132267
0.137312
0.127273
0.133521
0.135565
0.130444
0.128288
0.129852
0.13074
0.124567
0.131903
0.127077
0.133429
0.127605
0.128715
0.130834
0.129116
0.12877
0.13251
0.130472
0.136517
0.123128
0.129542
0.12933
0.130613
0.130614
0.124074
0.126353
0.133983
0.129684
0.1258
0.125775
0.13019
0.125622
0.124565
0.12033
0.118722
0.120541
0.127693
0.130558
0.124588
0.132027
0.126142
0.130486
0.129338
0.123953
0.126795
0.128219
0.123938
0.128994
0.122457
0.125994
0.139368
0.128777
0.127626
0.129551
0.129581
0.124444
0.13154
0.133281
0.124116
0.125834
0.125792
0.121838
0.121294
0.1205
0.118168
0.116388
0.112757
0.120501
0.11713
0.125925
0.118186
0.119017
0.11595
0.119427
0.116914
0.116237
0.117829
0.119956
0.118808
0.118785
0.115591
0.114766
0.116866
0.11352
0.111843
0.113546
0.114954
0.119328
0.119221
0.114252
0.111864
0.111292
0.113238
0.111095
0.121466
0.116283
0.115426
0.109425
0.115211
0.108608
0.115104
0.113833
0.111576
0.111053
0.110249
0.112145
0.110585
0.115748
0.117402
0.112448
0.114885
0.109869
0.110955
0.111091
0.120976
0.116679
0.116462
0.120927
0.123969
0.122759
0.121009
0.121302
0.11855
0.122042
0.118353
0.118394
0.11811
0.117938
0.124429
0.124186
0.128291
0.124214
0.126066
0.124902
0.127052
0.125518
0.123765
0.126829
0.122348
0.122224
0.120595
0.124575
0.123219
0.118778
0.12139
0.125864
0.127625
0.125137
0.126632
0.124704
0.122748
0.125488
0.1257
0.126261
0.122285
0.122451
0.122099
0.122661
0.123018
0.123285
0.124615
0.123762
0.125905
0.125736
0.124073
0.12477
0.125515
0.126487
0.126405
0.126934
0.123249
0.123291
0.121988
0.124475
0.124037
0.12422
0.125062
0.124034
0.123548
0.123758
0.123959
0.123673
0.124058
0.1239
0.124806
0.126848
0.124014
0.125356
0.126552
0.126108
0.125169
0.12385
0.124536
0.129121
0.134239
0.135221
0.141777
0.142236
0.138524
0.144922
0.143189
0.140808
0.147296
0.140079
0.13999
0.144811
0.139866
0.141713
0.136809
0.138888
0.137129
