0.027807
0.084893
0.09575
0.094434
0.094242
0.093873
0.104711
0.092799
0.097099
0.099613
0.097617
0.098907
0.100855
0.100644
0.098894
0.102585
0.100708
0.09893
0.094742
0.099534
0.100013
0.108535
0.103501
0.09378
0.109082
0.104299
0.103512
0.101753
0.10861
0.103226
0.103341
0.107058
0.106611
0.104394
0.102059
0.107877
0.099027
0.099603
0.10143
0.104218
0.105081
0.104723
0.105748
0.100147
0.101512
0.097347
0.093825
0.094508
0.096485
0.093049
0.093855
0.107612
0.107334
0.10104
0.105633
0.094104
0.097686
0.097729
0.105992
0.108074
0.108513
0.107841
0.109054
0.104147
0.107047
0.117354
0.116143
0.112663
0.107403
0.1102
0.117734
0.117528
0.115745
0.112201
0.114322
0.116216
0.112755
0.110474
0.108128
0.106343
0.109391
0.115547
0.120017
0.113784
0.113252
0.114265
0.113189
0.110205
0.112878
0.108708
0.109156
0.110099
0.110167
0.114928
0.108385
0.113762
0.111987
0.108621
0.111771
0.115409
0.113002
0.118619
0.117975
0.119906
0.114194
0.113746
0.113471
0.110369
0.108886
0.112098
0.11236
0.116494
0.118425
0.118263
0.120907
0.11609
0.116273
0.120525
0.122712
0.1186
0.122193
0.124819
0.126729
0.121467
0.122591
0.127184
0.118003
0.123688
0.123227
0.124393
0.129446
0.12656
0.125299
0.127441
0.126088
0.124609
0.123147
0.128959
0.125966
0.124699
0.127207
0.126287
0.123474
0.122947
0.124142
0.127232
0.121431
0.117477
0.119311
0.12209
0.119185
0.11359
0.116928
0.117989
0.121841
0.121809
0.119184
0.112293
0.114227
0.106326
0.109601
0.103029
0.105095
0.108502
0.106932
0.106123
0.1019
0.099443
0.103079
0.10135
0.101688
0.107081
0.107413
0.10612
0.104917
0.107095
0.104638
0.103901
0.104641
0.102693
0.107537
0.106397
0.105381
0.107966
0.106512
0.105014
0.106324
0.108954
0.105253
0.10627
0.103457
0.110835
0.108544
0.114854
0.106468
0.110756
0.119471
0.11461
0.113704
0.110454
0.109765
0.1062
0.106801
0.106911
0.10402
0.099849
0.101758
0.101142
0.101772
0.098274
0.104052
0.101593
0.106583
0.109043
0.107093
0.105164
0.101248
0.105574
0.098955
0.101865
0.100137
0.09788
0.099841
0.105494
0.104161
0.103766
0.103766
0.104281
0.102032
0.098772
0.101204
0.101102
0.106296
0.103201
0.106541
0.115238
0.112592
0.105836
0.10283
0.097945
0.09941
0.108309
0.104009
0.101413
0.099768
0.097619
0.112237
0.102499
0.096874
0.100023
0.09224
0.090553
0.086247
0.094522
0.090087
0.090039
0.110584
0.111388
0.111188
0.114708
0.109732
0.111354
0.109252
0.108308
0.118656
0.118929
0.115027
0.114331
0.114424
0.112496
0.112574
0.116886
0.118035
0.10779
0.111248
0.110929
0.110865
0.107234
0.116221
0.109757
0.102613
0.105951
0.104729
0.106776
0.101602
0.103053
0.111663
0.109596
0.108844
0.109461
0.110423
0.120078
0.11307
0.117811
0.116137
0.11317
0.11332
0.111853
0.111414
0.113402
0.118339
0.114915
0.108666
0.109684
0.111369
0.114079
0.109998
0.110997
0.105882
0.103767
0.102918
0.10782
0.108258
0.11113
0.111249
0.109468
0.108745
0.109621
0.116286
0.110589
0.113337
0.112384
0.124602
0.118704
0.11996
0.116019
0.124602
0.119851
0.120961
0.113542
0.112973
0.117475
0.111883
0.112381
0.123066
0.122332
0.114998
0.113723
0.11523
0.116434
0.122276
0.117073
0.116238
0.113906
0.13232
0.121574
0.12386
0.118205
0.115139
0.115911
0.125977
0.128766
0.127969
0.118841
0.120479
0.118886
0.123298
0.120002
0.116949
0.112835
0.117311
0.126766
0.118144
0.109243
0.112246
0.105886
0.118348
0.112767
0.110125
0.10277
0.103632
0.106055
0.111133
0.117118
0.11201
0.109964
0.121971
0.114112
0.11089
0.111366
0.111931
0.115091
0.115485
0.110992
0.109839
0.105472
0.10301
0.111238
0.106094
0.114276
0.105986
0.105435
0.104491
0.109211
0.103467
0.104622
0.111573
0.102164
0.107322
0.110504
0.109519
0.114478
0.115925
0.127151
0.115555
0.110277
0.112225
0.114489
0.109305
0.108043
0.106004
0.106543
0.103253
0.101444
0.106494
0.110972
0.111589
0.111878
0.134149
0.113017
0.120961
0.113579
0.120987
0.115414
0.114937
0.122433
0.123864
0.12406
0.118512
0.116953
0.119825
0.131021
0.128126
0.127565
0.121285
0.124153
0.116638
0.141755
0.129492
0.124362
0.125578
0.124165
0.124386
0.136962
0.133486
0.129448
0.127291
0.124044
0.123321
0.138337
0.124344
0.1279
0.120487
0.120607
0.111733
0.1107
0.117003
0.114057
0.108942
0.106623
0.105912
0.107242
0.110278
0.109037
0.115319
0.106006
0.107734
0.103091
0.122912
0.109216
0.103257
0.10121
0.102329
0.09696
0.100981
0.106643
0.100917
0.104643
0.104247
0.103957
0.11732
0.109008
0.106992
0.112367
0.114011
0.11385
0.110265
0.10922
0.111315
0.11299
0.12001
0.110223
0.10864
0.124521
0.117137
0.113825
0.107335
0.106014
0.113457
0.108644
0.106304
0.108171
0.122919
0.116159
0.108128
0.105822
0.105066
0.100355
0.100991
0.1018
0.104031
0.101042
0.112354
0.10434
0.098853
0.098484
0.095445
0.093029
0.085486
0.088294
0.088769
0.089891
0.088612
0.098296
0.085806
0.08485
0.085495
0.094333
0.089792
0.087314
0.097797
0.093125
0.09108
0.093243
0.090404
0.09513
0.094026
0.086906
0.089392
0.093312
0.089926
0.088673
0.081549
0.085598
0.090729
0.087891
0.088357
0.08845
0.094254
0.089147
0.090998
0.089597
0.087914
0.091938
0.086979
0.085317
0.0855
0.097363
0.090588
0.097524
0.089861
0.087527
0.096936
0.098368
0.095099
0.088677
0.100393
0.093316
0.092557
0.092404
0.090126
0.10037
0.095848
0.095601
0.104814
0.100747
0.10323
0.101027
0.100298
0.096312
0.100503
0.096541
0.103712
0.092605
0.099035
0.10831
0.101837
0.098933
0.092897
0.101026
0.100072
0.101168
0.099005
0.105082
0.105172
0.104613
0.097307
0.108275
0.102127
0.102191
0.099525
0.107307
0.110413
0.109606
0.107029
0.113432
0.106394
0.107301
0.102636
0.106468
0.11239
0.111273
0.118886
0.118083
0.109353
0.111272
0.114494
0.122896
0.112588
0.119956
0.124867
0.117571
0.114925
0.119371
0.119631
0.112098
0.125591
0.126259
0.120125
0.11975
0.11611
0.114976
0.113298
0.118912
0.112868
0.11685
0.117448
0.125241
0.118913
0.11166
0.124921
0.112452
0.109561
0.107206
0.108079
0.115861
0.108155
0.10923
0.108585
0.111293
0.117288
0.10665
0.111783
0.114961
0.109349
0.109063
0.111958
0.116974
0.116171
0.114869
0.118383
0.125323
0.120406
0.11326
0.11471
0.116226
0.120051
0.120309
0.126112
0.124009
0.123096
0.119192
0.115664
0.11385
0.114654
0.11371
0.115522
0.120179
0.117679
0.131535
0.125821
0.124001
0.114154
0.112646
0.125432
0.126326
0.121442
0.117663
0.12826
0.147157
0.136542
0.130426
0.12793
0.124682
0.119709
0.124896
0.127122
0.123754
0.125885
0.122452
0.141157
0.128375
0.130498
0.125708
0.119941
0.124604
0.127757
0.119584
0.118895
0.126606
0.144409
0.138398
0.136978
0.13172
0.132771
0.12694
0.126961
0.129225
0.136566
0.132445
0.13897
0.166163
0.139976
0.140104
0.139129
0.12837
0.123108
0.123346
0.130044
0.132343
0.132661
0.128432
0.131022
0.155145
0.133713
0.131808
0.129837
0.124272
0.125286
0.121161
0.121218
0.121057
0.118024
0.123739
0.127383
0.148745
0.137418
0.137265
0.130375
0.134808
0.128707
0.123424
0.125489
0.130244
0.129153
0.133051
0.132881
0.144823
0.13792
0.13418
0.12671
0.12249
0.11802
0.122884
0.126446
0.127005
0.12223
0.117762
0.120591
0.118284
0.114812
0.14264
0.115661
0.114135
0.108201
0.110315
0.109053
0.105429
0.103393
0.107212
0.100753
0.103389
0.101921
0.102916
0.099169
0.106884
0.098358
0.091352
0.105108
0.092006
0.090358
0.091859
0.085138
0.092024
0.088591
0.093107
0.093416
0.090488
0.104878
0.103972
0.104388
0.098138
0.101568
0.097596
0.097799
0.102743
0.102583
0.103676
0.099773
0.104886
0.105154
0.131156
0.11374
0.111623
0.108755
0.103812
0.103491
0.107642
0.111444
0.108577
0.10687
0.110101
0.107819
0.108786
0.127818
0.115686
0.110479
0.111994
0.110418
0.109077
0.113182
0.113754
0.114837
0.110543
0.117969
0.109941
0.136629
0.121449
0.123806
0.12
0.122573
0.116298
0.121937
0.118855
0.122677
0.118839
0.140834
0.136834
0.132053
0.125545
0.12768
0.120705
0.120411
0.116371
0.122383
0.126335
0.119553
0.125557
0.126718
0.15623
0.138465
0.134707
0.130263
0.1326
0.130737
0.131438
0.132381
0.129562
0.133195
0.136312
0.134807
0.164477
0.148625
0.14264
0.139974
0.137777
0.136509
0.13145
0.134678
0.134218
0.139364
0.138297
0.136778
0.167019
0.154856
0.14799
0.147776
0.149673
0.145519
0.138681
0.145559
0.146761
0.145712
0.136434
0.140634
0.13542
0.138637
0.14865
0.140678
0.146955
0.136124
0.131833
0.130654
0.13282
0.14348
0.13445
0.137108
0.135208
0.128611
0.133645
0.130945
0.147305
0.133266
0.131746
0.14299
0.127845
0.126221
0.125776
0.116975
0.118927
0.116304
0.11618
0.112345
0.106486
0.10808
0.107318
0.103303
0.111138
0.099801
0.099316
0.095414
0.09276
0.109744
0.095637
0.089417
0.090102
0.088052
0.088213
0.088935
0.091437
0.087037
0.086099
0.082338
0.078227
0.07977
0.086197
0.073182
0.067487
0.066801
0.075624
0.065483
0.062698
0.063825
0.06617
0.065237
0.06255
0.060892
0.065402
0.066472
0.063105
0.062014
0.061623
0.064954
0.067428
0.063672
0.061136
0.066337
0.064526
0.066393
0.061459
0.06123
0.059998
0.066228
0.063461
0.060166
0.061923
0.068206
0.067663
0.064006
0.066142
0.061076
0.065951
0.06664
0.064722
0.063535
0.069481
0.077575
0.070239
0.073718
0.073746
0.081274
0.076716
0.076097
0.080154
0.083208
0.085101
0.083097
0.076585
0.079577
0.080447
0.081564
0.077411
0.08229
0.083796
0.081895
0.078325
0.082446
0.083795
0.080617
0.074756
0.079099
0.077685
0.075312
0.075654
0.080459
0.082934
0.083525
0.081573
0.084532
0.088152
0.093333
0.093509
0.091235
0.095281
0.100721
0.10457
0.1016
0.101867
0.109271
0.110955
0.110995
0.112497
0.121654
0.122832
0.118439
0.127713
0.125916
0.123263
0.115751
0.125581
0.128912
0.12952
0.139745
0.135027
0.133089
0.134701
0.140521
0.141201
0.145375
0.147661
0.143339
0.157058
0.156894
0.147673
0.149659
0.159752
0.158407
0.149768
0.149523
0.144559
0.149901
0.144871
0.137353
0.138601
0.135853
0.148324
0.135271
0.126294
0.143753
0.137066
0.133289
0.125803
0.12307
0.123891
0.123711
0.119029
0.127638
0.145043
0.132615
0.128784
0.125144
0.123898
0.120705
0.121802
0.118239
0.115542
0.114698
0.135509
0.120193
0.123066
0.115157
0.110354
0.109818
0.112694
0.11142
0.115836
0.115245
0.117732
0.112451
0.132864
0.116353
0.115127
0.116661
0.110017
0.109109
0.113575
0.113805
0.111849
0.109584
0.110551
0.103817
0.110856
0.109018
0.106613
0.113788
0.109033
0.103562
0.103926
0.118735
0.110271
0.107662
0.108495
0.110042
0.11558
0.110575
0.105943
0.099514
0.101539
0.11099
0.104891
0.109168
0.108352
0.102973
0.107177
0.110889
0.100066
0.105855
0.113724
0.103596
0.100926
0.099971
0.097816
0.104498
0.109583
0.105834
0.101625
0.105602
0.118894
0.112953
0.107283
0.107006
0.1153
0.111418
0.106961
0.106727
0.106494
0.109402
0.116438
0.106574
0.107732
0.115612
0.113348
0.112613
0.11205
0.11065
0.108391
0.113994
0.113301
0.111993
0.109719
0.105619
0.118895
0.120058
0.114116
0.113716
0.115566
0.114632
0.121545
0.116806
0.109419
0.106234
0.100613
0.115444
0.109764
0.102317
0.100852
0.099363
0.099653
0.107463
0.104398
0.1
0.099319
0.095474
0.10311
0.101743
0.099843
0.096975
0.093462
0.095166
0.092221
0.091182
0.09302
0.090179
0.085237
0.093545
0.087824
0.085698
0.087864
0.081729
0.081442
0.083801
0.090617
0.07933
0.079586
0.080554
0.088827
0.079373
0.079364
0.081451
0.075739
0.072185
0.080227
0.08191
0.080423
0.075463
0.074538
0.075187
0.075425
0.07738
0.081484
0.078528
0.091511
0.083154
0.080432
0.079889
0.078721
0.076131
0.074106
0.074368
0.073439
0.071101
0.068142
0.075082
0.073198
0.072096
0.088889
0.074894
0.073417
0.071055
0.07131
0.070147
0.063813
0.064857
0.068236
0.067665
0.063385
0.069334
0.072657
0.084246
0.071877
0.072341
0.074164
0.073355
0.072123
0.071689
0.070177
0.071577
0.067264
0.069979
0.071819
0.083237
0.075684
0.07321
0.068121
0.07146
0.070739
0.074308
0.069698
0.07158
0.075879
0.080707
0.074424
0.074941
0.072064
0.06752
0.069627
0.072196
0.07251
0.070299
0.067916
0.069828
0.069639
0.071321
0.072703
0.070474
0.070916
0.071741
0.075471
0.077439
0.095921
0.085063
0.080625
0.079086
0.075585
0.079455
0.078649
0.077217
0.084432
0.082649
0.083055
0.086329
0.099945
0.086323
0.08186
0.086726
0.0834
0.08218
0.0902
0.089825
0.091638
0.086804
0.095634
0.093344
0.107665
0.099221
0.102166
0.098474
0.100732
0.096435
0.101843
0.104014
0.102443
0.099407
0.098482
0.102882
0.098708
0.124021
0.113624
0.108319
0.108133
0.109903
0.107779
0.10727
0.103811
0.105683
0.102797
0.106288
0.110007
0.126801
0.118883
0.114557
0.113683
0.115327
0.110182
0.1118
0.111788
0.116486
0.112457
0.105678
0.116404
0.11055
0.106377
0.136608
0.109007
0.107757
0.105623
0.101246
0.099655
0.10271
0.104021
0.106022
0.105342
0.104411
0.100813
0.124495
0.103196
0.099896
0.098074
0.09555
0.089181
0.089802
0.090399
0.097901
0.099812
0.099029
0.099514
0.09917
0.116894
0.102395
0.099978
0.102102
0.099873
0.095079
0.098393
0.100301
0.097929
0.098247
0.099564
0.113198
0.10502
0.109301
0.106345
0.102584
0.103874
0.099686
0.101637
0.106398
0.103753
0.105038
0.107607
0.102473
0.12047
0.105266
0.111569
0.105685
0.105218
0.099135
0.103755
0.103135
0.1055
0.11992
0.111505
0.103759
0.103877
0.105895
0.102984
0.102815
0.107447
0.100972
0.104112
0.117641
0.10429
0.105074
0.103521
0.098514
0.099344
0.101135
0.103838
0.102528
0.098184
0.096877
0.095298
0.097615
0.094886
0.101846
0.092604
0.1012
0.093473
0.092749
0.093572
0.088487
0.098361
0.091994
0.090192
0.093646
0.088136
0.091416
0.090366
0.087168
0.092148
0.08269
0.098542
0.086054
0.081781
0.08467
0.079285
0.079248
0.081522
0.082362
0.083468
0.081348
0.082013
0.086568
0.09889
0.089986
0.084648
0.089137
0.086943
0.086362
0.083773
0.082696
0.086812
0.086022
0.086749
0.089389
0.108135
0.091894
0.093853
0.095815
0.092592
0.09449
0.09425
0.099007
0.101616
0.10707
0.115153
0.106787
0.107166
0.100205
0.103752
0.106542
0.11275
0.104483
0.109451
0.107523
0.128194
0.115064
0.108311
0.110045
0.11382
0.107327
0.107648
0.108438
0.113848
0.107126
0.106506
0.111659
0.116719
0.123866
0.11766
0.127959
0.119669
0.119864
0.113524
0.110358
0.11311
0.110068
0.117264
0.114778
0.109993
0.110658
0.111502
0.118783
0.106585
0.107114
0.11136
0.10234
0.099162
0.096202
0.093598
0.095606
0.095593
0.091915
0.089913
0.093601
0.092582
0.097766
0.087647
0.097251
0.091943
0.091846
0.088786
0.087632
0.088199
0.088683
0.086168
0.085094
0.086691
0.098068
0.087887
0.085847
0.084112
0.083579
0.081967
0.087518
0.086955
0.088002
0.088009
0.098061
0.094504
0.090986
0.095574
0.093904
0.095911
0.098229
0.097848
0.09936
0.116234
0.111075
0.104909
0.107903
0.101605
0.101323
0.100155
0.10047
0.106384
0.107447
0.120594
0.114152
0.105703
0.108201
0.099945
0.099994
0.098019
0.098594
0.092473
0.10159
0.094869
0.093463
0.091251
0.089514
0.085904
0.089841
0.088584
0.086406
0.087571
0.088925
0.099733
0.101467
0.098237
0.107759
0.0977
0.097646
0.097566
0.094337
0.105955
0.108356
0.106381
0.121254
0.113862
0.111914
0.109468
0.104397
0.113211
0.11422
0.111055
0.120431
0.116064
0.116312
0.108289
0.105249
0.100129
0.106483
0.109157
0.110545
0.117805
0.133586
0.116519
0.112564
0.112167
0.112533
0.110287
0.105636
0.110993
0.112437
0.10933
0.107149
0.122692
0.115184
0.109589
0.103805
0.105513
0.103427
0.096679
0.099112
0.103117
0.102376
0.120246
0.114353
0.107715
0.109319
0.106287
0.103745
0.102863
0.106969
0.111524
0.134925
0.124423
0.128443
0.125895
0.131185
0.121027
0.12455
0.141985
0.137995
0.137794
0.154986
0.143315
0.139065
0.137843
0.142015
0.136134
0.143896
0.140195
0.140422
0.142518
0.144423
0.138162
0.138042
0.148611
0.139472
0.129089
0.13382
0.128469
0.134774
0.130703
0.134174
0.132962
0.132762
0.130937
0.133472
0.122352
0.133149
0.119264
0.113364
0.113368
0.106194
0.109009
0.110467
0.106274
0.10695
0.106628
0.101885
0.10494
0.097561
0.096867
0.102307
0.103078
0.096773
0.096914
0.092597
0.098557
0.098754
0.097415
0.096415
0.098727
0.109212
0.106908
0.103196
0.104946
0.105122
0.103278
0.107808
0.110617
0.111908
0.123924
0.120279
0.120997
0.120602
0.116375
0.117172
0.122737
0.121701
0.122499
0.119318
0.132008
0.128052
0.125846
0.122408
0.1191
0.129107
0.125438
0.124215
0.114656
0.120527
0.128945
0.123535
0.120622
0.130261
0.124175
0.118544
0.121736
0.127739
0.126277
0.122479
0.126653
0.12802
0.126399
0.124061
0.124903
0.121174
0.122269
0.126815
0.126422
0.13883
0.132879
0.133901
0.132917
0.130098
0.133083
0.133331
0.124028
0.122243
0.128372
0.134342
0.120411
0.122631
0.134728
0.128889
0.131013
0.13004
0.129187
0.132714
0.134807
0.12866
0.129294
0.162657
0.147876
0.146006
0.144632
0.140004
0.128748
0.132055
0.133669
0.129131
0.134894
0.158952
0.143185
0.138983
0.134336
0.134648
0.130219
0.136084
0.141276
0.142703
0.159859
0.149662
0.14673
0.143246
0.14046
0.137744
0.138464
0.133863
0.140484
0.141443
0.152452
0.138828
0.1294
0.111065
0.111611
0.11089
0.10806
0.104707
0.103847
0.10019
0.096543
0.095318
0.095817
0.092351
0.090191
0.084483
0.088089
0.08002
0.074889
0.068409
0.06526
0.05867
0.060223
0.054757
0.055465
0.054015
0.050724
0.04911
0.054021
0.047056
0.04566
0.046488
0.044803
0.043159
0.039198
0.04017
0.040155
0.038749
0.038192
0.037465
0.038383
0.037225
0.034601
0.036421
0.035688
0.03594
0.036096
0.0331
0.035906
0.036389
0.035373
0.035577
0.036003
0.034481
0.034366
0.034675
0.034599
0.034692
0.037718
0.03678
0.034818
0.035325
0.034851
0.03633
0.036133
0.035448
0.034708
0.034922
0.034309
0.033555
0.035188
0.033718
0.034907
0.035286
0.033609
0.035497
0.034933
0.03548
0.034215
0.035193
0.033687
0.035138
0.034827
0.034029
0.034964
0.034878
0.035191
0.03396
0.03744
0.034404
0.033407
0.035013
0.037007
0.033675
0.034766
0.032687
0.034028
0.034604
0.034602
0.032635
0.031094
0.033607
0.032725
0.034976
0.038593
0.034616
0.035366
0.033991
0.035002
0.03411
0.034464
0.034705
0.036423
0.033901
0.032674
0.036354
0.034655
0.033554
0.033079
0.033438
0.035006
0.035457
0.036473
0.036545
0.036333
0.03412
0.035233
0.037189
0.036607
0.036479
0.039636
0.041155
0.03907
0.041018
0.04327
0.043152
0.042778
0.047929
0.047586
0.048393
0.048471
0.051212
0.049237
0.050542
0.055554
0.053815
0.063364
0.065471
0.066956
0.067369
0.066302
0.071937
0.076846
0.079521
0.080638
0.087971
0.09283
0.089804
0.092191
0.100966
0.104626
0.104209
0.106466
0.114801
0.116623
0.117675
0.113102
0.116556
0.128408
0.129533
0.131475
0.132657
0.14128
0.1416
0.153463
0.153172
0.153682
0.150879
0.141363
0.146733
0.151796
0.153905
0.160664
0.155349
0.152922
0.155976
0.145803
0.141306
0.14646
0.14992
0.152301
0.15462
0.182539
0.161776
0.152535
0.153145
0.150168
0.148211
0.144011
0.149701
0.13976
0.13953
0.147519
0.151139
0.148259
0.157247
0.144569
0.163617
0.15908
0.151848
0.146544
0.146441
0.143064
0.14753
0.150534
0.149327
0.147021
0.144987
0.176668
0.159005
0.158302
0.158239
0.153643
0.14453
0.144234
0.143058
0.152068
0.153351
0.180022
0.156675
0.149167
0.14974
0.145888
0.14451
0.153768
0.152824
0.155012
0.145786
0.154393
0.153607
0.188836
0.163764
0.169276
0.161139
0.164905
0.157037
0.156432
0.152536
0.149377
0.154692
0.147279
0.14983
0.153944
0.192166
0.158492
0.162506
0.16181
0.155049
0.14824
0.146185
0.151941
0.156516
0.153382
0.147693
0.150741
0.151227
0.186557
0.158605
0.160189
0.155198
0.153912
0.144736
0.151074
0.160663
0.153269
0.150948
0.154858
0.174262
0.155263
0.157635
0.149804
0.150937
0.147853
0.150176
0.158959
0.157387
0.149145
0.16466
0.181489
0.161025
0.16637
0.164266
0.158762
0.158068
0.158729
0.166446
0.164844
0.154073
0.155035
0.159675
0.172361
0.161237
0.150783
0.170415
0.160696
0.155837
0.139971
0.147445
0.156748
0.158113
0.151278
0.146335
0.15001
0.151166
0.158364
0.157271
0.152474
0.145337
0.155908
0.153652
0.15105
0.148594
0.15875
0.15506
0.152597
0.147221
0.142402
0.150873
0.151747
0.15117
0.149503
0.156004
0.157864
0.154688
0.153399
0.156176
0.160747
0.146866
0.150951
0.147752
0.163718
0.157406
0.162807
0.174568
0.169421
0.1684
0.167085
0.155313
0.150359
0.158365
0.156221
0.158093
0.156314
0.168192
0.18309
0.162579
0.157854
0.151642
0.146465
0.153797
0.160302
0.149287
0.148263
0.155021
0.152515
0.172721
0.161022
0.157971
0.150967
0.147765
0.150029
0.144379
0.148533
0.151754
0.147695
0.158273
0.176804
0.162413
0.171345
0.170057
0.158739
0.158133
0.150982
0.15126
0.146199
0.153397
0.169733
0.147577
0.145966
0.143585
0.141185
0.144026
0.141974
0.133805
0.136738
0.143506
0.143397
0.135314
0.148905
0.141714
0.141032
0.149792
0.154255
0.14125
0.142946
0.145751
0.146586
0.153205
0.151004
0.142675
0.153446
0.157074
0.153429
0.147374
0.152906
0.159917
0.153295
0.14921
0.159551
0.155742
0.157581
0.148535
0.165207
0.168413
0.162869
0.152226
0.166721
0.163631
0.154564
0.155053
0.155628
0.158949
0.162235
0.162689
0.170958
0.157325
0.154878
0.152698
0.16333
0.16232
0.146383
0.148801
0.161285
0.163709
0.16186
0.146952
0.158014
0.153775
0.155309
0.154361
0.164558
0.162067
0.157273
0.154804
0.160844
0.160293
0.146128
0.167919
0.167326
0.157094
0.159235
0.167017
0.165159
0.160547
0.152947
0.159278
0.148841
0.144441
0.1395
0.152647
0.145632
0.142226
0.150447
0.144139
0.145301
0.141112
0.140341
0.142453
0.141689
0.140034
0.152775
0.152092
0.160625
0.155413
0.15393
0.148017
0.140239
0.138836
0.14179
0.137331
0.138649
0.14188
0.158484
0.141931
0.142558
0.140939
0.14556
0.138351
0.138379
0.136365
0.138844
0.13148
0.130773
0.128981
0.129926
0.131054
0.130222
0.132938
0.118949
0.115795
0.131948
0.118656
0.111922
0.111145
0.113383
0.116012
0.118985
0.113877
0.109997
0.121031
0.114823
0.114254
0.109319
0.107835
0.1153
0.113196
0.106413
0.10434
0.105267
0.106432
0.103579
0.109606
0.10736
0.103158
0.117292
0.111214
0.109211
0.108187
0.108938
0.106128
0.106959
0.112666
0.108571
0.104968
0.106093
0.109163
0.117276
0.108732
0.106384
0.10973
0.123439
0.116011
0.11916
0.114767
0.122725
0.124166
0.119724
0.11601
0.119073
0.121772
0.118484
0.116262
0.116681
0.112792
0.128473
0.125735
0.118286
0.121758
0.13111
0.130553
0.129191
0.123651
0.123044
0.119715
0.127777
0.1309
0.123832
0.122826
0.139826
0.137714
0.133771
0.137353
0.129295
0.127957
0.140627
0.139551
0.140114
0.139955
0.15467
0.145351
0.141186
0.137606
0.138354
0.148286
0.148273
0.144769
0.139279
0.138955
0.15175
0.160863
0.152355
0.148632
0.152769
0.144549
0.138356
0.13942
0.142477
0.140077
0.143059
0.137529
0.138575
0.144075
0.137709
0.14273
0.144307
0.149484
0.140841
0.137214
0.148785
0.1437
0.136265
0.133848
0.130593
0.128421
0.138142
0.135206
0.136559
0.142635
0.146183
0.132315
0.12968
0.120802
0.132042
0.12201
0.112616
0.10982
0.10946
0.107826
0.100466
0.103326
0.094849
0.090353
0.089891
0.082624
0.083471
0.08194
0.077904
0.071155
0.070251
0.065524
0.063023
0.060546
0.05456
0.057229
0.053755
0.055991
0.051826
0.045739
0.048101
0.045965
0.047898
0.04428
0.043299
0.040941
0.040481
0.041733
0.039596
0.040356
0.040981
0.039107
0.040111
0.039111
0.039686
0.039526
0.038699
0.039547
0.042918
0.037321
0.037886
0.038441
0.037054
0.041696
0.041403
0.038954
0.040967
0.038187
0.041462
0.038541
0.038588
0.038699
0.037441
0.037717
0.037885
0.037057
0.037062
0.038723
0.037941
0.043626
0.039183
0.037283
0.035983
0.040332
0.039661
0.037055
0.038039
0.041315
0.036665
0.039198
0.042407
0.038402
0.039712
0.039382
0.038363
0.041471
0.040997
0.037924
0.040237
0.041767
0.039837
0.040474
0.04052
0.040649
0.039154
0.037819
0.04087
0.040854
0.038732
0.038392
0.039265
0.044416
0.038674
0.039248
0.041745
0.03978
0.039284
0.040996
0.039569
0.037801
0.039872
0.039251
0.04284
0.036827
0.04145
0.040054
0.038159
0.03672
0.039441
0.039819
0.037666
0.038893
0.04066
0.038755
0.038174
0.039461
0.042144
0.03796
0.038186
0.037813
0.03642
0.036454
0.037083
0.038944
0.038329
0.039573
0.041442
0.038148
0.036642
0.035341
0.037531
0.03918
0.037557
0.039243
0.037782
0.037358
0.035136
0.038652
0.038063
0.038074
0.039304
0.037077
0.036532
0.033747
0.037262
0.036393
0.036871
0.037443
0.038313
0.03618
0.03831
0.038105
0.043051
0.042606
0.04349
0.044146
0.04819
0.051428
0.054871
0.059962
0.061356
0.060775
0.058476
0.069142
0.069582
0.072584
0.077686
0.080727
0.079156
0.081004
0.08175
0.086274
0.088033
0.089846
0.085894
0.087856
0.091275
0.091607
0.096108
0.105554
0.098893
0.09598
0.096068
0.09164
0.09894
0.103831
0.103333
0.101235
0.100594
0.101988
0.104991
0.111691
0.109588
0.106472
0.103725
0.100272
0.100328
0.104744
0.100552
0.119329
0.111318
0.105208
0.114188
0.108595
0.110576
0.111148
0.114976
0.117586
0.130952
0.144578
0.132226
0.129205
0.126548
0.125843
0.128021
0.12784
0.135617
0.133055
0.153917
0.146329
0.141671
0.142929
0.137198
0.130889
0.12943
0.13797
0.140687
0.138132
0.13884
0.137067
0.148893
0.13623
0.144815
0.137637
0.135582
0.128093
0.116792
0.122171
0.119286
0.119451
0.133696
0.132017
0.125511
0.116114
0.112518
0.114758
0.109625
0.109436
0.117866
0.139868
0.117931
0.115391
0.116543
0.119322
0.116787
0.109332
0.108261
0.11035
0.112635
0.111177
0.115902
0.132624
0.114149
0.108963
0.105307
0.107773
0.112282
0.112567
0.108999
0.121347
0.129614
0.125315
0.121449
0.119568
0.117811
0.116765
0.115536
0.135315
0.126439
0.12678
0.117358
0.117636
0.115614
0.111029
0.11149
0.118454
0.118338
0.14286
0.129374
0.135857
0.12946
0.129534
0.126181
0.123837
0.133171
0.135752
0.149701
0.136681
0.130908
0.132626
0.128691
0.130193
0.13567
0.134525
0.136098
0.154144
0.140704
0.139296
0.136787
0.128898
0.13712
0.136563
0.136741
0.13963
0.142894
0.165729
0.142321
0.134028
0.130174
0.128802
0.137512
0.138519
0.135773
0.132683
0.132538
0.15364
0.14475
0.131015
0.138063
0.131413
0.130882
0.131572
0.130654
0.138702
0.15198
0.140007
0.130637
0.131693
0.123854
0.129037
0.131045
0.129727
0.124487
0.130441
0.145354
0.139874
0.131865
0.132054
0.129148
0.123059
0.12728
0.131581
0.134659
0.163549
0.151626
0.142035
0.135495
0.138442
0.134781
0.131059
0.133857
0.139239
0.134297
0.136062
0.133451
0.142907
0.130809
0.129862
0.137859
0.127768
0.133558
0.131698
0.12821
0.132666
0.130045
0.130438
0.127183
0.141351
0.13399
0.125165
0.12206
0.131833
0.131415
0.127111
0.120345
0.122951
0.136589
0.136201
0.128286
0.142355
0.13691
0.136596
0.134242
0.140313
0.132373
0.131474
0.133785
0.130292
0.135084
0.133536
0.128545
0.150824
0.141664
0.139129
0.131118
0.130753
0.128722
0.129434
0.131002
0.121643
0.119805
0.125028
0.118659
0.135188
0.121107
0.110388
0.11123
0.106476
0.111662
0.107182
0.103004
0.099324
0.095466
0.098914
0.109169
0.102588
0.099707
0.115313
0.105765
0.10502
0.109452
0.104218
0.103803
0.101686
0.106445
0.101004
0.125785
0.111536
0.108752
0.116512
0.111424
0.110143
0.111777
0.114183
0.112555
0.116936
0.114946
0.122654
0.110435
0.1058
0.095759
0.090011
0.086319
0.086038
0.084249
0.081595
0.082021
0.08151
0.078959
0.080121
0.084171
0.07892
0.083601
0.084798
0.081808
0.092839
0.089405
0.089479
0.088661
0.090715
0.087514
0.087622
0.094113
0.098988
0.108978
0.105753
0.108439
0.103949
0.103073
0.106227
0.117279
0.110977
0.125793
0.124988
0.121967
0.121953
0.120133
0.118888
0.123148
0.130488
0.132481
0.132521
0.127203
0.12736
0.121682
0.12886
0.126702
0.134601
0.12823
0.125903
0.123602
0.120034
0.123613
0.12531
0.113405
0.112428
0.119302
0.129624
0.119599
0.112956
0.12377
0.113963
0.114378
0.107664
0.11222
0.113877
0.106674
0.105776
0.119317
0.11045
0.102066
0.100436
0.109136
0.106987
0.106234
0.112261
0.112157
0.105777
0.101513
0.107693
0.112626
0.10729
0.108982
0.116199
0.113725
0.107783
0.109365
0.114887
0.112424
0.114403
0.121597
0.11784
0.119475
0.11451
0.125413
0.126188
0.12331
0.118506
0.124855
0.12891
0.122881
0.119892
0.124988
0.12352
0.115383
0.125445
0.123606
0.126742
0.124978
0.133033
0.120195
0.116943
0.125073
0.124169
0.120657
0.122112
0.126279
0.119139
0.118226
0.111552
0.113757
0.113415
0.111072
0.114964
0.120693
0.139659
0.126544
0.127988
0.125992
0.122673
0.126665
0.124364
0.126122
0.127345
0.139758
0.128597
0.124699
0.119586
0.116488
0.114515
0.123698
0.121206
0.117725
0.121125
0.109201
0.126754
0.111271
0.109523
0.104985
0.101477
0.10705
0.101175
0.096653
0.099541
0.100418
0.110364
0.104623
0.104683
0.106334
0.103306
0.102352
0.101386
0.105598
0.106563
0.102399
0.105753
0.110684
0.125747
0.120248
0.116738
0.115939
0.11133
0.115007
0.113513
0.117121
0.115382
0.11843
0.128079
0.130107
0.127339
0.132291
0.123035
0.132955
0.134698
0.132352
0.132807
0.142368
0.145
0.145485
0.140342
0.151593
0.150048
0.149914
0.151638
0.163041
0.160093
0.160643
0.160657
0.177892
0.167773
0.16599
0.154311
0.159341
0.161071
0.169568
0.154257
0.158363
0.177268
0.167747
0.164735
0.173058
0.176001
0.169065
0.166162
0.165127
0.17993
0.173594
0.175489
0.177382
0.172681
0.188469
0.175998
0.17316
0.169113
0.18684
0.172682
0.168848
0.163056
0.166543
0.160051
0.159879
0.164433
0.166946
0.179215
0.173043
0.170273
0.167588
0.163906
0.167938
0.168984
0.164368
0.161646
0.154245
0.173258
0.152617
0.155007
0.175663
0.154131
0.159489
0.153012
0.154717
0.162388
0.155375
0.150232
0.147891
0.157142
0.154047
0.156777
0.155882
0.151094
0.158789
0.160552
0.153908
0.151633
0.151252
0.166041
0.159246
0.151914
0.148175
0.142487
0.156156
0.148069
0.148279
0.139439
0.137919
0.15574
0.146815
0.138664
0.138566
0.138625
0.138592
0.145021
0.145492
0.14027
0.152101
0.14805
0.136633
0.139409
0.135064
0.140298
0.140912
0.140174
0.136959
0.153121
0.146581
0.139775
0.144075
0.150356
0.149228
0.147892
0.147393
0.136842
0.14931
0.144323
0.13855
0.139111
0.143984
0.162732
0.146705
0.150253
0.146089
0.15649
0.145354
0.146473
0.13936
0.14516
0.16267
0.155794
0.148537
0.141314
0.148278
0.134985
0.150024
0.138789
0.143885
0.140563
0.161115
0.154348
0.152056
0.14227
0.144831
0.142908
0.143862
0.140941
0.143609
0.144323
0.158396
0.155929
0.146071
0.147281
0.143031
0.137257
0.142496
0.142176
0.141625
0.143198
0.135742
0.164871
0.141642
0.14337
0.140652
0.135734
0.136785
0.128944
0.130391
0.136388
0.139365
0.132359
0.131838
0.149728
0.131509
0.122628
0.134928
0.1322
0.127379
0.127462
0.131823
0.141576
0.139276
0.13426
0.141016
0.136318
0.133296
0.143509
0.138587
0.131943
0.133809
0.135731
0.128009
0.132175
0.121692
0.126068
0.136152
0.135979
0.128959
0.145843
0.14355
0.137766
0.135434
0.136409
0.130385
0.127064
0.135061
0.133904
0.15191
0.142206
0.134163
0.129426
0.131676
0.126052
0.126377
0.135434
0.138827
0.151887
0.141568
0.13879
0.131173
0.130412
0.128707
0.130196
0.126669
0.130223
0.124316
0.148528
0.140975
0.136136
0.135211
0.129231
0.129113
0.130261
0.130583
0.124407
0.130893
0.150931
0.140968
0.129611
0.134704
0.127424
0.139494
0.133035
0.133704
0.13421
0.132562
0.13357
0.145488
0.133544
0.133866
0.133212
0.122443
0.134581
0.133765
0.132603
0.133175
0.139278
0.144073
0.130028
0.129795
0.141114
0.13764
0.13864
0.13292
0.139517
0.139363
0.132809
0.135727
0.12806
0.143799
0.143871
0.136917
0.133177
0.144126
0.137593
0.139287
0.137282
0.129219
0.139605
0.132162
0.129219
0.122334
0.12713
0.130978
0.137733
0.127283
0.121262
0.136184
0.142377
0.136153
0.121886
0.123893
0.135945
0.131939
0.12847
0.128823
0.124322
0.133215
0.131036
0.131829
0.128556
0.13087
0.134969
0.12777
0.12814
0.133464
0.132383
0.134322
0.12489
0.125249
0.131967
0.12733
0.12802
0.123704
0.135698
0.129678
0.128894
0.122905
0.114656
0.128936
0.125864
0.124278
0.116832
0.124884
0.120725
0.116805
0.11917
0.128001
0.125388
0.115853
0.120092
0.126024
0.123442
0.119967
0.115362
0.12211
0.13196
0.131162
0.125126
0.123212
0.136705
0.126456
0.124253
0.124951
0.13407
0.129362
0.128365
0.120055
0.122232
0.129877
0.125743
0.127439
0.120866
0.136491
0.133245
0.128024
0.127695
0.124451
0.131309
0.128322
0.128855
0.12527
0.133828
0.124815
0.128307
0.128097
0.123537
0.130774
0.132765
0.1294
0.130035
0.136943
0.145989
0.131062
0.12416
0.122094
0.137286
0.12785
0.12659
0.126807
0.132738
0.125818
0.123929
0.124664
0.116654
0.122212
0.124074
0.123488
0.114949
0.129508
0.127181
0.12521
0.124467
0.125996
0.124857
0.125864
0.119828
0.11437
0.124581
0.118321
0.120315
0.118386
0.125496
0.126148
0.124372
0.123681
0.118334
0.126942
0.12364
0.125797
0.127896
0.131724
0.131759
0.133341
0.129629
0.136839
0.138216
0.141083
0.138193
0.135906
0.146722
0.143236
0.140303
0.139279
0.140835
0.141172
0.142329
0.143588
0.147174
0.148167
0.148197
0.143028
0.151756
0.154842
0.149032
0.147007
0.142187
0.140134
0.147728
0.145926
0.143234
0.144371
0.175538
0.154232
0.148441
0.150284
0.153215
0.141747
0.141729
0.137533
0.132107
0.139875
0.140117
0.142188
0.165807
0.152783
0.148061
0.148014
0.143321
0.140041
0.137009
0.134046
0.140735
0.136524
0.139412
0.136806
0.167136
0.142325
0.144544
0.144555
0.141783
0.138614
0.133314
0.13038
0.142978
0.138834
0.14401
0.139826
0.142848
0.169189
0.144192
0.139539
0.142058
0.138672
0.142091
0.137
0.132712
0.13633
0.135141
0.144134
0.139252
0.145505
0.146177
0.179696
0.145797
0.15197
0.147458
0.146032
0.143823
0.134549
0.13623
0.141939
0.15358
0.147062
0.147348
0.147448
0.147333
0.17744
0.150009
0.149738
0.144711
0.148015
0.141925
0.141819
0.144687
0.149978
0.148933
0.13941
0.144119
0.150702
0.15048
0.147597
0.172129
0.154483
0.149169
0.150889
0.147304
0.140775
0.136224
0.138833
0.141326
0.14115
0.143021
0.142669
0.139896
0.151936
0.177253
0.147381
0.144139
0.149808
0.147433
0.14301
0.142537
0.140404
0.139829
0.145989
0.140243
0.138619
0.136513
0.13829
0.174549
0.160986
0.157256
0.153805
0.141849
0.142727
0.141002
0.141554
0.149699
0.149843
0.147476
0.149335
0.154807
0.152342
0.176365
0.156933
0.152596
0.153776
0.149202
0.141038
0.143395
0.143051
0.144524
0.141932
0.137292
0.141035
0.14444
0.145983
0.139068
0.171826
0.148024
0.140125
0.143597
0.135911
0.132554
0.136901
0.133863
0.137512
0.137263
0.13501
0.136001
0.137827
0.137218
0.165849
0.140349
0.139732
0.132058
0.132327
0.132739
0.132557
0.135244
0.139494
0.136608
0.129255
0.131211
0.138573
0.164254
0.14392
0.141552
0.135356
0.138534
0.134199
0.132586
0.13053
0.128267
0.135806
0.128201
0.130044
0.131538
0.13158
0.158332
0.144585
0.14265
0.142086
0.138175
0.127522
0.124119
0.12482
0.130467
0.13041
0.13385
0.121071
0.120795
0.128969
0.160288
0.138022
0.134249
0.130407
0.127934
0.123795
0.122497
0.128103
0.125628
0.130097
0.128844
0.128514
0.128689
0.162659
0.141533
0.136796
0.12871
0.130066
0.130536
0.12775
0.121421
0.126885
0.130076
0.130462
0.130291
0.128198
0.158721
0.136118
0.133302
0.135424
0.127998
0.127921
0.129628
0.129012
0.132202
0.130585
0.132806
0.131775
0.133984
0.163581
0.143134
0.147228
0.14067
0.142063
0.134568
0.139669
0.137911
0.133508
0.143682
0.14446
0.141529
0.14301
0.139916
0.141602
0.14604
0.160715
0.151271
0.151239
0.147513
0.142371
0.14054
0.138253
0.13924
0.151746
0.143286
0.139198
0.137604
0.149305
0.142032
0.143128
0.174115
0.151934
0.147919
0.142987
0.140577
0.141481
0.138864
0.136968
0.14743
0.146892
0.140689
0.140166
0.145581
0.150076
0.150794
0.167104
0.152053
0.147146
0.148967
0.147949
0.148326
0.141206
0.141325
0.13958
0.144009
0.144213
0.14064
0.143833
0.146496
0.150041
0.154883
0.142445
0.166552
0.142922
0.149299
0.151387
0.148539
0.149271
0.145862
0.145048
0.144983
0.149574
0.149154
0.141277
0.14542
0.137643
0.143647
0.144912
0.139233
0.151849
0.145935
0.142585
0.137043
0.161929
0.140837
0.146155
0.139178
0.14117
0.139313
0.147211
0.143841
0.139345
0.142882
0.136216
0.143061
0.156008
0.147796
0.145381
0.138859
0.135715
0.136609
0.160149
0.149611
0.148262
0.144998
0.138094
0.139888
0.137283
0.151933
0.146026
0.147461
0.150875
0.141262
0.140528
0.140037
0.15413
0.143135
0.136252
0.139703
0.134472
0.136861
0.134574
0.148946
0.138799
0.135067
0.133146
0.132403
0.130056
0.129397
0.137031
0.132295
0.131477
0.129936
0.12759
0.129241
0.131684
0.124914
0.132266
0.127483
0.125977
0.127092
0.127584
0.125386
0.128282
0.134654
0.13466
0.131738
0.121995
0.124703
0.124111
0.125977
0.138482
0.134974
0.131544
0.127573
0.129781
0.12438
0.124118
0.135602
0.126787
0.122249
0.119604
0.121172
0.124091
0.117481
0.128439
0.11591
0.114618
0.116094
0.111462
0.110434
0.101789
0.103456
0.093588
0.093794
0.095316
0.10537
0.111487
0.133545
0.106245
0.102253
0.095055
0.091662
0.086302
0.08466
0.086457
0.089166
0.090856
0.092896
0.096343
0.091112
0.094143
0.092628
0.090488
0.099813
0.086582
0.083464
0.081952
0.083719
0.078501
0.081444
0.080504
0.079683
0.082437
0.080377
0.077376
0.073722
0.075463
0.073023
0.071139
0.072197
0.073144
0.071562
0.067912
0.070866
0.065084
0.073672
0.069911
0.066175
0.061601
0.065302
0.061451
0.058381
0.06092
0.060361
0.055867
0.053562
0.054497
0.052263
0.051883
0.049113
0.049346
0.049335
0.050098
0.048287
0.049304
0.046941
0.042124
0.04334
0.041629
0.039926
0.039386
0.040423
0.040599
0.04247
0.040882
0.040476
0.040757
0.042677
0.039691
0.038981
0.039706
0.040494
0.040688
0.040026
0.038111
0.03908
0.040781
0.041144
0.039483
0.037372
0.040909
0.039868
0.040159
0.038161
0.045799
0.043495
0.042164
0.040566
0.040154
0.041185
0.041108
0.039101
0.042772
0.044736
0.042411
0.039737
0.040566
0.040361
0.043929
0.04245
0.042457
0.041509
0.039439
0.039147
0.039856
0.044759
0.042628
0.04016
0.039787
0.038678
0.043467
0.042819
0.042394
0.042828
0.041387
0.040284
0.040646
0.041875
0.040215
0.0408
0.041005
0.041036
0.041374
0.041585
0.043604
0.043584
0.042784
0.040034
0.041541
0.047267
0.04333
0.043112
0.041274
0.043292
0.044225
0.044305
0.043836
0.043528
0.045292
0.043799
0.040284
0.041136
0.039583
0.041221
0.03807
0.037838
0.038971
0.038
0.037916
0.038717
0.041146
0.042926
0.040093
0.039864
0.045258
0.042185
0.042021
0.040208
0.038219
0.040484
0.039519
0.038791
0.041726
0.04041
0.04403
0.037263
0.039124
0.03905
0.036994
0.03707
0.037619
0.038975
0.039408
0.039908
0.037799
0.038098
0.038397
0.040886
0.043563
0.037211
0.038294
0.037147
0.036042
0.035144
0.035657
0.035411
0.038204
0.037079
0.041504
0.037377
0.038374
0.044014
0.03895
0.036921
0.037293
0.036412
0.036978
0.038918
0.038943
0.038163
0.037752
0.037535
0.037516
0.039931
0.039367
0.039114
0.037529
0.039637
0.040234
0.04118
0.04011
0.040029
0.038977
0.043208
0.042279
0.043151
0.044625
0.044778
0.039335
0.042406
0.046364
0.043857
0.043382
0.039485
0.042695
0.04396
0.048384
0.045668
0.043566
0.042932
0.044549
0.04737
0.044691
0.042426
0.044868
0.047649
0.050648
0.051705
0.048656
0.048179
0.047684
0.048368
0.047724
0.051211
0.054909
0.052143
0.051587
0.056509
0.057691
0.053017
0.051304
0.052466
0.048367
0.056292
0.053869
0.054463
0.058611
0.053174
0.048691
0.047491
0.042014
0.04693
0.052571
0.055493
0.060548
0.061005
0.061248
0.061648
0.060963
0.059725
0.057106
0.058086
0.05561
0.05667
0.061796
0.062191
0.059658
0.068058
0.056168
0.051342
0.052675
0.04653
0.044698
0.046858
0.051275
0.063572
0.064442
0.06342
0.064594
0.065157
0.064727
0.0645
0.063056
0.062459
0.064951
0.066154
0.069501
0.077931
0.081689
0.076734
0.080952
0.084568
0.078287
0.071183
0.064914
0.067891
0.06801
0.07285
0.080943
0.094703
0.09491
0.092509
0.086204
0.085407
0.081097
0.081316
0.082551
0.089872
0.090176
0.092009
0.096197
0.099736
0.102849
0.11771
0.106841
0.102027
0.100609
0.107013
0.104953
0.109126
0.108082
0.108594
0.112317
0.116786
0.111446
0.113022
0.114338
0.111718
0.122499
0.116078
0.116183
0.120977
0.120851
0.120811
0.119959
0.121198
0.117076
0.124466
0.127866
0.125099
0.130622
0.123499
0.126362
0.143202
0.132053
0.130452
0.134395
0.130844
0.125057
0.12545
0.123623
0.137261
0.132822
0.127523
0.129651
0.125041
0.119673
0.132002
0.124399
0.120534
0.120009
0.123187
0.129547
0.133852
0.129536
0.130721
0.136204
0.150535
0.147508
0.138442
0.134057
0.140662
0.132851
0.137003
0.130673
0.12999
0.134167
0.129642
0.130722
0.131264
0.13759
0.133853
0.128909
0.161716
0.1381
0.136941
0.138081
0.135169
0.130051
0.12571
0.137648
0.134968
0.134899
0.129532
0.133362
0.132189
0.152137
0.133645
0.134325
0.126509
0.129137
0.1274
0.143927
0.134937
0.136386
0.133719
0.140281
0.136285
0.139262
0.145648
0.144417
0.137238
0.13676
0.137038
0.141072
0.150427
0.145849
0.145807
0.145387
0.137733
0.139181
0.137077
0.146658
0.137453
0.137064
0.140988
0.136118
0.145055
0.138278
0.131059
0.128868
0.126021
0.122363
0.134717
0.120931
0.121528
0.118534
0.114016
0.113398
0.113817
0.126057
0.113473
0.115792
0.115071
0.109073
0.126462
0.119362
0.116562
0.115339
0.109852
0.125453
0.120598
0.115671
0.120769
0.119216
0.1325
0.122398
0.127333
0.12639
0.12803
0.123028
0.133478
0.133753
0.13372
0.131615
0.133194
0.130405
0.147894
0.136704
0.138224
0.133145
0.136102
0.131358
0.143608
0.140719
0.135416
0.132288
0.129409
0.128138
0.132383
0.144609
0.126907
0.130169
0.123432
0.146645
0.135468
0.133021
0.135626
0.136646
0.131193
0.123493
0.130749
0.127956
0.13369
0.129161
0.123767
0.130073
0.131645
0.143314
0.128157
0.125776
0.12959
0.144361
0.131104
0.123645
0.126937
0.1275
0.12864
0.114643
0.116859
0.117021
0.116509
0.116892
0.107829
0.108805
0.125705
0.121275
0.117274
0.109296
0.107719
0.111224
0.117098
0.114999
0.117221
0.111009
0.125217
0.118347
0.124077
0.117702
0.115323
0.112455
0.117878
0.117907
0.121577
0.115458
0.111872
0.130261
0.124867
0.124196
0.117569
0.12034
0.128214
0.131539
0.126023
0.129714
0.129031
0.135335
0.13251
0.132528
0.131958
0.126711
0.141587
0.13421
0.139118
0.137649
0.139332
0.147745
0.140055
0.138364
0.137781
0.135463
0.145616
0.14024
0.137152
0.143462
0.136841
0.135029
0.141304
0.133977
0.146367
0.140058
0.142239
0.157272
0.151554
0.156842
0.155557
0.152032
0.142049
0.138428
0.1448
0.147831
0.139977
0.142414
0.148896
0.146931
0.178285
0.148584
0.147808
0.14631
0.141466
0.140921
0.136568
0.139755
0.145398
0.143674
0.145827
0.148095
0.141489
0.148532
0.145995
0.181707
0.15758
0.151814
0.154475
0.152117
0.149586
0.156933
0.156701
0.145902
0.152005
0.156221
0.185646
0.164033
0.159043
0.159866
0.154036
0.151711
0.1533
0.149237
0.145826
0.14706
0.148868
0.146266
0.144628
0.177086
0.161523
0.153031
0.155686
0.154358
0.150784
0.153349
0.141099
0.151227
0.153178
0.151014
0.155512
0.154997
0.153776
0.185792
0.162266
0.156619
0.154606
0.161057
0.155694
0.144283
0.147561
0.14692
0.144231
0.143296
0.144974
0.14745
0.151417
0.156036
0.173012
0.150057
0.147895
0.146166
0.146451
0.143199
0.14225
0.143082
0.1498
0.150909
0.146356
0.144451
0.143117
0.149826
0.175929
0.143454
0.143417
0.142966
0.135084
0.137699
0.132452
0.137443
0.140014
0.133714
0.135758
0.132527
0.141036
0.153126
0.145048
0.146092
0.144255
0.142915
0.136265
0.154702
0.152552
0.143939
0.146338
0.143176
0.164517
0.156512
0.152212
0.150193
0.139513
0.154121
0.15441
0.15026
0.15039
0.15013
0.165533
0.15961
0.160211
0.153075
0.154745
0.146743
0.170031
0.153558
0.153528
0.147745
0.156683
0.176799
0.172494
0.164273
0.158997
0.15579
0.154125
0.151773
0.168128
0.15131
0.146576
0.15531
0.153033
0.150507
0.175929
0.153634
0.157986
0.153736
0.181132
0.159316
0.1596
0.148822
0.144889
0.162512
0.16081
0.150931
0.149741
0.150137
0.153361
0.164505
0.165297
0.154645
0.156044
0.169479
0.15796
0.154679
0.14665
0.144948
0.145852
0.156538
0.151729
0.151764
0.146385
0.152667
0.15412
0.175733
0.155301
0.155615
0.15484
0.149756
0.151441
0.148812
0.145337
0.141952
0.147075
0.147416
0.146311
0.147126
0.143138
0.139477
0.1441
0.178476
0.149663
0.14928
0.146164
0.146369
0.141953
0.136872
0.141077
0.137889
0.146037
0.140127
0.138617
0.168932
0.149601
0.141363
0.137325
0.13074
0.131701
0.123767
0.125913
0.123944
0.127409
0.132755
0.154324
0.137193
0.131117
0.132324
0.133302
0.127815
0.124247
0.125815
0.127742
0.133935
0.128171
0.150181
0.137684
0.12902
0.129009
0.129459
0.126724
0.117832
0.124688
0.124912
0.125618
0.120367
0.116385
0.124586
0.156508
0.129627
0.137332
0.132585
0.125725
0.130202
0.122175
0.126596
0.124291
0.127296
0.129922
0.132738
0.127391
0.128145
0.122599
0.124345
0.141323
0.124427
0.121487
0.114533
0.124911
0.123124
0.120654
0.116106
0.114352
0.120555
0.127063
0.127502
0.121254
0.130426
0.122066
0.117463
0.118166
0.11243
0.124642
0.117753
0.12231
0.11779
0.117448
0.132721
0.123611
0.122102
0.116335
0.120703
0.117821
0.114474
0.109472
0.106281
0.116204
0.110503
0.112425
0.102392
0.100063
0.108952
0.102437
0.096678
0.101624
0.099912
0.097111
0.094305
0.101277
0.097832
0.097308
0.093348
0.100918
0.094587
0.097815
0.096392
0.098657
0.091662
0.095273
0.091321
0.092587
0.088738
0.086997
0.086171
0.090426
0.090473
0.08407
0.081815
0.088089
0.084391
0.081664
0.08225
0.092124
0.085957
0.082996
0.081566
0.074719
0.082266
0.075504
0.073986
0.070953
0.069669
0.077366
0.083265
0.077471
0.07938
0.082943
0.07745
0.069701
0.073754
0.076568
0.077009
0.07505
0.077508
0.079591
0.077039
0.075018
0.06787
0.072308
0.077067
0.07474
0.079964
0.076641
0.075667
0.073036
0.074771
0.077366
0.084307
0.08445
0.084208
0.086556
0.090426
0.086978
0.092675
0.10042
0.09677
0.096042
0.093244
0.095103
0.097564
0.100495
0.104777
0.102032
0.100582
0.109967
0.099518
0.099924
0.094512
0.097119
0.106668
0.102958
0.10104
0.10395
0.122691
0.115727
0.112515
0.115581
0.107883
0.107571
0.120299
0.134161
0.139421
0.131463
0.131712
0.12909
0.142409
0.126316
0.121035
0.123444
0.120822
0.132221
0.135863
0.140268
0.168869
0.147319
0.140543
0.142429
0.13615
0.137748
0.14162
0.132627
0.135871
0.137395
0.138903
0.137525
0.137432
0.15144
0.144401
0.17082
0.144859
0.13946
0.139591
0.139577
0.135188
0.137621
0.130167
0.140576
0.136998
0.146676
0.135699
0.141656
0.140002
0.152263
0.142093
0.158901
0.144616
0.142722
0.136857
0.139402
0.133595
0.135966
0.131292
0.13017
0.135463
0.147683
0.140028
0.141181
0.140873
0.145841
0.151097
0.150525
0.165569
0.157301
0.157071
0.151819
0.143053
0.149196
0.141653
0.14151
0.140221
0.139753
0.141889
0.152238
0.15489
0.148478
0.144585
0.14882
0.165307
0.165715
0.163403
0.155237
0.149879
0.154254
0.156278
0.15554
0.15323
0.152717
0.141074
0.144823
0.144082
0.15107
0.155119
0.151743
0.152139
0.151412
0.150431
0.149168
0.144893
0.158133
0.154949
0.157321
0.159733
0.147563
0.1538
0.151715
0.154411
0.152427
0.152974
0.159984
0.152505
0.151625
0.150282
0.153327
0.152584
0.150414
0.157384
0.155802
0.149289
0.158105
0.152687
0.146828
0.152019
0.147899
0.15583
0.157971
0.154851
0.162828
0.151753
0.154974
0.158102
0.150431
0.164601
0.162524
0.164543
0.163106
0.164915
0.162049
0.162897
0.162619
0.157075
0.158053
0.170518
0.160906
0.168922
0.167271
0.163655
0.165288
0.161806
0.152009
0.162199
0.159654
0.156216
0.168097
0.160354
0.154214
0.160363
0.156998
0.166376
0.160982
0.158642
0.164647
0.153531
0.159963
0.159854
0.158122
0.158632
0.157017
0.156593
0.155081
0.165956
0.155902
0.160139
0.144923
0.160705
0.159036
0.151997
0.158069
0.149055
0.155293
0.15053
0.149101
0.146464
0.141246
0.147409
0.153216
0.155121
0.148158
0.145493
0.150181
0.149417
0.16326
0.153393
0.151111
0.153119
0.151092
0.158092
0.155479
0.159074
0.154428
0.153876
0.147886
0.154578
0.155774
0.149858
0.145552
0.140384
0.149679
0.162094
0.163911
0.168862
0.166312
0.166368
0.16639
0.165336
0.158196
0.160611
0.159677
0.159294
0.160386
0.153853
0.148877
0.148758
0.150146
0.148784
0.149544
0.150106
0.154344
0.157617
0.153421
0.155657
0.153339
0.155336
0.157184
0.155133
0.156997
0.157928
0.158028
0.158979
0.158271
0.158189
0.1582
0.160899
0.15641
0.162019
0.157595
0.162534
0.162329
0.162902
0.156546
0.158267
0.161122
0.151488
0.160406
0.15146
0.159442
0.159965
0.154854
0.155137
0.156591
0.155673
0.158286
0.154786
0.156285
0.15138
0.162251
0.153141
0.152435
0.159841
0.160136
0.160279
0.162129
0.157179
0.163424
0.162921
0.157209
0.16047
0.15742
0.157847
0.157927
0.154103
0.156351
0.155111
0.153714
0.155169
0.152293
0.150883
0.152688
0.155816
0.152262
0.15523
0.157546
0.161063
0.156016
0.162163
0.160567
0.162913
0.156498
0.156506
0.155237
0.155416
0.157296
0.160076
0.159053
0.16602
0.165265
0.16422
0.156728
0.158134
0.154678
0.160734
0.159898
0.154825
0.158209
0.15836
0.154919
0.157776
0.160598
0.16038
0.154653
0.154458
0.155585
0.159517
0.157597
0.1605
0.160673
0.159989
0.159828
0.153773
0.153661
0.159511
0.16004
0.163818
0.154128
0.157852
0.161162
0.161063
0.153936
0.15037
0.158731
0.159487
0.158513
0.158385
0.160719
0.157157
0.157755
0.15856
0.157916
0.15688
0.158325
0.157213
0.154872
0.158348
0.158789
0.157517
0.153155
0.149445
0.148277
0.151051
0.152663
0.154713
0.15127
0.157489
0.155847
0.149415
0.1555
0.153948
0.156014
0.161053
0.156132
0.159268
0.159462
0.156307
0.155379
0.157892
0.160359
0.16055
0.160509
0.156433
0.157943
0.149348
0.151368
0.150889
0.161015
0.160088
0.155481
0.160417
0.158291
0.158753
0.155593
0.158833
0.158793
0.157224
0.156641
0.153268
0.154964
0.156102
0.160117
0.159567
0.153481
0.15698
0.156974
0.15465
0.156356
0.155026
0.157083
0.162924
0.158046
0.151191
0.151169
0.158206
0.151116
0.159311
0.157357
0.156499
0.158877
0.160928
0.156186
0.156664
0.155932
0.158832
0.156967
0.150989
0.152783
0.153033
0.154883
0.15189
0.153875
0.15849
0.159033
0.158431
0.154103
0.159108
0.152985
0.160859
0.15809
0.153442
0.161903
0.16149
0.151879
0.157861
0.156476
0.158107
0.155703
0.152369
0.158041
0.160509
0.156036
0.156358
0.154876
0.159448
0.158721
0.155816
0.157521
0.152379
0.157514
0.158003
0.160187
0.151839
0.152103
0.157843
0.158623
0.156836
0.156928
0.152117
0.157403
0.157594
0.158272
0.157816
0.155502
0.158677
0.158528
0.158313
0.15414
0.16001
0.156618
0.154668
0.15688
0.153689
0.156258
0.157124
0.157903
0.161195
0.15573
0.161557
0.157792
0.159748
0.155874
0.158997
0.1582
0.161492
0.150412
0.161581
0.157883
0.15922
0.157376
0.155963
0.158846
0.161304
0.159011
0.158932
0.166107
0.160681
0.159648
0.161293
0.159939
0.154559
0.154393
0.156042
0.156592
0.156724
0.155338
0.156275
0.159262
0.15892
0.154548
0.154869
0.157731
0.157819
0.1542
0.155966
0.153627
0.156078
0.157882
0.155189
0.15693
0.154895
0.156022
0.153876
0.15344
0.154341
0.151986
0.149215
0.150532
0.15391
0.154335
0.155083
0.155931
0.148464
0.153871
0.153295
0.152575
0.149985
0.145956
0.148288
0.152213
0.151576
0.155278
0.153618
0.147841
0.156501
0.153458
0.149902
0.158116
0.154873
0.153439
0.15561
0.159202
0.159742
0.159085
0.156397
0.152935
0.158773
0.159099
0.155821
0.159966
0.159874
0.153296
0.158505
0.156082
0.158977
0.149833
0.154045
0.157888
0.158005
0.154382
0.155167
0.157265
0.160933
0.15936
0.158222
0.154416
0.157029
0.158412
0.160276
0.158539
0.153263
0.158965
0.161369
0.157263
0.155113
0.15213
0.149975
0.154112
0.152867
0.156571
0.156034
0.155519
0.156342
0.153807
0.150048
0.152101
0.154463
0.154084
0.149633
0.154133
0.15418
0.157152
0.154082
0.151463
0.153631
0.152051
0.153288
0.152061
0.153243
0.146945
0.154302
0.151739
0.152697
0.15768
0.152124
0.152792
0.155397
0.156473
0.148182
0.155215
0.147565
0.152504
0.153665
0.154612
0.156275
0.154667
0.151799
0.15342
0.153656
0.153849
0.149563
0.15338
0.149157
0.149622
0.146313
0.146943
0.145158
0.158529
0.156534
0.15443
0.159416
0.161212
0.160985
0.161677
0.149503
0.15715
0.155354
0.152592
0.151991
0.151747
0.155536
0.154417
0.1453
0.14701
0.143419
0.139897
0.141985
0.135582
0.127827
0.131945
0.131303
0.124709
0.122676
0.122402
0.115036
0.112726
0.110438
0.111136
0.111698
0.110383
0.112446
0.112385
0.10906
0.103998
0.105819
0.10363
0.105365
0.101957
0.104979
0.107616
0.107495
0.106183
0.105297
0.104026
0.103737
0.10244
0.101977
0.105023
0.107593
0.104621
0.10771
0.108524
0.106361
0.110908
0.114764
0.109722
0.114116
0.116239
0.117762
0.134789
0.133161
0.134717
0.134855
0.14268
0.152756
0.148599
0.146462
0.149424
0.150861
0.148295
0.146428
0.151245
0.1535
0.160567
0.152022
0.154533
0.175545
0.168459
0.163104
0.164417
0.1617
0.161456
0.156902
0.156728
0.158685
0.161347
0.15729
0.157474
0.16053
0.16508
0.187803
0.17227
0.167088
0.167817
0.157343
0.162394
0.158832
0.157189
0.155208
0.151537
0.157351
0.157772
0.16491
0.161476
0.163335
0.189271
0.171308
0.161543
0.164618
0.159212
0.158037
0.154014
0.144954
0.15572
0.163306
0.153897
0.158276
0.161057
0.151898
0.152158
0.168058
0.158265
0.15714
0.151827
0.173732
0.163628
0.161276
0.152759
0.15219
0.148349
0.150766
0.156423
0.159817
0.158262
0.156892
0.156694
0.153856
0.178354
0.165414
0.16492
0.159493
0.157393
0.170825
0.166569
0.15967
0.158634
0.154798
0.152381
0.154176
0.169704
0.153422
0.151619
0.150794
0.144363
0.169616
0.151703
0.148917
0.147502
0.136758
0.141081
0.139893
0.155233
0.141268
0.142098
0.141252
0.138757
0.137147
0.15312
0.14339
0.139606
0.140814
0.137476
0.135675
0.138053
0.136524
0.151111
0.145356
0.146439
0.144719
0.141406
0.142298
0.143092
0.144434
0.142206
0.13394
0.139848
0.140034
0.149454
0.154502
0.152221
0.154372
0.147829
0.153884
0.152166
0.149636
0.151446
0.153182
0.150877
0.151324
0.150272
0.147932
0.168868
0.168063
0.165737
0.165202
0.16713
0.165898
0.164172
0.166864
0.165527
0.162983
0.156802
0.16062
0.158997
0.160656
0.159571
0.161195
0.166986
0.165466
0.16199
0.165957
0.157821
0.15373
0.172393
0.170259
0.161078
0.15396
0.151782
0.161248
0.159623
0.147955
0.149299
0.150313
0.150422
0.161538
0.155394
0.162077
0.1581
0.154042
0.164104
0.161496
0.15772
0.153668
0.150997
0.148491
0.148221
0.147989
0.142565
0.147545
0.143694
0.143413
0.139637
0.141188
0.135615
0.135283
0.133449
0.126487
0.125361
0.134562
0.123511
0.121691
0.115731
0.126306
0.115015
0.114713
0.111471
0.11592
0.1093
0.108918
0.109014
0.110871
0.09957
0.102557
0.106296
0.098931
0.100468
0.102863
0.129952
0.10811
0.107149
0.101934
0.099455
0.101896
0.094585
0.095685
0.097224
0.09593
0.101121
0.12327
0.113597
0.105857
0.102775
0.100731
0.105854
0.106963
0.106467
0.104525
0.108893
0.119042
0.119544
0.120022
0.116246
0.113004
0.108297
0.108383
0.108787
0.104006
0.111609
0.110779
0.112805
0.110671
0.1245
0.117211
0.11814
0.116832
0.113867
0.117157
0.108991
0.1084
0.110862
0.108621
0.108797
0.116237
0.115255
0.114255
0.110745
0.116063
0.119458
0.121544
0.115755
0.126371
0.11899
0.126958
0.120851
0.118179
0.122566
0.120654
0.115796
0.125024
0.124859
0.121465
0.126864
0.130561
0.126428
0.142349
0.131914
0.13267
0.129307
0.131147
0.132646
0.128432
0.127703
0.124307
0.12535
0.122811
0.12648
0.130886
0.135641
0.145863
0.13435
0.131572
0.131049
0.13577
0.13093
0.130663
0.139291
0.132424
0.131121
0.144513
0.147103
0.147038
0.150376
0.146851
0.15212
0.152764
0.157123
0.154895
0.151749
0.147073
0.144302
0.144612
0.144252
0.145623
0.145591
0.151527
0.155377
0.147715
0.150043
0.147159
0.161599
0.152356
0.155834
0.15371
0.149927
0.148257
0.148002
0.140581
0.146308
0.150093
0.147223
0.147909
0.147953
0.147985
0.15574
0.154116
0.153952
0.155209
0.153705
0.152928
0.148966
0.156063
0.150273
0.147248
0.143257
0.149838
0.144251
0.143727
0.143492
0.143019
0.14431
0.144723
0.142547
0.134655
0.130897
0.135221
0.131944
0.137227
0.136142
0.149713
0.146644
0.143708
0.142304
0.138488
0.133816
0.135936
0.138899
0.125349
0.129803
0.122434
0.124668
0.125851
0.123206
0.120841
0.12366
0.122951
0.123611
0.116872
0.113926
0.120845
0.127712
0.125976
0.131026
0.133755
0.130322
0.136329
0.137644
0.13986
0.137364
0.134353
0.140053
0.136542
0.137383
0.136966
0.136384
0.136295
0.139646
0.136748
0.136808
0.139873
0.136348
0.139246
0.135868
0.135798
0.135975
0.136829
0.143337
0.142914
0.134734
0.138053
0.144007
0.148986
0.143901
0.143286
0.141542
0.138982
0.134545
0.139482
0.149293
0.147329
0.137781
0.144724
0.139103
0.13882
0.139953
0.139468
0.142978
0.145089
0.136817
0.143068
0.146711
0.139653
0.147
0.142868
0.142346
0.141584
0.141954
0.144337
0.145879
0.147643
0.143082
0.146825
0.146079
0.150701
0.146056
0.144178
0.147011
0.144752
0.140587
0.139052
0.146634
0.145086
0.147658
0.153378
0.162015
0.153558
0.161725
0.159799
0.161436
0.159973
0.160858
0.153933
0.158402
0.149129
0.156785
0.156218
0.154973
0.153736
0.154571
0.152856
0.142759
0.148208
0.144347
0.150243
0.14306
0.140755
0.143467
0.141765
0.136916
0.143312
0.143699
0.147735
0.155292
0.156042
0.156401
0.156066
0.156396
0.152095
0.155273
0.154882
0.153105
0.155452
0.148637
0.153041
0.150131
0.152431
0.1517
0.14557
0.148262
0.140293
0.140869
0.138833
0.146834
0.141206
0.142293
0.13812
0.138268
0.141362
0.136877
0.138385
0.144752
0.134645
0.140531
0.14415
0.139834
0.137713
0.138603
0.136871
0.137652
0.135974
0.131034
0.133718
0.138453
0.151068
0.154684
0.153375
0.145869
0.150994
0.152585
0.148807
0.151923
0.148693
0.15281
0.151347
0.149877
0.15295
0.141549
0.150463
0.142869
0.144872
0.150079
0.141564
0.1374
0.138249
0.144183
0.139272
0.139593
0.139408
0.14298
0.14145
0.144039
0.142117
0.134614
0.145084
0.14102
0.139678
0.141531
0.138545
0.13722
0.140525
0.143834
0.139694
0.137834
0.143294
0.140877
0.139292
0.14208
0.143889
0.1429
0.142532
0.137124
0.142823
0.143659
0.141823
0.140804
0.139184
0.142328
0.140427
0.14175
0.137153
0.140941
0.141102
0.147242
0.148747
0.144918
0.146988
0.149046
0.150169
0.143283
0.148125
0.148217
0.144541
0.142939
0.149093
0.150293
0.145112
0.143832
0.142573
0.147454
0.147025
0.145458
0.148006
0.13915
0.14384
0.147297
0.149745
0.147372
0.144097
0.147841
0.146211
0.148701
0.148337
0.14638
0.145666
0.146655
0.1445
0.149602
0.150647
0.157812
0.156068
0.152055
0.151135
0.158887
0.156319
0.150522
0.149148
0.15707
0.156924
0.157344
0.155728
0.159249
0.153418
0.155437
0.151766
0.1543
0.159203
0.162682
0.16204
0.158643
0.150682
0.158536
0.158174
0.158242
0.161314
0.152614
0.160339
0.163033
0.160156
0.160167
0.159045
0.153417
0.158756
0.160928
0.156291
0.15776
0.158883
0.155151
0.157249
0.158776
0.152548
0.151829
0.146781
0.150895
0.146706
0.154436
0.152101
0.15111
0.151626
0.149771
0.150564
0.147704
0.150258
0.145911
0.153765
0.156199
0.152535
0.153769
0.151151
0.152312
0.157061
0.16111
0.1529
0.152849
0.157623
0.159012
0.148223
0.153679
0.15292
0.158215
0.154932
0.150987
0.154167
0.149034
0.150135
0.153781
0.151839
0.151698
0.15113
0.149358
0.153472
0.149691
0.15744
0.152788
0.158149
0.159132
0.158731
0.150886
0.147098
0.147212
0.15886
0.152747
0.14714
0.152741
0.152043
0.150855
0.149042
0.152191
0.150891
0.151074
0.154459
0.146656
0.152492
0.151564
0.145979
0.154137
0.157794
0.15786
0.147712
0.150004
0.148917
0.151833
0.156021
0.153733
0.148303
0.152597
0.147246
0.151968
0.160732
0.157444
0.15926
0.15875
0.160627
0.157228
0.15939
0.160345
0.159514
0.153166
0.159342
0.158616
0.15594
0.157934
0.157398
