0.030911
0.122819
0.145525
0.144235
0.143532
0.130879
0.145617
0.125114
0.146046
0.136117
0.141756
0.146527
0.138299
0.128397
0.147209
0.144614
0.147643
0.144769
0.144842
0.141817
0.145923
0.137428
0.149573
0.144691
0.14775
0.143182
0.143997
0.144512
0.141335
0.143541
0.144752
0.143138
0.145572
0.144724
0.134463
0.143523
0.144603
0.140616
0.137543
0.141885
0.134277
0.140242
0.145104
0.142611
0.139665
0.135408
0.141741
0.127793
0.139209
0.141303
0.131451
0.141717
0.136124
0.13704
0.127341
0.129996
0.127181
0.124064
0.122642
0.131189
0.123875
0.125422
0.133049
0.124983
0.1158
0.130309
0.132907
0.12989
0.124047
0.126939
0.118611
0.127656
0.139287
0.138389
0.140797
0.141949
0.139189
0.140909
0.137955
0.125465
0.14095
0.135819
0.136461
0.139038
0.134525
0.135197
0.135258
0.128898
0.131985
0.129437
0.129142
0.130512
0.130801
0.135825
0.142651
0.135724
0.137263
0.13488
0.132251
0.129072
0.135605
0.13078
0.130333
0.130188
0.126916
0.123978
0.12092
0.122255
0.120146
0.131494
0.136393
0.126213
0.129414
0.128895
0.117246
0.115486
0.119766
0.114921
0.115481
0.119141
0.122678
0.126282
0.123401
0.121485
0.121969
0.111357
0.118355
0.118431
0.121135
0.121808
0.119172
0.121051
0.118073
0.115891
0.11374
0.121964
0.118135
0.116314
0.114948
0.117463
0.117247
0.110556
0.109203
0.11784
0.115417
0.11449
0.108998
0.112449
0.106135
0.118245
0.113583
0.109232
0.104287
0.106081
0.108844
0.123659
0.114591
0.113603
0.110803
0.115418
0.113395
0.111063
0.110112
0.1163
0.116577
0.111822
0.112956
0.110767
0.109176
0.120705
0.119233
0.116107
0.109571
0.115311
0.111445
0.119624
0.115814
0.115103
0.112534
0.108137
0.12696
0.116649
0.12005
0.122408
0.116326
0.114093
0.126847
0.122008
0.117074
0.119182
0.113585
0.116429
0.127781
0.118134
0.119918
0.118024
0.114443
0.109757
0.113099
0.119457
0.116595
0.112237
0.107961
0.10754
0.123074
0.117731
0.112267
0.109241
0.10769
0.111166
0.120469
0.118375
0.117679
0.120627
0.116723
0.119269
0.128703
0.12389
0.121949
0.123147
0.117941
0.112928
0.115436
0.116405
0.121002
0.11923
0.12521
0.122255
0.12023
0.119609
0.119699
0.129272
0.120511
0.128617
0.118891
0.115589
0.119947
0.121332
0.115172
0.121465
0.123972
0.12178
0.119694
0.121117
0.126457
0.119939
0.121549
0.120337
0.124018
0.1237
0.126121
0.122469
0.123282
0.122743
0.126475
0.118907
0.123353
0.122845
0.116769
0.11615
0.115579
0.124874
0.126908
0.123365
0.121749
0.118907
0.1161
0.119423
0.12245
0.116181
0.119989
0.128643
0.126923
0.124645
0.122261
0.130796
0.128482
0.132895
0.129149
0.122587
0.124336
0.129537
0.136973
0.134511
0.132788
0.131251
0.131664
0.129535
0.126867
0.127373
0.124569
0.127191
0.126422
0.126346
0.134826
0.128824
0.133079
0.133829
0.130362
0.130574
0.126085
0.133613
0.133654
0.129474
0.129782
0.13074
0.138213
0.144516
0.140213
0.14407
0.136732
0.138055
0.136011
0.136695
0.132614
0.134482
0.135545
0.142674
0.148335
0.146116
0.149912
0.146968
0.14815
0.147194
0.145512
0.142456
0.14546
0.139827
0.14452
0.149364
0.161276
0.159694
0.149212
0.155658
0.154002
0.145497
0.150714
0.149229
0.164094
0.157907
0.157196
0.156361
0.152519
0.15235
0.155091
0.157745
0.156535
0.149339
0.156902
0.157459
0.15425
0.151856
0.151949
0.159915
0.159468
0.159035
0.155828
0.169964
0.16224
0.168433
0.168491
0.167303
0.167185
0.162754
0.163196
0.162807
0.162554
0.164412
0.164141
0.163611
0.165565
0.172888
0.166379
0.166477
0.179178
0.176104
0.17024
0.170484
0.166787
0.167485
0.166208
0.164677
0.172034
0.164894
0.166058
0.176878
0.173621
0.172648
0.172541
0.175124
0.174542
0.174663
0.171337
0.170088
0.173387
0.172908
0.174127
0.180544
0.177432
0.178644
0.179732
0.176107
0.178084
0.179635
0.176644
0.178142
0.176988
0.17493
0.177683
0.179731
0.186053
0.189007
0.181385
0.180416
0.183438
0.180978
0.177567
0.180623
0.178828
0.17779
0.177156
0.180848
0.176729
0.17654
0.174773
0.176
0.174964
0.176519
0.17581
0.178464
0.176092
0.174187
0.175779
0.170541
0.180347
0.17647
0.174585
0.17826
0.187874
0.192507
0.184638
0.186831
0.187201
0.177388
0.179739
0.176231
0.173289
0.177071
0.181553
0.181637
0.172739
0.179909
0.178868
0.177961
0.172059
0.167567
0.171902
0.171362
0.163646
0.166138
0.163259
0.168076
0.162412
0.157782
0.167765
0.17465
0.170263
0.177695
0.166785
0.173614
0.175014
0.167102
0.17147
0.171492
0.159273
0.159391
0.158359
0.155917
0.15501
0.159106
0.158829
0.159893
0.158895
0.161475
0.161909
0.158759
0.152422
0.156119
0.160193
0.158369
0.157804
0.151007
0.154562
0.153089
0.152726
0.154582
0.150771
0.155203
0.157723
0.149226
0.157039
0.155621
0.154148
0.159028
0.156919
0.156072
0.159448
0.165259
0.163799
0.1677
0.160501
0.153368
0.154174
0.153479
0.158476
0.155634
0.156471
0.154062
0.154959
0.152308
0.154741
0.147839
0.149616
0.154603
0.144861
0.148621
0.152691
0.151322
0.145066
0.145936
0.152477
0.1471
0.145851
0.14552
0.147874
0.156331
0.161519
0.152729
0.15242
0.154021
0.160629
0.158067
0.159488
0.163177
0.157919
0.15568
0.152931
0.151385
0.157423
0.148083
0.149322
0.144779
0.144607
0.142455
0.141733
0.145526
0.146146
0.147949
0.146255
0.149276
0.158529
0.156319
0.155855
0.154295
0.15304
0.155063
0.149407
0.149755
0.155338
0.148861
0.146829
0.150535
0.1472
0.147804
0.145009
0.142183
0.14649
0.145744
0.141261
0.144305
0.149896
0.157057
0.149191
0.155078
0.149266
0.15202
0.149624
0.150663
0.144734
0.146408
0.151968
0.152585
0.146814
0.146378
0.142553
0.145328
0.137703
0.13634
0.136483
0.138344
0.150265
0.145826
0.146603
0.151512
0.141971
0.143513
0.142552
0.146308
0.151958
0.148841
0.148893
0.138541
0.146382
0.143964
0.139862
0.149743
0.149118
0.156845
0.156516
0.149826
0.155272
0.162732
0.157679
0.159058
0.157275
0.161253
0.149298
0.149948
0.149605
0.151281
0.152102
0.148916
0.152688
0.160925
0.157199
0.153078
0.157872
0.155805
0.160163
0.154654
0.149113
0.152807
0.161141
0.158045
0.153962
0.155006
0.152915
0.151604
0.145567
0.150072
0.1523
0.150577
0.154354
0.156144
0.158298
0.160387
0.159354
0.154632
0.163611
0.165742
0.158061
0.15438
0.159146
0.152844
0.155595
0.148535
0.150068
0.158818
0.167249
0.16088
0.155434
0.164082
0.160565
0.159169
0.160255
0.156761
0.152188
0.1575
0.150232
0.147377
0.149423
0.143646
0.148881
0.150233
0.146477
0.14687
0.147867
0.141633
0.14617
0.150542
0.150115
0.15064
0.148512
0.147943
0.138352
0.137945
0.138668
0.135124
0.132447
0.132629
0.129009
0.132019
0.125546
0.125819
0.131244
0.132384
0.133562
0.134555
0.131023
0.133784
0.131077
0.130109
0.134301
0.136169
0.137472
0.136567
0.133046
0.132828
0.132544
0.136751
0.141024
0.14885
0.146773
0.145148
0.138268
0.149841
0.141408
0.138109
0.143883
0.144295
0.143167
0.140849
0.145632
0.142188
0.138348
0.139768
0.134888
0.13623
0.136948
0.147898
0.146141
0.141136
0.136267
0.147919
0.146236
0.148249
0.147616
0.143771
0.145284
0.141944
0.148698
0.160021
0.156186
0.15104
0.152022
0.152286
0.152213
0.146295
0.152031
0.150545
0.151788
0.145215
0.149153
0.157268
0.155501
0.157971
0.155128
0.158523
0.160882
0.154572
0.161286
0.15778
0.15831
0.156539
0.150955
0.167429
0.166288
0.168263
0.163892
0.161351
0.163462
0.157825
0.156703
0.151677
0.150734
0.152239
0.151489
0.150214
0.147675
0.151754
0.15082
0.144421
0.144206
0.144231
0.143476
0.148642
0.149809
0.154286
0.150397
0.146272
0.144576
0.148255
0.144911
0.144822
0.14265
0.144233
0.146931
0.146567
0.14548
0.148894
0.146246
0.148252
0.154814
0.146679
0.145463
0.149403
0.145751
0.151496
0.152603
0.14712
0.147335
0.141337
0.14602
0.139246
0.143564
0.138092
0.144409
0.145786
0.149118
0.141829
0.14659
0.143975
0.148869
0.147424
0.153365
0.146228
0.159809
0.153603
0.150293
0.147216
0.149547
0.152348
0.15182
0.154544
0.152608
0.152953
0.146754
0.141651
0.143973
0.145037
0.142559
0.143181
0.147782
0.155697
0.159344
0.158368
0.161075
0.160883
0.154399
0.155805
0.15266
0.156142
0.14894
0.144534
0.152082
0.150973
0.162474
0.162159
0.155612
0.154046
0.155725
0.154076
0.148956
0.14684
0.150224
0.15338
0.154243
0.155749
0.151543
0.15219
0.154918
0.149978
0.145969
0.156129
0.151929
0.147736
0.155368
0.159755
0.161869
0.154608
0.151609
0.151283
0.150393
0.155779
0.148727
0.150251
0.146497
0.142287
0.145477
0.146942
0.146177
0.149976
0.156033
0.148394
0.140642
0.138256
0.135612
0.142085
0.138918
0.129256
0.134438
0.132748
0.143575
0.139237
0.133556
0.150525
0.133009
0.134023
0.135432
0.129191
0.126784
0.127569
0.121392
0.123221
0.11835
0.118151
0.115078
0.121957
0.119264
0.116779
0.123322
0.120643
0.125451
0.122049
0.121448
0.118117
0.117797
0.126348
0.125045
0.121378
0.119937
0.111775
0.119347
0.123878
0.133442
0.12424
0.11974
0.121502
0.121861
0.125438
0.135938
0.130721
0.13358
0.128019
0.129777
0.126046
0.131863
0.127601
0.12913
0.133792
0.130813
0.131492
0.133123
0.126716
0.124525
0.120508
0.130624
0.121542
0.114005
0.113411
0.109719
0.114947
0.129748
0.122147
0.120371
0.117934
0.124028
0.118915
0.124703
0.136211
0.126808
0.131263
0.132536
0.129156
0.133426
0.125885
0.130937
0.134513
0.139417
0.138982
0.129871
0.134242
0.151599
0.141154
0.142453
0.143103
0.143175
0.138009
0.143617
0.139922
0.144058
0.146337
0.143195
0.14431
0.148
0.140718
0.147608
0.134126
0.139493
0.142548
0.133426
0.13686
0.13394
0.137284
0.135906
0.137895
0.131619
0.131964
0.130993
0.14531
0.128893
0.135812
0.133492
0.13472
0.140695
0.132606
0.130821
0.128832
0.132534
0.132568
0.126275
0.135489
0.128598
0.133799
0.136819
0.131208
0.13027
0.126413
0.128071
0.126343
0.127381
0.127578
0.13947
0.133332
0.135058
0.133357
0.133807
0.132922
0.127858
0.135121
0.13492
0.126963
0.132713
0.129774
0.133773
0.131824
0.135338
0.138567
0.130045
0.126068
0.129965
0.129088
0.124727
0.140639
0.123284
0.127076
0.128225
0.143769
0.131947
0.132154
0.130774
0.131574
0.131174
0.130924
0.134814
0.136148
0.138005
0.13497
0.149929
0.156628
0.154813
0.158114
0.155647
0.153155
0.157423
0.147352
0.164565
0.15883
0.156611
0.156524
0.157186
0.154281
0.154352
0.146972
0.148923
0.151666
0.147191
0.144419
0.15154
0.142378
0.146958
0.1438
0.147035
0.143188
0.148252
0.141627
0.137528
0.134998
0.129453
0.130299
0.136786
0.136824
0.135289
0.135639
0.137987
0.137587
0.135401
0.135061
0.135396
0.140718
0.137006
0.134514
0.132174
0.129968
0.135775
0.134414
0.127046
0.136628
0.137802
0.137279
0.137506
0.135331
0.141216
0.137248
0.135232
0.138627
0.138741
0.140195
0.146663
0.144141
0.137359
0.138078
0.140738
0.137433
0.137848
0.142185
0.14224
0.14382
0.139379
0.137456
0.133681
0.139841
0.135785
0.14436
0.14176
0.143432
0.135185
0.140437
0.136171
0.129782
0.144311
0.137578
0.136746
0.134125
0.126793
0.134479
0.148284
0.14278
0.142585
0.135322
0.136029
0.134932
0.135068
0.144051
0.142986
0.148756
0.14911
0.14764
0.149854
0.152746
0.143087
0.142992
0.159814
0.155595
0.152481
0.150585
0.142593
0.14589
0.147902
0.146254
0.151918
0.15551
0.154337
0.154903
0.154302
0.149119
0.150088
0.148423
0.149174
0.14536
0.148673
0.148394
0.148208
0.153063
0.149525
0.151685
0.139402
0.1396
0.146528
0.14463
0.147789
0.13632
0.142801
0.137835
0.141004
0.142837
0.137468
0.139929
0.143377
0.152304
0.143936
0.143391
0.147169
0.145947
0.143038
0.138258
0.147495
0.151461
0.150772
0.154387
0.153416
0.14783
0.14949
0.147649
0.152458
0.151568
0.148126
0.145792
0.14324
0.14945
0.151025
0.16053
0.150742
0.150531
0.154612
0.149868
0.150724
0.148589
0.152932
0.159993
0.153679
0.158848
0.153829
0.15662
0.161835
0.157687
0.158616
0.156702
0.163721
0.150423
0.15074
0.152469
0.159234
0.160017
0.161732
0.155014
0.157369
0.154289
0.152027
0.14813
0.15272
0.150009
0.155497
0.158707
0.15099
0.158893
0.155281
0.154318
0.151648
0.152511
0.152215
0.155334
0.150078
0.146639
0.149911
0.15179
0.158355
0.159675
0.157902
0.160352
0.153025
0.155214
0.152235
0.154286
0.154373
0.151725
0.159225
0.160746
0.166117
0.163786
0.160209
0.161739
0.160153
0.160101
0.155232
0.157107
0.148607
0.15236
0.14569
0.141417
0.154565
0.155364
0.15865
0.158977
0.151286
0.159312
0.158364
0.164662
0.155519
0.157396
0.160409
0.165099
0.168337
0.16713
0.165893
0.16016
0.163618
0.157827
0.157615
0.161595
0.159754
0.159101
0.155219
0.154164
0.156044
0.155261
0.152642
0.14625
0.140704
0.150674
0.157089
0.159845
0.161975
0.158183
0.157769
0.155995
0.158678
0.15874
0.15454
0.150528
0.154621
0.143448
0.148868
0.146836
0.145852
0.148024
0.143766
0.143621
0.140019
0.149187
0.14852
0.154391
0.15913
0.155353
0.15746
0.145988
0.147928
0.158409
0.150417
0.149638
0.152112
0.148992
0.148781
0.145635
0.14907
0.146673
0.15043
0.149403
0.162376
0.158788
0.167746
0.167441
0.166272
0.164515
0.169012
0.162535
0.1568
0.157719
0.156033
0.161479
0.159627
0.158777
0.158578
0.15336
0.156979
0.157512
0.156259
0.155342
0.162457
0.151636
0.154123
0.155001
0.151736
0.151583
0.14437
0.152089
0.164032
0.158667
0.155786
0.160414
0.159757
0.151892
0.146136
0.154626
0.145047
0.143831
0.143395
0.143023
0.149232
0.150448
0.147525
0.15267
0.158079
0.154055
0.158999
0.158462
0.155046
0.159951
0.156053
0.160528
0.147618
0.156219
0.153856
0.155012
0.159308
0.159662
0.157862
0.158357
0.1567
0.153546
0.151438
0.155935
0.156432
0.16076
0.160779
0.15973
0.161498
0.161022
0.158164
0.156295
0.159591
0.154443
0.15552
0.158156
0.156882
0.151927
0.150759
0.155913
0.159523
0.159923
0.158458
0.162812
0.156177
0.162084
0.160851
0.16445
0.154505
0.16379
0.15748
0.156094
0.159423
0.164842
0.156176
0.15628
0.155826
0.160298
0.16015
0.161507
0.163295
0.152276
0.162789
0.165664
0.165653
0.165368
0.164868
0.16782
0.16557
0.168298
0.163152
0.170044
0.171923
0.168099
0.1729
0.168109
0.170165
0.176154
0.170975
0.167774
0.170344
0.168888
0.177041
0.178522
0.176119
0.182167
0.179507
0.181334
0.181792
0.186242
0.183943
0.18453
0.183589
0.184378
0.181938
0.181924
0.184649
0.185116
0.19021
0.189916
0.185813
0.191103
0.196499
0.187479
0.18826
0.186404
0.185547
0.172139
0.187298
0.189124
0.185901
0.186468
0.183323
0.186901
0.184389
0.186771
0.185239
0.189688
0.182539
0.185807
0.169205
0.182063
0.184413
0.183029
0.181928
0.181355
0.179665
0.193073
0.178557
0.178862
0.180259
0.179738
0.180401
0.179844
0.178555
0.176939
0.172893
0.176457
0.175873
0.182285
0.16991
0.176606
0.178141
0.182141
0.173268
0.186508
0.178546
0.180962
0.184593
0.1844
0.18572
0.183973
0.170686
0.167961
0.173282
0.17995
0.172386
0.174245
0.176168
0.178274
0.175938
0.178916
0.178681
0.176874
0.174849
0.181999
0.177279
0.176621
0.175733
0.176666
0.172071
0.173378
0.174109
0.175339
0.173273
0.168966
0.17108
0.177339
0.172175
0.170654
0.174695
0.173861
0.177005
0.174686
0.168488
0.17603
0.169168
0.167279
0.169044
0.172067
0.17123
0.170716
0.170942
0.168931
0.1682
0.164179
0.170885
0.173172
0.172964
0.168619
0.173441
0.171063
0.170044
0.171188
0.170254
0.170315
0.174599
0.170596
0.171247
0.171353
0.171839
0.168652
0.171174
0.17051
0.171357
0.166051
0.17265
0.172128
0.169024
0.17199
0.170283
0.167939
0.170829
0.174384
0.172918
0.172167
0.173534
0.166636
0.170767
0.169831
0.173295
0.171345
0.170976
0.173816
0.170783
0.173775
0.172446
0.172012
0.17342
0.174401
0.169309
0.173566
0.168891
0.172958
0.170184
0.168381
0.169182
0.168653
0.171133
0.168881
0.167965
0.171174
0.171781
0.170479
0.170815
0.170779
0.174142
0.170571
0.171689
0.167333
0.166413
0.168288
0.170581
0.170288
0.171974
0.170774
0.166398
0.168083
0.169392
0.169995
0.171429
0.167296
0.167503
0.169276
0.168474
0.168769
0.169395
0.173023
0.170041
0.174464
0.172975
0.169457
0.169345
0.167616
0.177039
0.169715
0.167823
0.171544
0.176307
0.175683
0.173983
0.177226
0.173996
0.176109
0.174612
0.183795
0.183672
0.183559
0.184137
0.185126
0.19357
0.186744
0.174756
0.180173
0.175701
0.176235
0.175095
0.177534
0.179955
0.173583
0.183562
0.176539
0.176853
0.170133
0.173446
0.17127
0.17671
0.166631
0.177233
0.176737
0.172314
0.164849
0.167564
0.166944
0.157993
0.155553
0.154005
0.15467
0.158465
0.153293
0.152528
0.161309
0.158423
0.155299
0.157415
0.153917
0.155215
0.160638
0.155021
0.164405
0.154077
0.156943
0.154422
0.152743
0.16518
0.161437
0.170715
0.162871
0.168065
0.169887
0.163398
0.168157
0.165595
0.162684
0.160433
0.152751
0.159397
0.16189
0.14885
0.14492
0.150731
0.158015
0.160167
0.158035
0.154762
0.154625
0.151219
0.150418
0.157714
0.154037
0.15317
0.160684
0.158963
0.159714
0.165159
0.155506
0.154961
0.150698
0.156937
0.154593
0.159149
0.157781
0.159978
0.158832
0.157817
0.155305
0.153878
0.144249
0.140362
0.145657
0.142927
0.148234
0.14397
0.150702
0.147798
0.144112
0.141293
0.14864
0.141604
0.151136
0.151557
0.150196
0.152245
0.155194
0.149295
0.143468
0.143956
0.145899
0.147204
0.145684
0.140038
0.136114
0.140579
0.147543
0.147269
0.140514
0.138047
0.139725
0.134542
0.132205
0.143512
0.135149
0.142786
0.138373
0.129562
0.133035
0.133955
0.139663
0.13046
0.133287
0.131119
0.131277
0.130521
0.129619
0.129428
0.120048
0.12903
0.123282
0.120882
0.119369
0.123978
0.120491
0.132452
0.122649
0.11626
0.119326
0.11665
0.116003
0.12667
0.123066
0.123965
0.119886
0.123978
0.127431
0.128459
0.135013
0.135214
0.1401
0.147243
0.137665
0.133531
0.145077
0.143039
0.140388
0.136515
0.140261
0.140872
0.144229
0.150671
0.14897
0.152664
0.145139
0.144316
0.142025
0.145357
0.14367
0.14245
0.143373
0.145645
0.146573
0.146683
0.149643
0.151781
0.149221
0.147794
0.147384
0.143699
0.145175
0.151471
0.1492
0.153177
0.150949
0.153731
0.153535
0.155468
0.155509
0.156537
0.143445
0.146808
0.140881
0.139386
0.146245
0.149344
0.142667
0.146499
0.146326
0.139292
0.141791
0.1415
0.150192
0.148182
0.147384
0.14801
0.146965
0.147891
0.138199
0.141681
0.138032
0.133222
0.130066
0.139269
0.135331
0.132428
0.133122
0.153618
0.135134
0.138749
0.135406
0.128565
0.135132
0.134051
0.141334
0.135466
0.134089
0.14127
0.140499
0.143905
0.142566
0.139587
0.138985
0.15277
0.149275
0.148791
0.138376
0.143347
0.143353
0.144916
0.143113
0.136443
0.139749
0.138786
0.140526
0.141998
0.1411
0.137033
0.151587
0.13555
0.139872
0.140189
0.130603
0.131942
0.140225
0.134457
0.135217
0.132988
0.138889
0.137268
0.136581
0.136699
0.130589
0.131005
0.136595
0.141412
0.139326
0.135536
0.134592
0.134576
0.136092
0.132413
0.126707
0.125263
0.126673
0.12988
0.127486
0.126786
0.121845
0.126278
0.135297
0.13074
0.13232
0.130118
0.13174
0.130372
0.126183
0.125907
0.123653
0.125609
0.12735
0.121795
0.121399
0.127825
0.129591
0.126934
0.124524
0.119092
0.115377
0.129053
0.124286
0.12443
0.12326
0.124342
0.121275
0.12302
0.122207
0.132195
0.124765
0.129712
0.129764
0.12901
0.128565
0.130201
0.140417
0.141634
0.135927
0.133367
0.133544
0.138782
0.13385
0.136779
0.133139
0.13596
0.145606
0.139471
0.143006
0.140097
0.140092
0.14648
0.138392
0.134029
0.139094
0.146137
0.147765
0.145353
0.142907
0.141508
0.149804
0.137283
0.142661
0.145779
0.151888
0.146145
0.15204
0.137686
0.141271
0.138217
0.141313
0.143213
0.138811
0.140138
0.138591
0.141458
0.141
0.152645
0.144739
0.144715
0.135194
0.143934
0.14486
0.148639
0.146833
0.152226
0.148653
0.152025
0.146648
0.148578
0.144397
0.146857
0.144923
0.143773
0.143527
0.146245
0.150829
0.146655
0.147524
0.14232
0.147518
0.140513
0.133803
0.146646
0.141526
0.135345
0.131258
0.130274
0.135805
0.134322
0.128473
0.136392
0.133585
0.13597
0.127948
0.136416
0.138359
0.153736
0.14057
0.138959
0.138419
0.135105
0.135056
0.155096
0.144825
0.144546
0.141307
0.145639
0.16177
0.156984
0.150977
0.145726
0.151986
0.144453
0.148646
0.148863
0.151154
0.148829
0.151118
0.153346
0.157732
0.155116
0.148848
0.150813
0.152544
0.159586
0.151709
0.162046
0.162289
0.163216
0.158505
0.156527
0.160705
0.15616
0.153979
0.14976
0.155211
0.155219
0.16107
0.158109
0.150073
0.149158
0.149069
0.144241
0.140313
0.148125
0.150668
0.14633
0.148146
0.151692
0.15221
0.149833
0.149544
0.155329
0.156834
0.153548
0.153135
0.151468
0.148419
0.148466
0.148041
0.144507
0.145778
0.146947
0.138185
0.141201
0.135499
0.148913
0.148816
0.144581
0.159472
0.151814
0.148199
0.151772
0.148362
0.153418
0.146506
0.146741
0.149322
0.149964
0.150704
0.147133
0.151202
0.154106
0.158659
0.149992
0.152213
0.151762
0.140308
0.150365
0.148186
0.136019
0.139328
0.137866
0.136077
0.136491
0.137442
0.133945
0.133137
0.137698
0.145907
0.139848
0.138611
0.142684
0.141491
0.15481
0.146951
0.144073
0.141336
0.144266
0.13886
0.135692
0.142943
0.144238
0.142599
0.136273
0.136444
0.142577
0.146928
0.150195
0.145618
0.149543
0.147467
0.14326
0.145995
0.147477
0.152453
0.145322
0.138147
0.142844
0.147788
0.139438
0.146039
0.142813
0.14903
0.141485
0.144834
0.136363
0.140425
0.143419
0.14189
0.139278
0.134041
0.139586
0.129427
0.131304
0.123106
0.127962
0.128088
0.127664
0.133941
0.127747
0.127395
0.131813
0.127022
0.127556
0.133115
0.127159
0.147128
0.13127
0.134587
0.132496
0.130864
0.12986
0.128992
0.128278
0.128568
0.134027
0.134242
0.137668
0.136296
0.148042
0.138385
0.139159
0.140204
0.132871
0.137894
0.137818
0.14262
0.13859
0.141338
0.145137
0.144528
0.150117
0.139363
0.160719
0.155916
0.149954
0.151956
0.151059
0.154293
0.150858
0.154864
0.147423
0.153645
0.146888
0.148509
0.146032
0.153373
0.154205
0.14694
0.147346
0.150071
0.144884
0.143178
0.146129
0.141472
0.14504
0.152853
0.154742
0.151177
0.152151
0.152785
0.145468
0.145741
0.141014
0.154258
0.153481
0.152918
0.151222
0.157045
0.157701
0.155509
0.150061
0.158509
0.158218
0.157107
0.150158
0.157455
0.154038
0.153723
0.152526
0.149865
0.152104
0.14243
0.152257
0.160384
0.156987
0.158343
0.158977
0.154248
0.14391
0.145741
0.14329
0.147074
0.149766
0.153564
0.157409
0.150034
0.148082
0.148949
0.145926
0.145193
0.149496
0.148149
0.152215
0.153355
0.155537
0.154208
0.159519
0.158064
0.15835
0.156526
0.155722
0.146135
0.155524
0.1537
0.15137
0.146879
0.151306
0.148383
0.147869
0.137725
0.146177
0.150572
0.152366
0.144368
0.143286
0.140733
0.149595
0.144772
0.147444
0.142904
0.145029
0.147801
0.147429
0.148626
0.142721
0.147794
0.140497
0.134256
0.152882
0.143099
0.140901
0.140516
0.142959
0.143426
0.165036
0.14685
0.14721
0.148957
0.14582
0.144735
0.149392
0.144722
0.143865
0.149931
0.139705
0.147596
0.146749
0.15176
0.153862
0.157984
0.151822
0.152097
0.156357
0.152148
0.150412
0.14869
0.149059
0.14851
0.138904
0.140288
0.148573
0.155067
0.15494
0.1482
0.146496
0.150332
0.144389
0.151213
0.146017
0.148896
0.159915
0.164348
0.15389
0.151802
0.156071
0.14883
0.15286
0.159607
0.156798
0.158066
0.151233
0.15796
0.157181
0.16396
0.157785
0.16134
0.158774
0.15965
0.165266
0.164764
0.157504
0.162259
0.153764
0.162959
0.170472
0.174092
0.169549
0.166055
0.164507
0.168978
0.172304
0.17301
0.166606
0.168326
0.169086
0.16631
0.163594
0.166327
0.16893
0.158874
0.155479
0.164553
0.161542
0.162663
0.174772
0.174516
0.169536
0.175061
0.174791
0.17412
0.168459
0.169308
0.166513
0.165292
0.162677
0.170224
0.159889
0.163536
0.163554
0.165584
0.160854
0.168373
0.160634
0.164413
0.163443
0.170277
0.162737
0.161392
0.167873
0.164954
0.160946
0.161976
0.164157
0.155948
0.16011
0.160207
0.157067
0.155865
0.15893
0.154815
0.156598
0.157721
0.153858
0.169672
0.170717
0.168739
0.169751
0.16658
0.165867
0.169236
0.166833
0.168928
0.165269
0.167991
0.167234
0.163615
0.169491
0.162071
0.163396
0.164722
0.159891
0.165713
0.157295
0.155987
0.157134
0.157285
0.162973
0.173627
0.177108
0.176792
0.178415
0.170683
0.175439
0.17037
0.170227
0.1654
0.170293
0.167104
0.167021
0.165086
0.16644
0.1668
0.164387
0.161239
0.168803
0.176852
0.178535
0.175412
0.177468
0.167409
0.171149
0.167079
0.171363
0.161556
0.162586
0.160732
0.159529
0.161152
0.164767
0.163491
0.158415
0.162178
0.165975
0.17099
0.174034
0.17364
0.172652
0.169041
0.175468
0.172861
0.169707
0.169125
0.168555
0.169419
0.167549
0.162122
0.161035
0.164632
0.16885
0.165974
0.170575
0.17461
0.17173
0.16626
0.172094
0.165275
0.169432
0.16411
0.168038
0.17244
0.168836
0.163854
0.170177
0.177686
0.177671
0.169053
0.173962
0.172796
0.172229
0.165663
0.171043
0.16649
0.167696
0.167862
0.167824
0.170046
0.173041
0.17077
0.170929
0.172723
0.171292
0.170262
0.168102
0.165342
0.167424
0.162751
0.162535
0.164899
0.16787
0.165659
0.166322
0.168693
0.161436
0.165657
0.164457
0.160026
0.165234
0.155962
0.163101
0.163547
0.167783
0.169338
0.173109
0.170238
0.163032
0.171775
0.168414
0.167767
0.162954
0.164372
0.169156
0.176459
0.168034
0.169568
0.171641
0.172596
0.159942
0.155249
0.168984
0.161209
0.160731
0.163537
0.158341
0.167295
0.164033
0.160164
0.16636
0.168387
0.163326
0.158801
0.157072
0.159209
0.156734
0.155092
0.161606
0.164683
0.173971
0.166961
0.167206
0.158585
0.16292
0.162954
0.163004
0.158802
0.161749
0.164268
0.170509
0.162514
0.162561
0.164617
0.166175
0.162574
0.163991
0.155575
0.155805
0.161264
0.158778
0.164035
0.155873
0.159563
0.164155
0.165769
0.164653
0.160729
0.159122
0.169081
0.157064
0.15607
0.15851
0.167769
0.164097
0.164552
0.161312
0.172375
0.170407
0.174363
0.167621
0.172617
0.172016
0.173356
0.172378
0.171837
0.157901
0.164201
0.159817
0.16914
0.176361
0.172642
0.175693
0.174364
0.16764
0.17523
0.166776
0.172036
0.168532
0.165883
0.166487
0.16548
0.168234
0.174009
0.171734
0.170372
0.169222
0.16938
0.171633
0.170123
0.162477
0.162357
0.156062
0.158495
0.158756
0.166851
0.17158
0.168464
0.169958
0.164688
0.160417
0.161481
0.159123
0.162732
0.160753
0.161308
0.166297
0.161459
0.163233
0.158543
0.160064
0.157308
0.1622
0.154683
0.163306
0.156156
0.160632
0.161701
0.167907
0.163746
0.157798
0.164192
0.16378
0.152267
0.158076
0.158084
0.161659
0.160185
0.158946
0.155387
0.161692
0.161054
0.15762
0.164522
0.164196
0.166028
0.16144
0.165216
0.164328
0.162938
0.157636
0.156663
0.156996
0.154584
0.15675
0.166929
0.160582
0.161137
0.159422
0.155849
0.155863
0.155259
0.147555
0.154737
0.151284
0.155072
0.153048
0.153961
0.147214
0.151137
0.14335
0.158187
0.150379
0.150753
0.152766
0.152351
0.154905
0.15236
0.156563
0.154616
0.151728
0.150915
0.15087
0.157029
0.152034
0.155802
0.151505
0.154002
0.155475
0.146643
0.145768
0.150785
0.148955
0.153185
0.152653
0.155814
0.158315
0.153475
0.154319
0.155686
0.154372
0.150954
0.15645
0.153899
0.156841
0.167167
0.165479
0.163936
0.161713
0.163281
0.161512
0.153727
0.159512
0.153055
0.154643
0.156545
0.154382
0.151432
0.151032
0.157919
0.165896
0.167547
0.164983
0.165335
0.160748
0.164352
0.163191
0.158793
0.159108
0.156467
0.156565
0.153851
0.155858
0.15319
0.156032
0.163275
0.161477
0.162931
0.165546
0.162901
0.162731
0.162156
0.156236
0.159511
0.160698
0.158117
0.153578
0.152698
0.15804
0.154695
0.150051
0.152294
0.151412
0.156136
0.161078
0.162938
0.168236
0.165592
0.160321
0.160711
0.161321
0.16392
0.158639
0.164574
0.162087
0.16307
0.162275
0.157519
0.153243
0.150572
0.160404
0.163251
0.164966
0.165726
0.156859
0.16315
0.162149
0.15865
0.158065
0.159941
0.155803
0.160317
0.157492
0.159605
0.149056
0.152415
0.15462
0.158677
0.163875
0.173808
0.166616
0.16659
0.165276
0.162253
0.16521
0.160528
0.154738
0.156645
0.159361
0.158742
0.1577
0.160348
0.165909
0.170984
0.164145
0.169511
0.163926
0.159965
0.161032
0.159839
0.161239
0.160943
0.162519
0.165389
0.170732
0.163077
0.17025
0.168662
0.168339
0.165639
0.1682
0.168657
0.176976
0.174339
0.170513
0.179082
0.180713
0.17872
0.172824
0.174073
0.17013
0.168463
0.172944
0.170984
0.163406
0.175763
0.185299
0.175273
0.179437
0.177826
0.176712
0.18294
0.181558
0.175653
0.173969
0.17248
0.170031
0.171972
0.166952
0.173582
0.176956
0.162765
0.173843
0.171102
0.188328
0.185939
0.180767
0.176412
0.181651
0.177701
0.17424
0.171998
0.173155
0.168573
0.171007
0.17094
0.169255
0.166019
0.168077
0.173834
0.168152
0.17115
0.167762
0.168068
0.168803
0.167801
0.167299
0.165362
0.163681
0.157802
0.168636
0.163348
0.167279
0.172213
0.164187
0.166198
0.166032
0.164028
0.161428
0.165335
0.157952
0.162616
0.156107
0.158975
0.160268
0.165207
0.159293
0.162607
0.159268
0.166868
0.161224
0.163802
0.16046
0.159598
0.161035
0.169881
0.166392
0.163009
0.164059
0.159449
0.157228
0.154976
0.151261
0.154795
0.151165
0.160438
0.155795
0.153241
0.154951
0.14809
0.150686
0.145623
0.147713
0.148068
0.155026
0.153284
0.159072
0.157409
0.156243
0.157925
0.152634
0.149415
0.15698
0.152095
0.15224
0.158377
0.153478
0.148019
0.154329
0.152236
0.143561
0.147853
0.150648
0.154351
0.157362
0.155329
0.150106
0.155238
0.146116
0.149589
0.15722
0.148779
0.148187
0.146281
0.147433
0.149298
0.14674
0.142503
0.147758
0.149102
0.150753
0.152974
0.15472
0.152747
0.151859
0.14923
0.148477
0.162158
0.165787
0.153544
0.162485
0.164243
0.158276
0.164094
0.16074
0.159439
0.155283
0.152431
0.15773
0.161446
0.161952
0.155168
0.157927
0.155818
0.159777
0.153119
0.152578
0.152489
0.151366
0.148595
0.16201
0.163354
0.160889
0.15828
0.156569
0.161757
0.159999
0.157605
0.159545
0.154056
0.155974
0.165448
0.165065
0.164402
0.164302
0.167996
0.161396
0.160112
0.162181
0.161395
0.151041
0.150205
0.158989
0.163795
0.164394
0.166642
0.167724
0.160219
0.159789
0.156729
0.153683
0.154772
0.15566
0.148281
0.155245
0.155473
0.155721
0.147298
0.145862
0.147025
0.158807
0.150917
0.150186
0.143883
0.150631
0.146839
0.147934
0.145272
0.146277
0.150755
0.142794
0.151308
0.148099
0.154244
0.150519
0.147493
0.146106
0.145214
0.147788
0.143645
0.145419
0.148864
0.149778
0.1501
0.148699
0.144321
0.139132
0.137089
0.141845
0.142382
0.146652
0.14624
0.146292
0.145254
0.142882
0.146696
0.140897
0.138674
0.14142
0.141124
0.13991
0.142335
0.144046
0.142395
0.142473
0.140983
0.139288
0.137735
0.136202
0.138414
0.139255
0.137607
0.138373
0.136039
0.1336
0.133963
0.144285
0.13934
0.135889
0.133571
0.130642
0.136815
0.135967
0.13344
0.133919
0.135478
0.139284
0.143284
0.137674
0.136689
0.132106
0.136684
0.138198
0.140001
0.130981
0.134905
0.137574
0.139929
0.14308
0.134827
0.137116
0.136497
0.134127
0.136398
0.140735
0.13745
0.139489
0.14065
0.139528
0.13304
0.139648
0.148362
0.142894
0.13674
0.139881
0.140973
0.140658
0.141299
0.137309
0.13892
0.144986
0.141123
0.140905
0.144892
0.138655
0.141126
0.141165
0.138003
0.137598
0.143873
0.146672
0.139322
0.148761
0.143276
0.141763
0.141342
0.142377
0.141506
0.13668
0.145313
0.142471
0.146582
0.144894
0.149239
0.151895
0.142117
0.14582
0.147879
0.146501
0.148574
0.152152
0.157042
0.156146
0.157867
0.149405
0.153514
0.150053
0.15286
0.147478
0.148623
0.151718
0.152336
0.153649
0.151065
0.14951
0.157658
0.149708
0.15895
0.15948
0.157341
0.156364
0.154895
0.16305
0.161272
0.156121
0.156522
0.153203
0.151076
0.155818
0.153373
0.161676
0.162002
0.160871
0.159918
0.160743
0.154967
0.154081
0.157454
0.164277
0.165035
0.164119
0.165403
0.162846
0.156375
0.157668
0.157757
0.152356
0.15641
0.161723
0.154861
0.157868
0.155588
0.154318
0.150198
0.145852
0.160335
0.156341
0.155271
0.150681
0.150996
0.156517
0.156343
0.155384
0.154553
0.152873
0.154983
0.154983
0.15313
0.162102
0.162238
0.157384
0.152145
0.155633
0.151178
0.148076
0.154559
0.148179
0.147231
0.158343
0.16293
0.160921
0.153325
0.157545
0.154017
0.163824
0.160037
0.159314
0.158987
0.14975
0.154909
0.157848
0.154245
0.152385
0.154615
0.154836
0.156665
0.162491
0.160894
0.159917
0.154428
0.152034
0.143099
0.160915
0.155504
0.154406
0.153417
0.154854
0.156779
0.155241
0.157069
0.15358
0.153909
0.144451
0.154098
0.152856
0.159645
0.152961
0.166406
0.155574
0.157376
0.150268
0.153101
0.153918
0.151344
0.149883
0.151481
0.15053
0.148388
0.153893
0.158272
0.158733
0.159781
0.156089
0.155052
0.153673
0.145401
0.148551
0.144301
0.143352
0.14962
0.143429
0.150341
0.158064
0.161453
0.14843
0.15677
0.149262
0.152214
0.151123
0.145784
0.153421
0.147198
0.157948
0.154437
0.158302
0.155419
0.153212
0.156198
0.152412
0.1497
0.158131
0.147497
0.145071
0.144691
0.145402
0.152312
0.153164
0.161089
0.156655
0.154039
0.158607
0.155814
0.153516
0.152248
0.165839
0.156931
0.165554
0.162401
0.162033
0.153886
0.153789
0.157047
0.155072
0.14867
0.155579
0.14837
0.150963
0.157711
0.151206
0.152659
0.147937
0.151653
0.153248
0.151591
0.148918
0.151755
0.148451
0.151555
0.149354
0.14894
0.149507
0.147973
0.145199
0.147472
0.153171
0.155034
0.166165
0.168078
0.163667
0.160593
0.156209
0.160418
0.16332
0.160117
0.153454
0.152311
0.156318
0.151696
0.152468
0.150805
0.146398
0.149245
0.150212
0.152409
0.152099
0.150969
0.150824
0.150543
0.145875
0.150397
0.150167
0.148189
0.149759
0.151132
0.147296
0.146404
0.14487
0.146714
0.144279
0.14626
0.149329
0.150552
0.150817
0.14809
0.155711
0.152861
0.14694
0.152489
0.150848
0.151562
0.152485
0.15135
0.153198
0.152844
0.149563
0.149857
0.153358
0.153867
