0.021736
0.122348
0.136158
0.132139
0.135231
0.128781
0.130215
0.130914
0.123846
0.128916
0.130734
0.126981
0.124209
0.114459
0.117212
0.120154
0.124451
0.12239
0.115022
0.12267
0.122975
0.122152
0.119313
0.120813
0.129618
0.127279
0.129607
0.127706
0.123921
0.121849
0.121481
0.13297
0.133072
0.13278
0.136768
0.136343
0.126955
0.116635
0.122877
0.129846
0.132599
0.124502
0.124398
0.134918
0.136224
0.131165
0.124802
0.134026
0.126362
0.135276
0.12998
0.123832
0.122708
0.119512
0.122101
0.123624
0.124281
0.123785
0.128836
0.128155
0.133166
0.136786
0.13108
0.133186
0.125165
0.134659
0.122152
0.119673
0.12274
0.122544
0.124776
0.131578
0.122439
0.128656
0.131747
0.134959
0.132487
0.133054
0.131368
0.128941
0.133292
0.134101
0.132577
0.130535
0.130876
0.132536
0.125348
0.133752
0.131343
0.128823
0.133551
0.135512
0.135209
0.121631
0.132901
0.132561
0.131481
0.132972
0.130913
0.139709
0.132294
0.134936
0.132689
0.130383
0.131778
0.135181
0.134182
0.129883
0.125163
0.131396
0.131896
0.132254
0.137084
0.121985
0.132712
0.136199
0.134461
0.132973
0.13567
0.135913
0.134167
0.139071
0.133619
0.124869
0.135717
0.128871
0.136845
0.132222
0.130472
0.135097
0.125269
0.123539
0.122051
0.122672
0.123756
0.12562
0.123093
0.118302
0.119494
0.122484
0.12465
0.134471
0.127105
0.126468
0.126911
0.134144
0.12624
0.117783
0.123835
0.128847
0.135981
0.136704
0.122404
0.13054
0.134771
0.130373
0.134773
0.121228
0.145302
0.149756
0.141646
0.147865
0.136258
0.145079
0.14614
0.146717
0.141743
0.138347
0.137259
0.136464
0.141551
0.138558
0.138089
0.144192
0.138925
0.146814
0.142789
0.135122
0.144576
0.14492
0.14551
0.145235
0.144223
0.148441
0.146784
0.139118
0.140542
0.136749
0.142589
0.146468
0.143821
0.139524
0.145225
0.145383
0.150025
0.148219
0.142429
0.146895
0.149422
0.147439
0.149815
0.149956
0.139727
0.144942
0.142587
0.142011
0.144768
0.142304
0.139105
0.14113
0.147665
0.145609
0.145959
0.143014
0.139961
0.144557
0.141229
0.140753
0.137352
0.140029
0.137634
0.14394
0.139
0.149973
0.154337
0.14977
0.157788
0.153073
0.151904
0.148602
0.152328
0.152191
0.153792
0.153105
0.147691
0.148907
0.148175
0.14884
0.152012
0.150192
0.149186
0.149631
0.14653
0.155013
0.15052
0.152292
0.15402
0.147365
0.154274
0.147911
0.141532
0.147707
0.144171
0.146696
0.146962
0.143297
0.146506
0.143299
0.145076
0.142066
0.14235
0.144086
0.138023
0.137991
0.134551
0.134602
0.140664
0.133254
0.133936
0.142711
0.143628
0.139079
0.137214
0.140075
0.13737
0.137966
0.135132
0.142241
0.139294
0.142544
0.138936
0.139524
0.139643
0.135367
0.141778
0.134641
0.134997
0.132003
0.143529
0.146846
0.143253
0.146587
0.151582
0.153414
0.14983
0.148609
0.153549
0.146529
0.155156
0.147232
0.15538
0.148453
0.150118
0.142829
0.147952
0.144027
0.151488
0.144353
0.146064
0.146661
0.146983
0.143883
0.145685
0.148254
0.145618
0.147571
0.149131
0.154267
0.150841
0.154971
0.152465
0.155165
0.150138
0.161777
0.151711
0.150592
0.145144
0.159029
0.151624
0.153168
0.151699
0.151102
0.153886
0.147782
0.142338
0.14175
0.146958
0.160794
0.162736
0.158433
0.163518
0.167242
0.166975
0.167058
0.159997
0.162307
0.161711
0.160908
0.164434
0.159407
0.158408
0.160889
0.158867
0.162162
0.160394
0.152356
0.153075
0.157233
0.150393
0.150193
0.147522
0.148101
0.154409
0.154024
0.152304
0.148424
0.156256
0.148682
0.152953
0.148604
0.14984
0.145266
0.148255
0.15473
0.150792
0.154899
0.191379
0.178357
0.181319
0.178612
0.169934
0.174744
0.17371
0.167641
0.16438
0.173199
0.169614
0.180896
0.16444
0.176176
0.178516
0.173786
0.173719
0.178055
0.18016
0.167651
0.160603
0.166248
0.166804
0.16899
0.165039
0.161691
0.156666
0.155564
0.158832
0.158887
0.157369
0.162737
0.156666
0.153909
0.150933
0.148006
0.153903
0.157618
0.152152
0.157488
0.155101
0.155589
0.150268
0.14885
0.146965
0.151424
0.151303
0.145437
0.140823
0.142772
0.142753
0.149316
0.144441
0.146241
0.15433
0.146324
0.149151
0.146648
0.143996
0.148485
0.14193
0.142514
0.142871
0.142096
0.139194
0.138686
0.140572
0.142526
0.14172
0.138959
0.14877
0.142064
0.137184
0.140555
0.129268
0.132634
0.139106
0.138377
0.135872
0.13206
0.134163
0.12837
0.133155
0.130114
0.135366
0.128854
0.139846
0.132238
0.140172
0.131255
0.13017
0.131646
0.13921
0.137217
0.135192
0.137959
0.139239
0.13865
0.129939
0.12784
0.123789
0.130711
0.130712
0.133084
0.137939
0.136375
0.136109
0.12979
0.141757
0.142667
0.137272
0.135842
0.13284
0.133243
0.128739
0.143567
0.134008
0.1379
0.135467
0.132629
0.139233
0.136586
0.144006
0.136348
0.131577
0.137633
0.133949
0.131769
0.136624
0.142807
0.14195
0.144792
0.139916
0.137203
0.133724
0.138542
0.147634
0.146505
0.142734
0.136678
0.135802
0.141961
0.159859
0.142621
0.145879
0.13396
0.138524
0.135617
0.148383
0.14164
0.137205
0.141071
0.135191
0.140971
0.142109
0.141205
0.144253
0.146673
0.176776
0.171562
0.166142
0.175218
0.17187
0.165171
0.16748
0.165889
0.163415
0.16742
0.156395
0.158402
0.15909
0.163304
0.162882
0.156828
0.157288
0.155132
0.173168
0.175881
0.169427
0.177854
0.169781
0.168595
0.172809
0.164322
0.172181
0.16098
0.160842
0.156744
0.165467
0.164752
0.16821
0.160881
0.167071
0.158174
0.161116
0.163433
0.158825
0.161623
0.15824
0.157662
0.15554
0.155793
0.158593
0.160385
0.166768
0.170739
0.173011
0.169241
0.168737
0.164897
0.168464
0.170966
0.163978
0.165277
0.164111
0.167325
0.160865
0.167237
0.162408
0.164984
0.166207
0.168102
0.159188
0.161576
0.164913
0.164278
0.159952
0.159608
0.163893
0.159603
0.164256
0.176819
0.17321
0.169387
0.173662
0.173427
0.173084
0.172842
0.16248
0.164996
0.175228
0.168656
0.175467
0.177733
0.172517
0.173732
0.172675
0.163235
0.169258
0.172055
0.166787
0.172842
0.173122
0.174804
0.174608
0.174343
0.178479
0.175959
0.166904
0.169323
0.15929
0.169978
0.157935
0.163428
0.156649
0.156645
0.161289
0.162436
0.157335
0.160378
0.160129
0.15207
0.150665
0.15001
0.151706
0.150706
0.152465
0.148465
0.142359
0.144267
0.136987
0.137598
0.133729
0.132902
0.135453
0.142543
0.140155
0.149644
0.149524
0.149332
0.143898
0.139772
0.141292
0.142349
0.141347
0.139724
0.137757
0.131648
0.133583
0.135004
0.138906
0.134624
0.13524
0.137812
0.14681
0.15327
0.151712
0.147124
0.143953
0.141755
0.154128
0.146068
0.143585
0.142908
0.150747
0.147406
0.164226
0.154159
0.153477
0.157812
0.160548
0.150028
0.169502
0.168038
0.164532
0.166699
0.158924
0.158703
0.179527
0.164183
0.167974
0.159859
0.156797
0.175838
0.169204
0.16336
0.160475
0.158574
0.174601
0.16742
0.15699
0.158686
0.154835
0.169052
0.165213
0.164651
0.162766
0.160332
0.173423
0.166724
0.164965
0.165282
0.179307
0.168424
0.161498
0.168109
0.161904
0.174256
0.166245
0.163699
0.166666
0.163566
0.17988
0.168178
0.169851
0.166479
0.151409
0.168852
0.160543
0.153079
0.148408
0.151602
0.153048
0.167726
0.157656
0.151806
0.150809
0.150317
0.15618
0.154271
0.17259
0.153353
0.149198
0.174333
0.166327
0.164494
0.15989
0.159333
0.161158
0.16304
0.169238
0.164444
0.163402
0.159793
0.187233
0.161285
0.170168
0.163704
0.157969
0.176878
0.163811
0.166131
0.162063
0.156206
0.177779
0.166341
0.165726
0.160163
0.156791
0.176885
0.170411
0.165046
0.160943
0.188742
0.173263
0.166364
0.16292
0.169716
0.168066
0.171405
0.173822
0.164936
0.167351
0.168988
0.167921
0.191034
0.171121
0.16752
0.167672
0.180971
0.169732
0.167195
0.167995
0.161605
0.164815
0.173023
0.170455
0.160662
0.158585
0.161647
0.157822
0.16374
0.16565
0.164713
0.163044
0.164216
0.163016
0.162741
0.156016
0.187902
0.164758
0.156923
0.167958
0.157913
0.15314
0.152658
0.172658
0.160814
0.157694
0.150896
0.146474
0.155902
0.152168
0.151172
0.159438
0.146736
0.143793
0.146914
0.151468
0.182548
0.15536
0.14918
0.146769
0.147064
0.146545
0.144613
0.145084
0.144793
0.148296
0.149864
0.149236
0.145464
0.145127
0.161579
0.151554
0.149109
0.149377
0.147953
0.144449
0.15386
0.151177
0.148036
0.155768
0.148024
0.142445
0.146549
0.142179
0.154759
0.147435
0.139357
0.142062
0.140301
0.135863
0.137046
0.144535
0.140646
0.133922
0.127553
0.130811
0.130671
0.1419
0.134902
0.133562
0.125631
0.119253
0.117965
0.121208
0.132252
0.130974
0.126684
0.125276
0.124236
0.129985
0.143309
0.132447
0.133796
0.133527
0.131661
0.131619
0.121401
0.132594
0.12969
0.126796
0.132756
0.130339
0.132446
0.135118
0.143579
0.134588
0.134999
0.131018
0.149579
0.148902
0.138766
0.140719
0.140448
0.133621
0.134684
0.153033
0.152743
0.14531
0.149321
0.144677
0.153401
0.160831
0.155453
0.150857
0.150389
0.152685
0.151737
0.144893
0.166952
0.156122
0.158792
0.153769
0.153702
0.177304
0.165928
0.154163
0.159653
0.154896
0.155673
0.152596
0.161769
0.162976
0.160494
0.155776
0.15484
0.178019
0.16163
0.173895
0.172372
0.167332
0.166799
0.171116
0.163152
0.164546
0.169796
0.167681
0.159678
0.161913
0.182528
0.161683
0.16077
0.167028
0.153939
0.160571
0.152083
0.169855
0.163012
0.165344
0.160369
0.163439
0.162047
0.180873
0.164927
0.165971
0.167495
0.166806
0.159329
0.172164
0.183596
0.174277
0.171864
0.173766
0.175521
0.184209
0.173273
0.192585
0.183212
0.190414
0.170918
0.17413
0.182243
0.189179
0.186676
0.184063
0.181075
0.193627
0.179013
0.179876
0.180925
0.185104
0.193602
0.187406
0.183491
0.179719
0.186887
0.194807
0.186215
0.178131
0.175304
0.1977
0.185188
0.179137
0.188952
0.181427
0.180389
0.178114
0.20031
0.186869
0.180398
0.179319
0.182889
0.177199
0.17902
0.203956
0.190924
0.182837
0.168775
0.167515
0.198809
0.170201
0.181416
0.180218
0.174411
0.175588
0.170641
0.185082
0.183734
0.169379
0.172227
0.170677
0.173588
0.170425
0.184416
0.179815
0.184227
0.174549
0.171172
0.17472
0.169602
0.186966
0.178041
0.180188
0.181325
0.168847
0.178572
0.175628
0.183785
0.174804
0.171206
0.174079
0.170097
0.169884
0.183636
0.173503
0.17158
0.169106
0.170035
0.164768
0.166376
0.181906
0.173107
0.167265
0.162393
0.165886
0.171538
0.171052
0.181215
0.165446
0.164942
0.160521
0.167853
0.16273
0.186397
0.16986
0.167618
0.161086
0.161214
0.158174
0.172443
0.161494
0.161719
0.15306
0.154678
0.150671
0.155534
0.165736
0.15944
0.152282
0.164045
0.179022
0.171885
0.165179
0.164338
0.15812
0.166451
0.159368
0.150948
0.159259
0.166173
0.158364
0.158855
0.160131
0.157207
0.175228
0.159481
0.156906
0.151618
0.153258
0.152235
0.151671
0.164589
0.161471
0.157612
0.162718
0.157423
0.16329
0.180712
0.16541
0.173928
0.174662
0.167452
0.16816
0.175561
0.171777
0.166902
0.178408
0.169995
0.169555
0.172622
0.168866
0.167988
0.189192
0.17285
0.17152
0.167069
0.16664
0.164159
0.171383
0.166983
0.165339
0.163627
0.164659
0.17045
0.175765
0.173056
0.164978
0.163185
0.178132
0.16942
0.166266
0.165198
0.165028
0.161563
0.164976
0.165385
0.157121
0.152795
0.155502
0.158916
0.157599
0.164994
0.16611
0.162566
0.176915
0.170632
0.164098
0.164602
0.158855
0.158955
0.169667
0.163855
0.161406
0.160574
0.16254
0.171433
0.169519
0.166782
0.170113
0.168798
0.160491
0.166847
0.173624
0.169746
0.163768
0.163107
0.166543
0.167003
0.160349
0.162181
0.166798
0.165942
0.163263
0.163617
0.163442
0.165864
0.171367
0.166297
0.162548
0.158173
0.154401
0.145155
0.155275
0.174161
0.158851
0.159895
0.161042
0.161842
0.16258
0.183027
0.162486
0.157945
0.154809
0.153255
0.145234
0.153923
0.162698
0.157148
0.149398
0.143152
0.146973
0.168398
0.156289
0.158563
0.14957
0.142826
0.145522
0.162112
0.152101
0.145189
0.143958
0.146035
0.172187
0.157553
0.151673
0.153432
0.147814
0.152371
0.169259
0.162361
0.161142
0.157021
0.161253
0.156091
0.168473
0.164347
0.160161
0.157326
0.160018
0.151356
0.156172
0.170129
0.167054
0.164818
0.153473
0.160701
0.167672
0.176538
0.162834
0.15893
0.163006
0.154052
0.157508
0.158919
0.173875
0.162969
0.163259
0.162024
0.157824
0.160226
0.172238
0.162559
0.158037
0.15389
0.149503
0.150725
0.163067
0.161541
0.153386
0.14975
0.147474
0.167317
0.163315
0.160484
0.151588
0.153703
0.155999
0.163741
0.158639
0.162153
0.155339
0.154999
0.154434
0.171573
0.161592
0.159244
0.152765
0.15716
0.155855
0.157164
0.168555
0.148738
0.158646
0.153686
0.149441
0.148707
0.153626
0.166042
0.152612
0.154271
0.160418
0.15737
0.15412
0.153646
0.168866
0.161449
0.158873
0.156005
0.157106
0.160399
0.158877
0.161776
0.155302
0.153637
0.155582
0.145724
0.153835
0.171743
0.164013
0.155582
0.147957
0.156223
0.15702
0.174129
0.164707
0.163544
0.151206
0.145614
0.151106
0.167249
0.159185
0.157713
0.153441
0.149578
0.147008
0.153089
0.162372
0.156425
0.159456
0.154453
0.159088
0.153609
0.172711
0.162595
0.158777
0.154634
0.153605
0.148435
0.157058
0.177249
0.165784
0.167125
0.155842
0.155779
0.162364
0.158618
0.17194
0.167152
0.163475
0.158828
0.157212
0.157049
0.170732
0.166852
0.163917
0.156673
0.161494
0.154411
0.160817
0.175639
0.168001
0.169505
0.155667
0.165524
0.159893
0.178786
0.16247
0.180947
0.166341
0.17253
0.168682
0.173236
0.171388
0.172873
0.173325
0.166478
0.165167
0.162039
0.162973
0.161264
0.163447
0.157947
0.167149
0.166839
0.161832
0.164809
0.156388
0.160583
0.175807
0.165878
0.160997
0.160967
0.159479
0.154273
0.156005
0.154255
0.153219
0.155822
0.159661
0.154694
0.159101
0.158031
0.156085
0.168341
0.156743
0.155722
0.151353
0.152025
0.148169
0.153074
0.156184
0.149667
0.146699
0.151892
0.181573
0.16834
0.164183
0.163258
0.156363
0.153094
0.167316
0.162679
0.164336
0.159989
0.158073
0.156076
0.172002
0.169569
0.167359
0.165003
0.156377
0.177262
0.163956
0.162342
0.160702
0.175196
0.168507
0.163179
0.165936
0.156819
0.166144
0.165395
0.159759
0.156111
0.156452
0.160681
0.172317
0.161671
0.157306
0.156203
0.148218
0.161035
0.160297
0.162298
0.162032
0.15468
0.150648
0.157172
0.148037
0.152638
0.139688
0.143024
0.150833
0.157885
0.161943
0.19555
0.173909
0.156674
0.163737
0.156836
0.163203
0.153338
0.155477
0.148709
0.14778
0.154564
0.153541
0.151048
0.151939
0.163087
0.149747
0.145144
0.142323
0.156482
0.1562
0.154303
0.16132
0.164147
0.154871
0.152416
0.153182
0.152051
0.162034
0.160896
0.15099
0.157353
0.177212
0.164501
0.168894
0.164151
0.157468
0.156865
0.16232
0.161945
0.156736
0.154804
0.154123
0.153151
0.151701
0.1613
0.15398
0.149283
0.150937
0.147725
0.167627
0.144117
0.144435
0.144226
0.143816
0.139934
0.137517
0.156846
0.145657
0.146614
0.138034
0.152876
0.149029
0.143171
0.142214
0.139139
0.146883
0.140141
0.139636
0.135049
0.135769
0.135356
0.14608
0.139118
0.135831
0.136958
0.148632
0.144875
0.138603
0.14426
0.137614
0.143554
0.139209
0.140568
0.139772
0.139113
0.139776
0.134403
0.135362
0.158682
0.143364
0.138931
0.133518
0.136819
0.132258
0.129183
0.131665
0.132328
0.133721
0.135055
0.133983
0.162188
0.144775
0.153369
0.146883
0.140815
0.149406
0.139308
0.139102
0.138713
0.141199
0.145766
0.143575
0.144551
0.17421
0.154275
0.149703
0.151464
0.152462
0.145172
0.146859
0.139419
0.138986
0.136667
0.14492
0.145611
0.14375
0.159362
0.14776
0.143781
0.136396
0.135493
0.134633
0.133423
0.135074
0.12627
0.131502
0.135797
0.13438
0.131065
0.170543
0.148707
0.138116
0.137693
0.138067
0.128342
0.126992
0.128657
0.135823
0.13293
0.134201
0.133525
0.135976
0.152072
0.144394
0.140877
0.145281
0.151122
0.154477
0.149825
0.142151
0.161423
0.160887
0.156953
0.154191
0.147135
0.151992
0.14376
0.16341
0.155651
0.156326
0.156168
0.178745
0.167646
0.163369
0.165144
0.15861
0.16878
0.170712
0.161905
0.157561
0.161198
0.18069
0.167676
0.166671
0.163951
0.162339
0.164476
0.172939
0.175217
0.166665
0.165826
0.149223
0.158774
0.159605
0.165952
0.155687
0.160729
0.15726
0.158557
0.157156
0.174576
0.166487
0.164144
0.15713
0.155901
0.154437
0.175146
0.159155
0.162803
0.162663
0.152129
0.159923
0.150976
0.177932
0.165852
0.158775
0.163787
0.186725
0.17541
0.16805
0.173291
0.165715
0.160021
0.178048
0.169733
0.168754
0.165229
0.152007
0.151012
0.15945
0.19858
0.169358
0.167591
0.165856
0.166016
0.167005
0.155528
0.162535
0.160091
0.154079
0.162164
0.156465
0.161257
0.155187
0.157326
0.185355
0.15688
0.156404
0.162871
0.15402
0.144376
0.145075
0.149437
0.153951
0.155802
0.152189
0.145159
0.151383
0.143929
0.148759
0.175306
0.152348
0.153956
0.147243
0.14783
0.154805
0.149402
0.149114
0.159139
0.155247
0.154854
0.148933
0.156905
0.151053
0.157272
0.181998
0.169165
0.166004
0.166196
0.160939
0.158244
0.149165
0.155163
0.155192
0.158404
0.159846
0.160858
0.154353
0.17406
0.166587
0.164953
0.153857
0.155765
0.170331
0.165728
0.159584
0.162964
0.156646
0.153928
0.176203
0.163805
0.16882
0.159785
0.158223
0.158904
0.176927
0.165796
0.163848
0.154112
0.17804
0.16857
0.159856
0.158175
0.161825
0.172
0.165273
0.161502
0.151256
0.158115
0.153271
0.155515
0.158863
0.162219
0.155383
0.149785
0.175868
0.158477
0.16061
0.152388
0.149888
0.145275
0.146479
0.152566
0.148043
0.148172
0.140426
0.139717
0.141648
0.140256
0.154251
0.148694
0.147819
0.142047
0.161783
0.145366
0.146366
0.142391
0.138547
0.147661
0.149216
0.14102
0.148688
0.14169
0.160659
0.149483
0.155912
0.148873
0.149342
0.164509
0.157864
0.145951
0.149167
0.150238
0.160182
0.157182
0.152021
0.152031
0.161856
0.155138
0.156837
0.153854
0.149631
0.163318
0.158783
0.160396
0.156279
0.153568
0.172948
0.166687
0.162069
0.158518
0.150735
0.160008
0.156372
0.150943
0.147482
0.151432
0.173102
0.151884
0.150907
0.147312
0.154294
0.164995
0.160595
0.160784
0.162496
0.151824
0.145624
0.17017
0.160818
0.155792
0.159026
0.152882
0.16966
0.165038
0.158729
0.150593
0.157199
0.162182
0.176543
0.16037
0.156411
0.162264
0.158719
0.157835
0.183676
0.163543
0.159851
0.165065
0.162177
0.174577
0.168504
0.16457
0.158272
0.161712
0.176426
0.155957
0.162376
0.159858
0.158667
0.156748
0.15538
0.174093
0.159497
0.151944
0.152623
0.152047
0.167913
0.165317
0.160743
0.154831
0.155256
0.152797
0.163157
0.157336
0.158717
0.154296
0.154975
0.155157
0.172884
0.163271
0.161945
0.150444
0.156561
0.167572
0.161469
0.158137
0.156749
0.155019
0.178088
0.153349
0.163025
0.157833
0.156905
0.171706
0.168773
0.159885
0.160841
0.153435
0.154396
0.174118
0.165195
0.158284
0.16413
0.181081
0.164599
0.155685
0.156442
0.159283
0.154713
0.168238
0.163268
0.155527
0.152828
0.153559
0.152339
0.17407
0.154669
0.157172
0.152385
0.154436
0.147395
0.162775
0.1569
0.156814
0.147308
0.180347
0.167704
0.169412
0.163282
0.147397
0.17222
0.158913
0.152172
0.155885
0.15182
0.151311
0.153042
0.165514
0.157704
0.153481
0.149025
0.165984
0.153347
0.150394
0.154342
0.150422
0.150143
0.155508
0.154132
0.143536
0.147719
0.14593
0.146771
0.145085
0.162475
0.149959
0.145931
0.145464
0.170309
0.154875
0.144662
0.150546
0.145033
0.164435
0.155812
0.150809
0.141677
0.148848
0.147507
0.157972
0.154256
0.152512
0.150081
0.167518
0.153278
0.162887
0.145972
0.14593
0.155639
0.151766
0.15279
0.149767
0.150671
0.154978
0.175481
0.153195
0.155283
0.145958
0.147792
0.150221
0.139189
0.141348
0.147453
0.140851
0.140966
0.141656
0.136599
0.132804
0.13975
0.130593
0.131759
0.12138
0.135502
0.125907
0.119073
0.117734
0.108414
0.119221
0.117555
0.13538
0.12868
0.125844
0.118784
0.120847
0.11475
0.117262
0.119611
0.118236
0.129981
0.124484
0.119997
0.119911
0.116711
0.118115
0.115411
0.112306
0.123887
0.114552
0.111699
0.108646
0.105684
0.104903
0.11813
0.106583
0.103938
0.101886
0.105715
0.097929
0.115638
0.099983
0.097837
0.098049
0.096103
0.090523
0.104207
0.09643
0.094835
0.087779
0.085661
0.087841
0.082824
0.089244
0.089117
0.085376
0.087493
0.082063
0.095022
0.08836
0.08423
0.081468
0.094081
0.085278
0.086216
0.081153
0.081596
0.086952
0.087942
0.087651
0.088668
0.082258
0.085759
0.088154
0.082672
0.103404
0.091297
0.095198
0.089349
0.088018
0.088535
0.091717
0.089223
0.087774
0.092723
0.085312
0.092937
0.089159
0.09823
0.095508
0.088638
0.096391
0.09439
0.101213
0.099488
0.09654
0.097319
0.094446
0.089405
0.105978
0.099686
0.098852
0.100598
0.096318
0.092371
0.091953
0.092343
0.098164
0.093874
0.091369
0.083603
0.076383
0.076811
0.074244
0.070328
0.069748
0.070691
0.071626
0.06733
0.066917
0.071592
0.072645
0.071738
0.071452
0.069732
0.085523
0.090855
0.08757
0.080497
0.084259
0.084151
0.085013
0.090486
0.093173
0.094027
0.08865
0.087332
0.085167
0.080429
0.080983
0.084566
0.084057
0.094473
0.091378
0.086808
0.08375
0.085185
0.087894
0.088736
0.087804
0.086991
0.084386
0.082994
0.08028
0.081134
0.083609
0.080518
0.081819
0.083503
0.087219
0.089714
0.099608
0.09539
0.086701
0.091985
0.096035
0.088918
0.100361
0.096866
0.096424
0.091349
0.089356
0.092963
0.091613
0.097847
0.098205
0.093913
0.092127
0.090657
0.09421
0.091122
0.100015
0.10244
0.098553
0.101926
0.099292
0.095917
0.095694
0.090532
0.093644
0.090405
0.0908
0.101233
0.092903
0.0923
0.09101
0.0956
0.09666
0.095639
0.088496
0.084518
0.092836
0.094819
0.094887
0.092429
0.087334
0.086871
0.080175
0.086721
0.084644
0.083371
0.085298
0.107118
0.102251
0.094169
0.094255
0.096379
0.093029
0.094389
0.091761
0.095367
0.094997
0.093235
0.108741
0.101003
0.101943
0.099392
0.09332
0.094415
0.092966
0.095057
0.092514
0.093127
0.091211
0.089382
0.086877
0.099269
0.088874
0.086375
0.082888
0.081891
0.079888
0.074938
0.079837
0.07955
0.073876
0.07845
0.075479
0.076281
0.072646
0.078709
0.07436
0.082594
0.075777
0.070678
0.072955
0.070299
0.074197
0.06828
0.070155
0.069407
0.067685
0.069028
0.069425
0.066214
0.064877
0.065466
0.067337
0.062516
0.061738
0.057605
0.055868
0.0598
0.056768
0.054133
0.052962
0.052686
0.055056
0.057525
0.056276
0.058333
0.06317
0.062355
0.057832
0.054706
0.05996
0.058123
0.058849
0.057537
0.055813
0.056365
0.058507
0.060506
0.059445
0.058066
0.057449
0.063805
0.061146
0.058241
0.057684
0.056004
0.055985
0.060496
0.058844
0.057416
0.056157
0.055524
0.05544
0.061294
0.057052
0.055152
0.05343
0.061713
0.057745
0.056106
0.056881
0.053988
0.059307
0.054728
0.054561
0.056344
0.054274
0.059392
0.056857
0.058645
0.056345
0.059775
0.061289
0.055005
0.053633
0.052114
0.057213
0.055578
0.052579
0.050203
0.054219
0.053067
0.055223
0.051599
0.054024
0.05786
0.061265
0.057229
0.05684
0.058364
0.061231
0.059713
0.060639
0.061264
0.058851
0.065955
0.064215
0.065035
0.063468
0.06175
0.068191
0.068053
0.069123
0.065372
0.064531
0.063435
0.07022
0.069664
0.067395
0.07119
0.068839
0.070786
0.076808
0.07681
0.075768
0.074352
0.08447
0.083536
0.082087
0.077362
0.087652
0.086435
0.085987
0.089707
0.089744
0.103543
0.107693
0.101522
0.106633
0.100579
0.09971
0.099792
0.095219
0.099206
0.099479
0.098637
0.114799
0.111203
0.113742
0.112738
0.109223
0.105787
0.102785
0.091901
0.100414
0.096861
0.097031
0.094325
0.108442
0.098319
0.098851
0.09288
0.091372
0.084619
0.08403
0.084237
0.082967
0.080466
0.077525
0.064023
0.064667
0.063046
0.066817
0.079686
0.087822
0.093295
0.093212
0.092814
0.091592
0.088106
0.083291
0.084267
0.084851
0.07966
0.086752
0.089713
0.083863
0.080569
0.084943
0.083981
0.09709
0.088117
0.090788
0.09111
0.101856
0.095632
0.097218
0.098016
0.09659
0.092572
0.095193
0.094001
0.10107
0.104226
0.101163
0.099315
0.096534
0.108385
0.10243
0.096318
0.096881
0.096159
0.092277
0.096531
0.102006
0.09686
0.093957
0.092057
0.089624
0.089611
0.087361
0.092772
0.087445
0.087374
0.085036
0.082814
0.081476
0.088487
0.083693
0.082532
0.081945
0.081041
0.075822
0.087858
0.078553
0.077693
0.07713
0.078207
0.08699
0.080231
0.079038
0.076483
0.073167
0.070276
0.084757
0.07949
0.079243
0.078044
0.077064
0.075845
0.087154
0.079657
0.075536
0.078193
0.073906
0.070846
0.080698
0.076022
0.077349
0.07151
0.071041
0.068583
0.076106
0.072504
0.070424
0.068478
0.068496
0.068697
0.074208
0.069884
0.068572
0.06757
0.064731
0.074873
0.06881
0.06879
0.06703
0.065899
0.072967
0.067297
0.067922
0.065111
0.063636
0.07215
0.06822
0.070513
0.068731
0.06649
0.071011
0.06994
0.071895
0.068414
0.069716
0.069017
0.073849
0.070111
0.071982
0.067051
0.069255
0.073291
0.075373
0.071963
0.076037
0.074866
0.072958
0.087955
0.077698
0.073471
0.077553
0.079739
0.0772
0.079008
0.084458
0.078832
0.085297
0.081639
0.087732
0.082445
0.084334
0.082211
0.080823
0.083893
0.082396
0.083656
0.084731
0.082782
0.081496
0.076442
0.077412
0.078472
0.087227
0.086866
0.084956
0.082945
0.099323
0.08978
0.093028
0.089475
0.096268
0.090826
0.101069
0.101582
0.103427
0.103599
0.103058
0.117987
0.112314
0.108313
0.109356
0.105201
0.103974
0.106545
0.107458
0.107524
0.111118
0.114926
0.11583
0.130416
0.12364
0.119381
0.117304
0.124243
0.121161
0.126572
0.125198
0.136971
0.130549
0.133975
0.123935
0.122855
0.116993
0.126763
0.125255
0.11872
0.117693
0.119027
0.121276
0.126362
0.117754
0.122287
0.126247
0.122961
0.115541
0.117869
0.121924
0.122966
0.119379
0.112957
0.114129
0.105799
0.105773
0.108738
0.100403
0.100614
0.09765
0.096203
0.095122
0.095104
0.100662
0.093433
0.094352
0.09281
0.089618
0.095943
0.093621
0.089995
0.090631
0.087785
0.09373
0.089372
0.086353
0.080196
0.080008
0.078351
0.074428
0.081915
0.075883
0.078786
0.076318
0.077052
0.078236
0.074747
0.08847
0.083262
0.080373
0.080081
0.080666
0.079053
0.077538
0.083981
0.082679
0.074575
0.074161
0.077453
0.078295
0.081342
0.082421
0.086711
0.081905
0.097034
0.088812
0.091418
0.087591
0.081508
0.083772
0.079742
0.082546
0.082051
0.083114
0.081543
0.079391
0.083059
0.084977
0.081968
0.098516
0.089796
0.090185
0.086021
0.084285
0.083678
0.083826
0.080347
0.08104
0.080205
0.081207
0.078858
0.081222
0.0839
0.096751
0.089821
0.088929
0.086661
0.082649
0.080921
0.083644
0.080128
0.081113
0.079347
0.079751
0.087506
0.086985
0.084013
0.087166
0.088786
0.088348
0.09281
0.091313
0.101781
0.096874
0.095495
0.099844
0.095496
0.093365
0.097236
0.095213
0.095906
0.103832
0.103726
0.103823
0.100506
0.119816
0.110828
0.103412
0.102083
0.099701
0.098413
0.110118
0.105155
0.102854
0.101359
0.101018
0.111342
0.108389
0.108459
0.107424
0.108189
0.103498
0.10301
0.104692
0.10607
0.100484
0.105023
0.101319
0.115152
0.112376
0.105897
0.105584
0.107186
0.106874
0.102579
0.103648
0.11181
0.109481
0.109012
0.108853
0.108703
0.109498
0.107682
0.118505
0.118119
0.115273
0.112371
0.109821
0.114414
0.110374
0.118508
0.112405
0.113881
0.113739
0.112836
0.111839
0.116816
0.127887
0.109507
0.112569
0.127734
0.121459
0.118895
0.1208
0.120168
0.115266
0.113642
0.120869
0.11772
0.114219
0.116199
0.112685
0.113857
0.115406
0.117774
0.111977
0.110114
0.10758
0.101903
0.118589
0.109802
0.108439
0.109731
0.105147
0.101141
0.102558
0.105076
0.111144
0.10693
0.108826
0.108154
0.107082
0.113463
0.108596
0.10279
0.124493
0.116277
0.121346
0.114993
0.114334
0.112113
0.109496
0.107752
0.103838
0.108566
0.107992
0.105157
0.108756
0.105558
0.123771
0.113655
0.111811
0.10689
0.104172
0.104015
0.103969
0.099562
0.105135
0.098579
0.102415
0.10074
0.103392
0.100311
0.104682
0.10504
0.100176
0.115186
0.10241
0.105303
0.101724
0.099537
0.096528
0.096558
0.094455
0.0961
0.09579
0.0944
0.089974
0.093256
0.098472
0.10035
0.098014
0.097027
0.09535
0.091348
0.091953
0.089071
0.085579
0.089711
0.089625
0.090773
0.088395
0.089317
0.08312
0.08752
0.088764
0.084121
0.084413
0.082121
0.081366
0.083511
0.082523
0.08029
0.081842
0.085626
0.085592
0.081558
0.082712
0.085907
0.083967
0.082999
0.083986
0.080733
0.081231
0.07994
0.077971
0.078974
0.076578
0.076658
0.076724
0.080706
0.077408
0.077267
0.071926
0.073734
0.078728
0.077912
0.074928
0.077305
0.07432
0.085979
0.081494
0.081684
0.080063
0.077094
0.075459
0.073857
0.077574
0.086155
0.088408
0.08638
0.085345
0.084016
0.081923
0.081384
0.084433
0.089842
0.086289
0.086027
0.08377
0.084084
0.084175
0.088443
0.090297
0.089784
0.081697
0.082251
0.08202
0.077735
0.092885
0.084311
0.084952
0.086915
0.083202
0.083024
0.078227
0.080206
0.084487
0.091702
0.086507
0.085244
0.08276
0.083389
0.087873
0.085834
0.085624
0.083469
0.083521
0.080722
0.087994
0.082179
0.084292
0.080535
0.080137
0.077602
0.087305
0.081601
0.078759
0.075989
0.075786
0.077042
0.082996
0.078247
0.075571
0.073672
0.072559
0.070709
0.075187
0.071068
0.075642
0.073915
0.072438
0.072104
0.071529
0.079871
0.074249
0.071251
0.070495
0.074169
0.071277
0.073347
0.065857
0.070813
0.075585
0.075494
0.074781
0.072347
0.080441
0.074959
0.078881
0.074531
0.077783
0.070596
0.075322
0.079202
0.078789
0.076786
0.075782
0.075026
0.083312
0.081526
0.086147
0.083483
0.083154
0.08064
0.078986
0.083697
0.084975
0.084185
0.081209
0.083363
0.085919
0.092682
0.090071
0.090551
0.090526
0.089379
0.08682
0.101462
0.092224
0.090488
0.092854
0.0918
0.0904
0.087338
0.085132
0.087837
0.089758
0.089421
0.086168
0.0849
0.085991
0.084841
0.091352
0.086256
0.085837
0.081495
0.096054
0.084048
0.088978
0.087879
0.088952
0.083953
0.089974
0.096994
0.093435
0.087567
0.09155
0.091655
0.100341
0.098758
0.096923
0.094046
0.0887
0.08713
0.087095
0.086238
0.090736
0.0931
0.088884
0.090409
0.086578
0.08523
0.093419
0.090596
0.087771
0.087195
0.086487
0.085325
0.088405
0.08936
0.088581
0.08927
0.088918
0.086637
0.087451
0.087081
0.099616
0.094662
0.091308
0.087378
0.084911
0.086108
0.089328
0.088125
0.092303
0.089927
0.091478
0.085846
0.089717
0.091121
0.098346
0.095974
0.09529
0.094448
0.093179
0.08859
0.094029
0.090365
0.091834
0.095375
0.097787
0.097168
0.099256
0.098006
0.096655
0.095422
0.091752
0.100507
0.100025
0.096491
0.097593
0.098505
0.098766
0.096664
0.096926
0.097137
0.099448
0.102136
0.100895
0.106584
0.105146
0.101246
0.105138
0.101934
0.097966
0.106015
0.102841
0.104896
0.107919
0.110799
0.107445
0.10299
0.099744
0.100931
0.096019
0.100479
0.098463
0.103354
0.100881
0.099055
0.098204
0.093585
0.096333
0.097536
0.093334
0.092393
0.087466
0.084649
0.078638
0.076492
0.074928
0.071124
0.069108
0.070417
0.074029
0.069347
0.074435
0.073658
0.078258
0.079721
0.082048
0.091828
0.092794
0.093667
0.092023
0.087437
0.092821
0.087539
0.090396
0.085533
0.081765
0.082301
0.085995
0.084534
0.088397
0.087242
0.087383
0.087665
0.083027
0.087607
0.09169
0.088695
0.091385
0.08683
0.088171
0.088955
0.094007
0.094122
0.089649
0.091662
0.084683
0.086063
0.085222
0.086969
0.089815
0.085217
0.083804
0.085826
0.085975
0.089516
0.093338
0.095129
0.099493
0.103676
0.103888
0.101039
0.102209
0.102401
0.09993
0.094554
0.091097
0.097087
0.09722
0.09873
0.096765
0.097246
0.097088
0.094412
0.098311
0.098175
0.098708
0.097088
0.097316
0.100707
0.102823
0.09895
0.099332
0.095736
0.1
0.099989
0.099951
0.100892
0.104827
0.097178
0.099823
0.101872
0.101202
0.104151
0.101356
0.093843
0.100327
0.094886
0.099526
0.100533
0.097326
0.094783
0.100258
0.100316
0.099009
0.098687
0.098279
0.101059
0.101595
0.100432
0.102586
0.098529
0.100545
0.094268
0.099711
0.099404
0.099666
0.100775
0.10262
0.097591
0.102148
0.103075
0.105688
0.09851
0.103328
0.100871
0.103515
0.099794
0.102319
0.100391
0.103892
0.09914
0.10256
0.103711
0.09962
0.105725
0.102158
0.103432
0.100984
0.10144
0.099375
0.103669
0.099307
0.095207
0.101939
0.099779
0.098579
0.102466
0.101666
0.094192
0.10059
0.094847
0.102105
0.101408
0.100894
0.095785
0.100174
0.099318
0.099151
0.097504
0.099152
0.093618
0.093618
0.094949
0.094313
0.093463
0.096898
0.096523
0.097965
0.095205
0.09218
0.096471
0.094734
0.101002
0.096618
0.10003
0.0955
0.099145
0.099561
0.096634
0.096913
0.097262
0.098569
0.098081
0.097403
0.09633
0.094038
0.098321
0.096428
0.094277
0.099171
0.09583
0.097683
0.093197
0.093101
0.100307
0.092751
0.097965
0.095785
0.095676
0.095902
0.094718
0.093701
0.093791
0.093126
0.087931
0.087003
0.095179
0.094288
0.093654
0.089536
0.09455
0.09597
0.097771
0.097647
0.095925
0.095583
0.091877
0.093838
0.093463
0.092597
0.09243
0.096965
0.093367
0.09615
0.095288
0.099445
0.097663
0.095935
0.091522
0.091351
0.089768
0.093844
0.09437
0.094708
0.091602
0.093928
0.096235
0.093457
0.091416
0.094664
0.094992
0.093902
0.094417
0.095546
0.09267
0.093112
0.091244
0.093479
0.091721
0.091529
0.092698
0.093024
0.09452
0.08986
0.094656
0.094817
0.096178
0.100059
0.100118
0.096243
0.094697
0.101211
0.097894
0.099187
0.099554
0.101615
0.095778
0.099213
0.101805
0.099176
0.102383
0.103584
0.095508
0.096512
0.097488
0.095892
0.093147
0.097242
0.092921
0.098573
0.100885
0.097485
0.101703
0.098682
0.092638
0.096315
0.096859
0.096381
0.101069
0.095946
0.093942
0.092987
0.098732
0.100279
0.097241
0.096275
0.096513
0.098223
0.093796
0.098492
0.094063
0.096028
0.095018
0.097261
0.098012
0.098799
0.100166
0.098571
0.096551
0.101712
0.108038
0.102442
0.102041
0.10266
0.101178
0.099168
0.099074
0.103739
0.102938
0.100398
0.101008
0.101083
0.101317
0.098402
0.100174
0.100976
0.1023
0.102633
0.100365
0.099902
0.098332
0.097626
0.098096
0.098882
0.097823
0.097195
0.096336
0.098745
0.096224
0.094735
0.095866
0.097017
0.091302
0.095407
0.093289
0.088979
0.096486
0.092777
0.093758
0.095475
0.09581
0.097152
0.094461
0.093847
0.092243
0.087547
0.084365
0.080656
0.073771
0.079011
0.076955
0.072024
0.072695
0.075071
0.081159
0.078207
0.094907
0.096859
0.101687
0.100445
0.100412
0.099569
0.099995
0.103948
0.097291
0.097574
0.109803
0.108283
0.106138
0.107943
0.106092
0.103879
0.099861
0.102688
0.110812
0.105883
0.104597
0.097399
0.098282
0.113989
0.096375
0.09558
0.095445
0.099105
0.098292
0.103987
0.100182
0.100601
0.093849
0.090918
0.102342
0.099573
0.096395
0.090973
0.089582
0.098165
0.096729
0.095979
0.096182
0.087602
0.097899
0.090275
0.085143
0.087426
0.082079
0.085337
0.088467
0.086443
0.093074
0.083235
0.085741
0.087069
0.085124
0.101856
0.088382
0.084039
0.081532
0.075354
0.084031
0.084567
0.086584
0.085881
0.08436
0.086473
0.090671
0.091949
0.089487
0.087757
0.085602
0.080769
0.095316
0.088852
0.087679
0.08819
0.087005
0.082043
0.078049
0.084636
0.082384
0.077901
0.082038
0.079573
0.083564
0.083297
0.082824
0.085558
0.083278
0.092467
0.091515
0.09097
0.084266
0.092901
0.091732
0.09084
0.084951
0.086448
0.083684
0.082252
0.086029
0.083722
0.08332
0.083514
0.076405
0.092148
0.087208
0.080762
0.079129
0.08163
0.078576
0.079321
0.072015
0.079956
0.080312
0.075699
0.07886
0.078514
0.077193
0.07851
0.0808
0.080196
0.077175
0.07524
0.074751
0.08026
0.073197
0.070007
0.068281
0.071163
0.066785
0.067054
0.068785
0.069027
0.068049
0.066858
0.068874
0.070111
0.078948
0.070059
0.070576
0.068509
0.069156
0.070845
0.068728
0.065566
0.06731
0.067399
0.070344
0.068454
0.06766
0.070827
0.073409
0.074251
0.06834
0.079126
0.077978
0.077226
0.075864
0.074032
0.075163
0.073478
0.074555
0.072641
0.078358
0.083834
0.080559
0.085333
0.078428
0.085244
0.08514
0.083975
0.082451
0.082094
0.079598
0.076124
0.090655
0.087108
0.079294
0.075227
0.076418
0.076222
0.089923
0.081919
0.084729
0.079247
0.083403
0.081652
0.083362
0.085254
0.087182
0.087306
0.081346
0.084738
0.085343
0.08836
0.088785
0.083035
0.083973
0.086813
0.084521
0.086677
0.085184
0.078537
0.083706
0.082552
0.080953
0.081403
0.084583
0.081282
0.08271
0.089369
0.087024
0.089964
0.086903
0.080748
0.083129
0.082921
0.08041
0.084794
0.082459
0.081278
0.076689
0.079011
0.079804
0.077638
0.083077
0.083231
0.077714
0.077792
0.079565
0.077621
0.081752
0.080818
0.086664
0.08691
0.083716
0.083624
0.083794
0.084619
0.087565
0.081761
0.080502
0.078746
0.078216
0.078503
0.0751
0.077574
0.083528
0.084646
0.084075
0.085272
0.086357
0.0838
0.090772
0.086167
0.083241
0.08275
0.084957
0.082479
0.084436
0.083075
0.083472
0.084176
0.081204
0.082193
0.082728
0.08223
0.08349
0.086316
0.094791
0.093764
0.094134
0.094741
0.094545
0.094763
0.092764
0.090868
0.094507
0.094766
0.093394
0.093393
0.091851
0.092618
0.092394
0.093126
0.092845
0.102636
0.101838
0.102539
0.095967
0.097911
0.097212
0.095999
0.098093
0.093256
0.094511
0.103863
0.102643
0.102169
0.101862
0.099415
0.094236
0.102177
0.103134
0.106438
0.099209
0.0979
0.100177
0.105722
0.116224
0.114814
0.106974
0.109703
0.102134
0.104657
0.106299
0.102519
0.109841
0.105151
0.10376
0.104223
0.100053
0.112013
0.104047
0.101979
0.099231
0.099707
0.109089
0.101229
0.101929
0.098649
0.108161
0.1059
0.101775
0.100337
0.098301
0.104977
0.108053
0.107981
0.104203
0.113682
0.117569
0.105373
0.102474
0.103558
0.109115
0.112196
0.106845
0.104435
0.117366
0.108386
0.105145
0.100656
0.103092
0.102604
0.100229
0.096666
0.106025
0.104748
0.107743
0.099645
0.101259
0.099275
0.093176
0.102951
0.098889
0.099709
0.098169
0.094459
0.103306
0.108282
0.101308
0.09638
0.097645
0.098215
0.093873
0.102691
0.095582
0.09332
0.095044
0.09077
0.090017
0.094095
0.101083
0.096012
0.097905
0.0932
0.094498
0.108153
0.098987
0.09982
0.095831
0.094568
0.089176
0.09224
0.09053
0.093937
0.091221
0.092561
0.085711
0.0904
0.088522
0.092397
0.099203
0.090935
0.090243
0.08858
0.086447
0.096817
0.087388
0.087272
0.083109
0.0835
0.084502
0.08541
0.091637
0.082876
0.084305
0.094461
0.085516
0.087476
0.08505
0.081971
0.079821
0.079891
0.076025
0.07568
0.080506
0.079122
0.080215
0.079084
0.083677
0.078658
0.078518
0.090677
0.084982
0.081091
0.079078
0.077854
0.078083
0.077442
0.080257
0.079739
0.078683
0.076214
0.079801
0.079805
0.098327
0.088618
0.088041
0.08284
0.085088
0.081489
0.083075
0.076613
0.08301
0.081466
0.080323
0.078475
0.092672
0.083273
0.083634
0.082617
0.080816
0.078444
0.0747
0.072549
0.0686
0.068804
0.065121
0.065744
0.067537
0.062801
0.063709
0.077125
0.066599
0.06438
0.06219
0.062868
0.062151
0.059102
0.05607
0.063029
0.061722
0.059954
0.065449
0.064682
0.072484
0.071531
0.069602
0.074126
0.074979
0.072878
0.077998
0.074439
0.079186
0.07907
0.077874
0.076697
0.077162
0.076433
0.078777
0.083423
0.084612
0.086179
0.088678
0.098532
0.087853
0.097152
0.099396
0.101468
0.114863
0.11734
0.11893
0.116785
0.11329
0.113267
0.106116
0.103489
0.109825
0.114058
0.110818
0.108006
0.110084
0.129881
0.117097
0.122105
0.118411
0.115065
0.113941
0.115324
0.119193
0.11906
0.121271
0.140186
0.125965
0.12988
0.12419
0.122473
0.111043
0.11653
0.112624
0.109414
0.109577
0.104501
0.12039
0.114835
0.111116
0.10813
0.100195
0.102672
0.102016
0.100006
0.098326
0.095183
0.094015
0.094589
0.098337
0.090083
0.092458
0.097001
0.091676
0.091412
0.08888
0.086328
0.088249
0.087168
0.080144
0.079963
0.09076
0.087817
0.08215
0.079726
0.076894
0.07347
0.07348
0.074201
0.073197
0.076557
0.076285
0.075967
0.087071
0.08051
0.081758
0.078284
0.080228
0.07875
0.08567
0.087604
0.084484
0.081259
0.083791
0.085966
0.083214
0.083795
0.083577
0.085995
0.076394
0.077346
0.07911
0.081403
0.078207
0.081414
0.078859
0.075794
0.068762
0.067279
0.068449
0.069144
0.060963
0.065614
0.06552
0.063076
0.060108
0.062515
0.077071
0.066194
0.066171
0.063141
0.057323
0.057682
0.056543
0.055887
0.058567
0.057452
0.055504
0.056849
0.056397
0.068125
0.061421
0.061547
0.0576
0.055539
0.053337
0.052906
0.052546
0.054323
0.054318
0.052649
0.053811
0.053695
0.064467
0.05963
0.056762
0.05576
0.05543
0.054256
0.055289
0.055487
0.054978
0.055237
0.056106
0.057352
0.069542
0.065731
0.063847
0.065883
0.063961
0.064114
0.064612
0.064089
0.064597
0.063074
0.064752
0.065903
0.066411
0.074246
0.070175
0.070905
0.067818
0.068069
0.068517
0.062652
0.06567
0.065267
0.063565
0.062041
0.062749
0.065074
0.064536
0.075903
0.069963
0.071695
0.071855
0.070244
0.068724
0.065575
0.06471
0.0633
0.066949
0.067557
0.063146
0.067757
0.069493
0.066669
0.077909
0.074454
0.077224
0.077885
0.078589
0.080814
0.078345
0.078384
0.085601
0.087282
0.087691
0.084068
0.087693
0.082169
0.084475
0.08878
0.087736
0.083719
0.086772
0.085172
0.085033
0.093897
0.08407
0.081339
0.080034
0.0757
0.08772
0.079897
0.078562
0.077395
0.078023
0.070613
0.073904
0.079467
0.083673
0.093569
0.090913
0.091448
0.083435
0.080791
0.080907
0.078447
0.075428
0.072299
0.070214
0.072198
0.073007
0.069331
0.086799
0.078674
0.078576
0.083247
0.082099
0.082326
0.083166
0.082544
0.084562
0.087554
0.084084
0.087117
0.097439
0.100055
0.095694
0.096742
0.096262
0.100347
0.10301
0.107041
0.099645
0.103998
0.104586
0.116843
0.110232
0.108278
0.107971
0.103237
0.092778
0.100339
0.098615
0.090334
0.092582
0.093499
0.092523
0.097603
0.09471
0.086585
0.087994
0.087439
0.083842
0.090479
0.085731
0.082092
0.079379
0.073488
0.070916
0.073427
0.075053
0.072323
0.071833
0.069467
0.069774
0.080576
0.071238
0.070577
0.068641
0.066351
0.062577
0.063077
0.063759
0.061347
0.060271
0.058165
0.062361
0.060881
0.070199
0.061128
0.061217
0.059912
0.057784
0.053697
0.051563
0.055257
0.055141
0.053499
0.052315
0.053841
0.056394
0.052219
0.061589
0.055261
0.053263
0.050784
0.048616
0.053393
0.056229
0.051278
0.049866
0.048716
0.051976
0.051149
0.061909
0.054452
0.05541
0.056012
0.053652
0.053449
0.051553
0.05122
0.050497
0.051688
0.050815
0.050821
0.049894
0.067728
0.055537
0.05685
0.057315
0.055468
0.053379
0.052779
0.055283
0.057294
0.05325
0.053597
0.055621
0.053637
0.061765
0.057784
0.05832
0.056778
0.054505
0.054232
0.056438
0.054622
0.055613
0.058654
0.058228
0.052581
0.053317
0.054573
0.062296
0.057005
0.055006
0.056445
0.055386
0.053047
0.050577
0.05236
0.055544
0.051175
0.052459
0.055203
0.054009
0.064754
0.058708
0.058212
0.05971
0.057
0.056936
0.058909
0.060304
0.062527
0.068372
0.068674
0.067483
0.066201
0.068648
0.063089
0.062144
0.065716
0.070803
0.067108
0.076402
0.073471
0.075084
0.071586
0.069163
0.06701
0.070515
0.071354
0.071017
0.071928
0.073889
0.073114
0.082046
0.079365
0.079497
0.074849
0.073456
0.072493
0.081033
0.077911
0.07674
0.075843
0.085818
0.086032
0.087394
0.085565
0.084524
0.084329
0.092783
0.092636
0.091842
0.091131
0.089553
0.089227
0.098029
0.096932
0.094237
0.094379
0.091956
0.089455
0.100411
0.098574
0.096721
0.092541
0.091526
0.089993
0.099417
0.09283
0.094635
0.092226
0.085839
0.087433
0.085026
0.086221
0.081716
0.087256
0.086951
0.086891
0.096548
0.094514
0.095521
0.092986
0.089619
0.097772
0.097045
0.096861
0.090633
0.096842
0.098795
0.095232
0.090304
0.088211
0.100257
0.096798
0.096625
0.093413
0.09272
0.100415
0.099322
0.100451
0.099614
0.095464
0.100773
0.105954
0.101785
0.103117
0.099668
0.099551
0.100497
0.104041
0.104474
0.09575
0.096333
0.095989
0.099408
0.096228
0.106715
0.096625
0.094611
0.10359
0.097828
0.096081
0.100497
0.099557
0.094896
0.099972
0.094822
0.099583
0.099413
0.094658
0.099634
0.095163
0.102858
0.097703
0.096454
0.092645
0.096363
0.100648
0.096142
0.094015
0.100479
0.095333
0.096865
0.095624
0.094278
0.100062
0.0959
0.094942
0.100387
0.098528
0.095024
0.091518
0.096371
0.09794
0.095475
0.093799
0.098825
0.09804
0.095523
0.096763
0.093955
0.10266
0.098649
0.102341
0.105982
0.100813
0.10224
0.100333
0.100999
0.097146
0.095182
0.093168
0.102004
0.091447
0.094789
0.089337
0.100038
0.094314
0.090407
0.088592
0.091677
0.08956
0.091135
0.102962
0.097224
0.09613
0.098489
0.104457
0.100354
0.098908
0.097831
0.095939
0.10117
0.103312
0.101929
0.100417
0.09787
0.111325
0.101445
0.102622
0.099328
0.099632
0.096367
0.096134
0.096232
0.095439
0.100231
0.096366
0.094889
0.097206
0.103497
0.094317
0.091183
0.091165
0.086875
0.088657
0.0871
0.096658
0.091081
0.08649
0.089863
0.08517
0.084607
0.098141
0.091446
0.088434
0.086628
0.083825
0.082004
0.091797
0.087887
0.086933
0.080778
0.083765
0.078508
0.078454
0.085122
0.084329
0.079588
0.076803
0.078702
0.091625
0.081596
0.084226
0.082602
0.077187
0.079563
0.084221
0.084927
0.084501
0.082963
0.083135
0.094744
0.093221
0.085045
0.089315
0.088643
0.084125
0.096646
0.098178
0.098475
0.098246
0.097214
0.09596
0.098223
0.101952
0.102884
0.104033
0.10267
0.09906
0.100615
0.101118
0.103231
0.107019
0.105634
0.108688
0.103818
0.106133
0.106011
0.106836
0.106712
0.114412
0.111816
0.113169
0.11163
0.123807
0.113299
0.109141
0.117988
0.117068
0.118857
0.121773
0.124029
0.121942
0.123347
0.118515
0.112839
0.119696
0.116856
0.118521
0.113251
0.120343
0.116069
0.124055
0.12202
0.124209
0.127813
0.127335
0.125594
0.128182
0.130503
0.130746
0.132516
0.135907
0.139316
0.138429
0.140965
0.163216
0.165847
0.163255
0.16078
0.158494
0.153983
0.1524
0.14898
0.15368
0.154693
0.147163
0.15206
0.150178
0.154457
0.178092
0.154433
0.155892
0.152592
0.156026
0.145062
0.141994
0.147647
0.148954
0.151358
0.156819
0.145149
0.151933
0.190244
0.153371
0.154807
0.155827
0.153998
0.148934
0.153909
0.148479
0.144996
0.138584
0.150481
0.152186
0.153386
0.146635
0.155348
0.190931
0.165348
0.160347
0.160153
0.161727
0.154414
0.152983
0.148871
0.154274
0.150978
0.156763
0.158288
0.163498
0.165556
0.163417
0.159919
0.197148
0.167229
0.159199
0.166394
0.161723
0.162854
0.153548
0.166804
0.15821
0.163029
0.156437
0.153741
0.163257
0.160488
0.165532
0.167698
0.160542
0.160113
0.189689
0.163232
0.165206
0.163006
0.161236
0.160962
0.169783
0.169283
0.165168
0.159482
0.161878
0.159878
0.180384
0.159989
0.16804
0.162605
0.163206
0.177418
0.168306
0.165374
0.169203
0.153988
0.178438
0.176301
0.166097
0.166921
0.167349
0.164166
0.185115
0.171326
0.172657
0.172615
0.173053
0.162094
0.160954
0.173805
0.169548
0.173499
0.16874
0.16913
0.193549
0.16684
0.161526
0.168179
0.165505
0.164127
0.169281
0.164768
0.162745
0.154809
0.161817
0.183963
0.170213
0.166147
0.167955
0.168441
0.181333
0.179662
0.17127
0.16563
0.167564
0.163293
0.157245
0.179075
0.168679
0.159322
0.15775
0.169836
0.169101
0.166075
0.185017
0.176616
0.163271
0.168313
0.187066
0.177567
0.174756
0.171234
0.170859
0.172805
0.163386
0.178978
0.17327
0.171574
0.16584
0.163155
0.170463
0.166304
0.167773
0.174078
0.171123
0.172275
0.16942
0.191538
0.18007
0.171767
0.16955
0.159879
0.170156
0.182568
0.172373
0.175543
0.172176
0.174719
0.164722
0.206835
0.183245
0.178626
0.176043
0.176211
0.17252
0.175981
0.168735
0.175546
0.174232
0.173149
0.175887
0.169466
0.174957
0.19918
0.17769
0.192488
0.179719
0.17136
0.165053
0.165631
0.170507
0.173869
0.175121
0.168763
0.169347
0.171283
0.186594
0.180115
0.175856
0.170072
0.172023
0.191832
0.184364
0.18089
0.179816
0.173138
0.163802
0.18497
0.174085
0.170308
0.165933
0.164683
0.164408
0.160385
0.175043
0.166751
0.165672
0.162917
0.158612
0.16986
0.186907
0.167053
0.161259
0.159175
0.156977
0.18181
0.16795
0.167156
0.161607
0.159859
0.177446
0.169621
0.16682
0.15625
0.157341
0.163589
0.157862
0.171254
0.161364
0.162627
0.168305
0.159226
0.167748
0.179335
0.162804
0.168966
0.160225
0.161999
0.158637
0.183428
0.162149
0.162158
0.167044
0.168462
0.167224
0.188949
0.179137
0.176845
0.170465
0.178659
0.168008
0.16783
0.184438
0.172293
0.175369
0.168427
0.167316
0.181275
0.178574
0.201979
0.185704
0.180448
0.183476
0.180493
0.199502
0.186324
0.184678
0.176108
0.175225
0.188268
0.182203
0.178489
0.176842
0.176058
0.169766
0.193131
0.187503
0.179954
0.17477
0.171997
0.191567
0.179281
0.174362
0.185018
0.176296
0.172663
0.190479
0.182482
0.174302
0.176177
0.170646
0.166248
0.188214
0.17041
0.165354
0.169356
0.16628
0.190524
0.17763
0.173446
0.173467
0.169409
0.168404
0.186448
0.180687
0.180839
0.17175
0.175345
0.169986
0.204039
0.176767
0.173038
0.169836
0.169504
0.16588
0.165976
0.169008
0.176936
0.169916
0.170206
0.169773
0.166655
0.162701
0.182137
0.17445
0.17249
0.167709
0.167481
0.160696
0.165431
0.184131
0.173602
0.166464
0.165515
0.168879
0.181551
0.197399
0.177512
0.178083
0.17936
0.176509
0.180471
0.177082
0.192257
0.182889
0.180097
0.171366
0.175191
0.17414
0.196043
0.176007
0.172889
0.174543
0.17237
0.176797
0.183222
0.19073
0.182145
0.186228
0.179768
0.168358
0.192638
0.178113
0.175507
0.182212
0.18097
0.18117
0.190749
0.176263
0.175473
0.175989
0.201533
0.190316
0.182663
0.182133
0.182013
0.183241
0.177844
0.174926
0.19728
0.181695
0.172109
0.174877
0.206476
0.184832
0.185161
0.183711
0.174115
0.179057
0.175197
0.185157
0.173443
0.17204
0.173834
0.175215
0.199205
0.182752
0.173914
0.17456
0.175225
0.171404
0.18628
0.173608
0.180895
0.177137
0.175842
0.180528
0.184015
0.220714
0.202721
0.20008
0.188813
0.184961
0.178742
0.183013
0.183746
0.179869
0.183252
0.183691
0.179595
0.190584
0.178666
0.224195
0.194719
0.190997
0.188671
0.185142
0.176484
0.17628
0.170621
0.174737
0.170089
0.176346
0.180365
0.219465
0.192286
0.185714
0.181715
0.177693
0.174202
0.172368
0.161875
0.163967
0.163211
0.158573
0.162287
0.160023
0.160181
0.151401
0.156539
0.15435
0.159303
0.162748
0.184805
0.168789
0.173321
0.162635
0.165755
0.168277
0.162214
0.159415
0.15966
0.154824
0.160909
0.159708
0.162249
0.156469
0.153668
0.167146
0.155948
0.158692
0.158437
0.158437
0.15435
0.174724
0.166578
0.16336
0.157632
0.158182
0.154787
0.170429
0.166158
0.16595
0.162265
0.162926
0.159347
0.177104
0.160426
0.167022
0.153324
0.15774
0.153325
0.182451
0.166835
0.163844
0.158966
0.147298
0.171237
0.166518
0.151152
0.158884
0.15039
0.153741
0.150589
0.166242
0.153751
0.156683
0.169669
0.163677
0.15868
0.15955
0.153165
0.15318
0.166294
0.165872
0.163228
0.157445
0.155497
0.158989
0.15842
0.171771
0.159086
0.158787
0.161766
0.154424
0.183472
0.17319
0.1605
0.16299
0.151297
0.152796
0.153245
0.162163
0.151041
0.152948
0.149721
0.145111
0.176133
0.167547
0.155464
0.147761
0.164055
0.151012
0.162544
0.163544
0.161589
0.168006
0.162391
0.159065
0.160478
0.152378
0.162598
0.17604
0.167039
0.164494
0.163092
0.157803
0.183003
0.179549
0.171236
0.168552
0.171067
0.186881
0.174892
0.179926
0.170649
0.169802
0.177837
0.173655
0.178357
0.168835
0.169287
0.164232
0.181573
0.182279
0.177532
0.166501
0.166472
0.163385
0.178537
0.170759
0.178628
0.166867
0.166976
0.166134
0.168579
0.170726
0.162746
0.157665
0.16066
0.158723
0.184616
0.166054
0.157862
0.159844
0.158263
0.161481
0.172707
0.163629
0.182347
0.176685
0.174159
0.169369
0.168844
0.16615
0.158683
0.162896
0.163442
0.159013
0.156225
0.163786
0.160567
0.205703
0.185179
0.175599
0.16892
0.170078
0.186334
0.164841
0.164815
0.16813
0.162821
0.167376
0.167733
0.167832
0.165876
0.177175
0.201466
0.178365
0.173155
0.173191
0.172284
0.172344
0.175818
0.171622
0.166677
0.164399
0.169354
0.188434
0.172152
0.175648
0.176726
0.170471
0.173033
0.191334
0.183022
0.185316
0.184273
0.187899
0.181511
0.174452
0.189641
0.182378
0.184262
0.185634
0.180185
0.184758
0.177857
0.193477
0.181191
0.178063
0.17132
0.165293
0.197628
0.178138
0.173088
0.172643
0.167652
0.166609
0.164558
0.184626
0.172312
0.166801
0.168451
0.172615
0.174023
0.176971
0.181219
0.180523
0.175181
0.175006
0.168239
0.164617
0.185592
0.177422
0.170303
0.169989
0.181958
0.176682
0.190053
0.180657
0.179835
0.175721
0.1731
0.173468
0.176551
0.177759
0.18146
0.179735
0.174617
0.176337
0.181006
0.175632
0.193473
0.187211
0.186008
0.182086
0.178581
0.178651
0.180504
0.178089
0.192332
0.187716
0.182535
0.177745
0.188022
0.180163
0.17387
0.192027
0.184138
0.176507
0.170829
0.170261
0.175359
0.192515
0.183353
0.181098
0.18188
0.182681
0.177388
0.17214
0.19107
0.182379
0.171771
0.172612
0.171439
0.172329
0.172558
0.171433
0.183983
0.18328
0.171792
0.169541
0.172554
0.160885
0.182988
0.165522
0.16748
0.162564
0.160766
0.156019
0.176671
0.168172
0.167062
0.163603
0.162188
0.169083
0.189545
0.172596
0.180266
0.16834
0.170685
0.168597
0.173964
0.187421
0.169915
0.176147
0.171955
0.164294
0.162041
0.192031
0.164409
0.163401
0.161372
0.159588
0.159426
0.176749
0.169017
0.166715
0.165367
0.161867
0.163411
0.169342
0.189569
0.174499
0.168075
0.167213
0.165495
0.164878
0.162604
0.180327
0.167307
0.164247
0.161887
0.161264
0.162453
0.164164
0.175873
0.164291
0.163519
0.16719
0.163177
0.163315
0.181161
0.167791
0.162614
0.164589
0.15844
0.15525
0.159549
0.161967
0.161233
0.161127
0.153714
0.150768
0.157365
0.164283
0.157383
0.152996
0.154696
0.150035
0.152357
0.168656
0.154072
0.156528
0.155343
0.146583
0.146531
0.168951
0.154328
0.147755
0.150298
0.156116
0.174577
0.162652
0.159463
0.161659
0.157296
0.15745
0.178061
0.16149
0.167653
0.166409
0.1575
0.183805
0.174278
0.177459
0.173134
0.174042
0.169067
0.195357
0.173945
0.171538
0.164151
0.163309
0.163413
0.163341
0.179767
0.169468
0.162666
0.160786
0.159096
0.194834
0.170637
0.166985
0.167705
0.164143
0.153426
0.159293
0.174265
0.155342
0.15831
0.157358
0.153176
0.155626
0.174128
0.161613
0.165361
0.162639
0.156159
0.161492
0.162655
0.157844
0.175479
0.16146
0.16085
0.163696
0.16552
0.188011
0.170985
0.169335
0.168376
0.171008
0.166137
0.161613
0.172149
0.181712
0.174417
0.173777
0.169486
0.175043
0.189759
0.185736
0.177611
0.171467
0.172722
0.172829
0.166889
0.190599
0.172107
0.176676
0.17161
0.166833
0.197093
0.178646
0.167436
0.177392
0.180889
0.165867
0.158429
0.186337
0.169779
0.168765
0.169257
0.170419
0.182629
0.168045
0.180489
0.179312
0.17403
0.172061
0.176801
0.170485
0.167886
0.163416
0.169232
0.172549
0.166999
0.165173
0.179849
0.173338
0.187717
0.175717
0.177216
0.177125
0.170453
0.171223
0.170864
0.169855
0.180485
0.171487
0.171817
0.168202
0.1667
0.167861
0.163622
0.17994
0.171777
0.162665
0.164017
0.168375
0.167522
0.163917
0.170591
0.172889
0.171835
0.167405
0.164759
0.169907
0.167201
0.163464
0.159639
0.16176
0.166497
0.163411
0.171238
0.165867
0.167975
0.160678
0.162021
0.16983
0.168635
0.164698
0.163696
0.161544
0.165795
0.178324
0.170859
0.165463
0.164217
0.171276
0.172806
0.1627
0.186393
0.172795
0.171261
0.164913
0.158825
0.164466
0.195589
0.187251
0.173982
0.175566
0.177098
0.174855
0.189803
0.179315
0.168921
0.162437
0.159915
0.183315
0.170512
0.166095
0.161587
0.161914
0.173381
0.169101
0.160328
0.171418
0.162716
0.169218
0.182965
0.169877
0.16584
0.170412
0.166949
0.164666
0.166698
0.175201
0.167139
0.166507
0.163421
0.163377
0.162153
0.177514
0.168925
0.168065
0.166816
0.166691
0.160096
0.179182
0.169901
0.168882
0.170661
0.162427
0.162041
0.168093
0.171923
0.171441
0.170663
0.163968
0.162303
0.165243
0.177948
0.163689
0.172816
0.167346
0.164539
0.193382
0.179509
0.175793
0.17461
0.174474
0.169623
0.170082
0.175477
0.180711
0.178495
0.177005
0.176954
0.176397
0.170883
0.191764
0.176321
0.169802
0.170309
0.168059
0.193831
0.176901
0.167512
0.16288
0.162528
0.1619
0.178238
0.164405
0.166473
0.169026
0.167971
0.16171
0.161634
0.184062
0.167899
0.168448
0.170042
0.163669
0.168943
0.169424
0.187425
0.169175
0.173536
0.168792
0.1686
0.166918
0.188937
0.172215
0.169152
0.17068
0.169893
0.168624
0.16832
0.192861
0.175027
0.17098
0.171886
0.172772
0.171718
0.16447
0.183276
0.179775
0.181826
0.180014
0.168801
0.180048
0.178724
0.189825
0.170989
0.180529
0.171498
0.167785
0.16762
0.187015
0.174422
0.171165
0.166936
0.167457
0.169985
0.171224
0.190768
0.172989
0.176397
0.17614
0.170961
0.176023
0.170564
0.168147
0.186061
0.170937
0.162621
0.160244
0.197653
0.16598
0.162186
0.157798
0.162723
0.159197
0.149591
0.165347
0.160693
0.158341
0.154529
0.158584
0.158333
0.180779
0.16062
0.157359
0.154865
0.154027
0.154139
0.176023
0.16153
0.153342
0.150325
0.148525
0.149412
0.154283
0.153904
0.15966
0.153174
0.159006
0.156047
0.151967
0.18139
0.175869
0.160581
0.158004
0.158417
0.157377
0.147959
0.148611
0.143593
0.150455
0.151557
0.155653
0.151269
0.189054
0.166981
0.16026
0.157672
0.149601
0.149345
0.145294
0.142273
0.145639
0.146228
0.139569
0.141176
0.143246
0.149313
0.176682
0.151022
0.155267
0.149452
0.142668
0.13911
0.139029
0.137051
0.13861
0.133514
0.139142
0.132934
0.135836
0.141213
0.16784
0.145921
0.149576
0.140624
0.145904
0.138576
0.145041
0.137396
0.14032
0.139619
0.144681
0.14632
0.175476
0.164819
0.15771
0.155351
0.153987
0.152513
0.152355
0.148285
0.153006
0.146671
0.148552
0.169235
0.162415
0.162795
0.153274
0.149852
0.153363
0.155021
0.146343
0.160428
0.158337
0.149414
0.145751
0.149366
0.149812
0.181076
0.162123
0.151662
0.151572
0.151984
0.14547
0.144094
0.137979
0.140924
0.145092
0.145231
0.147602
0.148779
0.149499
0.166515
0.145001
0.148785
0.143286
0.152711
0.151318
0.154533
0.153921
0.159553
0.169532
0.168373
0.156829
0.157294
0.160797
0.179107
0.166533
0.163213
0.165419
0.178937
0.168241
0.165238
0.164262
0.176836
0.181219
0.175075
0.167039
0.166314
0.17609
0.167056
0.161405
0.155709
0.17534
0.162879
0.160369
0.158594
0.177085
0.17054
0.165009
0.157231
0.180494
0.176512
0.165055
0.160723
0.161773
0.154703
0.169454
0.162811
0.159667
0.155491
0.153713
0.155531
0.169353
0.160346
0.158314
0.154323
0.15125
0.179229
0.170334
0.160548
0.160839
0.156337
0.175261
0.161527
0.163336
0.162505
0.157476
0.174563
0.167237
0.160956
0.164446
0.158118
0.170287
0.1609
0.160651
0.15534
0.153146
0.171722
0.163766
0.15579
0.152535
0.164721
0.163531
0.15667
0.152413
0.154313
0.16221
0.159232
0.157942
0.155167
0.170645
0.165689
0.163092
0.164254
0.161008
0.17261
0.168125
0.167576
0.169746
0.165543
0.175547
0.175985
0.174952
0.169765
0.162039
0.17701
0.168091
0.171382
0.163767
0.159085
0.178956
0.168844
0.165155
0.162587
0.157186
0.173982
0.161864
0.160452
0.154604
0.158881
0.173981
0.168293
0.158731
0.15776
0.158219
0.150257
0.16074
0.15906
0.153216
0.146399
0.14614
0.149658
0.164576
0.152046
0.144859
0.151133
0.151193
0.139622
0.163883
0.156891
0.152489
0.152048
0.152342
0.146368
0.171429
0.163582
0.15204
0.147079
0.149157
0.146491
0.169539
0.151129
0.154165
0.15322
0.149217
0.143744
0.145761
0.157672
0.151135
0.149109
0.149081
0.148835
0.144782
0.139763
0.156653
0.144489
0.143457
0.136301
0.136487
0.140129
0.162143
0.142735
0.141989
0.140457
0.134671
0.135854
0.137147
0.139101
0.148844
0.141104
0.134354
0.140839
0.144796
0.146995
0.144149
0.137455
0.140269
0.141351
0.13804
0.128182
0.13599
0.144694
0.143674
0.142108
0.142794
0.144881
0.138855
0.145395
0.14736
0.143282
0.140259
0.135858
0.142428
0.138186
0.136625
0.137032
0.139078
0.134511
0.136686
0.143039
0.144934
0.134611
0.137004
0.137347
0.13332
0.138455
0.150026
0.15123
0.147436
0.144002
0.151682
0.145692
0.148145
0.146608
0.149157
0.151039
0.141378
0.14819
0.145094
0.142944
0.142217
0.134798
0.13126
0.138571
0.143111
0.144841
0.144114
0.142625
0.141668
0.13826
0.146811
0.146737
0.142903
0.146563
0.143672
0.149306
0.149591
0.146384
0.149831
0.147581
0.144741
0.13605
0.138196
0.143939
0.143238
0.142024
0.138743
0.143559
0.141857
0.137734
0.136364
0.134167
0.133295
0.133506
0.128458
0.125349
0.118659
0.122656
0.112921
0.109792
0.110512
0.113378
0.111205
0.11313
0.11445
0.108354
0.10386
0.100268
0.107596
0.096309
0.098856
0.098915
0.10712
0.093098
0.096574
0.094175
0.094639
0.096182
0.091192
0.104365
0.098822
0.091497
0.093178
0.090666
0.09656
0.09459
0.089992
0.09123
0.093386
0.094266
0.110111
0.097945
0.093987
0.092131
0.09372
0.095226
0.096721
0.101497
0.096851
0.094288
0.101413
0.108814
0.102153
0.1001
0.095551
0.095003
0.09713
0.096831
0.104915
0.107414
0.102863
0.102162
0.09976
0.113088
0.104321
0.103795
0.101404
0.102036
0.100326
0.106368
0.104611
0.109191
0.104013
0.103951
0.108407
0.108253
0.119259
0.115349
0.111543
0.110087
0.108142
0.107977
0.109268
0.111262
0.113823
0.117895
0.118675
0.115169
0.118337
0.113294
0.125093
0.121379
0.120762
0.120491
0.123315
0.126005
0.120561
0.126591
0.12734
0.127938
0.133724
0.128718
0.126838
0.126091
0.133372
0.134817
0.125255
0.125684
0.136109
0.135152
0.130091
0.135996
0.132265
0.130051
0.128227
0.127636
0.126236
0.125787
0.12266
0.122396
0.116555
0.12573
0.125522
0.127145
0.124223
0.123398
0.12782
0.132324
0.141198
0.134336
0.137397
0.145153
0.143865
0.14192
0.132151
0.136596
0.134826
0.136026
0.137767
0.138363
0.139455
0.137531
0.140868
0.141642
0.138327
0.13214
0.136556
0.142126
0.132323
0.144248
0.142472
0.145897
0.150529
0.15443
0.143673
0.152493
0.151529
0.147978
0.149743
0.150484
0.140328
0.141863
0.145424
0.150468
0.136035
0.142609
0.14365
0.145633
0.145984
0.14624
0.138539
0.140019
0.137795
0.142937
0.142537
0.15205
0.155378
0.159384
0.15892
0.152695
0.147613
0.151103
0.150963
0.145906
0.149713
0.150371
0.147841
0.144274
0.144027
0.142201
0.138675
0.134125
0.130629
0.13958
0.136611
0.139985
0.130407
0.133848
0.13255
0.131717
0.140382
0.146187
0.143708
0.141149
0.142985
0.139255
0.139246
0.134781
0.138917
0.12775
0.137993
0.135787
0.136736
0.127724
0.127987
0.125097
0.123574
0.133987
0.13477
0.134322
0.134235
0.129074
0.132109
0.129587
0.129471
0.118046
0.127116
0.127032
0.128677
0.127028
0.124263
0.124682
0.121632
0.128181
0.124524
0.125997
0.125769
0.123722
0.118659
0.117172
0.112287
0.111384
0.110267
0.110122
0.115961
0.11212
0.121176
0.117649
0.123435
0.122233
0.125727
0.122352
0.128343
0.129214
0.13442
0.134145
0.137573
0.129376
0.134948
0.133497
0.137447
0.132084
0.135038
0.140014
0.140864
0.143035
0.134283
0.130845
0.14008
0.138284
0.138926
0.128887
0.135584
0.137304
0.13519
0.132827
0.130154
0.13497
0.133183
0.135923
0.137512
0.136285
0.134364
0.136234
0.140389
0.135493
0.132091
0.136079
0.139776
0.138933
0.133556
0.133156
0.137778
0.136506
0.135121
0.133005
0.135081
0.133298
0.133002
0.134528
0.132545
0.129667
0.13128
0.126378
0.128626
0.136292
0.13677
0.131924
0.130924
0.135953
0.128772
0.134473
0.134227
0.133036
0.133695
0.137444
0.132841
0.136799
0.134579
0.135784
0.132023
0.132621
0.140951
0.130875
0.136564
0.130408
0.138688
0.13937
0.134846
0.128782
0.134641
0.14159
0.128596
0.130921
0.133694
0.126116
0.135364
0.137432
0.135574
0.130902
0.135518
0.131848
0.134888
0.134343
0.129292
0.137856
0.140089
0.147793
0.156105
0.145268
0.146682
0.151729
0.142475
0.140803
0.152466
0.149813
0.143533
0.13513
0.138643
0.145674
0.14404
0.13845
0.138625
0.135572
0.135849
0.140884
0.139494
0.139859
0.136376
0.134243
0.135147
0.138765
0.131107
0.124632
0.133047
0.127747
0.132533
0.132841
0.13199
0.132979
0.133805
0.124042
0.126598
0.126205
0.130974
0.137155
0.134582
0.142447
0.138914
0.135599
0.139716
0.13614
0.134268
0.132553
0.136785
0.136333
0.136977
0.135348
0.134762
0.133416
0.135266
0.137626
0.135863
0.133008
0.137913
0.135356
0.136345
0.135683
0.13544
0.135014
0.131704
0.133086
0.131758
0.131922
0.136386
0.12625
0.127405
0.127402
0.125513
0.122225
0.117446
0.118614
0.118809
0.123248
0.128905
0.134935
0.141448
0.136132
0.132485
0.134073
0.133755
0.133187
0.13311
0.131343
0.126686
0.131379
0.13206
0.138032
0.132082
0.135239
0.132735
0.135962
0.130497
0.13529
0.134795
0.133914
0.134081
0.130452
