0.027025
0.109992
0.129921
0.123295
0.13139
0.133208
0.120968
0.133011
0.116919
0.131851
0.128019
0.126153
0.127446
0.120118
0.114783
0.119587
0.118952
0.120207
0.129901
0.129999
0.11889
0.120266
0.121615
0.115542
0.119745
0.118638
0.12259
0.122616
0.117387
0.121147
0.116766
0.122877
0.119555
0.120819
0.130244
0.124271
0.131977
0.132813
0.126858
0.125201
0.125552
0.127518
0.140686
0.141546
0.145848
0.146169
0.145044
0.141713
0.142829
0.138311
0.139158
0.131457
0.132328
0.134185
0.143414
0.150865
0.150725
0.148787
0.152312
0.153656
0.151326
0.150564
0.147398
0.145045
0.145713
0.14755
0.143902
0.140874
0.14411
0.141491
0.141208
0.140147
0.142948
0.139024
0.142597
0.139957
0.143938
0.143684
0.149842
0.136576
0.132758
0.140946
0.137743
0.141711
0.14948
0.149919
0.147826
0.140491
0.147048
0.146746
0.146722
0.141567
0.142697
0.140407
0.1373
0.135782
0.133892
0.135135
0.132876
0.131077
0.129145
0.127134
0.126635
0.127906
0.135263
0.134239
0.128883
0.129845
0.129209
0.125473
0.131654
0.123199
0.120409
0.124266
0.125875
0.120598
0.123313
0.12517
0.125404
0.125058
0.126411
0.120058
0.121109
0.113883
0.116925
0.126213
0.127393
0.123667
0.124719
0.128078
0.129207
0.12198
0.126406
0.118915
0.118651
0.120698
0.117415
0.135416
0.132818
0.130745
0.12895
0.128231
0.13427
0.127944
0.128517
0.137458
0.129906
0.131198
0.131395
0.134254
0.130067
0.129546
0.131819
0.138406
0.132313
0.129721
0.1274
0.137298
0.129391
0.130532
0.132968
0.134251
0.131768
0.133643
0.137774
0.138415
0.136739
0.132317
0.131979
0.141015
0.141749
0.146713
0.142028
0.140061
0.141879
0.136312
0.13102
0.137341
0.136682
0.135733
0.135412
0.137697
0.147982
0.147518
0.139964
0.139342
0.133434
0.133866
0.131863
0.133368
0.12943
0.132494
0.137602
0.134189
0.13601
0.142877
0.138369
0.140926
0.137768
0.133978
0.133431
0.141148
0.138748
0.138304
0.141035
0.138883
0.137206
0.131215
0.127284
0.13567
0.136016
0.133544
0.123683
0.128552
0.128789
0.131528
0.127732
0.142029
0.134241
0.133633
0.135658
0.137143
0.137984
0.135505
0.13131
0.135299
0.137878
0.138345
0.137652
0.140609
0.141534
0.141866
0.137268
0.137681
0.138337
0.135546
0.136592
0.142748
0.144403
0.142213
0.140909
0.136872
0.136964
0.142167
0.137792
0.140024
0.143952
0.143006
0.14941
0.138032
0.145277
0.138482
0.145216
0.136182
0.146027
0.139708
0.151277
0.146391
0.148556
0.140597
0.142544
0.145238
0.144496
0.14017
0.151365
0.147293
0.144179
0.147934
0.148324
0.15033
0.145838
0.144554
0.13944
0.139793
0.141726
0.142332
0.141537
0.140205
0.138268
0.138453
0.13826
0.136883
0.133977
0.134348
0.134067
0.137884
0.136647
0.13809
0.14103
0.14285
0.140494
0.139744
0.140267
0.140545
0.140675
0.141333
0.137003
0.1352
0.136906
0.134895
0.137709
0.13401
0.137168
0.136338
0.137394
0.13256
0.12877
0.140548
0.137048
0.133762
0.13291
0.131153
0.134371
0.135697
0.128494
0.129933
0.130286
0.130816
0.137202
0.140473
0.138877
0.135913
0.136656
0.137573
0.138405
0.134608
0.137363
0.131589
0.132303
0.133085
0.13108
0.130444
0.131921
0.129892
0.130618
0.134435
0.130671
0.13136
0.129355
0.128781
0.128267
0.128656
0.123126
0.130209
0.125597
0.122813
0.1255
0.123705
0.131741
0.128584
0.126417
0.132635
0.134978
0.136814
0.136465
0.131244
0.133126
0.130279
0.133783
0.134577
0.133202
0.130231
0.130391
0.128776
0.12875
0.129226
0.121361
0.129237
0.126407
0.127912
0.12872
0.11964
0.130618
0.132749
0.13765
0.137398
0.137859
0.135999
0.127401
0.136081
0.134563
0.134932
0.134152
0.132694
0.127477
0.127251
0.130295
0.125623
0.12145
0.130492
0.129954
0.13119
0.127404
0.129554
0.127888
0.129116
0.126542
0.127654
0.127148
0.128816
0.134668
0.13797
0.138744
0.136351
0.13423
0.131546
0.131517
0.129522
0.127368
0.12573
0.12532
0.126552
0.129813
0.129074
0.127739
0.124544
0.126451
0.127746
0.123533
0.128975
0.125792
0.120151
0.119758
0.124507
0.118712
0.118537
0.12037
0.122821
0.119843
0.119137
0.121559
0.122805
0.121539
0.119577
0.120438
0.113386
0.11719
0.113934
0.110943
0.111907
0.120836
0.119982
0.12493
0.127631
0.130226
0.129833
0.127552
0.129545
0.130324
0.130762
0.130666
0.129839
0.132212
0.130992
0.129001
0.130018
0.130806
0.129985
0.127078
0.128036
0.126126
0.124118
0.12506
0.125791
0.126058
0.122538
0.123293
0.122706
0.124453
0.11501
0.125552
0.121087
0.124954
0.123736
0.120653
0.123534
0.117738
0.130482
0.130795
0.127208
0.128357
0.131141
0.123058
0.127503
0.118159
0.111482
0.11386
0.106557
0.10976
0.104467
0.105363
0.101075
0.112962
0.119183
0.125859
0.120074
0.120946
0.124023
0.121021
0.123611
0.11948
0.114801
0.119499
0.120409
0.118379
0.11735
0.116458
0.119739
0.120144
0.122086
0.130609
0.127046
0.131866
0.123345
0.128936
0.129533
0.125226
0.123116
0.124266
0.127758
0.122924
0.127437
0.123807
0.123575
0.116996
0.123653
0.118595
0.117548
0.118573
0.119358
0.118263
0.116168
0.125973
0.12427
0.12435
0.124373
0.12344
0.118157
0.120402
0.114667
0.11701
0.115963
0.107109
0.111184
0.109975
0.114679
0.110328
0.107096
0.101366
0.106691
0.105885
0.106367
0.107678
0.100584
0.104416
0.105154
0.108328
0.106491
0.109489
0.109066
0.109178
0.103
0.112081
0.10779
0.108722
0.110565
0.113946
0.115036
0.114905
0.116506
0.114348
0.112257
0.10895
0.108525
0.10497
0.103574
0.105628
0.105543
0.103178
0.101489
0.099264
0.097874
0.096582
0.094875
0.094848
0.099309
0.094597
0.099133
0.095922
0.100256
0.09885
0.100153
0.100553
0.099378
0.095708
0.095148
0.095031
0.100601
0.098804
0.09928
0.100317
0.098913
0.101311
0.102819
0.102367
0.102082
0.101572
0.100078
0.096615
0.107319
0.102541
0.100272
0.103302
0.105247
0.118138
0.109531
0.114178
0.117069
0.116503
0.116637
0.118824
0.129148
0.125254
0.128099
0.125232
0.125232
0.123513
0.140108
0.128022
0.131094
0.125121
0.122399
0.122883
0.123245
0.126188
0.120668
0.129522
0.127674
0.122607
0.125372
0.119739
0.121409
0.123461
0.131505
0.119173
0.118027
0.117701
0.116378
0.117747
0.135509
0.126133
0.1265
0.135178
0.125967
0.124439
0.121697
0.124564
0.123601
0.132189
0.131899
0.126682
0.131791
0.124336
0.127126
0.13583
0.126047
0.129943
0.136083
0.128865
0.131734
0.129962
0.123973
0.127191
0.12822
0.125746
0.119683
0.131471
0.124987
0.123039
0.151123
0.13441
0.133012
0.132529
0.13212
0.138728
0.133659
0.134255
0.134157
0.132259
0.130938
0.135273
0.130815
0.133618
0.131781
0.131583
0.1304
0.135201
0.128925
0.134379
0.133963
0.130875
0.129425
0.127469
0.129304
0.120588
0.120151
0.129032
0.129628
0.125757
0.121456
0.116367
0.117256
0.115932
0.118666
0.121063
0.122756
0.124675
0.129423
0.132101
0.132977
0.128319
0.129034
0.125917
0.123211
0.12358
0.130957
0.13258
0.12985
0.129995
0.130374
0.130437
0.123815
0.127865
0.128266
0.128487
0.122893
0.119213
0.120873
0.119316
0.11702
0.122765
0.128709
0.124444
0.120023
0.121322
0.120638
0.125592
0.117373
0.112527
0.115161
0.107394
0.111563
0.109987
0.10531
0.103917
0.103664
0.106447
0.108112
0.106547
0.110356
0.105926
0.104631
0.106479
0.103913
0.103041
0.099897
0.10067
0.10247
0.105787
0.100419
0.104796
0.101668
0.097805
0.096241
0.104158
0.102706
0.10076
0.099525
0.103409
0.104711
0.101019
0.101165
0.104994
0.104875
0.102298
0.101255
0.103973
0.103333
0.10092
0.107385
0.101928
0.111815
0.102264
0.104417
0.099223
0.099525
0.106285
0.103561
0.112173
0.101939
0.107106
0.10368
0.121867
0.1085
0.114175
0.112156
0.110746
0.11389
0.12239
0.124231
0.125934
0.122479
0.140777
0.133406
0.137521
0.132653
0.133303
0.131282
0.128959
0.130286
0.128122
0.135818
0.132957
0.14195
0.145972
0.13585
0.140958
0.137115
0.138923
0.140175
0.133835
0.133099
0.133575
0.13923
0.143426
0.146646
0.143907
0.143271
0.136437
0.139083
0.139981
0.139549
0.139983
0.136493
0.132573
0.131898
0.13179
0.135248
0.138882
0.132013
0.13251
0.128865
0.130549
0.132116
0.129592
0.129883
0.127526
0.122623
0.125564
0.12531
0.130628
0.128395
0.124677
0.131573
0.129532
0.12877
0.122696
0.126095
0.124615
0.123305
0.121416
0.120126
0.109419
0.116435
0.116878
0.116804
0.121209
0.124948
0.121685
0.115584
0.122037
0.120894
0.116567
0.117788
0.119525
0.11818
0.116032
0.116716
0.119073
0.112199
0.121652
0.116477
0.110358
0.117598
0.126154
0.126462
0.126959
0.120085
0.119976
0.127101
0.123024
0.123331
0.11762
0.122646
0.120227
0.119314
0.120385
0.117813
0.121129
0.119868
0.12367
0.12074
0.118844
0.116827
0.112786
0.116816
0.120461
0.114185
0.116323
0.120132
0.117768
0.113519
0.11641
0.11399
0.112176
0.112282
0.111578
0.117161
0.12113
0.126308
0.127507
0.127419
0.123115
0.118368
0.122048
0.120233
0.122554
0.118592
0.120548
0.119872
0.117299
0.121251
0.119387
0.117105
0.117411
0.114013
0.11992
0.120568
0.116431
0.114917
0.120267
0.114662
0.119392
0.117532
0.116907
0.120339
0.11852
0.123139
0.121476
0.122106
0.123574
0.12321
0.125953
0.121986
0.121575
0.122388
0.125052
0.125556
0.122239
0.118089
0.122333
0.12357
0.12347
0.122579
0.117189
0.120638
0.121462
0.12507
0.122184
0.113501
0.126151
0.119921
0.123098
0.115818
0.117758
0.122017
0.120856
0.12007
0.120015
0.121607
0.121047
0.120513
0.121
0.116133
0.120387
0.123561
0.121711
0.122734
0.127345
0.12342
0.122726
0.125965
0.123321
0.123438
0.123409
0.124581
0.122743
0.122079
0.118635
0.115544
0.124286
0.123146
0.120132
0.12059
0.119546
0.119432
0.117088
0.12475
0.118684
0.121255
0.123298
0.123015
0.122324
0.116379
0.123619
0.124055
0.11912
0.126163
0.120525
0.124928
0.118731
0.123102
0.118383
0.1238
0.118875
0.127221
0.12409
0.123759
0.125939
0.121087
0.125076
0.124887
0.123771
0.117471
0.126632
0.118056
0.123739
0.118748
0.120381
0.125302
0.124814
0.115186
0.121644
0.118483
0.118742
0.124013
0.118869
0.122861
0.122079
0.120517
0.122863
0.118204
0.123975
0.123185
0.122477
0.123976
0.124133
0.12296
0.124392
0.118495
0.128321
0.122936
0.125879
0.119428
0.12266
0.127334
0.123577
0.123523
0.120163
0.1206
0.123365
0.124965
0.126481
0.121059
0.118284
0.125121
0.125344
0.12457
0.122292
0.121671
0.123295
0.126198
0.119746
0.116455
0.120552
0.12556
0.126024
0.12665
0.118669
0.116867
0.124099
0.124958
0.124329
0.123548
0.119165
0.123214
0.121997
0.125267
0.117051
0.124143
0.125423
0.12455
0.118014
0.124016
0.117589
0.122544
0.114532
0.121219
0.117292
0.120949
0.120299
0.117107
0.113229
0.120488
0.115288
0.118386
0.118768
0.120875
0.115792
0.110625
0.119332
0.115968
0.115826
0.12247
0.127122
0.129659
0.133385
0.133989
0.127839
0.124545
0.131628
0.128389
0.131243
0.121565
0.129048
0.126312
0.128616
0.12812
0.129115
0.131008
0.132578
0.131892
0.131762
0.138889
0.141063
0.137932
0.140422
0.137247
0.140813
0.141003
0.14086
0.143265
0.138487
0.142353
0.136788
0.130829
0.135277
0.135537
0.131206
0.133963
0.133382
0.140854
0.13599
0.142699
0.138816
0.137998
0.138207
0.142708
0.13733
0.140367
0.140018
0.134414
0.137659
0.13219
0.133644
0.136101
0.130121
0.137268
0.139026
0.135018
0.134251
0.130107
0.126667
0.126929
0.124257
0.124249
0.123174
0.124618
0.128268
0.135256
0.127166
0.129151
0.130049
0.125393
0.124237
0.11623
0.125289
0.125297
0.118135
0.123829
0.119478
0.118242
0.121826
0.120533
0.117061
0.113373
0.115872
0.122288
0.125033
0.119141
0.115932
0.11392
0.115996
0.114634
0.114467
0.119374
0.110396
0.120115
0.113828
0.118381
0.11708
0.110506
0.11039
0.105902
0.114867
0.113071
0.11138
0.112058
0.110575
0.108714
0.12337
0.11599
0.105969
0.112529
0.105115
0.107218
0.113834
0.119237
0.115389
0.114118
0.112362
0.110385
0.109774
0.102913
0.105205
0.099298
0.108084
0.10506
0.10674
0.109339
0.108494
0.10653
0.10681
0.113595
0.113309
0.108126
0.111978
0.111214
0.111063
0.11177
0.113796
0.112031
0.108111
0.110422
0.109724
0.106808
0.110564
0.115393
0.116301
0.118887
0.115573
0.113694
0.111787
0.114419
0.110567
0.10949
0.109445
0.107024
0.109804
0.110118
0.109742
0.110961
0.110374
0.110286
0.112047
0.112312
0.105445
0.105316
0.105765
0.108119
0.109901
0.110617
0.109711
0.108446
0.109219
0.112224
0.111963
0.10837
0.104098
0.110042
0.107571
0.108954
0.11284
0.113351
0.113227
0.105737
0.113507
0.107823
0.102015
0.109484
0.108272
0.11539
0.114391
0.115207
0.111132
0.110627
0.109781
0.106129
0.115471
0.115551
0.112392
0.114333
0.118775
0.115669
0.114156
0.113578
0.114041
0.111493
0.109794
0.121856
0.120184
0.124132
0.113029
0.119393
0.118678
0.114519
0.108521
0.10976
0.113992
0.11689
0.11783
0.120343
0.117923
0.110284
0.112441
0.117274
0.118645
0.115121
0.117288
0.115591
0.138744
0.130603
0.128877
0.122424
0.124981
0.125778
0.121504
0.122674
0.126247
0.125325
0.123443
0.125982
0.126191
0.123303
0.120282
0.12694
0.12453
0.124607
0.126457
0.135006
0.138425
0.140411
0.137666
0.132825
0.136007
0.13188
0.137111
0.136788
0.137358
0.140859
0.139552
0.145462
0.139774
0.142155
0.13778
0.136574
0.13809
0.136269
0.14107
0.138394
0.141477
0.139908
0.143639
0.139463
0.139549
0.137113
0.140282
0.13514
0.138746
0.141645
0.141336
0.138824
0.150925
0.155536
0.15312
0.160519
0.157235
0.152206
0.148684
0.150443
0.154768
0.145786
0.152798
0.152624
0.155156
0.15463
0.158598
0.147063
0.157465
0.147333
0.154357
0.156399
0.155454
0.151977
0.148883
0.155932
0.146048
0.15281
0.147475
0.155339
0.151871
0.150739
0.154583
0.148842
0.154287
0.15566
0.158688
0.151651
0.149666
0.146843
0.14736
0.150908
0.152061
0.155533
0.152772
0.158791
0.157205
0.157395
0.156192
0.15641
0.16022
0.160127
0.160038
0.1489
0.156802
0.152339
0.15643
0.155517
0.154675
0.154787
0.149536
0.150129
0.1501
0.149742
0.147126
0.143357
0.147155
0.150277
0.154461
0.150936
0.155353
0.149734
0.15263
0.149484
0.15565
0.152273
0.153862
0.148106
0.147808
0.159555
0.157096
0.149581
0.14976
0.15898
0.157626
0.153471
0.15525
0.15791
0.157828
0.155436
0.155286
0.154291
0.154902
0.151611
0.152535
0.152106
0.156246
0.155883
0.15611
0.156972
0.154092
0.148013
0.151852
0.149723
0.154196
0.152939
0.152816
0.154075
0.156998
0.156982
0.147412
0.157978
0.151885
0.152964
0.1494
0.1557
0.153863
0.155284
0.152146
0.153625
0.147154
0.14694
0.159296
0.145067
0.147698
0.149214
0.152786
0.152559
0.149818
0.144531
0.147678
0.148537
0.149634
0.147052
0.148743
0.147552
0.146339
0.149526
0.149995
0.148053
0.151701
0.149647
0.150368
0.150434
0.152818
0.158968
0.159923
0.150538
0.157799
0.151137
0.15649
0.14728
0.150981
0.149118
0.149641
0.151411
0.149226
0.145655
0.147826
0.152409
0.150178
0.149623
0.151429
0.153156
0.147989
0.152481
0.150247
0.150987
0.145476
0.151686
0.153559
0.149847
0.152814
0.149695
0.148746
0.150059
0.150929
0.15665
0.146864
0.156219
0.154291
0.151152
0.153895
0.152805
0.149629
0.149059
0.155485
0.154158
0.152228
0.154725
0.151167
0.153903
0.152906
0.155174
0.152962
0.150393
0.150838
0.148729
0.151101
0.152425
0.155559
0.154912
0.147547
0.150808
0.152473
0.148555
0.157145
0.154787
0.153018
0.151852
0.15367
0.154043
0.152286
0.156841
0.158253
0.152897
0.145056
0.153604
0.156841
0.152369
0.153251
0.152135
0.154542
0.150393
0.154166
0.149135
0.144879
0.14631
0.147128
0.145691
0.145568
0.145724
0.14306
0.15017
0.151882
0.148751
0.147747
0.154757
0.154481
0.151926
0.154228
0.153653
0.156098
0.152714
0.151901
0.152246
0.151152
0.153692
0.154392
0.145623
0.146291
0.148208
0.147463
0.153068
0.148881
0.152807
0.151421
0.150755
0.146455
0.150767
0.149233
0.149402
0.148979
0.150248
0.146311
0.150432
0.146018
0.148811
0.150084
0.148916
0.144468
0.146552
0.150279
0.148995
0.143614
0.144995
0.15136
0.148069
0.149373
0.145365
0.149508
0.149322
0.147948
0.150294
0.14841
0.151434
0.154714
0.148243
0.152734
0.149023
0.151855
0.153447
0.153351
0.151365
0.152355
0.153831
0.152015
0.148148
0.152827
0.157548
0.156692
0.146318
0.152055
0.155701
0.161004
0.155224
0.156657
0.158593
0.152221
0.157136
0.15089
0.154362
0.153556
0.1547
0.154288
0.152487
0.155859
0.157278
0.15175
0.150181
0.155846
0.155288
0.154777
0.151197
0.14751
0.146273
0.155065
0.150223
0.145441
0.151342
0.156207
0.152743
0.150917
0.15625
0.156992
0.153475
0.159644
0.149276
0.153671
0.14884
0.149139
0.155642
0.154919
0.155637
0.153392
0.150352
0.152596
0.145474
0.149855
0.144642
0.149571
0.15397
0.149616
0.144682
0.152093
0.148599
0.148803
0.151381
0.148232
0.150171
0.14832
0.149617
0.150849
0.149706
0.157553
0.155077
0.159103
0.149568
0.146402
0.145132
0.152709
0.147924
0.147678
0.14655
0.149895
0.148641
0.152101
0.153241
0.154999
0.15047
0.148828
0.150568
0.145054
0.152434
0.151662
0.148877
0.151533
0.152253
0.149844
0.149256
0.149424
0.15088
0.154241
0.145463
0.143605
0.148155
0.147248
0.150017
0.151196
0.148096
0.146701
0.146747
0.149235
0.150436
0.155377
0.155524
0.156241
0.153933
0.157844
0.154153
0.149115
0.153671
0.157473
0.155032
0.155486
0.155167
0.152622
0.15496
0.154533
0.158443
0.155743
0.152202
0.150552
0.155605
0.151182
0.151717
0.15082
0.150338
0.155489
0.147924
0.155023
0.153255
0.1516
0.151734
0.154532
0.156779
0.14713
0.151895
0.146605
0.148475
0.152062
0.154243
0.151861
0.150203
0.145392
0.152908
0.147667
0.15463
0.152231
0.153894
0.151584
0.15147
0.150774
0.150896
0.148735
0.148737
0.142198
0.14911
0.149303
0.146024
0.149013
0.151451
0.145666
0.145909
0.147389
0.150432
0.154524
0.149846
0.153867
0.154038
0.150714
0.151672
0.15358
0.150348
0.142992
0.153278
0.150254
0.148446
0.147885
0.148045
0.148303
0.144109
0.146976
0.146406
0.15016
0.14531
0.151984
0.145135
0.144686
0.143838
0.145771
0.142379
0.145234
0.151026
0.149343
0.14725
0.148608
0.144144
0.148814
0.151622
0.145101
0.14611
0.139282
0.142273
0.145967
0.143642
0.144229
0.144126
0.143331
0.149443
0.142255
0.13862
0.140721
0.138404
0.136048
0.135156
0.134772
0.135722
0.136615
0.134337
0.13553
0.139797
0.137111
0.128097
0.131451
0.128499
0.133034
0.13317
0.141698
0.144042
0.146294
0.138468
0.139574
0.140324
0.13936
0.138678
0.139218
0.140926
0.132345
0.134457
0.136827
0.130777
0.131362
0.129536
0.128117
0.126154
0.128796
0.127778
0.12605
0.134696
0.128006
0.129517
0.127689
0.128799
0.124573
0.131206
0.130074
0.126756
0.128221
0.125053
0.124053
0.126825
0.127767
0.125184
0.126939
0.128561
0.130058
0.133921
0.119925
0.120941
0.125873
0.123953
0.12281
0.127555
0.127213
0.126792
0.130609
0.130201
0.126406
0.123803
0.120233
0.124672
0.12256
0.120417
0.117712
0.122381
0.123563
0.113889
0.121898
0.120909
0.116003
0.115549
0.121051
0.11914
0.11635
0.118089
0.117944
0.117493
0.11714
0.117083
0.116298
0.119227
0.119526
0.113444
0.112791
0.112451
0.11206
0.107955
0.120722
0.121209
0.117948
0.115225
0.117868
0.111904
0.112663
0.109817
0.111903
0.11554
0.114168
0.115871
0.116187
0.116072
0.120815
0.119776
0.113724
0.123064
0.119859
0.124532
0.127011
0.114042
0.120123
0.119289
0.112006
0.127033
0.118161
0.124069
0.119372
0.120519
0.120679
0.122693
0.112604
0.120502
0.124107
0.119721
0.122059
0.123985
0.123969
0.119316
0.120603
0.116075
0.121598
0.115224
0.115595
0.114409
0.115788
0.117759
0.118101
0.118098
0.114761
0.112341
0.114958
0.119568
0.118647
0.114855
0.11567
0.111598
0.11299
0.11858
0.117415
0.121325
0.117467
0.121158
0.117906
0.119752
0.118402
0.122155
0.119967
0.123555
0.122795
0.121855
0.127006
0.127497
0.127835
0.120138
0.120717
0.126862
0.134962
0.130126
0.127591
0.130462
0.136105
0.130422
0.130509
0.131401
0.13214
0.129509
0.126957
0.127836
0.129687
0.119655
0.141729
0.126948
0.128173
0.119008
0.125441
0.121643
0.120785
0.130737
0.125916
0.123286
0.125187
0.123836
0.125872
0.122737
0.136903
0.128789
0.132138
0.132598
0.131074
0.131423
0.147728
0.131909
0.130292
0.132019
0.130365
0.124463
0.133332
0.141243
0.131415
0.133271
0.129266
0.127022
0.123313
0.124348
0.144349
0.124181
0.126836
0.124938
0.122353
0.120994
0.133258
0.126194
0.127286
0.12074
0.117439
0.113636
0.11465
0.113008
0.117702
0.112891
0.112575
0.116625
0.115514
0.112889
0.114215
0.120024
0.112484
0.113303
0.110579
0.109579
0.110349
0.109107
0.098919
0.110964
0.099679
0.101564
0.105242
0.100527
0.098387
0.105218
0.096364
0.103236
0.09547
0.094339
0.098349
0.096401
0.109721
0.100237
0.097877
0.09197
0.091941
0.088653
0.085578
0.081074
0.085057
0.088572
0.088735
0.101274
0.095178
0.087228
0.090212
0.0917
0.08296
0.082536
0.083004
0.092717
0.089812
0.09024
0.086057
0.089011
0.089015
0.083628
0.097909
0.092996
0.084138
0.079438
0.076752
0.073465
0.070393
0.077997
0.075835
0.072162
0.072695
0.087652
0.080492
0.071053
0.071711
0.065514
0.06574
0.066548
0.072479
0.074151
0.082172
0.081509
0.078857
0.073423
0.072935
0.064587
0.069157
0.070259
0.073145
0.074165
0.088719
0.086666
0.081507
0.084428
0.08846
0.087424
0.091156
0.089358
0.087368
0.092434
0.093146
0.091225
0.091183
0.091975
0.096393
0.090813
0.086963
0.08646
0.096944
0.08815
0.091976
0.088496
0.092565
0.088537
0.086392
0.08398
0.081108
0.077608
0.075839
0.072324
0.073555
0.077284
0.077906
0.079419
0.094006
0.085429
0.086971
0.084908
0.085905
0.083258
0.079132
0.077561
0.080157
0.07766
0.078992
0.078898
0.075701
0.087706
0.079633
0.080068
0.081052
0.089468
0.083975
0.083016
0.078558
0.076456
0.07312
0.074999
0.074597
0.076155
0.072575
0.074275
0.071442
0.084979
0.075736
0.075051
0.069571
0.072096
0.073298
0.073461
0.077231
0.074517
0.072625
0.068284
0.071355
0.071663
0.068649
0.074072
0.068835
0.068325
0.070513
0.074359
0.073951
0.073638
0.072442
0.072271
0.076223
0.07043
0.067973
0.069733
0.085515
0.073353
0.073474
0.072901
0.070072
0.067939
0.073843
0.074447
0.072532
0.076194
0.070408
0.07159
0.071584
0.069285
0.066459
0.072423
0.07222
0.070764
0.071006
0.069912
0.065494
0.068208
0.078698
0.070732
0.069531
0.067175
0.070034
0.066265
0.070069
0.069134
0.068259
0.070505
0.066366
0.071519
0.074665
0.072186
0.072644
0.071499
0.072442
0.080386
0.075407
0.071158
0.071605
0.070528
0.071636
0.067074
0.077063
0.080585
0.080413
0.078395
0.076558
0.075107
0.07451
0.072526
0.071931
0.072176
0.074021
0.077389
0.077968
0.086352
0.077595
0.081433
0.078676
0.078988
0.077208
0.074894
0.079934
0.078862
0.073419
0.079003
0.077231
0.092716
0.083656
0.083037
0.078538
0.081272
0.080948
0.078622
0.075842
0.076404
0.084632
0.082117
0.082138
0.096569
0.085931
0.085847
0.083636
0.078873
0.079035
0.079241
0.080709
0.083292
0.081151
0.077803
0.078168
0.085942
0.10478
0.086597
0.084115
0.082409
0.086631
0.08716
0.08137
0.082852
0.079717
0.082019
0.082159
0.084316
0.084366
0.088699
0.08753
0.082645
0.08162
0.099996
0.088451
0.081069
0.083633
0.085883
0.081585
0.084105
0.081301
0.081284
0.08926
0.085194
0.085682
0.088388
0.099283
0.088352
0.086067
0.089184
0.085829
0.08562
0.084146
0.081476
0.093251
0.08954
0.085147
0.092453
0.1064
0.103457
0.09759
0.101002
0.096524
0.10707
0.105443
0.1096
0.115456
0.118018
0.113493
0.119101
0.114294
0.117886
0.126772
0.119025
0.121541
0.117931
0.120327
0.117589
0.109946
0.117243
0.110175
0.116254
0.119567
0.131579
0.123596
0.12495
0.120175
0.120822
0.114442
0.108535
0.114237
0.121693
0.122484
0.123276
0.120176
0.138856
0.129639
0.122637
0.122683
0.116605
0.112711
0.11229
0.11377
0.118186
0.113918
0.112072
0.115521
0.117209
0.133535
0.122132
0.119505
0.118444
0.118655
0.113182
0.111107
0.114951
0.114763
0.116525
0.115164
0.114064
0.12614
0.12476
0.122286
0.117234
0.119434
0.12213
0.124666
0.121414
0.118763
0.14024
0.125889
0.126662
0.126953
0.121603
0.122694
0.129894
0.121012
0.128971
0.142741
0.145358
0.134553
0.127622
0.127741
0.130823
0.125706
0.123928
0.124793
0.121205
0.123183
0.1226
0.123525
0.120928
0.144862
0.1296
0.119474
0.1199
0.123128
0.117992
0.119401
0.12401
0.117784
0.12512
0.134319
0.132198
0.13218
0.12858
0.127079
0.128411
0.126912
0.123673
0.126984
0.131076
0.132108
0.122665
0.133421
0.130162
0.123456
0.123162
0.122295
0.123232
0.120062
0.140121
0.123052
0.124924
0.127979
0.122024
0.125611
0.128559
0.131293
0.149416
0.136334
0.140226
0.136055
0.13007
0.126412
0.126602
0.121637
0.123391
0.122677
0.125476
0.125457
0.127676
0.151706
0.128906
0.126201
0.116649
0.119035
0.115615
0.109175
0.111173
0.105165
0.107318
0.114484
0.111694
0.107489
0.124034
0.102607
0.104301
0.099528
0.10037
0.097464
0.095303
0.092228
0.098532
0.097806
0.09779
0.098832
0.123021
0.109415
0.111976
0.110633
0.110526
0.110221
0.11219
0.103845
0.103762
0.112545
0.111478
0.110967
0.111939
0.116171
0.113842
0.1407
0.114063
0.115989
0.112452
0.111446
0.11539
0.106414
0.109155
0.101576
0.105259
0.107115
0.107448
0.11061
0.110216
0.109584
0.139218
0.115011
0.10828
0.10758
0.104199
0.110032
0.105071
0.104993
0.105507
0.108835
0.109714
0.116508
0.113754
0.146641
0.122886
0.12009
0.117402
0.11845
0.115284
0.113125
0.114002
0.109417
0.115184
0.11058
0.115391
0.106348
0.113436
0.113083
0.115726
0.112168
0.114932
0.110743
0.121024
0.116956
0.113366
0.113155
0.107958
0.126022
0.117596
0.115962
0.114101
0.110402
0.104869
0.121122
0.113396
0.110662
0.107942
0.106959
0.103208
0.114158
0.105036
0.11803
0.105089
0.122127
0.103805
0.106395
0.105803
0.104759
0.100284
0.106245
0.11514
0.115776
0.11243
0.109229
0.108085
0.112297
0.148689
0.128711
0.125236
0.124323
0.122835
0.120235
0.120814
0.118934
0.117397
0.112675
0.111335
0.113535
0.117303
0.113852
0.114183
0.108961
0.107265
0.10465
0.108156
0.110049
0.11396
0.105545
0.107537
0.110193
0.104044
0.114645
0.108735
0.107181
0.104442
0.101184
0.107622
0.12617
0.099939
0.107554
0.1073
0.106705
0.10708
0.109209
0.107866
0.124795
0.111312
0.115093
0.111028
0.111792
0.112018
0.113025
0.110921
0.118913
0.110694
0.112652
0.112758
0.11455
0.115466
0.112962
0.117948
0.114883
0.114424
0.112292
0.111856
0.112284
0.121209
0.118679
0.118292
0.112046
0.114068
0.111852
0.120564
0.116594
0.111348
0.111129
0.124892
0.121781
0.111162
0.109677
0.103194
0.110348
0.105766
0.112628
0.107288
0.108336
0.107454
0.108278
0.122223
0.108533
0.112151
0.105346
0.104056
0.107463
0.110983
0.112092
0.109535
0.109076
0.103237
0.103151
0.105928
0.109736
0.113685
0.116974
0.117234
0.106714
0.115411
0.113129
0.110845
0.112326
0.113159
0.109627
0.111524
0.11273
0.111016
0.110279
0.109818
0.112993
0.109556
0.118653
0.120646
0.119499
0.121951
0.121855
0.123191
0.122814
0.122429
0.124926
0.119821
0.122314
0.119028
0.124927
0.119412
0.119624
0.12227
0.121968
0.122414
0.117304
0.117335
0.112909
0.115311
0.118402
0.120247
0.122458
0.112935
0.117641
0.126569
0.134098
0.12807
0.132529
0.129146
0.129769
0.126509
0.127752
0.132557
0.132104
0.131907
0.131472
0.123158
0.129602
0.123632
0.128157
0.1258
0.127933
0.124795
0.120626
0.125315
0.127042
0.122777
0.123726
0.126964
0.131071
0.132513
0.130792
0.129444
0.126997
0.124766
0.120845
0.122741
0.121859
0.120433
0.117661
0.113101
0.115315
0.118927
0.11831
0.11689
0.113506
0.115961
0.113838
0.111967
0.11942
0.118615
0.117117
0.118638
0.119674
0.122664
0.121644
0.114209
0.117752
0.118756
0.115232
0.117058
0.110857
0.109712
0.112808
0.113024
0.117208
0.117666
0.112903
0.11465
0.126188
0.119875
0.11765
0.118008
0.115716
0.116233
0.113997
0.112784
0.112325
0.113644
0.109882
0.11432
0.110648
0.105756
0.108244
0.099515
0.105685
0.098482
0.095612
0.098091
0.097789
0.093945
0.097576
0.104159
0.096142
0.094728
0.098324
0.099958
0.098391
0.098751
0.090668
0.101062
0.09948
0.101476
0.102867
0.095527
0.099711
0.100708
0.108392
0.106749
0.099267
0.097673
0.104261
0.097892
0.11452
0.107512
0.104744
0.09442
0.097868
0.110978
0.100946
0.102727
0.109653
0.106448
0.107344
0.116876
0.108541
0.107752
0.104352
0.107268
0.105847
0.107721
0.105131
0.102429
0.096852
0.102953
0.103925
0.108203
0.108038
0.10351
0.101801
0.112533
0.104552
0.103409
0.102602
0.102272
0.103889
0.103148
0.112716
0.110063
0.109125
0.106242
0.105346
0.1074
0.110764
0.111424
0.11176
0.11467
0.111501
0.112464
0.117597
0.116466
0.113776
0.108042
0.108407
0.107635
0.105507
0.10743
0.103501
0.104756
0.109872
0.108896
0.110969
0.107819
0.098353
0.105125
0.111776
0.103159
0.103705
0.104465
0.102797
0.11143
0.110021
0.120776
0.111167
0.101852
0.106961
0.104956
0.106429
0.102878
0.099551
0.095561
0.097827
0.091736
0.09456
0.096659
0.091789
0.091514
0.096574
0.096051
0.098509
0.096058
0.097552
0.089674
0.094751
0.104969
0.099219
0.098883
0.095462
0.093022
0.094659
0.093215
0.096615
0.089813
0.091345
0.096177
0.097779
0.093754
0.099875
0.096707
0.098682
0.099052
0.097889
0.097776
0.09447
0.094045
0.097873
0.099795
0.095031
0.099901
0.104379
0.107812
0.105287
0.107274
0.100892
0.103476
0.104936
0.101465
0.102354
0.10273
0.104276
0.103666
0.105846
0.107094
0.106928
0.103352
0.104243
0.100621
0.100769
0.101914
0.100542
0.096081
0.100248
0.094274
0.103005
0.098245
0.099502
0.095676
0.095881
0.099705
0.106304
0.100612
0.1002
0.101415
0.101062
0.099357
0.101534
0.100484
0.100068
0.101732
0.099648
0.101993
0.101218
0.100441
0.101279
0.103511
0.100292
0.099275
0.103516
0.105031
0.103305
0.096495
0.099131
0.104211
0.097022
0.098646
0.099689
0.099641
0.101795
0.093103
0.098452
0.101614
0.107141
0.106538
0.095022
0.096425
0.098567
0.101418
0.105105
0.098717
0.096592
0.095455
0.097578
0.093839
0.094822
0.097058
0.097001
0.091122
0.092303
0.096748
0.094791
0.094185
0.094023
0.09437
0.090366
0.091645
0.094946
0.092588
0.094641
0.095833
0.091603
0.089938
0.094107
0.093579
0.085985
0.089954
0.090897
0.088198
0.09109
0.089511
0.089268
0.08801
0.088347
0.085237
