0.020825
0.105072
0.111012
0.104279
0.10512
0.11163
0.107946
0.119388
0.118145
0.117727
0.113046
0.113839
0.112814
0.118742
0.117705
0.115316
0.116104
0.109751
0.117804
0.1192
0.113765
0.119836
0.116043
0.113273
0.12135
0.121284
0.119091
0.117622
0.118295
0.117315
0.118558
0.117429
0.117899
0.120666
0.118291
0.113806
0.116122
0.113108
0.115024
0.121549
0.119238
0.122253
0.122183
0.11846
0.116372
0.119028
0.115852
0.119679
0.118398
0.121844
0.122442
0.112745
0.121298
0.121912
0.116756
0.123238
0.124902
0.121913
0.114911
0.120766
0.120051
0.12087
0.120378
0.116099
0.114679
0.121436
0.122044
0.119804
0.121036
0.118312
0.119145
0.120321
0.116968
0.116399
0.119119
0.116707
0.118786
0.119765
0.118587
0.120451
0.119214
0.132432
0.138277
0.133502
0.139871
0.140768
0.137292
0.134958
0.134081
0.128396
0.130633
0.13149
0.128915
0.128086
0.126119
0.127175
0.128251
0.130991
0.134955
0.133322
0.132054
0.127001
0.129565
0.129384
0.126883
0.129113
0.12664
0.125786
0.128618
0.127306
0.126383
0.123052
0.124004
0.124374
0.124176
0.123416
0.117495
0.132151
0.13437
0.131248
0.133857
0.132936
0.12762
0.131433
0.132643
0.134274
0.133396
0.133073
0.133094
0.131898
0.132858
0.13053
0.131551
0.129723
0.131054
0.129255
0.126135
0.130693
0.130716
0.12698
0.126325
0.128361
0.126777
0.126423
0.127886
0.127646
0.128843
0.123809
0.12511
0.124682
0.122781
0.124824
0.124508
0.122854
0.131424
0.139727
0.140051
0.139234
0.137569
0.130008
0.134161
0.131497
0.136458
0.134124
0.133531
0.13167
0.131055
0.133029
0.135011
0.131602
0.130256
0.133977
0.131582
0.128037
0.128718
0.128658
0.128519
0.121728
0.129171
0.127072
0.123607
0.126481
0.123314
0.123073
0.126583
0.126156
0.126752
0.126463
0.125824
0.127946
0.122938
0.127568
0.127383
0.124374
0.128239
0.119758
0.127503
0.128708
0.126014
0.120915
0.122627
0.122351
0.120805
0.121786
0.122463
0.115853
0.114947
0.119069
0.123664
0.127838
0.124799
0.127767
0.13294
0.12841
0.131514
0.128743
0.131396
0.133534
0.128553
0.133462
0.12919
0.127196
0.128215
0.128099
0.128961
0.125861
0.125069
0.129177
0.125844
0.127135
0.124771
0.1309
0.13281
0.128334
0.131853
0.130924
0.13118
0.130219
0.129948
0.129194
0.132028
0.134017
0.128995
0.132395
0.136311
0.132995
0.134344
0.135222
0.132955
0.134973
0.131859
0.129701
0.13139
0.128342
0.128578
0.128143
0.128846
0.127347
0.12805
0.129208
0.126963
0.134305
0.133132
0.128985
0.131619
0.133016
0.131772
0.133444
0.130898
0.131819
0.12742
0.132198
0.131415
0.129321
0.127898
0.128938
0.134869
0.135486
0.140119
0.145102
0.147024
0.153438
0.153431
0.152513
0.148179
0.150399
0.151668
0.149521
0.146769
0.149487
0.14367
0.145509
0.149616
0.151343
0.15082
0.155266
0.149652
0.150476
0.149863
0.14791
0.154299
0.150629
0.147875
0.152487
0.149444
0.153194
0.154096
0.156174
0.156059
0.152673
0.157457
0.150757
0.154237
0.148249
0.149468
0.147505
0.147733
0.152416
0.149209
0.14778
0.149808
0.14495
0.14928
0.145313
0.147389
0.143912
0.143854
0.139222
0.140854
0.140927
0.147425
0.141927
0.141954
0.144412
0.147954
0.142617
0.140446
0.143476
0.136777
0.141444
0.142989
0.139292
0.151917
0.157802
0.164828
0.155426
0.157474
0.155511
0.158926
0.147821
0.145907
0.15135
0.146139
0.142547
0.135785
0.137418
0.140005
0.142923
0.132756
0.140166
0.135203
0.135321
0.137425
0.133067
0.142185
0.138749
0.134496
0.144882
0.136501
0.164703
0.152903
0.153075
0.150396
0.140948
0.149225
0.148024
0.15063
0.150059
0.150027
0.144493
0.152855
0.148788
0.158626
0.153036
0.153925
0.144125
0.162264
0.150893
0.153221
0.150794
0.148039
0.138708
0.144854
0.145752
0.152564
0.141934
0.143986
0.146199
0.142162
0.144654
0.148085
0.146527
0.155174
0.145348
0.147646
0.149128
0.151282
0.151627
0.144336
0.153603
0.153067
0.146864
0.151516
0.148623
0.144949
0.146837
0.139825
0.146664
0.151009
0.154669
0.158165
0.157592
0.162482
0.155567
0.150802
0.157701
0.154145
0.15316
0.150015
0.152517
0.151928
0.154107
0.15238
0.156229
0.157859
0.156836
0.154425
0.154763
0.149491
0.146788
0.152777
0.150972
0.151947
0.15345
0.156474
0.156762
0.14814
0.148818
0.15034
0.14451
0.151558
0.15145
0.152297
0.14926
0.146654
0.155817
0.155911
0.155029
0.153738
0.155542
0.152855
0.154998
0.151656
0.15573
0.154188
0.157561
0.151117
0.147704
0.148309
0.153192
0.153132
0.158941
0.15084
0.152909
0.148058
0.149138
0.146928
0.149867
0.148981
0.148504
0.148454
0.14971
0.147051
0.155144
0.154357
0.147977
0.149485
0.148671
0.153041
0.150071
0.147388
0.15043
0.152848
0.154343
0.164622
0.155459
0.151429
0.149112
0.149622
0.152448
0.149619
0.147654
0.144146
0.143607
0.146169
0.145972
0.14662
0.147245
0.140758
0.148953
0.15111
0.146665
0.149224
0.149018
0.143715
0.144097
0.154256
0.152599
0.157554
0.156297
0.154403
0.152525
0.152483
0.149297
0.150352
0.153908
0.151492
0.154816
0.157233
0.162926
0.156109
0.157674
0.159928
0.153502
0.149343
0.165931
0.152994
0.152072
0.154461
0.158091
0.15739
0.156722
0.156946
0.153501
0.158333
0.161065
0.15839
0.15258
0.156765
0.152098
0.164828
0.154847
0.153059
0.145263
0.15073
0.147772
0.16508
0.157647
0.152606
0.150821
0.150954
0.146327
0.145525
0.164079
0.157031
0.153984
0.153961
0.142297
0.151255
0.148339
0.162036
0.15077
0.151826
0.144602
0.146387
0.15165
0.167632
0.158666
0.155331
0.156575
0.153794
0.154317
0.155944
0.167087
0.155921
0.158387
0.153417
0.153659
0.150154
0.165164
0.155385
0.151702
0.151108
0.149969
0.167658
0.162489
0.15582
0.156937
0.157945
0.156322
0.155436
0.154563
0.156779
0.155293
0.152309
0.153925
0.15869
0.154362
0.191664
0.168277
0.167746
0.168129
0.162738
0.157587
0.157258
0.163978
0.158858
0.154578
0.156947
0.156632
0.156005
0.160985
0.158057
0.159444
0.18162
0.16383
0.163082
0.160722
0.157222
0.157366
0.152916
0.148021
0.148961
0.152095
0.154718
0.150987
0.150699
0.145698
0.156786
0.147566
0.156102
0.16358
0.150997
0.151486
0.178732
0.158549
0.156809
0.156786
0.14791
0.149368
0.145771
0.152898
0.150257
0.15109
0.146
0.149776
0.144616
0.178174
0.159688
0.162105
0.153996
0.155882
0.153079
0.145685
0.144654
0.149489
0.144561
0.144201
0.151234
0.145255
0.144393
0.137649
0.147444
0.143173
0.139206
0.162692
0.150209
0.150018
0.144092
0.137817
0.140363
0.137842
0.132989
0.140673
0.141065
0.135638
0.137545
0.168049
0.144975
0.147422
0.142205
0.137485
0.130956
0.132255
0.146667
0.134716
0.137445
0.125212
0.132789
0.156099
0.13417
0.134423
0.132075
0.130884
0.126544
0.144103
0.136697
0.136579
0.128218
0.118027
0.144295
0.131133
0.124514
0.137255
0.132085
0.12509
0.121455
0.132484
0.126563
0.123995
0.125042
0.116651
0.117453
0.117632
0.121901
0.127639
0.128878
0.117017
0.118299
0.124936
0.124716
0.12208
0.117027
0.118942
0.12246
0.121258
0.11611
0.12184
0.114817
0.114334
0.122514
0.116493
0.113928
0.11069
0.109085
0.113645
0.11322
0.110934
0.109768
0.112904
0.110676
0.112854
0.112719
0.111687
0.112766
0.108335
0.118558
0.114234
0.116036
0.120643
0.113565
0.118463
0.122336
0.130477
0.129343
0.129296
0.128675
0.130516
0.127108
0.126915
0.135751
0.129797
0.129943
0.134866
0.132439
0.146015
0.143458
0.133985
0.135673
0.135187
0.137909
0.136681
0.135195
0.129939
0.13724
0.1359
0.136347
0.136574
0.132077
0.135108
0.133459
0.144385
0.139585
0.139262
0.136807
0.131958
0.133132
0.137526
0.136936
0.132685
0.140588
0.145073
0.145515
0.143314
0.138343
0.142695
0.154187
0.15206
0.147155
0.141476
0.147687
0.140275
0.145584
0.156723
0.144562
0.145568
0.145359
0.141186
0.148519
0.160677
0.144261
0.139624
0.141859
0.135662
0.13573
0.141713
0.147663
0.136363
0.136545
0.13425
0.130818
0.13555
0.13177
0.13573
0.128813
0.128007
0.127951
0.128969
0.121037
0.12871
0.124606
0.125784
0.144926
0.127191
0.125084
0.117842
0.13245
0.133058
0.123024
0.122936
0.12127
0.114877
0.13294
0.124151
0.122257
0.121878
0.119836
0.136175
0.128788
0.12312
0.123656
0.122698
0.121413
0.120354
0.124467
0.132674
0.126415
0.116037
0.121563
0.121453
0.117663
0.121345
0.117392
0.116566
0.120047
0.116144
0.11702
0.120234
0.120447
0.118919
0.116074
0.125095
0.117428
0.120638
0.118843
0.11485
0.123012
0.130087
0.121792
0.122411
0.117436
0.120351
0.116073
0.135939
0.124929
0.12083
0.123329
0.118901
0.118848
0.123772
0.124712
0.11961
0.122475
0.12247
0.11638
0.121369
0.127178
0.122617
0.127348
0.122546
0.134214
0.131853
0.126966
0.124824
0.117429
0.117944
0.12903
0.117677
0.12352
0.120333
0.117191
0.11824
0.124824
0.12524
0.128487
0.148956
0.140291
0.141324
0.137354
0.135072
0.129806
0.13098
0.128558
0.128858
0.123778
0.135538
0.133554
0.134895
0.137728
0.135316
0.138721
0.136238
0.137555
0.134564
0.132154
0.145579
0.140963
0.141805
0.140848
0.137098
0.140637
0.136567
0.135812
0.134735
0.135769
0.135252
0.134664
0.136911
0.136372
0.134651
0.131059
0.147455
0.133338
0.127206
0.120867
0.119992
0.119039
0.125323
0.126702
0.121737
0.116588
0.120821
0.118159
0.134877
0.117812
0.118074
0.117745
0.110026
0.112585
0.110059
0.120622
0.114103
0.105779
0.103165
0.108032
0.105209
0.109206
0.113231
0.106178
0.100192
0.105358
0.106125
0.108797
0.10921
0.116117
0.110097
0.101069
0.096864
0.11039
0.107675
0.106516
0.121138
0.10882
0.105693
0.103137
0.101606
0.097338
0.103082
0.103761
0.104253
0.100334
0.102407
0.099311
0.115355
0.111954
0.111334
0.112471
0.112983
0.110732
0.102484
0.112011
0.111214
0.107352
0.109832
0.109773
0.113865
0.113948
0.115808
0.108774
0.102365
0.104838
0.103501
0.116005
0.108722
0.107746
0.102825
0.108782
0.105953
0.111685
0.104262
0.111002
0.106387
0.108419
0.106052
0.108662
0.106438
0.10795
0.113587
0.106377
0.106526
0.108602
0.100995
0.10138
0.103396
0.104162
0.108411
0.106323
0.1066
0.101112
0.103893
0.105027
0.104291
0.100138
0.106796
0.10285
0.10487
0.106094
0.111003
0.113098
0.112594
0.110235
0.109159
0.106726
0.106652
0.106857
0.102451
0.105107
0.110132
0.107628
0.108309
0.110639
0.107012
0.109703
0.114787
0.112096
0.10775
0.10801
0.109022
0.110461
0.107923
0.107644
0.106321
0.109559
0.107561
0.10985
0.110511
0.112623
0.109543
0.109842
0.105111
0.104944
0.110364
0.110673
0.110406
0.106929
0.111999
0.11577
0.111956
0.107369
0.11664
0.11396
0.113388
0.112052
0.113226
0.112068
0.121776
0.117637
0.115943
0.113619
0.11628
0.111385
0.115953
0.113186
0.112366
0.109358
0.111774
0.110844
0.109586
0.112423
0.117802
0.120462
0.119854
0.120284
0.11968
0.118582
0.117664
0.115032
0.114509
0.11496
0.11168
0.112185
0.11227
0.117155
0.12289
0.114461
0.11787
0.116963
0.119758
0.11672
0.121107
0.117865
0.119324
0.118864
0.121813
0.120805
0.119834
0.120078
0.119904
0.121176
0.118844
0.112996
0.119626
0.122331
0.125369
0.119212
0.11945
0.120105
0.115521
0.112155
0.113815
0.113967
0.112405
0.115394
0.115812
0.114585
0.114626
0.112486
0.108787
0.108311
0.1105
0.10822
0.10947
0.109192
0.112688
0.11421
0.114464
0.112686
0.111098
0.109487
0.10361
0.103796
0.097481
0.097508
0.099995
0.10219
0.100883
0.096693
0.096065
0.105317
0.100159
0.09995
0.094194
0.092377
0.091887
0.093191
0.101269
0.094849
0.095154
0.094869
0.108745
0.102179
0.09966
0.099898
0.102667
0.10277
0.102188
0.102558
0.099702
0.101359
0.099181
0.097827
0.108149
0.097892
0.095863
0.092031
0.093855
0.095014
0.0938
0.099128
0.094428
0.09355
0.09522
0.097374
0.099226
0.09869
0.122439
0.111149
0.103559
0.10153
0.100242
0.100214
0.097389
0.094954
0.094257
0.093878
0.09236
0.094114
0.096339
0.096909
0.100184
0.102968
0.117559
0.112035
0.105839
0.103034
0.103419
0.104291
0.097414
0.100034
0.096636
0.093829
0.091077
0.090616
0.096463
0.096199
0.09433
0.094808
0.093732
0.093124
0.116422
0.101215
0.102458
0.106055
0.099439
0.093511
0.097237
0.091485
0.094075
0.090211
0.088917
0.091827
0.093844
0.091439
0.0958
0.111424
0.102217
0.102307
0.099445
0.098561
0.098641
0.097726
0.095382
0.093151
0.093899
0.100486
0.095865
0.092256
0.099231
0.098118
0.111838
0.107407
0.104022
0.103248
0.104697
0.105523
0.101264
0.101428
0.109348
0.125756
0.119591
0.119014
0.113852
0.108581
0.110468
0.110806
0.106791
0.104731
0.103764
0.106764
0.106714
0.109483
0.110907
0.110313
0.132665
0.123156
0.118051
0.107363
0.112591
0.111492
0.105806
0.105849
0.105527
0.111934
0.112465
0.111954
0.113129
0.115912
0.115804
0.124056
0.120362
0.119281
0.116202
0.113006
0.108121
0.108811
0.112681
0.104541
0.112758
0.112427
0.110932
0.131116
0.123249
0.120616
0.115925
0.114237
0.111021
0.112153
0.111709
0.10786
0.111488
0.108442
0.114131
0.111192
0.113308
0.129561
0.118481
0.119776
0.114651
0.117284
0.120675
0.114242
0.131648
0.13501
0.135851
0.130043
0.124234
0.12514
0.122996
0.123691
0.12786
0.129638
0.122868
0.124045
0.117042
0.137124
0.128983
0.12085
0.120952
0.13207
0.129044
0.125943
0.120864
0.122569
0.12248
0.136077
0.129937
0.131431
0.128176
0.146119
0.139902
0.136832
0.135478
0.128718
0.12499
0.124289
0.121694
0.126188
0.125297
0.130472
0.127806
0.129879
0.130395
0.150159
0.142013
0.13627
0.132317
0.131335
0.126835
0.121785
0.127028
0.119155
0.123689
0.123387
0.127639
0.1296
0.123967
0.148854
0.132175
0.135194
0.133282
0.128773
0.124886
0.119536
0.123696
0.12615
0.120886
0.118293
0.124193
0.12585
0.114828
0.118383
0.113551
0.120274
0.112283
0.121969
0.112967
0.112717
0.113986
0.117388
0.116902
0.114328
0.120784
0.112402
0.112185
0.117001
0.121131
0.113249
0.117865
0.122001
0.120529
0.123035
0.125643
0.122792
0.122209
0.136074
0.132289
0.12596
0.123901
0.12696
0.132124
0.130217
0.122435
0.11941
0.122274
0.121567
0.135265
0.121817
0.125951
0.115325
0.114679
0.137387
0.12582
0.127142
0.125606
0.139303
0.129983
0.129902
0.126811
0.123486
0.129175
0.12714
0.1246
0.125593
0.1282
0.135856
0.125545
0.12418
0.126653
0.124785
0.133046
0.123163
0.1278
0.126321
0.125066
0.134668
0.124125
0.127404
0.124433
0.118439
0.13087
0.125584
0.118232
0.116427
0.116133
0.114075
0.112514
0.121096
0.111408
0.108538
0.103931
0.117282
0.107979
0.120933
0.110371
0.119742
0.106687
0.107555
0.109952
0.109742
0.109162
0.111466
0.103669
0.105884
0.112166
0.1284
0.115901
0.12523
0.118601
0.116922
0.113779
0.115086
0.112643
0.114014
0.11835
0.113189
0.126766
0.103539
0.104799
0.10797
0.112746
0.116877
0.12105
0.130672
0.129803
0.121892
0.120583
0.116068
0.115339
0.111869
0.115317
0.109131
0.105387
0.112839
0.115123
0.113362
0.116059
0.11209
0.108641
0.133363
0.114861
0.116994
0.111759
0.106043
0.109217
0.104203
0.104986
0.106425
0.107621
0.105277
0.132534
0.125836
0.119803
0.116293
0.111438
0.110651
0.113018
0.103718
0.116602
0.109997
0.123491
0.118659
0.117632
0.129658
0.121406
0.117353
0.123458
0.12017
0.119627
0.118597
0.123777
0.124363
0.123996
0.126388
0.121694
0.140616
0.126806
0.129069
0.124945
0.124884
0.117793
0.11235
0.123037
0.118956
0.118994
0.115873
0.122404
0.141592
0.129953
0.125469
0.125501
0.120996
0.119327
0.116866
0.113016
0.108583
0.113239
0.116315
0.116565
0.130918
0.1311
0.12661
0.124398
0.126452
0.128184
0.121798
0.119757
0.122894
0.122645
0.126126
0.126137
0.157702
0.136943
0.13723
0.129372
0.130767
0.13405
0.132298
0.137958
0.127961
0.127852
0.129673
0.135975
0.134357
0.131669
0.130117
0.12863
0.127811
0.124358
0.126654
0.12276
0.121638
0.12358
0.115215
0.114574
0.115909
0.122838
0.113599
0.114337
0.114791
0.137
0.116992
0.124177
0.11401
0.112868
0.113089
0.111417
0.122233
0.112833
0.113861
0.114529
0.112878
0.112289
0.133919
0.120047
0.119885
0.114332
0.120911
0.116095
0.117919
0.105937
0.109871
0.107784
0.111174
0.114577
0.110194
0.119235
0.113734
0.115762
0.110742
0.12098
0.117722
0.116028
0.1137
0.115239
0.114829
0.114961
0.112665
0.117805
0.109955
0.107649
0.10605
0.107471
0.104762
0.110295
0.106539
0.105709
0.10921
0.126202
0.11859
0.11408
0.115458
0.111147
0.113972
0.107799
0.100023
0.100736
0.099716
0.097464
0.099442
0.101051
0.104944
0.10972
0.109358
0.129415
0.117834
0.113503
0.117038
0.106876
0.10006
0.107226
0.095412
0.102293
0.105195
0.100459
0.102683
0.107948
0.113484
0.119884
0.116638
0.112554
0.137583
0.124931
0.124289
0.122761
0.116565
0.116096
0.122599
0.125087
0.11665
0.120811
0.119955
0.114209
0.122785
0.117751
0.119137
0.121431
0.116191
0.118107
0.120256
0.121157
0.12262
0.123506
0.119206
0.124009
0.125221
0.123775
0.123465
0.113889
0.12731
0.121
0.121853
0.118302
0.122923
0.126787
0.127203
0.123741
0.130818
0.125411
0.12187
0.123296
0.127316
0.121534
0.140991
0.132227
0.13435
0.133572
0.130399
0.132697
0.130236
0.137363
0.128904
0.134914
0.127791
0.120633
0.147357
0.133842
0.129211
0.12234
0.127819
0.123528
0.123094
0.128294
0.133036
0.125092
0.126416
0.119461
0.128318
0.122414
0.129475
0.135087
0.128103
0.128556
0.125278
0.125382
0.140602
0.133752
0.129577
0.127534
0.126567
0.122901
0.130456
0.137738
0.128465
0.128114
0.127911
0.147584
0.135418
0.134129
0.133405
0.126548
0.120531
0.139188
0.130294
0.118772
0.128969
0.124383
0.155675
0.140992
0.13032
0.135378
0.137264
0.134155
0.13429
0.138395
0.13966
0.131779
0.129299
0.144841
0.131075
0.130034
0.138005
0.137975
0.144556
0.133139
0.130883
0.139232
0.135481
0.138389
0.133034
0.135564
0.131248
0.147445
0.144731
0.142215
0.139598
0.140448
0.134151
0.135716
0.150925
0.141681
0.136569
0.136048
0.12822
0.130219
0.148604
0.135034
0.134868
0.130352
0.129466
0.131651
0.131716
0.143098
0.135747
0.136703
0.136875
0.134808
0.144067
0.133775
0.137463
0.129413
0.125845
0.127756
0.128287
0.13201
0.127747
0.130647
0.123223
0.126467
0.129891
0.131466
0.123705
0.132815
0.138974
0.132092
0.126998
0.147843
0.127836
0.126277
0.124621
0.115914
0.11763
0.116273
0.118376
0.123213
0.115733
0.117184
0.124605
0.130312
0.146445
0.129585
0.130928
0.131288
0.120255
0.118649
0.116042
0.115623
0.116047
0.118207
0.122659
0.140152
0.131557
0.134624
0.132194
0.132714
0.129431
0.125941
0.124082
0.126573
0.124142
0.121499
0.12897
0.130292
0.133456
0.157633
0.137404
0.139602
0.138937
0.138289
0.131083
0.126392
0.131996
0.123119
0.12146
0.121691
0.124223
0.118394
0.126215
0.156918
0.135155
0.13624
0.132706
0.13039
0.13007
0.126803
0.130036
0.123006
0.129387
0.126325
0.129047
0.12519
0.123477
0.12275
0.124471
0.128057
0.127307
0.126703
0.142211
0.128101
0.127707
0.120626
0.113912
0.113135
0.108279
0.125583
0.112209
0.116131
0.138549
0.121726
0.122463
0.118293
0.115082
0.112228
0.107805
0.108113
0.108972
0.115059
0.107371
0.106241
0.105494
0.100803
0.097468
0.097956
0.088532
0.095975
0.101782
0.101617
0.103869
0.097711
0.10001
0.104843
0.093705
0.100809
0.09906
0.09817
0.098678
0.10947
0.103478
0.104229
0.096612
0.099806
0.096448
0.10046
0.097932
0.099713
0.094654
0.100318
0.093018
0.09596
0.102977
0.124131
0.111366
0.110646
0.105962
0.097849
0.096132
0.091666
0.088592
0.090876
0.091851
0.095962
0.099055
0.097526
0.102154
0.098589
0.118079
0.108828
0.109502
0.106827
0.1003
0.100296
0.095097
0.098576
0.096177
0.096711
0.100727
0.104037
0.108415
0.106977
0.112948
0.098113
0.099228
0.096165
0.096138
0.090628
0.089942
0.086554
0.090492
0.086443
0.090407
0.086852
0.092986
0.092803
0.113216
0.100403
0.102782
0.102087
0.101811
0.107433
0.107911
0.119205
0.120099
0.122819
0.119957
0.121674
0.11566
0.119532
0.116818
0.119001
0.110231
0.111314
0.111923
0.11238
0.108934
0.106303
0.106256
0.119519
0.110341
0.1067
0.102907
0.100909
0.105936
0.10827
0.107492
0.108927
0.106557
0.108973
0.103587
0.110904
0.110937
0.109938
0.116132
0.11864
0.116549
0.116255
0.116274
0.121535
0.133501
0.124128
0.1226
0.122505
0.117409
0.118249
0.122833
0.128441
0.122787
0.120469
0.115977
0.117479
0.117772
0.112711
0.112132
0.118275
0.114337
0.117524
0.117761
0.117845
0.114989
0.115261
0.117578
0.117724
0.108937
0.112772
0.118881
0.129269
0.124588
0.123332
0.116578
0.116812
0.1217
0.114975
0.121592
0.115628
0.114638
0.122383
0.123182
0.118448
0.115156
0.126584
0.115442
0.118683
0.118162
0.11587
0.116905
0.116827
0.114888
0.123947
0.121517
0.121701
0.122032
0.125015
0.122408
0.118812
0.131126
0.128251
0.120945
0.128455
0.118633
0.121298
0.118921
0.119679
0.126454
0.121892
0.120499
0.11769
0.136452
0.121876
0.121713
0.125986
0.1183
0.121956
0.111029
0.109382
0.112203
0.111203
0.114124
0.112911
0.111677
0.109363
0.111944
0.111646
0.125424
0.112334
0.10686
0.107107
0.107137
0.107504
0.108356
0.107521
0.108105
0.111047
0.106771
0.110684
0.112084
0.126794
0.112143
0.115024
0.114705
0.114023
0.115681
0.113725
0.118055
0.117683
0.116281
0.114214
0.115877
0.118622
0.116739
0.124126
0.120628
0.128659
0.12414
0.117067
0.116556
0.114843
0.11932
0.13197
0.127304
0.115177
0.116592
0.116745
0.116888
0.118761
0.123181
0.11921
0.118676
0.118745
0.118615
0.132933
0.124992
0.117757
0.115187
0.126481
0.132232
0.122637
0.123241
0.123767
0.119716
0.116764
0.116291
0.11781
0.122726
0.121177
0.116768
0.11688
0.108996
0.112052
0.126852
0.116199
0.114843
0.109076
0.109462
0.108694
0.104885
0.107132
0.108959
0.114869
0.113569
0.110701
0.11582
0.113232
0.109562
0.112593
0.119072
0.116271
0.111136
0.107574
0.109087
0.111608
0.106944
0.105036
0.113815
0.111551
0.109759
0.112149
0.129751
0.116257
0.10949
0.118602
0.117412
0.12528
0.124168
0.12074
0.120957
0.11246
0.113936
0.111869
0.119574
0.11395
0.111776
0.115908
0.109533
0.110716
0.108487
0.107659
0.116283
0.112571
0.112624
0.112914
0.112384
0.118249
0.114985
0.121894
0.131794
0.122849
0.123555
0.125566
0.117303
0.113652
0.116628
0.125083
0.121507
0.121047
0.140483
0.133509
0.133846
0.130679
0.129648
0.124414
0.127099
0.12566
0.126528
0.126037
0.125961
0.128984
0.160226
0.14104
0.138868
0.145427
0.143842
0.13671
0.137499
0.132584
0.135944
0.13148
0.136687
0.136362
0.134725
0.140333
0.144986
0.135437
0.139592
0.149399
0.146349
0.144424
0.141805
0.145135
0.148056
0.147328
0.151356
0.148392
0.146701
0.154395
0.153523
0.14982
0.158705
0.152225
0.150484
0.149396
0.149189
0.160248
0.153502
0.147925
0.146706
0.142937
0.146466
0.143495
0.143181
0.142268
0.151376
0.148617
0.150659
0.147827
0.143328
0.146582
0.14748
0.138529
0.143651
0.146385
0.147997
0.146081
0.146096
0.14006
0.142883
0.138104
0.138087
0.135617
0.135574
0.130731
0.134263
0.131144
0.127756
0.129931
0.129129
0.130335
0.128922
0.132495
0.133252
0.133742
0.135036
0.131968
0.129414
0.129386
0.126927
0.128619
0.132589
0.139507
0.131727
0.134488
0.127207
0.12967
0.13048
0.123534
0.129509
0.125233
0.127281
0.128332
0.124201
0.123698
0.117739
0.120463
0.121788
0.118118
0.118841
0.115784
0.117756
0.122753
0.12048
0.116853
0.11746
0.120403
0.123859
0.123721
0.123556
0.120109
0.119137
0.118488
0.116576
0.120437
0.117367
0.121208
0.123231
0.127154
0.126867
0.123514
0.125727
0.122076
0.119076
0.120968
0.120337
0.120423
0.118273
0.120004
0.125558
0.123559
0.128245
0.123311
0.124515
0.118107
0.119058
0.122604
0.120664
0.11736
0.123481
0.123213
0.125749
0.12598
0.124395
0.121809
0.123027
0.125789
0.123966
0.125352
0.118458
0.122836
0.122913
0.12564
0.125519
0.125284
0.123295
0.124654
0.12153
0.123182
0.123866
0.120148
0.124123
0.123433
0.127909
0.131099
0.130715
0.130398
0.127128
0.126304
0.124853
0.121519
0.125029
0.12525
0.123965
0.126967
0.124329
0.123513
0.124425
0.123175
0.121355
0.123574
0.126399
0.136827
0.126607
0.127509
0.126488
0.125789
0.124396
0.124978
0.129303
0.125628
0.124239
0.127307
0.125784
0.128474
0.124662
0.127442
0.126622
0.128509
0.121492
0.1289
0.126908
0.123834
0.124939
0.127311
0.13083
0.125728
0.12293
0.125259
0.126028
0.141357
0.136208
0.136883
0.137015
0.135604
0.135805
0.13082
0.13294
0.134935
0.135404
0.134393
0.13108
0.137635
0.133176
0.136344
0.139845
0.132111
0.131665
0.134038
0.133849
0.133061
0.135479
0.132698
0.134566
0.128013
0.127221
0.12871
0.132002
0.126289
0.132448
0.127031
0.124929
0.127921
0.129755
0.128107
0.126059
0.127268
0.124771
0.127
0.124529
0.123893
0.133168
0.1322
0.132744
0.132984
0.133068
0.137145
0.131582
0.126452
0.127011
0.123772
0.129962
0.131332
0.135577
0.127756
0.129833
0.123249
0.126388
0.125303
0.12205
0.120622
0.119014
0.121505
0.125699
0.128374
0.13012
0.122391
0.126146
0.124736
0.123352
0.119743
0.11438
0.121556
0.116652
0.120454
0.121976
0.123182
0.121668
0.123486
0.118747
0.117192
0.112522
0.123006
0.124545
0.125106
0.126154
0.125722
0.126401
0.122635
0.124854
0.12039
0.126289
0.125363
0.128424
0.129132
0.124794
0.133499
0.131705
0.129108
0.135731
0.131442
0.131097
0.130511
0.126986
0.129733
0.131997
0.132969
0.132438
0.138295
0.136543
0.134783
0.130927
0.132144
0.127498
0.134562
0.142509
0.140348
0.133512
0.134279
0.132054
0.138484
0.137812
0.14376
0.138288
0.136905
0.135735
0.133536
0.134824
0.151081
0.14792
0.145742
0.144555
0.141619
0.14203
0.142586
0.142405
0.148859
0.141145
0.145399
0.142826
0.145784
0.142845
0.146893
0.139682
0.14687
0.142326
0.139417
0.142261
0.137136
0.139061
0.136321
0.130229
0.142582
0.133752
0.135025
0.126285
0.127737
0.125442
0.120443
0.134056
0.121108
0.124445
0.116665
0.11372
0.133323
0.117497
0.106569
0.112935
0.126087
0.119081
0.115948
0.112256
0.104633
0.102158
0.107722
0.106839
0.101063
0.10257
0.106398
0.104944
0.110566
0.112379
0.10781
0.119988
0.119562
0.116515
0.112926
0.114263
0.110966
0.110764
0.103316
0.109451
0.10697
0.101362
0.10407
0.101303
0.096886
0.099758
0.095987
0.100696
0.108401
0.100786
0.100688
0.12254
0.116773
0.111799
0.113975
0.112631
0.11363
0.109478
0.107534
0.109731
0.107575
0.101976
0.100076
0.103341
0.099623
0.111869
0.105294
0.10397
0.111301
0.108015
0.127924
0.110693
0.111225
0.10572
0.105015
0.116037
0.112794
0.106966
0.10072
0.10142
0.09991
0.10308
0.105951
0.107036
0.104246
0.102509
0.100915
0.099717
0.102116
0.100125
0.100778
0.100511
0.096655
0.093618
0.099272
0.101553
0.118331
0.108147
0.107037
0.119573
0.114898
0.11014
0.10325
0.103707
0.10308
0.098095
0.10523
0.099708
0.099656
0.098351
0.094882
0.099474
0.109463
0.102325
0.09802
0.107117
0.107936
0.108077
0.104969
0.104288
0.109938
0.110695
0.105907
0.105352
0.105527
0.10396
0.111167
0.105217
0.103385
0.10146
0.103027
0.099546
0.101295
0.107287
0.101155
0.101914
0.100408
0.100277
0.107811
0.099092
0.096912
0.092465
0.093398
0.091517
0.102262
0.097881
0.096972
0.099603
0.10026
0.104241
0.105269
0.099959
0.092806
0.095322
0.102325
0.100298
0.103752
0.115033
0.116005
0.113092
0.108929
0.105327
0.107217
0.1055
0.104377
0.101255
0.100604
0.098564
0.103753
0.10237
0.101836
0.099454
0.099631
0.105818
0.095647
0.094381
0.094513
0.093287
0.10251
0.089554
0.092233
0.091897
0.091409
0.091715
0.090842
0.093412
0.095858
0.096048
0.094976
0.093561
0.106637
0.096194
0.090108
0.086699
0.083803
0.081679
0.088461
0.101751
0.094691
0.094741
0.094634
0.092549
0.095024
0.089826
0.09262
0.099608
0.095944
0.094866
0.096889
0.097573
0.095483
0.103134
0.104243
0.100545
0.096144
0.102882
0.099174
0.101811
0.108085
0.102299
0.102498
0.098829
0.10428
0.119626
0.108682
0.107195
0.108813
0.112364
0.113957
0.113671
0.108322
0.11303
0.108365
0.110024
0.112699
0.109738
0.107333
0.105284
0.107487
0.112245
0.115624
0.133282
0.116464
0.112096
0.110243
0.104935
0.102967
0.10003
0.09902
0.101053
0.103472
0.10155
0.105399
0.106049
0.102135
0.104911
0.125049
0.107586
0.108037
0.098277
0.099799
0.099043
0.10727
0.101685
0.102223
0.097763
0.111485
0.105562
0.10298
0.100692
0.09741
0.095686
0.096886
0.108428
0.100501
0.101746
0.098887
0.094493
0.106462
0.097566
0.101626
0.098438
0.099469
0.098368
0.094337
0.106909
0.100701
0.095945
0.09777
0.096448
0.095451
0.101769
0.0983
0.106307
0.108049
0.100641
0.099684
0.11337
0.105525
0.10436
0.097836
0.101275
0.099342
0.099678
0.106044
0.102721
0.098106
0.095354
0.094593
0.096451
0.103177
0.105845
0.110413
0.108087
0.105854
0.102354
0.116162
0.103152
0.099383
0.096106
0.095635
0.097138
0.102576
0.099527
0.097327
0.098583
0.096723
0.094427
0.105566
0.097364
0.095119
0.099311
0.101459
0.098698
0.095098
0.10526
0.097818
0.100986
0.10322
0.098293
0.114791
0.106689
0.104818
0.10463
0.108981
0.108921
0.104708
0.103313
0.097032
0.093472
0.088891
0.088047
0.09248
0.107314
0.105368
0.109226
0.10839
0.106157
0.101814
0.102506
0.103208
0.105849
0.104271
0.10349
0.104604
0.109835
0.115771
0.113022
0.113836
0.113544
0.125389
0.120089
0.120313
0.120507
0.119979
0.119961
0.113468
0.12318
0.120783
0.113696
0.111842
0.111127
0.129176
0.124174
0.120963
0.122316
0.119548
0.132121
0.130847
0.127652
0.125857
0.124823
0.131805
0.122035
0.12636
0.12051
0.116278
0.127613
0.125004
0.130887
0.121861
0.121051
0.129957
0.124255
0.127145
0.123413
0.121889
0.121326
0.136406
0.131409
0.127123
0.126673
0.141073
0.1358
0.137411
0.138993
0.13358
0.143013
0.138107
0.136093
0.142965
0.139376
0.134493
0.150767
0.142565
0.138821
0.136695
0.12789
0.151395
0.136913
0.139589
0.140197
0.135604
0.134424
0.145695
0.140601
0.140483
0.13687
0.132863
0.149357
0.138725
0.132874
0.128929
0.129668
0.12356
0.138519
0.130208
0.126267
0.121708
0.137924
0.12806
0.123203
0.122916
0.123126
0.118862
0.11735
0.125438
0.122637
0.123443
0.120438
0.117523
0.131795
0.121706
0.118739
0.112267
0.119036
0.113942
0.12427
0.118269
0.115533
0.116335
0.109559
0.121382
0.127197
0.117801
0.114806
0.112763
0.11453
0.126658
0.119178
0.115831
0.113393
0.110117
0.110713
0.123728
0.117011
0.113352
0.110113
0.107068
0.105036
0.107843
0.108623
0.117621
0.113362
0.113635
0.127667
0.121516
0.118546
0.121413
0.119636
0.11283
0.119187
0.120379
0.114354
0.113976
0.109436
0.108939
0.11066
0.120137
0.118853
0.110093
0.135383
0.126073
0.124332
0.114319
0.116862
0.109856
0.112105
0.112115
0.105026
0.107454
0.103046
0.10485
0.103947
0.107085
0.119894
0.116949
0.114728
0.113208
0.108166
0.108285
0.103521
0.106006
0.107929
0.109682
0.108646
0.104368
0.106149
0.109944
0.109346
0.134349
0.124294
0.117947
0.117585
0.115132
0.117509
0.112522
0.122329
0.112804
0.121074
0.116304
0.117099
0.138595
0.12903
0.12803
0.123933
0.12304
0.118313
0.118518
0.115845
0.119409
0.127276
0.119729
0.144274
0.136793
0.135636
0.129184
0.127121
0.130846
0.128504
0.126147
0.126389
0.126311
0.126185
0.131519
0.136683
0.132939
0.167172
0.150213
0.152102
0.147435
0.146761
0.147687
0.149618
0.153239
0.152783
0.147526
0.154931
0.150914
0.160317
0.195521
0.169215
0.163573
0.161612
0.165416
0.162236
0.158126
0.155991
0.152163
0.154399
0.155848
0.159113
0.152886
0.149023
0.152924
0.180621
0.160177
0.155688
0.155873
0.154021
0.151177
0.145718
0.153536
0.154728
0.151771
0.141764
0.148317
0.147375
0.172248
0.158617
0.149059
0.152126
0.167761
0.149197
0.153103
0.1486
0.152039
0.148301
0.162067
0.145051
0.149186
0.143681
0.145295
0.175604
0.156613
0.15803
0.157809
0.153202
0.1561
0.148717
0.148818
0.149509
0.150032
0.151229
0.151942
0.181604
0.161048
0.159765
0.149348
0.148177
0.151831
0.13999
0.149121
0.144649
0.139855
0.145049
0.150326
0.186802
0.159924
0.158066
0.159457
0.153237
0.158095
0.154746
0.151286
0.151212
0.155362
0.14616
0.1562
0.155169
0.201376
0.16138
0.170265
0.162764
0.162398
0.157609
0.153138
0.165447
0.165196
0.163431
0.163313
0.16147
0.167153
0.16376
0.161328
0.203844
0.175942
0.173186
0.16584
0.162325
0.159155
0.157489
0.167215
0.156989
0.159188
0.149472
0.155295
0.153195
0.157874
0.151961
0.190591
0.174698
0.166468
0.171875
0.163479
0.151767
0.157722
0.160046
0.152116
0.16337
0.158022
0.157205
0.16195
0.161021
0.155599
0.161103
0.156923
0.179777
0.157345
0.159112
0.157232
0.143556
0.154904
0.144532
0.163955
0.150559
0.15396
0.150804
0.150623
0.152851
0.152177
0.150907
0.160275
0.1542
0.145916
0.144587
0.177491
0.155693
0.154157
0.152914
0.146205
0.139128
0.158679
0.140997
0.136949
0.135883
0.134577
0.130993
0.143371
0.139276
0.144564
0.137492
0.129702
0.136939
0.162681
0.140232
0.14192
0.138613
0.131288
0.149324
0.146565
0.135615
0.140676
0.144197
0.131179
0.145647
0.139664
0.155566
0.154508
0.14267
0.144526
0.142195
0.139223
0.141545
0.140834
0.1387
0.135548
0.133258
0.131007
0.135774
0.149909
0.14022
0.136084
0.133502
0.156386
0.145133
0.142589
0.138954
0.142229
0.139365
0.136098
0.140058
0.133567
0.131205
0.127449
0.128275
0.128692
0.162157
0.148315
0.147343
0.136563
0.138935
0.130562
0.135254
0.132174
0.12623
0.128841
0.130603
0.131067
0.128868
0.128327
0.128453
0.128647
0.127836
0.141098
0.134339
0.125687
0.127131
0.126241
0.121476
0.126377
0.120908
0.118219
0.11691
0.109964
0.129332
0.124384
0.117122
0.117798
0.111735
0.115209
0.126403
0.122572
0.120116
0.118824
0.115565
0.118747
0.113316
0.121033
0.126747
0.118085
0.113868
0.11786
0.119328
0.113563
0.123584
0.123842
0.123033
0.123426
0.122655
0.125424
0.124268
0.1223
0.13006
0.127093
0.126256
0.12633
0.125039
0.128891
0.142045
0.130878
0.131554
0.125789
0.131718
0.129184
0.127245
0.125201
0.131035
0.128474
0.131724
0.130109
0.126503
0.126461
0.130231
0.144862
0.132426
0.137708
0.134056
0.130583
0.135795
0.135645
0.129636
0.135153
0.128985
0.129406
0.126425
0.128737
0.126946
0.124169
0.117775
0.121835
0.124928
0.120414
0.11746
0.120729
0.119163
0.115725
0.12635
0.116144
0.11297
0.10892
0.113052
0.108994
0.108752
0.123642
0.109996
0.108782
0.11115
0.104151
0.108245
0.104032
0.100325
0.111312
0.104184
0.101361
0.101051
0.10132
0.099709
0.098713
0.099081
0.094664
0.09393
0.095338
0.09381
0.094979
0.088383
0.092522
0.08601
0.093248
0.089213
0.091643
0.087687
0.085051
0.087431
0.090832
0.089584
0.097194
0.09233
0.092296
0.089688
0.092227
0.096541
0.092672
0.098406
0.095249
0.092631
0.097613
0.095554
0.099103
0.09665
0.10283
0.099812
0.099361
0.096886
0.096342
0.097038
0.09334
0.089568
0.09269
0.095471
0.097346
0.094909
0.09686
0.098066
0.099794
0.096641
0.099877
0.115272
0.106827
0.107871
0.105516
0.106537
0.104536
0.105312
0.107972
0.109954
0.108438
0.108624
0.107864
0.113053
0.106289
0.123953
0.119907
0.116888
0.116106
0.109783
0.110431
0.107393
0.110762
0.10902
0.107178
0.109908
0.108727
0.113691
0.114352
0.1097
0.113254
0.124866
0.113706
0.114652
0.115508
0.11461
0.114217
0.111686
0.11661
0.12001
0.118622
0.115037
0.116817
0.115533
0.112665
0.116013
0.124328
0.118622
0.118051
0.115516
0.117068
0.119054
0.11712
0.115267
0.121403
0.122345
0.122529
0.120603
0.120418
0.123558
0.124637
0.121886
0.125394
0.121985
0.124624
0.12653
0.125642
0.12472
0.119418
0.122929
0.132804
0.130887
0.127897
0.127022
0.125017
0.126783
0.12401
0.124824
0.127061
0.122684
0.123773
0.12246
0.127612
0.129203
0.131269
0.130433
0.134006
0.131422
0.133163
0.129727
0.132223
0.132199
0.133084
0.126103
0.122099
0.130189
0.137668
0.136761
0.139451
0.142398
0.139801
0.139529
0.140757
0.143549
0.138723
0.131549
0.127675
0.131365
0.1325
0.13572
0.139609
0.132752
0.131729
0.134495
0.137436
0.143423
0.126658
0.13411
0.140374
0.136144
0.136262
0.135127
0.133808
0.137425
0.132932
0.137477
0.135529
0.131316
0.133488
0.134762
0.135329
0.129386
0.130559
0.136336
0.135852
0.127314
0.131848
0.127438
0.142818
0.128225
0.124933
0.130046
0.127299
0.122161
0.120792
0.126641
0.127311
0.126695
0.123139
0.124287
0.124279
0.119866
0.121827
0.119645
0.11953
0.130782
0.126425
0.123935
0.122156
0.123471
0.126094
0.122639
0.125189
0.124739
0.120979
0.122308
0.114285
0.113282
0.120276
0.123279
0.125537
0.12399
0.126
0.124705
0.124936
0.122961
0.120843
0.121267
0.121443
0.120566
0.125628
0.129147
0.122656
0.122939
0.122119
0.125556
0.12324
0.120571
0.12879
0.128456
0.122992
0.12724
0.127026
0.123074
0.132155
0.122977
0.12237
0.126363
0.129484
0.1251
0.128092
0.125014
0.128636
0.124225
0.13086
0.12166
0.126706
0.129687
0.130955
0.131716
0.129442
0.13237
0.129509
0.137768
0.134325
0.13393
0.134174
0.149272
0.139739
0.14165
0.139202
0.136798
0.139263
0.139454
0.136259
0.124819
0.13333
0.130645
0.131831
0.134138
0.134242
0.13466
0.133813
0.135311
0.137092
0.133123
0.133098
0.136001
0.142101
0.130245
0.135383
0.139057
0.134652
0.143119
0.131115
0.142066
0.143167
0.143173
0.140166
0.144091
0.136115
0.139958
0.134132
0.132229
0.129548
0.129428
0.126747
0.128743
0.127425
0.132079
0.136312
0.135346
0.136674
0.128298
0.132064
0.13254
0.136297
0.129991
0.12832
0.135974
0.130883
0.13361
0.134002
0.135849
0.132108
0.130489
0.13634
0.13349
0.13438
0.135077
0.129563
0.136295
0.130429
0.134877
0.136083
0.130854
0.136052
0.13444
0.128248
0.133544
0.128076
0.128738
0.124316
0.125897
0.127399
0.123626
0.12327
0.124402
0.123055
0.127573
0.126926
0.12614
0.118943
0.125394
0.122499
0.120135
0.116752
0.116034
0.111446
0.120467
0.121078
0.1177
0.116473
0.118906
0.121358
0.118047
0.117819
0.115367
0.110354
0.112007
0.111224
0.115719
0.115727
0.114197
0.120387
0.111828
0.121248
0.11279
0.112943
0.109477
0.113852
0.108933
0.113859
0.115623
0.110195
0.11834
0.117801
0.119007
0.116071
0.12415
0.123783
0.118307
0.118419
0.123359
0.119238
0.122105
0.122418
0.123801
0.124378
0.121813
0.122042
0.121852
0.118769
0.116195
0.115714
0.113012
0.117338
0.114714
0.117247
0.118904
0.120873
0.12173
0.128578
0.126811
0.128146
0.121303
0.130952
0.129527
0.124127
0.118009
0.123337
0.124478
0.123377
0.124317
0.128523
0.12888
0.124971
0.127928
0.129196
0.128415
0.125391
0.126838
0.126365
0.126349
0.126543
0.124918
0.127131
0.125179
0.122452
0.117763
0.120716
0.123756
0.132256
0.133229
0.132724
0.13039
0.128242
0.126532
0.126209
0.124293
0.123852
0.122577
0.127036
0.12456
0.123571
0.121785
0.120204
0.11975
0.120906
0.122658
0.124622
0.123447
0.121523
0.124613
0.124012
0.118524
0.125452
0.120858
0.12487
0.130755
0.131513
0.138592
0.135286
0.133495
0.133538
0.132634
0.129138
0.130411
0.127692
0.130362
0.131293
0.127727
0.128652
0.116826
0.115738
0.121456
0.115565
0.114633
0.116861
0.112927
0.105171
0.099233
0.097558
0.098262
0.094151
0.098052
0.097922
0.098224
0.095942
0.089268
0.088413
0.090253
0.090363
0.089803
0.08764
0.089808
0.086706
0.082691
0.085184
0.08264
0.084466
0.082793
0.085017
0.082668
0.08356
0.082831
0.083789
0.082496
0.087123
0.085638
0.083352
0.083173
0.088756
0.094322
0.091091
0.094004
0.093493
0.094413
0.093632
0.096129
0.092139
0.098021
0.090866
0.098927
0.091341
0.092483
0.093503
0.092684
0.092877
0.093532
0.100513
0.101083
0.105523
0.106797
0.104945
0.110486
0.105959
0.110381
0.106682
0.114903
0.112519
0.109634
0.115778
0.113654
0.114536
0.143188
0.133977
0.135745
0.135444
0.132248
0.136909
0.137026
0.132279
0.139434
0.136187
0.137966
0.134176
0.135823
0.140671
0.142466
0.140194
0.13553
0.143388
0.142406
0.137538
0.137885
0.14154
0.131618
0.131018
0.143139
0.140527
0.138425
0.144251
0.136821
0.144595
0.141201
0.13
0.133775
0.12985
0.127282
0.137015
0.127946
0.125391
0.123539
0.131651
0.1318
0.126814
0.130622
0.127126
0.133536
0.131302
0.13151
0.128286
0.13344
0.134463
0.130068
0.132712
0.133884
0.141628
0.134784
0.135436
0.133771
0.13385
0.132688
