0.025914
0.084409
0.096918
0.103807
0.09897
0.094391
0.092307
0.096444
0.097327
0.102229
0.114095
0.114051
0.114211
0.110898
0.121756
0.122432
0.114648
0.121945
0.124025
0.123747
0.127873
0.122559
0.129687
0.128728
0.129454
0.12145
0.121869
0.123259
0.123692
0.123438
0.123257
0.13056
0.135866
0.134703
0.131993
0.130856
0.13085
0.129393
0.128668
0.125105
0.120587
0.119708
0.120949
0.115657
0.114429
0.112782
0.11383
0.109175
0.11184
0.104157
0.105329
0.100284
0.100208
0.102168
0.09951
0.098408
0.098255
0.096467
0.097631
0.094899
0.093377
0.09717
0.089662
0.097488
0.094676
0.091007
0.090177
0.086529
0.089339
0.085394
0.091282
0.091221
0.089854
0.089843
0.091069
0.084301
0.084337
0.085859
0.083741
0.081904
0.081916
0.082017
0.080189
0.082724
0.078328
0.084288
0.07968
0.08098
0.076174
0.075946
0.08308
0.0798
0.079004
0.078838
0.078484
0.083219
0.085703
0.080261
0.084862
0.084595
0.084336
0.08217
0.079391
0.079861
0.082615
0.082413
0.083607
0.086624
0.089425
0.085108
0.082486
0.08725
0.089863
0.090526
0.090602
0.089136
0.086673
0.08944
0.090014
0.097911
0.097572
0.092438
0.10805
0.104563
0.099238
0.09813
0.10868
0.110171
0.107402
0.105808
0.116596
0.110594
0.116976
0.118644
0.116741
0.114778
0.115421
0.11188
0.114458
0.123989
0.119719
0.116619
0.117483
0.114358
0.117135
0.114092
0.110352
0.110477
0.10706
0.1102
0.105413
0.109679
0.108654
0.107509
0.109292
0.102774
0.101368
0.108837
0.105342
0.10581
0.104333
0.105243
0.10454
0.103444
0.103785
0.097429
0.10407
0.101149
0.10307
0.102819
0.102414
0.098027
0.097813
0.095605
0.093781
0.095125
0.092058
0.090724
0.092994
0.088867
0.084894
0.086897
0.088187
0.086941
0.088356
0.084701
0.085898
0.083589
0.085939
0.079343
0.081071
0.084287
0.077959
0.080658
0.078083
0.077219
0.076557
0.079896
0.076858
0.081973
0.080634
0.082404
0.080479
0.080292
0.081878
0.078345
0.07849
0.075203
0.080108
0.077073
0.082044
0.080164
0.079287
0.083466
0.081884
0.081983
0.082217
0.081413
0.079643
0.080723
0.082162
0.088468
0.082848
0.083699
0.096744
0.089124
0.091354
0.088382
0.093653
0.090243
0.091288
0.090317
0.094933
0.090939
0.101898
0.094142
0.099215
0.096861
0.093528
0.092438
0.088943
0.090401
0.087544
0.08653
0.09278
0.093828
0.092713
0.096082
0.104986
0.094749
0.095795
0.09849
0.095709
0.092267
0.093862
0.092265
0.098211
0.098218
0.097299
0.094929
0.111723
0.102128
0.099525
0.104086
0.099889
0.100368
0.099483
0.098778
0.101982
0.099398
0.095875
0.094408
0.097485
0.100724
0.099272
0.101493
0.093249
0.097545
0.115253
0.111139
0.110345
0.109244
0.106736
0.106326
0.106788
0.106408
0.10361
0.098967
0.101711
0.106879
0.108247
0.107606
0.109797
0.107934
0.108493
0.10973
0.115794
0.11615
0.112406
0.110663
0.115328
0.113059
0.111857
0.117513
0.124153
0.122419
0.117458
0.112827
0.118746
0.134767
0.125552
0.125145
0.118393
0.118349
0.116454
0.114145
0.112501
0.107469
0.106423
0.106967
0.103912
0.102696
0.093707
0.091912
0.094757
0.090321
0.09479
0.091152
0.092435
0.088778
0.08826
0.087781
0.083962
0.086057
0.090028
0.078691
0.079019
0.07333
0.072931
0.070047
0.069265
0.064974
0.062929
0.065998
0.067344
0.070642
0.073958
0.07227
0.086977
0.087252
0.080591
0.086107
0.082276
0.083295
0.08726
0.081342
0.087259
0.082942
0.090719
0.086137
0.086448
0.081204
0.086906
0.084442
0.085676
0.08964
0.091505
0.090805
0.092417
0.090379
0.089051
0.089929
0.089791
0.096085
0.096829
0.094761
0.090654
0.09483
0.093402
0.091383
0.092719
0.092444
0.094595
0.09714
0.098445
0.10435
0.098424
0.102997
0.114253
0.107279
0.10556
0.107908
0.101365
0.102961
0.105938
0.10895
0.106885
0.107852
0.111609
0.112733
0.117361
0.119511
0.138504
0.121811
0.121163
0.121411
0.119148
0.117256
0.116794
0.117141
0.126171
0.124113
0.122298
0.120828
0.119284
0.120214
0.133052
0.120992
0.119177
0.112114
0.113256
0.111629
0.108575
0.106993
0.100815
0.107656
0.101835
0.102687
0.103795
0.098678
0.103939
0.102282
0.098899
0.103108
0.10176
0.103421
0.111607
0.105363
0.104429
0.103067
0.102206
0.115593
0.110503
0.110356
0.11667
0.110896
0.111531
0.121417
0.116724
0.110369
0.113788
0.111101
0.109062
0.112016
0.104509
0.103046
0.106381
0.104166
0.101241
0.100947
0.106132
0.102693
0.101038
0.105603
0.099569
0.106366
0.103166
0.107015
0.109315
0.109216
0.108041
0.100334
0.104201
0.107143
0.103041
0.101772
0.095634
0.100053
0.096962
0.095194
0.103019
0.099989
0.094328
0.091701
0.092592
0.092883
0.099275
0.096785
0.096582
0.092632
0.091805
0.089328
0.097714
0.098666
0.09932
0.094275
0.096276
0.097195
0.106889
0.106505
0.106459
0.105116
0.106228
0.101675
0.102424
0.108515
0.11075
0.108125
0.109037
0.103101
0.112147
0.110891
0.118834
0.118972
0.116624
0.112489
0.116526
0.129875
0.125826
0.119747
0.122863
0.119159
0.12031
0.118776
0.118417
0.116296
0.115592
0.118177
0.120548
0.12193
0.123445
0.122836
0.11853
0.119137
0.115767
0.119516
0.124055
0.130295
0.128704
0.121707
0.127594
0.122821
0.125233
0.123974
0.121814
0.121946
0.124566
0.122159
0.12224
0.121506
0.118325
0.121923
0.128218
0.128139
0.130149
0.126258
0.128637
0.129634
0.129374
0.124141
0.125748
0.121606
0.123385
0.125309
0.121018
0.119195
0.121414
0.12179
0.120109
0.119816
0.118578
0.119346
0.127589
0.126124
0.124676
0.121729
0.123805
0.123602
0.122379
0.121222
0.122629
0.125825
0.124383
0.124591
0.123391
0.117945
0.125106
0.123642
0.12399
0.123681
0.117534
0.121938
0.119788
0.117809
0.113451
0.119188
0.114224
0.116223
0.11938
0.114867
0.117955
0.116273
0.11294
0.117184
0.118963
0.11616
0.120498
0.121455
0.122225
0.122658
0.12934
0.135664
0.138866
0.134045
0.134489
0.139066
0.138002
0.141905
0.142709
0.139564
0.137071
0.136253
0.137628
0.138664
0.138982
0.142293
0.142962
0.145663
0.138896
0.142611
0.142177
0.135389
0.135532
0.136428
0.132961
0.138157
0.136756
0.132061
0.136923
0.132268
0.128051
0.132011
0.136423
0.132947
0.137724
0.149919
0.14766
0.150679
0.145659
0.140172
0.145254
0.140675
0.132611
0.139643
0.133352
0.129924
0.129247
0.126215
0.129122
0.126094
0.126772
0.124512
0.12402
0.132035
0.129974
0.126636
0.128156
0.122186
0.124471
0.134724
0.13141
0.127538
0.136304
0.134901
0.131465
0.130737
0.130412
0.124954
0.126485
0.124629
0.126712
0.123616
0.124501
0.128684
0.124594
0.131071
0.124648
0.125579
0.124603
0.115701
0.11888
0.118605
0.119637
0.111695
0.121899
0.123667
0.125084
0.125704
0.119403
0.117386
0.122273
0.116279
0.118584
0.116035
0.113206
0.11502
0.109207
0.112846
0.1158
0.12219
0.125156
0.121959
0.125584
0.12318
0.120974
0.122838
0.122617
0.119655
0.120962
0.114736
0.117898
0.121769
0.121366
0.120186
0.12026
0.116242
0.120971
0.119207
0.119772
0.12016
0.128474
0.129666
0.125541
0.120237
0.121645
0.121841
0.122136
0.11834
0.112439
0.119635
0.120429
0.121105
0.114829
0.116088
0.116893
0.120123
0.115644
0.115793
0.116257
0.113283
0.110453
0.124399
0.128275
0.127031
0.123247
0.126722
0.124976
0.130487
0.128167
0.119885
0.121572
0.123661
0.125644
0.123111
0.118995
0.119973
0.125108
0.121725
0.120728
0.120888
0.122001
0.119382
0.134236
0.13705
0.138998
0.136135
0.136001
0.131629
0.126771
0.131712
0.130788
0.1282
0.131135
0.132366
0.127887
0.133459
0.127882
0.122256
0.130248
0.125238
0.120692
0.121779
0.12092
0.11674
0.120383
0.119962
0.119617
0.123365
0.119749
0.121369
0.117815
0.12283
0.123691
0.116544
0.12421
0.124419
0.124076
0.120172
0.118688
0.125433
0.120502
0.128897
0.128662
0.125435
0.12666
0.126622
0.127593
0.126863
0.126093
0.12606
0.124392
0.126343
0.127094
0.125754
0.12562
0.126037
0.127806
0.129257
0.125975
0.121286
0.126605
0.125972
0.121484
0.122307
0.122973
0.123799
0.127233
0.126348
0.122043
0.124747
0.116982
0.125336
0.123527
0.123012
0.122243
0.121045
0.118412
0.119275
0.113539
0.118859
0.11612
0.116995
0.119814
0.130703
0.13021
0.134021
0.129161
0.130554
0.132658
0.13344
0.134826
0.131143
0.140479
0.140065
0.134946
0.141164
0.137584
0.136212
0.134112
0.141667
0.14246
0.139591
0.138406
0.138688
0.135622
0.140407
0.136898
0.136718
0.133498
0.135895
0.134531
0.134383
0.139721
0.133713
0.137024
0.134839
0.128172
0.128328
0.131286
0.129357
0.124297
0.128263
0.132362
0.128013
0.1256
0.126896
0.127761
0.131504
0.130227
0.124243
0.127016
0.128813
0.129022
0.125705
0.126927
0.12631
0.123255
0.125357
0.120922
0.119724
0.118168
0.117906
0.119901
0.120313
0.120936
0.119362
0.118482
0.118684
0.120359
0.121339
0.122627
0.118633
0.121004
0.121128
0.12107
0.119865
0.121575
0.122171
0.119802
0.123916
0.118228
0.120062
0.12199
0.116027
0.119356
0.120612
0.120489
0.119022
0.122421
0.121978
0.11894
0.118422
0.118338
0.117508
0.11952
0.116597
0.118752
0.117833
0.117061
0.115014
0.11682
0.119203
0.11308
0.113828
0.117119
0.115275
0.114524
0.114559
0.112115
0.116099
0.114684
0.114089
0.11755
0.113375
0.120426
0.129952
0.132739
0.133452
0.130142
0.134542
0.132217
0.130095
0.127683
0.131688
0.12895
0.133218
0.13005
0.127046
0.129523
0.125637
0.129367
0.127776
0.128497
0.128315
0.124674
0.123079
0.122384
0.12753
0.126207
0.123261
0.122699
0.126521
0.121376
0.119492
0.125665
0.121393
0.122826
0.123245
0.116406
0.117984
0.130501
0.131919
0.131692
0.132392
0.131539
0.126079
0.127877
0.125407
0.124866
0.125316
0.126294
0.124796
0.127082
0.123946
0.121383
0.12141
0.120007
0.122946
0.124324
0.120654
0.115615
0.121229
0.116131
0.119231
0.117202
0.114782
0.115431
0.11363
0.115166
0.116056
0.116165
0.112015
0.113958
0.116375
0.116983
0.123732
0.120733
0.11861
0.121589
0.121015
0.122153
0.116893
0.118894
0.113357
0.116706
0.11877
0.117799
0.112797
0.115568
0.111091
0.117116
0.114975
0.11016
0.115662
0.113723
0.11433
0.112785
0.112815
0.114354
0.108427
0.108472
0.110412
0.115438
0.109054
0.105939
0.116753
0.1213
0.120478
0.123725
0.120542
0.121667
0.118483
0.123157
0.121753
0.113924
0.111799
0.119753
0.120027
0.117566
0.12191
0.118994
0.116737
0.119623
0.120547
0.114966
0.118067
0.114719
0.113215
0.116036
0.11634
0.116338
0.109125
0.110374
0.112053
0.113559
0.110711
0.117697
0.117965
0.125449
0.127704
0.126618
0.127252
0.124935
0.12396
0.124077
0.122507
0.126011
0.118525
0.126611
0.125945
0.122248
0.116515
0.120594
0.120891
0.120667
0.121882
0.119926
0.118987
0.124739
0.115939
0.119258
0.124081
0.115439
0.121531
0.122049
0.122037
0.121881
0.112578
0.120887
0.125209
0.125015
0.120145
0.119595
0.121099
0.123341
0.121719
0.123215
0.124859
0.121578
0.120888
0.119578
0.116097
0.11674
0.121108
0.118574
0.117499
0.116606
0.1154
0.114124
0.117196
0.112595
0.118983
0.131906
0.12445
0.136805
0.129334
0.138342
0.134569
0.134065
0.128438
0.131762
0.134759
0.133515
0.126525
0.132423
0.133188
0.127947
0.130423
0.130061
0.128216
0.130792
0.124169
0.121926
0.126403
0.125884
0.12333
0.125527
0.125272
0.123857
0.12547
0.128081
0.12483
0.12284
0.121496
0.124079
0.124068
0.124806
0.124193
0.12339
0.12311
0.122992
0.116839
0.124249
0.122738
0.119039
0.126066
0.12725
0.128934
0.124451
0.127706
0.123322
0.123188
0.124335
0.128094
0.126442
0.123606
0.124548
0.126305
0.125637
0.130781
0.125096
0.126082
0.121997
0.124632
0.123228
0.124457
0.125573
0.125648
0.127958
0.124576
0.121105
0.123334
0.12629
0.12493
0.126947
0.125372
0.126507
0.122932
0.123555
0.118817
0.115864
0.121068
0.122033
0.118125
0.119829
0.119785
0.120961
0.129443
0.124524
0.123703
0.124062
0.121708
0.131377
0.123248
0.125573
0.119754
0.125846
0.130405
0.124847
0.124751
0.122669
0.125667
0.135251
0.130192
0.131295
0.13073
0.127458
0.132198
0.132743
0.121916
0.126568
0.132992
0.129094
0.132716
0.126752
0.132
0.132153
0.130556
0.125038
0.130264
0.130304
0.128065
0.131478
0.127666
0.130104
0.128593
0.130086
0.129295
0.125423
0.124496
0.123592
0.13018
0.126834
0.126259
0.12897
0.126468
0.129668
0.123136
0.13008
0.128965
0.128657
0.125596
0.126821
0.125136
0.125111
0.127725
0.129552
0.125309
0.129048
0.130871
0.133626
0.136353
0.13142
0.130102
0.133759
0.13084
0.136369
0.136169
0.137116
0.132191
0.137368
0.135232
0.134842
0.135654
0.138994
0.137127
0.133186
0.136213
0.134483
0.132731
0.139351
0.134501
0.138402
0.13162
0.132293
0.133875
0.130212
0.133385
0.133794
0.134446
0.127055
0.129038
0.127142
0.134871
0.134136
0.127679
0.13381
0.129683
0.133306
0.125924
0.128931
0.127971
0.134347
0.13355
0.125478
0.121471
0.129221
0.126137
0.127445
0.126592
0.123801
0.130727
0.124089
0.120796
0.124531
0.124328
0.126618
0.122618
0.126804
0.126208
0.125279
0.127473
0.126841
0.125813
0.122582
0.121819
0.131052
0.127389
0.126964
0.122856
0.126755
0.127251
0.12474
0.125174
0.128272
0.123533
0.122712
0.124445
0.123244
0.115562
0.122021
0.119067
0.119043
0.121579
0.112201
0.116307
0.114171
0.116531
0.105303
0.110693
0.111568
0.10856
0.107939
0.106893
0.101289
0.102318
0.103367
0.099958
0.101239
0.100656
0.105443
0.110226
0.111587
0.112153
0.110641
0.107783
0.109391
0.105911
0.103536
0.104143
0.101427
0.10017
0.098774
0.10318
0.101256
0.091027
0.097393
0.094054
0.096875
0.091711
0.091044
0.086821
0.085898
0.081364
0.077906
0.070121
0.070416
0.068131
0.065944
0.066034
0.065442
0.068626
0.066732
0.067973
0.062367
0.061591
0.063755
0.064463
0.064151
0.066124
0.064328
0.065024
0.064209
0.064564
0.063509
0.065429
0.066083
0.069214
0.069531
0.068539
0.0759
0.064702
0.064542
0.065266
0.06525
0.06476
0.069842
0.074712
0.07779
0.079746
0.076241
0.079678
0.074605
0.078265
0.079062
0.079877
0.081823
0.078107
0.084464
0.080865
0.082261
0.089043
0.088662
0.087609
0.087816
0.090289
0.090697
0.086868
0.088127
0.083218
0.087329
0.089181
0.088872
0.085129
0.087079
0.094206
0.095487
0.089406
0.09101
0.086475
0.084969
0.087723
0.085791
0.084422
0.083161
0.080682
0.080157
0.078417
0.080258
0.081372
0.087399
0.083881
0.095986
0.087562
0.088424
0.084383
0.093244
0.089984
0.090968
0.092806
0.093462
0.087647
0.089615
0.086744
0.088135
0.086014
0.086832
0.089772
0.090388
0.089045
0.090357
0.088847
0.092731
0.085078
0.086736
0.08931
0.086122
0.082108
0.085415
0.08637
0.083519
0.080831
0.081049
0.077793
0.076219
0.079231
0.075259
0.079387
0.078378
0.081656
0.080883
0.080288
0.081663
0.079826
0.083324
0.078879
0.078791
0.080097
0.077674
0.075874
0.077074
0.074549
0.077048
0.076824
0.078112
0.078857
0.079941
0.085302
0.082741
0.082815
0.081781
0.084966
0.082031
0.091428
0.086641
0.086896
0.087634
0.08154
0.090989
0.092558
0.089718
0.087099
0.087822
0.089194
0.088169
0.093388
0.093424
0.093875
0.090011
0.090592
0.095849
0.09647
0.095637
0.095407
0.092298
0.09239
0.100165
0.097795
0.09834
0.098304
0.090251
0.094157
0.092395
0.092864
0.092741
0.089731
0.08838
0.090475
0.092552
0.09062
0.09012
0.091835
0.097387
0.101502
0.099782
0.099345
0.100051
0.099933
0.095461
0.098742
0.098798
0.097283
0.090225
0.09584
0.094289
0.095959
0.094978
0.09561
0.09039
0.097145
0.095613
0.091895
0.094694
0.09414
0.09186
0.100911
0.096323
0.09788
0.100331
0.098497
0.099709
0.094106
0.09388
0.094735
0.09285
0.090753
0.09209
0.096702
0.095368
0.100598
0.099186
0.097262
0.105353
0.104948
0.106505
0.104846
0.113976
0.118868
0.115772
0.118342
0.122134
0.123642
0.123598
0.12488
0.123565
0.125369
0.123717
0.130923
0.139134
0.128632
0.136818
0.132657
0.132448
0.136569
0.130294
0.133269
0.132894
0.132442
0.133562
0.124668
0.130563
0.129928
0.12719
0.136937
0.13273
0.13822
0.142814
0.135965
0.129817
0.129233
0.136479
0.138492
0.130134
0.136604
0.1332
0.134159
0.134106
0.131942
0.125047
0.13228
0.131713
0.137425
0.128551
0.125876
0.124243
0.125371
0.12733
0.118683
0.125025
0.124352
0.121683
0.115911
0.118189
0.119333
0.117606
0.126734
0.126708
0.123026
0.116543
0.115569
0.116916
0.117754
0.118373
0.115653
0.114835
0.118134
0.119509
0.118483
0.120104
0.132706
0.12306
0.119831
0.119202
0.122725
0.11626
0.117216
0.119371
0.117818
0.112305
0.112133
0.113727
0.119598
0.110778
0.110728
0.11015
0.108196
0.101278
0.11391
0.110595
0.106268
0.10827
0.107272
0.100884
0.101007
0.112281
0.105435
0.106009
0.109303
0.113463
0.11914
0.114967
0.11504
0.119876
0.114054
0.114489
0.120299
0.120216
0.120449
0.119775
0.119527
0.117426
0.116221
0.115491
0.109483
0.109025
0.110806
0.113725
0.11762
0.118948
0.113161
0.115842
0.111557
0.116722
0.113787
0.114858
0.111067
0.110361
0.114453
0.114463
0.113392
0.112383
0.112573
0.113438
0.117263
0.117787
0.117298
0.116092
0.116184
0.117744
0.117114
0.118747
0.113774
0.118012
0.116922
0.109304
0.112588
0.112672
0.111961
0.110327
0.10912
0.113992
0.118116
0.115599
0.117728
0.11263
0.118135
0.11786
0.11381
0.113448
0.112577
0.107721
0.113652
0.111117
0.117287
0.111876
0.113743
0.112822
0.109912
0.116146
0.114953
0.116462
0.118409
0.116127
0.124792
0.118316
0.118353
0.114648
0.129582
0.1207
0.12448
0.118945
0.116992
0.123566
0.128277
0.126118
0.12194
0.128504
0.131801
0.123044
0.124984
0.12841
0.126674
0.123376
0.133844
0.126577
0.124431
0.122763
0.121527
0.128926
0.123562
0.120235
0.123457
0.11737
0.121589
0.120996
0.116246
0.120551
0.114924
0.118469
0.120289
0.114826
0.113763
0.117596
0.109832
0.110983
0.114879
0.118427
0.121616
0.120313
0.115219
0.116764
0.11314
0.115319
0.112396
0.110033
0.104326
0.106546
0.108078
0.105022
0.105607
0.104842
0.099106
0.099563
0.10298
0.105022
0.106021
0.10672
0.107573
0.111824
0.107292
0.102714
0.104018
0.106498
0.109383
0.103905
0.104932
0.101999
0.100603
0.104946
0.102182
0.102084
0.103908
0.101358
0.105075
0.112494
0.112836
0.112524
0.107371
0.1109
0.105427
0.109063
0.108175
0.108966
0.101235
0.103476
0.107778
0.100598
0.105023
0.105965
0.106916
0.105758
0.105458
0.101606
0.103816
0.107581
0.1123
0.113724
0.109782
0.111515
0.112018
0.108157
0.11161
0.109454
0.110331
0.106575
0.110693
0.107153
0.109628
0.107637
0.105567
0.104184
0.10454
0.108888
0.110958
0.112012
0.114736
0.110593
0.109338
0.103907
0.107386
0.110246
0.102198
0.107061
0.103975
0.100415
0.101617
0.102322
0.100447
0.09828
0.100606
0.097242
0.096764
0.097518
0.097661
0.096918
0.093417
0.094851
0.095158
0.095168
0.102289
0.097159
0.098498
0.097723
0.097395
0.097068
0.101808
0.098157
0.094767
0.098746
0.097676
0.094096
0.094789
0.097137
0.093643
0.096135
0.102305
0.104092
0.096416
0.100896
0.099076
0.097675
0.103391
0.094192
0.100261
0.099466
0.092754
0.097476
0.097158
0.101458
0.101103
0.102154
0.104413
0.10149
0.107676
0.107457
0.10283
0.106673
0.107727
0.101486
0.108265
0.106833
0.106527
0.105341
0.104021
0.107465
0.114971
0.116697
0.114683
0.110859
0.116317
0.115853
0.117265
0.115139
0.118509
0.118118
0.11556
0.118294
0.11986
0.113393
0.113362
0.1167
0.115036
0.114736
0.119214
0.122649
0.12752
0.121962
0.124185
0.124598
0.11983
0.124583
0.124587
0.12479
0.126821
0.127473
0.122601
0.125539
0.127711
0.127987
0.125014
0.124662
0.1235
0.122912
0.12209
0.122798
0.122084
0.122981
0.122293
0.122077
0.117981
0.122393
0.122458
0.12093
0.119833
0.120094
0.116464
0.117054
0.130801
0.132219
0.127757
0.124452
0.126549
0.12668
0.125406
0.12643
0.124264
0.122887
0.128736
0.126016
0.119314
0.125353
0.118855
0.119339
0.118907
0.117096
0.118279
0.116296
0.112315
0.115858
0.115018
0.112462
0.1088
0.110322
0.111038
0.111742
0.109824
0.108262
0.106915
0.107509
0.100776
0.100793
0.101698
0.098166
0.100025
0.092596
0.092612
0.094779
0.096339
0.089534
0.095982
0.094281
0.090648
0.094219
0.089211
0.091025
0.091331
0.086983
0.088104
0.089388
0.086502
0.0879
0.082196
0.083346
0.08235
0.081851
0.086302
0.084535
0.08263
0.085545
0.085027
0.0779
0.083931
0.082972
0.080874
0.08354
0.081307
0.08228
0.08356
0.084581
0.087965
0.079918
0.083979
0.08566
0.08368
0.083179
0.084725
0.076853
0.07969
0.082108
0.080827
0.080395
0.080562
0.079056
0.076154
0.076336
0.076076
0.081101
0.079572
0.078261
0.07822
0.080539
0.076372
0.079264
0.080723
0.081978
0.076383
0.075768
0.081178
0.082644
0.077175
0.079993
0.081277
0.076335
0.079809
0.079047
0.077084
0.076953
0.078855
0.07485
0.079801
0.07668
0.080832
0.08539
0.084701
0.08405
0.086797
0.082689
0.087007
0.083601
0.086131
0.08365
0.085675
0.084703
0.082144
0.081803
0.08046
0.083599
0.081301
0.081341
0.079328
0.079464
0.080379
0.077272
0.07541
0.077219
0.075466
0.077859
0.078292
0.073076
0.08088
0.07707
0.076228
0.078134
0.07631
0.076941
0.077845
0.077583
0.079981
0.074753
0.073523
0.080567
0.084861
0.084731
0.080925
0.08469
0.081571
0.079549
0.08263
0.083746
0.084356
0.085966
0.081413
0.085115
0.086633
0.081345
0.083524
0.082053
0.081725
0.083357
0.079793
0.084518
0.082067
0.084537
0.080343
0.085919
0.086293
0.087504
0.088681
0.08265
0.084763
0.084765
0.084272
0.083292
0.083325
0.086195
0.083316
0.083262
0.085313
0.081564
0.082791
0.090557
0.087979
0.092149
0.091693
0.087478
0.092155
0.090335
0.092553
0.088544
0.092789
0.093934
0.095989
0.100369
0.100899
0.100814
0.100779
0.099032
0.100404
0.109363
0.104721
0.108363
0.10926
0.107261
0.108165
0.109028
0.104602
0.101324
0.103189
0.096775
0.095632
0.098249
0.100471
0.103865
0.103787
0.106373
0.105144
0.105346
0.107319
0.104794
0.106908
0.103888
0.105841
0.101714
0.100193
0.096895
0.101458
0.09909
0.10048
0.101379
0.099082
0.096266
0.096208
0.099846
0.095501
0.09422
0.09065
0.095775
0.094087
0.091187
0.098323
0.09935
0.105901
0.105999
0.105454
0.105964
0.106733
0.101308
0.104334
0.10871
0.105037
0.107441
0.106239
0.107167
0.108328
0.108663
0.108007
0.109517
0.107159
0.104155
0.103244
0.105281
0.106446
0.100668
0.098323
0.097221
0.099032
0.096923
0.098151
0.095098
0.098234
0.096653
0.091811
0.09296
0.094279
0.094316
0.091564
0.091084
0.089203
0.088863
0.087609
0.088307
0.08761
0.086826
0.087007
0.084414
0.080644
0.083839
0.088549
0.086536
0.081192
0.088309
0.086401
0.086529
0.088226
0.082119
0.089065
0.082545
0.084916
0.085135
0.081385
0.077377
0.080508
0.080017
0.078571
0.077617
0.081428
0.086681
0.087388
0.088156
0.085702
0.085709
0.081096
0.085003
0.082045
0.078184
0.079739
0.082094
0.081895
0.081353
0.081315
0.081007
0.080962
0.080649
0.076205
0.080082
0.078796
0.079827
0.083013
0.0799
0.075163
0.075756
0.073673
0.076011
0.080774
0.077643
0.077351
0.07669
0.078015
0.076758
0.078216
0.076305
0.077296
0.074987
0.075254
0.073507
0.076673
0.074344
0.073569
0.074491
0.077535
0.081915
0.082335
0.081296
0.077048
0.080837
0.080816
0.080991
0.080692
0.080487
0.07608
0.079154
0.078326
0.078508
0.077037
0.076412
0.077999
0.074108
0.076942
0.075302
0.081482
0.08104
0.077636
0.077771
0.079175
0.080583
0.078526
0.075945
0.077224
0.079452
0.08049
0.082114
0.088335
0.083403
0.085618
0.084243
0.087173
0.081277
0.0846
0.085736
0.082308
0.080655
0.083367
0.085079
0.084211
0.080484
0.080343
0.077825
0.07669
0.074536
0.071392
0.072493
0.068922
0.06975
0.070267
0.065065
0.063875
0.065733
0.061178
0.064797
0.06266
0.063588
0.060749
0.065517
0.064135
0.066333
0.065563
0.065886
0.067128
0.066845
0.064991
0.067505
0.065081
0.067647
0.065474
0.065138
0.061594
0.064311
0.063671
0.060651
0.063367
0.063883
0.064776
0.060788
0.064718
0.063568
0.064697
0.063354
0.063444
0.066435
0.066465
0.067348
0.062906
0.06432
0.071828
0.073085
0.073231
0.072288
0.074369
0.069914
0.0716
0.071572
0.074217
0.071028
0.068736
0.072437
0.070671
0.073933
0.069566
0.072356
0.065398
0.069584
0.070486
0.06964
0.068541
0.071194
0.06972
0.069055
0.067005
0.070828
0.071208
0.072825
0.070892
0.070374
0.070964
0.071926
0.067011
0.068412
0.071967
0.075547
0.078571
0.077951
0.078419
0.074072
0.076709
0.077328
0.075698
0.075575
0.077597
0.07496
0.072998
0.07454
0.075271
0.074517
0.077468
0.074522
0.077023
0.076516
0.075693
0.075871
0.073296
0.076955
0.074634
0.077418
0.072825
0.075449
0.075403
0.075357
0.073551
0.07524
0.080454
0.081042
0.079601
0.081462
0.079608
0.082836
0.082258
0.078383
0.082156
0.080644
0.076926
0.078985
0.077556
0.074857
0.074046
0.076451
0.080488
0.081418
0.08174
0.076557
0.078199
0.078386
0.08335
0.080185
0.079867
0.084208
0.086099
0.085031
0.087082
0.085618
0.085624
0.084372
0.081556
0.082751
0.083175
0.084489
0.083843
0.085131
0.087951
0.082342
0.097815
0.086748
0.084796
0.079311
0.077563
0.082836
0.077404
0.080972
0.080451
0.081208
0.081809
0.080428
0.082207
0.083264
0.078167
0.08039
0.081872
0.081681
0.082891
0.082609
0.091961
0.085175
0.081944
0.08679
0.081813
0.0794
0.083367
0.082156
0.079593
0.084301
0.080042
0.077331
0.079795
0.080064
0.078272
0.082491
0.080806
0.080488
0.079109
0.08406
0.085389
0.082337
0.079574
0.085474
0.079802
0.08286
0.07568
0.079676
0.079563
0.080824
0.081737
0.082972
0.076626
0.076955
0.081974
0.083612
0.084554
0.08404
0.078614
0.084078
0.08295
0.08099
0.079068
0.083669
0.077438
0.079048
0.078505
0.078865
0.078604
0.076292
0.077762
0.072506
0.076626
0.072641
0.078906
0.07677
0.076999
0.074113
0.077209
0.082824
0.082071
0.079366
0.078634
0.076882
0.076625
0.079297
0.073741
0.075898
0.075819
0.076058
0.074661
0.07381
0.074763
0.078483
0.080134
0.079416
0.078697
0.0837
0.079928
0.082919
0.082247
0.082978
0.07866
0.081371
0.085804
0.080663
0.082206
0.083727
0.086097
0.089462
0.083537
0.088233
0.092623
0.096709
0.095237
0.091914
0.09744
0.097826
0.096081
0.09372
0.098042
0.093422
0.095217
0.098484
0.093136
0.098584
0.096066
0.097884
0.09783
0.095929
0.094376
0.099971
0.101881
0.100188
0.106162
0.108224
0.107871
0.109223
0.104691
0.110562
0.109206
0.106948
0.102849
0.108414
0.103399
0.110024
0.106775
0.107948
0.106456
0.101869
0.105396
0.103147
0.107485
0.102481
0.107266
0.105363
0.109158
0.108351
0.103574
0.10429
0.11068
0.105624
0.109553
0.103526
0.114984
0.119411
0.114784
0.120031
0.116755
0.118126
0.117236
0.121519
0.122635
0.120013
0.117882
0.119487
0.120399
0.11844
0.11486
0.117367
0.119263
0.117783
0.116152
0.116801
0.114644
0.118583
0.115226
0.112591
0.113908
0.114802
0.115339
0.116777
0.111974
0.111496
0.110655
0.117656
0.116956
0.120506
0.11683
0.116896
0.114046
0.115066
0.112237
0.115769
0.113575
0.112244
0.110005
0.112414
0.112758
0.112348
0.108065
0.107963
0.120163
0.121953
0.117748
0.116064
0.118526
0.119493
0.116224
0.113537
0.113279
0.114904
0.116725
0.108863
0.109795
0.107372
0.109537
0.113093
0.113206
0.116167
0.118544
0.119616
0.117437
0.113438
0.115002
0.114249
0.115284
0.109553
0.108535
0.110959
0.104377
0.110545
0.102861
0.105224
0.104245
0.115519
0.113071
0.11176
0.111436
0.109607
0.114355
0.110466
0.109603
0.113011
0.108799
0.107773
0.108701
0.111096
0.110585
0.105295
0.102436
0.111903
0.104697
0.105734
0.106473
0.104576
0.103285
0.105732
0.107583
0.109838
0.108246
0.110015
0.10635
0.107044
0.108029
0.106187
0.109154
0.104199
0.101368
0.106761
0.105914
0.104315
0.108354
0.103924
0.105987
0.105758
0.102632
0.110558
0.108281
0.107318
0.102866
0.107131
0.104566
0.104802
0.104818
0.116112
0.117195
0.118511
0.119427
0.118524
0.112838
0.118066
0.117139
0.113082
0.117124
0.113337
0.111944
0.114603
0.112502
0.109934
0.114816
0.107965
0.111032
0.110135
0.111386
0.11135
0.105429
0.112123
0.102007
0.106525
0.106999
0.105719
0.108656
0.101723
0.110217
0.109767
0.104763
0.103304
0.10669
0.104247
0.102383
0.103707
0.109125
0.111538
0.107098
0.108633
0.108208
0.106003
0.109498
0.103021
0.103256
0.102134
0.107864
0.104812
0.103151
0.110861
0.100008
0.101295
0.106645
0.111162
0.110778
0.108572
0.1042
0.105878
0.108766
0.105905
0.106195
0.110532
0.109797
0.103314
0.100708
0.108165
0.109847
0.104899
0.103797
0.105317
0.099051
0.104699
0.104921
0.108287
0.104558
0.100703
0.10265
0.099501
0.10191
0.103674
0.103816
0.10893
0.107952
0.100492
0.103664
0.105275
0.10278
0.099128
0.103497
0.101461
0.10416
0.104771
0.106824
0.104904
0.106669
0.107512
0.106
0.104626
0.101563
0.10625
0.10851
0.104463
0.104638
0.102658
0.101253
0.1034
0.105158
0.102152
0.105596
0.103408
0.10909
0.095751
0.095666
0.102903
0.102145
0.103596
0.104978
0.102799
0.101533
0.10057
0.09988
0.103657
0.102785
0.103499
0.103655
0.101792
0.100878
0.104267
0.104517
0.100238
0.10363
0.101404
0.101944
