0.01469
0.06192
0.057941
0.059348
0.057597
0.05851
0.058255
0.059347
0.058281
0.072384
0.06828
0.072158
0.069566
0.066573
0.068076
0.070411
0.063834
0.07013
0.06548
0.071473
0.067969
0.065592
0.068154
0.066471
0.077926
0.073664
0.074826
0.073797
0.072145
0.072918
0.072269
0.072359
0.072956
0.072902
0.072354
0.075287
0.070607
0.075681
0.071158
0.073669
0.071755
0.073453
0.07282
0.072472
0.07073
0.068266
0.069644
0.071034
0.067936
0.069863
0.067978
0.067928
0.069359
0.067917
0.069153
0.067689
0.068933
0.067637
0.073159
0.068653
0.067565
0.069186
0.067381
0.069346
0.066705
0.068341
0.066985
0.068228
0.066347
0.067155
0.069268
0.071822
0.069968
0.071264
0.070242
0.06905
0.066709
0.06735
0.067489
0.069278
0.067464
0.066837
0.065642
0.064543
0.063738
0.063649
0.059856
0.061099
0.06525
0.06251
0.061417
0.063901
0.062327
0.063492
0.060457
0.064837
0.065415
0.065656
0.06341
0.064581
0.064295
0.069839
0.069415
0.071573
0.069996
0.070052
0.072294
0.07238
0.068179
0.072161
0.066743
0.065009
0.064647
0.063703
0.061744
0.065603
0.06574
0.066998
0.061898
0.062617
0.063008
0.06258
0.064027
0.061936
0.064305
0.064584
0.063259
0.062967
0.061126
0.060788
0.05883
0.058308
0.057171
0.057623
0.061342
0.061694
0.060924
0.063635
0.061337
0.067883
0.06509
0.066871
0.065397
0.064881
0.060639
0.06642
0.061372
0.06199
0.062735
0.06618
0.064748
0.066934
0.063814
0.062969
0.059534
0.067083
0.060343
0.061705
0.058844
0.060157
0.059572
0.058761
0.064051
0.059446
0.062006
0.060511
0.057638
0.056197
0.055274
0.055449
0.05703
0.057148
0.055391
0.054025
0.054172
0.053313
0.052174
0.057928
0.054845
0.056146
0.054813
0.057498
0.055789
0.061692
0.061362
0.059363
0.058609
0.058731
0.055984
0.057581
0.05569
0.060217
0.058795
0.058752
0.057254
0.059555
0.058094
0.059097
0.063971
0.061421
0.060457
0.060201
0.059378
0.061301
0.059914
0.060367
0.058631
0.061804
0.064133
0.063852
0.063986
0.060898
0.058769
0.059351
0.057594
0.062359
0.061279
0.064111
0.061043
0.063286
0.061093
0.061768
0.067358
0.064939
0.062515
0.0628
0.059972
0.060916
0.060704
0.060461
0.061389
0.059375
0.059331
0.061859
0.062344
0.062147
0.060753
0.061877
0.059324
0.059649
0.061916
0.063735
0.06334
0.065596
0.065626
0.065906
0.065599
0.064248
0.06407
0.067121
0.067435
0.067729
0.066929
0.068947
0.066191
0.067119
0.065829
0.071285
0.06874
0.067426
0.064401
0.072247
0.064822
0.065061
0.062274
0.062742
0.061421
0.061424
0.063443
0.063336
0.063299
0.061108
0.059589
0.066353
0.061801
0.061377
0.058433
0.054589
0.057118
0.056653
0.05677
0.05454
0.055346
0.055046
0.054381
0.054228
0.058855
0.056641
0.05729
0.058693
0.06243
0.060244
0.060148
0.058749
0.059096
0.059242
0.059881
0.057269
0.060582
0.064435
0.062383
0.063691
0.064269
0.069146
0.061018
0.062454
0.061757
0.061717
0.066612
0.066173
0.063449
0.065651
0.068221
0.061356
0.059515
0.060889
0.057244
0.059633
0.056904
0.060966
0.059189
0.062415
0.059274
0.060575
0.067713
0.066525
0.064123
0.063971
0.064703
0.063049
0.062278
0.064805
0.064789
0.063234
0.063237
0.062558
0.061305
0.06292
0.066234
0.06402
0.06358
0.062512
0.060996
0.065347
0.062554
0.06223
0.062533
0.062409
0.062346
0.069677
0.06386
0.063153
0.062773
0.061237
0.057719
0.059873
0.058336
0.061316
0.057645
0.058721
0.054755
0.05407
0.054674
0.053083
0.054477
0.049477
0.049552
0.047632
0.048962
0.054079
0.056711
0.056682
0.068259
0.062186
0.060714
0.059395
0.056793
0.059703
0.057946
0.058781
0.057337
0.057839
0.058522
0.057768
0.06026
0.055953
0.055993
0.060301
0.060082
0.062562
0.061691
0.062216
0.061926
0.062723
0.071529
0.064258
0.06756
0.064187
0.064315
0.06444
0.064337
0.063308
0.069389
0.066473
0.066053
0.064747
0.063285
0.062308
0.064612
0.063725
0.070102
0.067125
0.068304
0.066466
0.067984
0.068735
0.066856
0.065744
0.070118
0.067337
0.068952
0.065408
0.069915
0.066551
0.067025
0.064524
0.066439
0.061715
0.064321
0.06539
0.068734
0.064563
0.064372
0.062597
0.062555
0.067979
0.065244
0.065625
0.064814
0.064853
0.062647
0.065304
0.06492
0.063424
0.061643
0.061402
0.059477
0.059441
0.059142
0.062393
0.061339
0.063319
0.061241
0.058571
0.055474
0.054492
0.050588
0.050613
0.046383
0.048166
0.046574
0.051411
0.050995
0.05022
0.051291
0.05529
0.053048
0.057563
0.054178
0.056213
0.063192
0.058736
0.05797
0.057202
0.056748
0.056812
0.055083
0.058065
0.055829
0.058951
0.058679
0.056704
0.05496
0.055653
0.056892
0.056539
0.060364
0.063307
0.060713
0.060839
0.061178
0.061026
0.057463
0.058823
0.055603
0.055592
0.05891
0.061682
0.059301
0.059884
0.058173
0.058563
0.057453
0.055875
0.056731
0.056943
0.053349
0.052381
0.053977
0.0552
0.052149
0.052978
0.060103
0.051976
0.052255
0.049263
0.050263
0.048167
0.047031
0.048278
0.047066
0.046259
0.04707
0.043465
0.044531
0.044573
0.041472
0.042449
0.043137
0.04407
0.041686
0.041216
0.042193
0.04235
0.044917
0.044817
0.042789
0.045836
0.044044
0.042844
0.048906
0.044428
0.044864
0.044321
0.042055
0.042395
0.042016
0.042423
0.041551
0.045397
0.042331
0.043639
0.042117
0.043548
0.047581
0.044562
0.045115
0.042629
0.043534
0.041849
0.039787
0.041848
0.040046
0.040003
0.043456
0.043154
0.045279
0.053979
0.044672
0.046857
0.045486
0.044684
0.044177
0.045348
0.041695
0.043656
0.042268
0.040191
0.039309
0.042203
0.039844
0.039563
0.040392
0.037831
0.037522
0.038357
0.039787
0.037381
0.035307
0.034234
0.039442
0.035469
0.034861
0.036637
0.038532
0.038408
0.038103
0.040567
0.040387
0.042753
0.044465
0.043827
0.045381
0.043157
0.039021
0.040854
0.040542
0.044016
0.043723
0.043115
0.041703
0.043548
0.039739
0.042364
0.045295
0.042268
0.041184
0.041799
0.040433
0.041596
0.038007
0.04433
0.04115
0.041126
0.038756
0.037664
0.038823
0.03694
0.036006
0.038419
0.037462
0.035737
0.036001
0.03612
0.035106
0.037036
0.040928
0.037175
0.035759
0.036186
0.041678
0.039856
0.039118
0.039032
0.039444
0.038231
0.038361
0.040914
0.042163
0.044906
0.043792
0.051043
0.045175
0.046246
0.045301
0.044623
0.044893
0.045182
0.047446
0.046876
0.046169
0.046689
0.044779
0.046302
0.043943
0.046727
0.041745
0.040893
0.040307
0.041315
0.042034
0.041542
0.044839
0.043303
0.042577
0.042103
0.043335
0.045276
0.043284
0.04882
0.045428
0.045359
0.04581
0.052473
0.048517
0.051651
0.047209
0.047768
0.052406
0.050457
0.05067
0.052416
0.051292
0.048671
0.055596
0.057624
0.056813
0.05715
0.054282
0.057674
0.055579
0.056521
0.055978
0.057844
0.056027
0.05488
0.054296
0.056319
0.055145
0.056633
0.05615
0.055972
0.053629
0.056086
0.05734
0.060515
0.061407
0.061383
0.060192
0.060114
0.057518
0.059253
0.057601
0.057657
0.055223
0.054646
0.053462
0.054938
0.052206
0.053936
0.050753
0.052094
0.051242
0.053607
0.052676
0.054436
0.052515
0.053802
0.054008
0.051475
0.050192
0.05163
0.050582
0.055779
0.055099
0.055335
0.052626
0.052449
0.050614
0.057432
0.052431
0.054322
0.053583
0.054539
0.053849
0.053654
0.052532
0.051409
0.050423
0.052191
0.05209
0.054197
0.051995
0.053312
0.05254
0.052977
0.051272
0.0518
0.050473
0.049039
0.050515
0.053441
0.054366
0.053803
0.053693
0.052765
0.056703
0.055433
0.053921
0.053473
0.052007
0.054469
0.055257
0.056161
0.055158
0.059282
0.058166
0.058035
0.059773
0.062477
0.059237
0.05997
0.057326
0.062009
0.059372
0.063475
0.061256
0.062768
0.058588
0.059865
0.058721
0.059454
0.05768
0.058085
0.055903
0.054811
0.053013
0.054184
0.057217
0.057838
0.05746
0.05645
0.0571
0.053816
0.049666
0.050047
0.046402
0.048859
0.04861
0.047782
0.04743
0.048327
0.043407
0.043664
0.045308
0.044153
0.045082
0.046513
0.043529
0.041653
0.042483
0.042636
0.047794
0.041299
0.040849
0.043158
0.041902
0.042422
0.048438
0.045686
0.044521
0.042266
0.05133
0.047834
0.045055
0.044674
0.04418
0.042448
0.040947
0.045301
0.043788
0.042925
0.042556
0.041039
0.042633
0.044703
0.042648
0.046329
0.041144
0.04126
0.038376
0.047696
0.039822
0.039289
0.03801
0.039415
0.036019
0.033489
0.037451
0.032874
0.030994
0.031652
0.034006
0.034844
0.042877
0.036056
0.036654
0.036764
0.034988
0.034712
0.034459
0.035654
0.036651
0.036866
0.037339
0.038776
0.049598
0.039718
0.040104
0.039184
0.039425
0.038674
0.038927
0.037269
0.03807
0.037498
0.036855
0.037748
0.039243
0.041018
0.039236
0.039584
0.041874
0.045784
0.041637
0.040649
0.041852
0.039618
0.039536
0.04293
0.044037
0.041047
0.043447
0.044179
0.044532
0.04918
0.043894
0.044095
0.042406
0.046428
0.043935
0.042736
0.043436
0.041901
0.040145
0.040068
0.041398
0.040201
0.041221
0.040874
0.039904
0.039441
0.038724
0.038183
0.042908
0.037969
0.037949
0.037282
0.03686
0.036936
0.037657
0.040631
0.038938
0.038042
0.038311
0.038232
0.038341
0.042329
0.043041
0.041761
0.04341
0.041998
0.040013
0.042194
0.041758
0.039051
0.044903
0.043641
0.045854
0.046219
0.045133
0.045045
0.046205
0.042002
0.044586
0.046064
0.047326
0.046398
0.046986
0.045243
0.046637
0.045198
0.044962
0.043579
0.045096
0.047046
0.04724
0.04942
0.048338
0.054414
0.051052
0.048791
0.049701
0.048144
0.048051
0.052514
0.052447
0.052672
0.053234
0.050294
0.059194
0.056083
0.056837
0.054629
0.056994
0.056256
0.058716
0.061993
0.062867
0.060139
0.063993
0.064022
0.063001
0.062312
0.067829
0.063228
0.064576
0.068894
0.066613
0.063339
0.070934
0.067372
0.069571
0.066185
0.067183
0.064512
0.06195
0.066801
0.066243
0.065504
0.067689
0.069607
0.070611
0.068243
0.068422
0.067072
0.064612
0.063549
0.060331
0.061091
0.060672
0.059481
0.059824
0.060697
0.065101
0.066111
0.067021
0.065033
0.065259
0.065018
0.065125
0.062574
0.061432
0.063217
0.062111
0.061385
0.061223
0.068804
0.067918
0.069303
0.066658
0.063226
0.063506
0.061705
0.061216
0.063333
0.065442
0.062243
0.064238
0.06329
0.0638
0.061898
0.060315
0.05839
0.061592
0.061954
0.06073
0.063454
0.068377
0.061941
0.05843
0.058332
0.059423
0.059201
0.060635
0.061102
0.064097
0.062597
0.062682
0.060687
0.060902
0.058517
0.059633
0.058815
0.058239
0.057639
0.058358
0.057632
0.056835
0.055521
0.055396
0.054556
0.05526
0.052092
0.052021
0.053806
0.053129
0.050774
0.050158
0.051545
0.050544
0.047744
0.049648
0.052248
0.052886
0.048614
0.045747
0.045787
0.050267
0.044938
0.046131
0.042051
0.041823
0.040254
0.042206
0.045706
0.042617
0.040989
0.041356
0.041036
0.043923
0.053967
0.046499
0.046475
0.046402
0.04474
0.044466
0.042551
0.042512
0.040357
0.046765
0.043759
0.047407
0.05623
0.048153
0.049316
0.047772
0.04625
0.045929
0.044767
0.043411
0.041549
0.042311
0.042126
0.04314
0.044826
0.044883
0.046033
0.045933
0.043708
0.045054
0.051845
0.044974
0.044279
0.043617
0.042686
0.042095
0.040811
0.040409
0.040261
0.043597
0.043331
0.042452
0.041513
0.052351
0.04695
0.044791
0.044072
0.044589
0.044256
0.045322
0.043827
0.045785
0.045076
0.043943
0.042659
0.043432
0.044832
0.045635
0.044965
0.044647
0.044337
0.049574
0.045523
0.045531
0.044155
0.044024
0.041404
0.044247
0.041888
0.045068
0.045978
0.04312
0.040733
0.041731
0.047177
0.043257
0.041282
0.041205
0.040235
0.04124
0.046926
0.041921
0.043898
0.04172
0.040792
0.047431
0.044537
0.044032
0.040672
0.041423
0.040234
0.037658
0.038425
0.041128
0.03793
0.037557
0.038
0.038108
0.038464
0.040182
0.039025
0.03926
0.038624
0.044344
0.03663
0.037733
0.036982
0.035861
0.037741
0.035574
0.037271
0.036731
0.037754
0.039818
0.036854
0.039894
0.040695
0.041249
0.040084
0.041371
0.042593
0.041898
0.040245
0.041947
0.04038
0.040301
0.041192
0.038479
0.039138
0.034883
0.035615
0.036458
0.035307
0.034814
0.036082
0.036696
0.036229
0.036206
0.03647
0.035478
0.034853
0.035944
0.037898
0.035811
0.034344
0.035084
0.03523
0.042178
0.037502
0.037996
0.036746
0.037546
0.037266
0.042531
0.04185
0.04024
0.041132
0.041403
0.044321
0.044632
0.042686
0.045634
0.045822
0.049595
0.04989
0.052255
0.048938
0.051872
0.049567
0.056137
0.055805
0.056465
0.055895
0.055055
0.056625
0.058142
0.055965
0.055636
0.056139
0.056096
0.053645
0.056371
0.054945
0.055972
0.055861
0.055558
0.054988
0.058169
0.059169
0.059621
0.060787
0.060869
0.06055
0.06031
0.059359
0.061008
0.058565
0.059984
0.059766
0.060263
0.058858
0.06326
0.063894
0.060767
0.06057
0.060005
0.057429
0.059868
0.055368
0.056409
0.054682
0.057067
0.052272
0.058209
0.060286
0.060853
0.057262
0.057172
0.055779
0.05507
0.054874
0.054247
0.054835
0.05405
0.053802
0.05176
0.050352
0.049455
0.05079
0.05294
0.050912
0.051904
0.050627
0.049954
0.053099
0.051249
0.05023
0.04936
0.04832
0.054092
0.050644
0.051997
0.050962
0.050817
0.054289
0.05152
0.051154
0.052305
0.047856
0.047756
0.048792
0.051528
0.051018
0.048995
0.048587
0.048458
0.050229
0.052817
0.049371
0.049822
0.046302
0.047214
0.046894
0.046625
0.047542
0.051629
0.050338
0.048462
0.048693
0.049776
0.057477
0.051239
0.051407
0.054349
0.051443
0.052076
0.050261
0.053466
0.051334
0.054227
0.053192
0.054953
0.054245
0.058976
0.058991
0.059349
0.057357
0.059113
0.057555
0.058171
0.057481
0.058071
0.057516
0.055871
0.057385
0.060715
0.060797
0.061626
0.059475
0.060906
0.058609
0.06004
0.05733
0.057694
0.055918
0.054309
0.054695
0.053356
0.051486
0.054466
0.054336
0.056757
0.055797
0.055966
0.052179
0.052837
0.049963
0.051205
0.050678
0.051599
0.049571
0.050393
0.049916
0.050006
0.050122
0.0545
0.05243
0.051757
0.052277
0.05234
0.051855
0.051448
0.051981
0.052283
0.052375
0.051858
0.054076
0.055822
0.05544
0.052905
0.054857
0.054374
0.057522
0.053703
0.05463
0.053722
0.052899
0.053918
0.05337
0.054065
0.051751
0.052736
0.053011
0.055318
0.05534
0.055695
0.054368
0.055086
0.054194
0.059203
0.058015
0.056115
0.054103
0.057513
0.05895
0.058857
0.056762
0.059215
0.056365
0.057673
0.05657
0.056984
0.058928
0.061972
0.060724
0.063432
0.061111
0.061032
0.061491
0.061665
0.059713
0.058682
0.059527
0.058928
0.058188
0.058834
0.055005
0.059419
0.057647
0.062102
0.062674
0.06305
0.065883
0.060102
0.062144
0.05801
0.057386
0.056362
0.056893
0.054997
0.055518
0.053435
0.049894
0.048645
0.048527
0.046037
0.050067
0.04722
0.049394
0.047744
0.047888
0.051085
0.047221
0.046317
0.047788
0.044664
0.04803
0.04619
0.046302
0.043983
0.047932
0.047742
0.047944
0.047428
0.049867
0.057022
0.051939
0.05168
0.051154
0.051123
0.050281
0.056639
0.056215
0.052719
0.054059
0.052972
0.054846
0.052681
0.053463
0.052295
0.053218
0.050817
0.052616
0.053091
0.05451
0.054032
0.058831
0.053733
0.052944
0.050916
0.053914
0.051746
0.051386
0.051326
0.051753
0.051263
0.052625
0.052291
0.055162
0.053729
0.055639
0.053715
0.053355
0.055964
0.056093
0.056083
0.057409
0.055196
0.057093
0.056149
0.056608
0.056617
0.060639
0.061137
0.064134
0.062093
0.064922
0.060615
0.06248
0.064443
0.063691
0.063284
0.065874
0.061093
0.063481
0.062922
0.065517
0.067742
0.07084
0.071194
0.068137
0.07388
0.069926
0.071673
0.07196
0.070437
0.073285
0.067648
0.070587
0.069089
0.067259
0.068703
0.06966
0.067888
0.069141
0.067169
0.066304
0.067093
0.065038
0.064144
0.063979
0.068786
0.066606
0.065461
0.065926
0.065241
0.063338
0.061812
0.062838
0.063249
0.061902
0.062584
0.061506
0.062137
0.060454
0.060719
0.05784
0.058646
0.05874
0.059977
0.062449
0.063274
0.059897
0.064616
0.062309
0.063806
0.061509
0.062977
0.065027
0.064217
0.060821
0.062004
0.061854
0.063967
0.060225
0.059479
0.059703
0.057119
0.056535
0.05859
0.060309
0.061912
0.061297
0.063355
0.062278
0.060106
0.062477
0.063879
0.062612
0.062617
0.061478
0.060493
0.061738
0.064768
0.062076
0.064791
0.063753
0.0623
0.059993
0.061328
0.063314
0.065777
0.064491
0.064419
0.064341
0.062684
0.061573
0.060091
0.059638
0.060511
0.062153
0.060927
0.060694
0.059536
0.059895
0.060055
0.066523
0.061804
0.059515
0.060893
0.057296
0.057419
0.058185
0.056877
0.054822
0.054098
0.052049
0.054593
0.054618
0.056367
0.054968
0.053808
0.052018
0.059416
0.055364
0.054467
0.053298
0.056817
0.058718
0.072347
0.062649
0.06169
0.061691
0.060748
0.058312
0.058508
0.057219
0.058107
0.056452
0.056822
0.05894
0.058936
0.058972
0.07083
0.063976
0.063192
0.062621
0.062865
0.062832
0.060642
0.061771
0.060768
0.060688
0.060312
0.059947
0.062366
0.06335
0.062495
0.060941
0.060259
0.059394
0.064969
0.060335
0.059096
0.060357
0.06027
0.061316
0.060654
0.066214
0.061944
0.063737
0.062299
0.063574
0.061556
0.067903
0.063696
0.066732
0.070451
0.067821
0.069383
0.075686
0.072321
0.071712
0.070401
0.068324
0.06972
0.068464
0.068971
0.071255
0.073115
0.073116
0.073844
0.075578
0.075971
0.074602
0.072919
0.074492
0.072544
0.070342
0.065821
0.065134
0.067265
0.068997
0.073667
0.070501
0.0701
0.069631
0.070209
0.065005
0.066553
0.064774
0.064004
0.060558
0.062596
0.061748
0.062222
0.062225
0.062523
0.061527
0.06321
0.064868
0.068909
0.069527
0.06693
0.067515
0.0672
0.066866
0.066819
0.065719
0.065296
0.065425
0.06724
0.064784
0.066212
0.065565
0.065536
0.064621
0.06517
0.064035
0.063866
0.0635
0.062933
0.062752
0.063656
0.062545
0.063
0.062085
0.062103
0.060852
0.061816
0.059267
0.063841
0.061319
0.061862
0.060858
0.063145
0.061887
0.061253
0.060615
0.058654
0.057042
0.059536
0.058378
0.055945
0.055481
0.056474
0.055377
0.053173
0.051105
0.051517
0.051556
0.054511
0.054698
0.056546
0.05337
0.052702
0.052758
0.050389
0.050756
0.050249
0.05011
0.050459
0.050851
0.051437
0.050118
0.049058
0.049611
0.055962
0.053617
0.052987
0.052264
0.051475
0.051344
0.05236
0.051774
0.051712
0.051307
0.050571
0.051001
0.05095
0.052254
0.054872
0.05126
0.05445
0.053569
0.05232
0.052126
0.051789
0.054679
0.056095
0.054172
0.057386
0.055715
0.0558
0.057312
0.055556
0.055212
0.055356
0.055773
0.055832
0.053739
0.056509
0.052968
0.055387
0.054191
0.053919
0.053671
0.05364
0.059732
0.060925
0.058718
0.059825
0.058414
0.060928
0.059248
0.058843
0.058561
0.058552
0.058708
0.061589
0.060185
0.058956
0.058089
0.057335
0.056785
0.057195
0.056084
0.058361
0.058254
0.055695
0.055652
0.056091
0.056501
0.057508
0.05479
0.057171
0.053459
0.055413
0.055716
0.05224
0.053093
0.051969
0.051478
0.052054
0.050556
0.050299
0.048949
0.048771
0.049096
0.047021
0.046719
0.050761
0.049129
0.049881
0.048694
0.046232
0.044946
0.045628
0.045268
0.042525
0.043693
0.043321
0.042331
0.042819
0.041611
0.041542
0.041072
0.041007
0.041084
0.042687
0.041976
0.043899
0.047082
0.043086
0.046071
0.041801
0.041492
0.042582
0.041387
0.042128
0.042848
0.046281
0.045372
0.045036
0.045576
0.045077
0.044128
0.044408
0.043062
0.044404
0.045798
0.048089
0.044209
0.04753
0.048462
0.047341
0.045313
0.046643
0.045775
0.045622
0.045215
0.046999
0.047833
0.049057
0.046054
0.049112
0.0446
0.045196
0.04372
0.044951
0.045106
0.047171
0.046514
0.047372
0.044659
0.0438
0.048822
0.045214
0.045912
0.0461
0.044005
0.044281
0.044084
0.048821
0.045675
0.043868
0.041885
0.043
0.040915
0.041626
0.040038
0.040072
0.040176
0.041358
0.038389
0.039738
0.037901
0.04172
0.038887
0.039423
0.037839
0.037432
0.041065
0.039392
0.038096
0.03693
0.036407
0.037761
0.037166
0.037655
0.037127
0.040341
0.040135
0.037469
0.037904
0.038534
0.036576
0.037955
0.03572
0.03644
0.0352
0.038155
0.035165
0.038575
0.036558
0.035835
0.04023
0.037542
0.035676
0.036786
0.035845
0.03424
0.035847
0.041812
0.039984
0.04072
0.039563
0.038124
0.039266
0.041134
0.043069
0.041546
0.040346
0.040015
0.037242
0.040375
0.040879
0.040592
0.039396
0.039695
0.040147
0.039092
0.03931
0.039886
0.039292
0.038555
0.037264
0.039219
0.037395
0.043302
0.037714
0.038697
0.037203
0.038183
0.038336
0.038924
0.042117
0.041363
0.040264
0.045231
0.040035
0.043137
0.045813
0.043581
0.04347
0.042097
0.044056
0.044271
0.044555
0.044658
0.044569
0.044464
0.043261
0.043975
0.042952
0.041726
0.043995
0.04229
0.043397
0.042636
0.04345
0.04423
0.044765
0.047604
0.045889
0.047363
0.046591
0.047567
0.045654
0.047864
0.045335
0.04706
0.046562
0.04668
0.043866
0.044139
0.0422
0.044063
0.044426
0.044469
0.044567
0.045219
0.04456
0.04417
0.042958
0.042569
0.041884
0.043121
0.042194
0.04206
0.043935
0.037461
0.03935
0.038319
0.037961
0.038534
0.037471
0.038803
0.037186
0.039485
0.0361
0.036587
0.036004
0.034843
0.034491
0.033794
0.03428
0.033904
0.034586
0.033893
0.03435
0.034654
0.034604
0.034524
0.033241
0.033568
0.033495
0.033077
0.033162
0.033529
0.035433
0.035216
0.034084
0.033478
0.033145
0.032422
0.03312
0.034735
0.033648
0.032784
0.032838
0.032198
0.032322
0.03169
0.031816
0.031065
0.03154
0.030599
0.03004
0.02995
0.031017
0.029866
0.033478
0.031937
0.031343
0.031879
0.030812
0.032919
0.031858
0.032304
0.034009
0.032499
0.032142
0.032943
0.033829
0.033792
0.037037
0.036212
0.035102
0.035203
0.034291
0.033913
0.039391
0.038785
0.039315
0.040488
0.040498
0.040083
0.039917
0.042931
0.042156
0.042806
0.041821
0.045477
0.045545
0.046649
0.043605
0.046491
0.043348
0.04682
0.045367
0.045627
0.0439
0.046684
0.047152
0.047235
0.048742
0.048573
0.0484
0.048342
0.046865
0.048931
0.048238
0.048511
0.047247
0.04968
0.048791
0.051033
0.049506
0.045898
0.047478
0.047444
0.045362
0.043529
0.040874
0.042327
0.043478
0.04193
0.040356
0.040422
0.039655
0.038002
0.037842
0.038398
0.03687
0.036386
0.034557
0.034688
0.034515
0.034734
0.034138
0.033133
0.033103
0.03333
0.033691
0.033915
0.03487
0.03517
0.035017
0.034595
0.034102
0.037364
0.036289
0.034608
0.034442
0.033336
0.033329
0.032721
0.032589
0.035116
0.033329
0.031535
0.033336
0.03411
0.033886
0.032494
0.040927
0.033386
0.032322
0.032269
0.032686
0.032412
0.030866
0.032063
0.03041
0.031682
0.031059
0.029626
0.028116
0.031705
0.031126
0.031594
0.030901
0.030362
0.030077
0.029756
0.032869
0.0319
0.031346
0.031597
0.031714
0.036994
0.033172
0.03364
0.03377
0.034396
0.038409
0.038338
0.038056
0.039513
0.039003
0.044905
0.046912
0.04727
0.046222
0.046614
0.045966
0.04696
0.046499
0.047269
0.049089
0.048849
0.047314
0.048117
0.046319
0.04536
0.044726
0.046019
0.042232
0.04579
0.04443
0.044187
0.040558
0.041106
0.037922
0.038451
0.036319
0.036472
0.036008
0.03456
0.032677
0.032306
0.031828
0.031927
0.03053
0.031753
0.031834
0.031017
0.029023
0.028247
0.028119
0.028808
0.031383
0.029529
0.029304
0.030264
0.035087
0.028774
0.028393
0.027955
0.029027
0.031941
0.030239
0.030773
0.033993
0.031655
0.030801
0.031283
0.031482
0.031466
0.03312
0.036218
0.032683
0.033562
0.033236
0.032906
0.037503
0.033028
0.034048
0.034559
0.033514
0.033839
0.032486
0.033029
0.034713
0.034734
0.033953
0.032941
0.033724
0.038091
0.035619
0.035301
0.036087
0.036079
0.038823
0.037227
0.037648
0.038324
0.042845
0.043316
0.043515
0.04366
0.044294
0.045223
0.043329
0.052913
0.050905
0.052503
0.05276
0.049923
0.05091
0.051009
0.050354
0.051148
0.052348
0.053565
0.053088
0.053925
0.053548
0.054595
0.050732
0.052713
0.051145
0.053339
0.049938
0.053886
0.050931
0.051702
0.052348
0.055768
0.05672
0.056297
0.056821
0.056744
0.056177
0.055197
0.055988
0.059613
0.05423
0.056415
0.055743
0.054874
0.055085
0.055202
0.05531
0.055949
0.054812
0.054724
0.054837
0.055542
0.055055
0.057122
0.055793
0.055842
0.056139
0.056702
0.055568
0.055636
0.054824
0.055022
0.054923
0.054911
0.053251
0.054612
0.054122
0.055072
0.053447
0.053381
0.05369
0.053178
0.051347
0.051373
0.051197
0.049408
0.04972
0.048474
0.049758
0.04932
0.049614
0.047504
0.045974
0.046272
0.044306
0.044138
0.045638
0.046479
0.044263
0.043112
0.043098
0.040202
0.041646
0.041005
0.03952
0.039215
0.036683
0.037338
0.037775
0.038316
0.036998
0.035743
0.037252
0.036177
0.041086
0.044671
0.039651
0.040506
0.040927
0.040195
0.040381
0.039987
0.037569
0.036333
0.036168
0.036435
0.038427
0.036761
0.038247
0.037849
0.039323
0.038812
0.039734
0.039091
0.040813
0.040745
0.040938
0.046063
0.042161
0.040775
0.04171
0.041208
0.041225
0.041213
0.044355
0.042025
0.043186
0.043165
0.045867
0.050117
0.045493
0.043184
0.043471
0.04486
0.042045
0.04076
0.041689
0.040362
0.044288
0.04274
0.043566
0.044247
0.056436
0.044005
0.045287
0.043492
0.04579
0.043209
0.045908
0.043646
0.04408
0.042951
0.044393
0.044774
0.044764
0.045251
0.046224
0.043655
0.044871
0.052141
0.047614
0.047685
0.048287
0.048208
0.048272
0.046898
0.048937
0.050709
0.047179
0.045979
0.045432
0.045815
0.046825
0.043961
0.04814
0.04986
0.050845
0.047713
0.050535
0.04845
0.0489
0.047661
0.046566
0.046181
0.047328
0.045737
0.049807
0.048929
0.049727
0.055286
0.052195
0.047108
0.048189
0.046581
0.046684
0.046992
0.047311
0.050022
0.049442
0.046311
0.055793
0.045897
0.048135
0.045114
0.04568
0.047214
0.049213
0.046955
0.048166
0.045728
0.047257
0.05168
0.048062
0.046
0.044894
0.043729
0.049418
0.041804
0.041474
0.040124
0.043714
0.044505
0.045496
0.045318
0.045874
0.046377
0.046904
0.043492
0.044265
0.044508
0.045214
0.048484
0.058707
0.051113
0.051862
0.049919
0.049426
0.048571
0.047695
0.047084
0.047241
0.044328
0.046024
0.047437
0.050388
0.04725
0.050985
0.048315
0.060257
0.048961
0.051163
0.048789
0.049531
0.047011
0.046196
0.04436
0.045123
0.04441
0.048757
0.047729
0.048909
0.059057
0.050188
0.04785
0.05269
0.050564
0.050586
0.048043
0.050363
0.046962
0.048923
0.047567
0.04813
0.049594
0.050606
0.050951
0.064182
0.055868
0.05597
0.054172
0.055301
0.052729
0.054485
0.053235
0.055341
0.051965
0.053138
0.052561
0.062236
0.052621
0.052513
0.047623
0.05004
0.045266
0.046754
0.047014
0.048313
0.045232
0.045936
0.043674
0.046526
0.04623
0.044999
0.046745
0.053507
0.043596
0.044854
0.043637
0.04241
0.045574
0.044741
0.045192
0.044543
0.045528
0.047444
0.053752
0.04949
0.048541
0.050094
0.046917
0.048086
0.046459
0.046981
0.046022
0.046483
0.045982
0.046846
0.050266
0.050571
0.058575
0.050967
0.048039
0.049298
0.047553
0.047916
0.046294
0.044657
0.044535
0.0481
0.047191
0.047114
0.058343
0.050876
0.048955
0.046505
0.043506
0.043863
0.042838
0.043996
0.040279
0.043744
0.04329
0.048128
0.049515
0.059844
0.053952
0.052428
0.05416
0.052374
0.050443
0.050248
0.050135
0.050075
0.049427
0.048217
0.048079
0.049367
0.047999
0.052855
0.051053
0.053943
0.061471
0.052438
0.051375
0.050886
0.051398
0.050646
0.045758
0.05155
0.04816
0.051612
0.049186
0.051465
0.051524
0.051855
0.062352
0.053981
0.051026
0.053561
0.052076
0.060214
0.055025
0.055059
0.052159
0.05431
0.05429
0.054164
0.053402
0.053188
0.058895
0.057979
0.056001
0.055906
0.057178
0.059818
0.058335
0.057364
0.057406
0.057776
0.056395
0.059172
0.058561
0.061693
0.056941
0.059883
0.058765
0.057356
0.055041
0.060033
0.058156
0.058483
0.05843
0.059237
0.055806
0.056904
0.055015
0.060426
0.060697
0.057022
0.056882
0.059755
0.058604
0.059086
0.056386
0.054484
0.056015
0.056621
0.052271
0.054269
0.049621
0.048967
0.04767
0.050757
0.051074
0.050258
0.049998
0.047563
0.047028
0.047866
0.054474
0.04648
0.044538
0.043551
0.044106
0.042148
0.046089
0.046861
0.056915
0.050963
0.048645
0.050064
0.050137
0.05325
0.050339
0.0508
0.050141
0.049663
0.05279
0.056594
0.056857
0.058168
0.055509
0.052751
0.059683
0.058173
0.059575
0.05479
0.05385
0.055137
0.054921
0.055771
0.054194
0.054506
0.053213
0.055108
0.052585
0.052355
0.053469
0.052464
0.051056
0.053138
0.054405
0.056674
0.052112
0.050257
0.054418
0.052994
0.050364
0.051333
0.052206
0.049089
0.049143
0.051239
0.051972
0.051827
0.051424
0.051028
0.049956
0.050749
0.049271
0.047967
0.048455
0.04916
0.050495
0.047657
0.049185
0.048231
0.050849
0.050215
0.049455
0.050413
0.048141
0.048719
0.048248
0.050546
0.049409
0.054591
0.053621
0.052346
0.051588
0.053045
0.052136
0.051802
0.052921
0.055505
0.052182
0.05299
0.055458
0.05392
0.053566
0.053075
0.052156
0.055509
0.053504
0.053323
0.0537
0.054118
0.052296
0.060742
0.055319
0.056444
0.054202
0.054059
0.050918
0.057259
0.053416
0.053568
0.05065
0.050244
0.04985
0.050737
0.050247
0.053225
0.051984
0.053221
0.067002
0.06209
0.061087
0.061324
0.058453
0.057758
0.056695
0.056649
0.055761
0.056528
0.052735
0.055809
0.054427
0.057962
0.055648
0.059294
0.058293
0.056227
0.057414
0.057764
0.061489
0.062131
0.059833
0.060359
0.057962
0.059513
0.06019
0.062357
0.060849
0.064263
0.063117
0.060918
0.060347
0.059895
0.056055
0.062998
0.057049
0.0553
0.054827
0.056275
0.052917
0.057914
0.055
0.058847
0.058102
0.057726
0.05699
0.056695
0.054003
0.054379
0.058262
0.057035
0.054854
0.054358
0.052592
0.054264
0.053743
0.055193
0.052852
0.053184
0.051214
0.055227
0.056006
0.056883
0.054766
0.052637
0.051633
0.054071
0.051653
0.054994
0.053991
0.053325
0.052231
0.053463
0.051021
0.050097
0.048669
0.05129
0.052557
0.050612
0.046426
0.048375
0.047071
0.050108
0.049688
0.052238
0.049939
0.049979
0.050113
0.04951
0.055503
0.050199
0.047127
0.050049
0.047697
0.047221
0.044237
0.045188
0.045436
0.044028
0.04336
0.044846
0.046532
0.047164
0.045563
0.046983
0.047137
0.045873
0.046634
0.057529
0.046539
0.048391
0.04517
0.043694
0.043755
0.045755
0.046826
0.050751
0.047548
0.050056
0.059125
0.052312
0.052074
0.051415
0.050323
0.049515
0.04838
0.048681
0.047324
0.046531
0.047552
0.049224
0.049633
0.060884
0.05031
0.050388
0.048638
0.048592
0.048836
0.044632
0.044656
0.045861
0.042917
0.045627
0.044683
0.044967
0.043801
0.045648
0.044309
0.04831
0.045656
0.047118
0.051377
0.046047
0.046428
0.04432
0.050589
0.050453
0.047172
0.048382
0.05143
0.051035
0.048118
0.05066
0.04743
0.048509
0.046749
0.054149
0.050276
0.051095
0.049605
0.050591
0.050013
0.05318
0.053884
0.052155
0.050342
0.051782
0.055733
0.055002
0.054352
0.051751
0.050055
0.05034
0.056041
0.051486
0.052102
0.052203
0.049061
0.051151
0.047744
0.055514
0.050663
0.052192
0.050194
0.049331
0.048296
0.049049
0.048754
0.05045
0.049724
0.047224
0.043261
0.045175
0.044389
0.046491
0.049406
0.046172
0.044032
0.048831
0.043806
0.045259
0.042856
0.044972
0.047746
0.046547
0.043974
0.044726
0.042848
0.042296
0.041357
0.04885
0.046051
0.05374
0.051503
0.04959
0.047215
0.047845
0.047053
0.046618
0.045051
0.043947
0.04192
0.044522
0.043637
0.043687
0.04519
0.042901
0.045205
0.055237
0.047081
0.043154
0.042458
0.043101
0.038802
0.040722
0.037279
0.040967
0.038133
0.04087
0.038686
0.042619
0.042321
0.044426
0.046501
0.058316
0.048322
0.046721
0.046873
0.046771
0.044079
0.045184
0.045008
0.04771
0.04804
0.048464
0.049508
0.061445
0.054233
0.054281
0.051132
0.052357
0.052895
0.052345
0.050382
0.050127
0.050467
0.052727
0.051038
0.052405
0.051861
0.051443
0.048881
0.054737
0.050723
0.049383
0.047507
0.057394
0.046544
0.047617
0.045075
0.044439
0.049742
0.049762
0.047173
0.046404
0.046963
0.048812
0.052057
0.050926
0.050416
0.052732
0.052036
0.052062
0.047671
0.046728
0.044926
0.046926
0.047569
0.044875
0.04538
0.048393
0.046426
0.047301
0.045544
0.048208
0.048348
0.049666
0.047775
0.057598
0.048454
0.050115
0.047097
0.048823
0.048682
0.047857
0.053561
0.052525
0.050339
0.051582
0.05139
0.059256
0.055417
0.057165
0.054389
0.056924
0.053856
0.055547
0.056258
0.055233
0.052966
0.05465
0.055923
0.059177
0.055996
0.055098
0.054793
0.056059
0.059146
0.059367
0.05823
0.057892
0.056689
0.059255
0.057253
0.058196
0.05775
0.058573
0.057626
0.062763
0.063217
0.062779
0.062167
0.062585
0.061181
0.063301
0.061151
0.063757
0.060013
0.062838
0.05873
0.059311
0.060499
0.058711
0.058848
0.060036
0.058771
0.057716
0.064622
0.06489
0.063221
0.063946
0.063885
0.061715
0.062583
0.061148
0.063139
0.063893
0.061259
0.063248
0.062569
0.062079
0.062672
0.064865
0.062833
0.063584
0.061966
0.06358
0.060637
0.062821
0.063785
0.063852
0.061387
0.0648
0.06388
0.062977
0.061776
0.06794
0.067792
0.067282
0.066739
0.065843
0.063645
0.062717
0.066316
0.063675
0.063718
0.063194
0.062913
0.059057
0.060779
0.058117
0.062315
0.058914
0.059678
0.055261
0.056298
0.055497
0.058435
0.059552
0.05945
0.054135
0.054974
0.054949
0.054714
0.0583
0.057552
0.058579
0.05566
0.054048
0.054079
0.054118
0.053177
0.050929
0.051718
0.049138
0.048396
0.04469
0.044347
0.042622
0.04087
0.041121
0.039468
0.037222
0.036978
0.038015
0.036181
0.040743
0.037294
0.03666
0.035829
0.042968
0.037079
0.036665
0.037492
0.0379
0.036755
0.040351
0.040128
0.037794
0.040571
0.048251
0.042943
0.04397
0.04338
0.042208
0.041697
0.040728
0.041292
0.042416
0.045981
0.051235
0.04674
0.044825
0.045262
0.043444
0.044901
0.042057
0.043139
0.041124
0.039844
0.039213
0.040929
0.040372
0.0404
0.037334
0.037209
0.035842
0.035652
0.035523
0.03422
0.036808
0.036114
0.037023
0.038975
0.038078
0.045152
0.037202
0.036496
0.036159
0.035626
0.034418
0.03434
0.034586
0.03736
0.037873
0.043897
0.038888
0.038428
0.038318
0.038161
0.037196
0.037795
0.03737
0.03838
0.039958
0.038937
0.044479
0.040663
0.038996
0.041096
0.043576
0.040331
0.044998
0.046832
0.045139
0.045565
0.044233
0.045492
0.046102
0.04517
0.045915
0.048747
0.048141
0.049347
0.0488
0.049237
0.059466
0.051411
0.048435
0.050633
0.049403
0.050588
0.047741
0.046098
0.047315
0.047193
0.046061
0.045849
0.044205
0.043256
0.045641
0.046627
0.043747
0.044514
0.041299
0.038084
0.037047
0.040596
0.035978
0.035674
0.036604
0.037775
0.038232
0.039714
0.03939
0.047772
0.040674
0.03995
0.039857
0.04061
0.043596
0.042244
0.040486
0.04192
0.041331
0.039848
0.044316
0.038898
0.03771
0.036358
0.032368
0.031851
0.029592
0.029257
0.034007
0.031128
0.032512
0.034332
0.035448
0.040778
0.035273
0.035825
0.034955
0.033853
0.035491
0.034592
0.03683
0.038076
0.044961
0.042039
0.042225
0.040078
0.040779
0.040839
0.041742
0.041056
0.051772
0.048558
0.049309
0.047118
0.046109
0.045268
0.046581
0.043819
0.046104
0.041493
0.043645
0.041126
0.038223
0.0417
0.040691
0.039052
0.041611
0.03998
0.040961
0.03954
0.039302
0.039504
0.038287
0.03781
0.036651
0.037241
0.034693
0.034987
0.03636
0.037946
0.035964
0.040332
0.041747
0.047911
0.041172
0.037394
0.037597
0.03524
0.036559
0.034454
0.036832
0.037737
0.046261
0.040415
0.040336
0.041017
0.040816
0.040265
0.040936
0.039935
0.040598
0.03894
0.038821
0.038098
0.037548
0.037034
0.039675
0.039768
0.038144
0.040188
0.038831
0.038415
0.047214
0.039141
0.039709
0.038802
0.040772
0.037513
0.041911
0.042494
0.043212
0.048216
0.047155
0.047837
0.049166
0.047228
0.04776
0.04752
0.047521
0.046969
0.051866
0.051806
0.051911
0.052332
0.054714
0.053144
0.05381
0.053515
0.054082
0.052727
0.054387
0.053623
0.054629
0.052426
0.055234
0.054923
0.057366
0.058673
0.05646
0.055735
0.058507
0.057808
0.055489
0.054427
0.05449
0.053407
0.053935
0.050714
0.051152
0.049807
0.053611
0.051922
0.05597
0.054621
0.053206
0.05289
0.052913
0.051891
0.051742
0.047057
0.048941
0.047005
0.046254
0.044751
0.044977
0.047284
0.048005
0.046894
0.047247
0.046151
0.045927
0.04461
0.046812
0.043742
0.043232
0.041957
0.041294
0.041119
0.04149
0.041388
0.042931
0.042186
0.043939
0.043074
0.043808
0.041911
0.042084
0.041792
0.044262
0.042303
0.043107
0.042006
0.049489
0.041894
0.041814
0.040402
0.041435
0.044127
0.045422
0.043132
0.044252
0.042854
0.049703
0.04477
0.044162
0.044851
0.045043
0.043584
0.042457
0.042459
0.045538
0.042244
0.042545
0.04404
0.045147
0.042457
0.041419
0.041141
0.042551
0.042878
0.040973
0.044682
0.038998
0.041975
0.041545
0.04113
0.047666
0.041339
0.042605
0.041582
0.043566
0.042737
0.043378
0.042503
0.047441
0.045669
0.044122
0.042691
0.043525
0.047005
0.045024
0.043604
0.044866
0.043592
0.044668
0.043743
0.049073
0.047351
0.047908
0.046954
0.057166
0.050303
0.051412
0.053214
0.053964
0.052125
0.052599
0.054239
0.05674
0.054229
0.053684
0.061394
0.055956
0.052842
0.05287
0.050892
0.049979
0.047763
0.048092
0.046413
0.045593
0.045385
0.04581
0.04716
0.047146
0.044511
0.044399
0.042492
0.042903
0.043747
0.040702
0.039892
0.039581
0.03898
0.038469
0.037859
0.038096
0.039725
0.037907
0.037725
0.039467
0.047053
0.040474
0.039253
0.039893
0.036302
0.036656
0.035603
0.037907
0.035735
0.036653
0.038104
0.041931
0.041282
0.049509
0.044561
0.044765
0.04433
0.041707
0.03983
0.037925
0.037937
0.039124
0.040716
0.039572
0.038014
0.040592
0.042927
0.042835
0.04198
0.047946
0.03922
0.042622
0.039487
0.036784
0.037116
0.043329
0.040038
0.039653
0.038157
0.048897
0.040931
0.041502
0.039547
0.040178
0.037376
0.038445
0.039019
0.039479
0.048003
0.048349
0.04623
0.046587
0.045808
0.044376
0.042453
0.045696
0.044202
0.044566
0.045177
0.048852
0.059338
0.052329
0.050594
0.049209
0.050915
0.051854
0.051183
0.05082
0.050274
0.048029
0.050576
0.051605
0.056037
0.052804
0.058356
0.054099
0.053945
0.053179
0.049997
0.053848
0.052336
0.051328
0.050962
0.05621
0.055537
0.053278
0.056427
0.056766
0.055731
0.056475
0.053572
0.053362
0.057234
0.059865
0.060055
0.059821
0.059432
0.058801
0.059122
0.05947
0.059521
0.060092
0.059298
0.058735
0.058851
0.05842
0.05758
0.06069
0.059553
0.063255
0.062064
0.06279
0.059699
0.064194
0.059047
0.060735
0.058672
0.062576
0.057447
0.059357
0.062157
0.062708
0.062253
0.061893
0.058977
0.062946
0.061676
0.061627
0.060821
0.06289
0.062328
0.060688
0.060551
0.063427
0.061037
0.062796
0.062203
0.059946
0.062391
0.062599
0.059394
0.061002
0.058926
0.058088
0.058247
0.05823
0.058374
0.058286
0.057177
0.058014
0.056173
0.056537
0.056253
0.056302
0.05549
0.056567
0.05323
0.054985
0.059015
0.058917
0.056497
0.057141
0.0564
0.056938
0.055764
0.056903
0.054159
0.05418
0.051806
