0.021615
0.119061
0.122129
0.130094
0.132774
0.12461
0.129031
0.124804
0.109446
0.123921
0.122073
0.119151
0.12994
0.126613
0.125357
0.121581
0.12521
0.126774
0.132078
0.117936
0.132738
0.127751
0.122616
0.125926
0.122827
0.12566
0.126162
0.119359
0.122541
0.110149
0.119969
0.121316
0.125104
0.11631
0.120504
0.111818
0.112472
0.110835
0.109707
0.107539
0.114873
0.11164
0.110692
0.11055
0.108022
0.10814
0.110137
0.109951
0.112569
0.110486
0.109118
0.114362
0.109351
0.114047
0.113105
0.110665
0.11405
0.111208
0.112731
0.111457
0.108864
0.111411
0.120172
0.115842
0.114133
0.108726
0.110143
0.104212
0.104556
0.104246
0.112505
0.106474
0.112255
0.106981
0.105388
0.114208
0.10806
0.110606
0.111691
0.115616
0.119243
0.115529
0.118887
0.119393
0.12083
0.115908
0.10673
0.116976
0.115041
0.109986
0.113716
0.121337
0.114632
0.112342
0.117037
0.121018
0.117961
0.119616
0.120997
0.120464
0.116525
0.120175
0.118252
0.122375
0.119149
0.12051
0.117703
0.120813
0.10979
0.114868
0.119442
0.118118
0.115583
0.115596
0.112303
0.108555
0.113039
0.109418
0.113066
0.114153
0.11262
0.11087
0.110958
0.113116
0.108709
0.1093
0.10925
0.109169
0.110977
0.114951
0.114294
0.114379
0.113339
0.112298
0.11179
0.114852
0.109422
0.114712
0.112471
0.112618
0.109595
0.104357
0.118347
0.115388
0.117623
0.115134
0.118854
0.112307
0.11805
0.109286
0.113693
0.111373
0.114816
0.11209
0.116821
0.114637
0.111938
0.115515
0.109909
0.106066
0.105521
0.110987
0.10284
0.103978
0.103346
0.10423
0.099326
0.100608
0.102398
0.099878
0.102848
0.098626
0.103215
0.105142
0.101773
0.101382
0.101977
0.097188
0.106067
0.099772
0.101524
0.102459
0.099279
0.104737
0.10501
0.098849
0.097254
0.116364
0.115606
0.109916
0.11612
0.113893
0.113427
0.116787
0.117149
0.12343
0.118885
0.121261
0.118135
0.1194
0.115534
0.115396
0.117266
0.113556
0.116083
0.114149
0.112762
0.107007
0.109572
0.113907
0.109609
0.11744
0.120502
0.125343
0.123889
0.126907
0.127628
0.120225
0.122683
0.122004
0.125192
0.125596
0.122809
0.118974
0.117278
0.161677
0.158596
0.167692
0.161603
0.159887
0.159144
0.153676
0.155563
0.154541
0.155237
0.145187
0.144074
0.149849
0.147282
0.13963
0.14384
0.159845
0.156209
0.160217
0.151609
0.154815
0.150379
0.150468
0.141877
0.143872
0.146942
0.137785
0.138819
0.150599
0.150823
0.147498
0.142699
0.146657
0.158153
0.156368
0.148869
0.14915
0.14696
0.144264
0.150767
0.151219
0.153994
0.148578
0.147092
0.147033
0.145829
0.157209
0.161553
0.158397
0.158513
0.153453
0.152092
0.166419
0.169429
0.167157
0.165404
0.160274
0.160571
0.174787
0.172393
0.170812
0.170687
0.168866
0.167075
0.175195
0.178493
0.170923
0.167631
0.164201
0.183601
0.173281
0.173926
0.166155
0.168824
0.161716
0.162585
0.181916
0.173378
0.17064
0.173304
0.185112
0.187943
0.182913
0.18096
0.171816
0.170506
0.184748
0.180896
0.175964
0.173809
0.16649
0.170846
0.189927
0.172493
0.171158
0.170092
0.1858
0.187002
0.17411
0.168224
0.168678
0.169831
0.164609
0.168026
0.175633
0.169951
0.161431
0.164229
0.165588
0.198863
0.183119
0.181576
0.177069
0.178932
0.171934
0.176273
0.175695
0.182589
0.18057
0.174768
0.170627
0.181097
0.206359
0.19152
0.184327
0.183811
0.174039
0.169153
0.180995
0.18109
0.173964
0.17393
0.180447
0.178477
0.206275
0.18357
0.179673
0.178303
0.182465
0.170256
0.167149
0.1625
0.17083
0.176963
0.169698
0.169934
0.169874
0.196791
0.196206
0.192954
0.183762
0.183385
0.174375
0.171079
0.171818
0.177158
0.170983
0.1686
0.166221
0.172608
0.208299
0.188851
0.181651
0.180987
0.178821
0.175917
0.159396
0.162503
0.157647
0.157505
0.164422
0.169644
0.191326
0.184346
0.182936
0.173618
0.168515
0.169427
0.161159
0.168237
0.165368
0.175832
0.169771
0.172381
0.167224
0.210111
0.181892
0.186801
0.17911
0.176926
0.171367
0.163439
0.157432
0.157184
0.167881
0.164955
0.165729
0.159088
0.156296
0.185072
0.172417
0.163418
0.156744
0.163238
0.163408
0.159623
0.148642
0.151236
0.15705
0.154623
0.157765
0.152867
0.152615
0.149616
0.173565
0.155393
0.157109
0.154787
0.144415
0.150966
0.153274
0.145288
0.143005
0.145739
0.137718
0.159681
0.149164
0.146712
0.136985
0.130668
0.132203
0.132124
0.129894
0.138087
0.129368
0.130676
0.139478
0.126383
0.148653
0.135728
0.134159
0.130132
0.13023
0.134913
0.136141
0.13016
0.128889
0.133491
0.147671
0.147531
0.137432
0.143912
0.137298
0.132081
0.14069
0.140854
0.140569
0.141796
0.158184
0.15772
0.156019
0.152544
0.149067
0.146514
0.145872
0.156964
0.153685
0.161798
0.169936
0.171587
0.173705
0.166643
0.159758
0.165415
0.165757
0.163986
0.159156
0.151014
0.167399
0.165779
0.18806
0.182288
0.186957
0.182408
0.175073
0.167187
0.164709
0.170231
0.164985
0.174588
0.167645
0.175481
0.195543
0.191665
0.18653
0.179176
0.17341
0.164988
0.17233
0.172903
0.180468
0.173559
0.172579
0.17571
0.200271
0.191034
0.181157
0.180424
0.17089
0.175246
0.166519
0.159574
0.159289
0.15866
0.157554
0.167384
0.16673
0.186574
0.184289
0.184801
0.182713
0.180984
0.177438
0.178119
0.180309
0.178866
0.179085
0.210646
0.199592
0.1916
0.196687
0.186244
0.186844
0.185295
0.180712
0.188725
0.18169
0.177628
0.180488
0.20827
0.201082
0.187526
0.185498
0.184665
0.179728
0.183671
0.179069
0.189663
0.180932
0.180785
0.184703
0.21718
0.195826
0.193875
0.19237
0.187939
0.183269
0.1814
0.180908
0.18789
0.183052
0.18781
0.184992
0.223692
0.19646
0.192622
0.188765
0.183949
0.182098
0.183932
0.178678
0.186525
0.183054
0.187267
0.216063
0.204676
0.197067
0.19835
0.191853
0.1906
0.181265
0.181529
0.189599
0.188599
0.187778
0.18352
0.21864
0.208897
0.20076
0.198847
0.189904
0.185505
0.182974
0.181468
0.188703
0.186714
0.183261
0.183323
0.21464
0.200733
0.203725
0.198293
0.190934
0.187587
0.181907
0.181489
0.183408
0.180155
0.184771
0.21287
0.206376
0.201877
0.192447
0.185712
0.176926
0.182524
0.188098
0.181181
0.179114
0.181964
0.209986
0.187587
0.189618
0.183648
0.183049
0.179751
0.171045
0.173173
0.179023
0.17211
0.177499
0.176861
0.216224
0.189168
0.18253
0.189677
0.1775
0.170929
0.172804
0.174381
0.182729
0.173359
0.174194
0.175076
0.215855
0.189005
0.191993
0.183126
0.182033
0.174878
0.175116
0.169055
0.177184
0.170458
0.167751
0.171738
0.209385
0.189627
0.186494
0.181014
0.167593
0.16819
0.174938
0.172002
0.177233
0.16938
0.175459
0.208461
0.192002
0.190141
0.188769
0.181032
0.172103
0.16914
0.172795
0.172624
0.175073
0.163275
0.169667
0.167941
0.197317
0.186588
0.182313
0.170128
0.171557
0.171265
0.162978
0.154243
0.149843
0.15323
0.147111
0.145384
0.144141
0.143642
0.140253
0.140159
0.143413
0.140147
0.137153
0.138057
0.132689
0.130646
0.121343
0.126908
0.12079
0.114005
0.111335
0.110487
0.116294
0.115253
0.106662
0.100543
0.096654
0.09483
0.102298
0.089084
0.091902
0.088503
0.087357
0.089355
0.080734
0.087685
0.082208
0.08635
0.086094
0.084159
0.087489
0.082689
0.083012
0.080431
0.07768
0.07781
0.08025
0.083518
0.077482
0.075801
0.085923
0.081232
0.078811
0.075639
0.083335
0.081019
0.080472
0.080226
0.080143
0.079809
0.080859
0.077203
0.07628
0.075613
0.077951
0.079501
0.078545
0.075327
0.072976
0.075555
0.076456
0.074193
0.072385
0.068318
0.072517
0.073816
0.07197
0.07094
0.075356
0.073934
0.072608
0.071486
0.069262
0.073053
0.074133
0.072343
0.07054
0.068645
0.071894
0.072796
0.072038
0.069583
0.066452
0.072669
0.074066
0.072448
0.068384
0.074001
0.074132
0.073171
0.071761
0.067471
0.065825
0.069314
0.078215
0.074002
0.069603
0.068356
0.066396
0.06722
0.064344
0.071631
0.070658
0.068359
0.067727
0.071362
0.073318
0.070414
0.07006
0.067709
0.071333
0.072056
0.069078
0.067454
0.067314
0.070398
0.069617
0.070977
0.066652
0.073601
0.074736
0.071348
0.070268
0.06713
0.069545
0.072045
0.070141
0.068736
0.078132
0.079176
0.076456
0.072745
0.072505
0.0755
0.0783
0.072411
0.071344
0.078405
0.078922
0.07363
0.076824
0.079487
0.077078
0.076459
0.07525
0.070224
0.071686
0.073734
0.073428
0.070106
0.072881
0.082474
0.081114
0.074787
0.077679
0.075412
0.07114
0.073243
0.074528
0.073497
0.08069
0.078808
0.076408
0.073837
0.07916
0.080238
0.077293
0.079932
0.082653
0.082861
0.086933
0.081742
0.080933
0.087114
0.086423
0.088167
0.085497
0.089859
0.091908
0.089636
0.091257
0.085542
0.0901
0.090319
0.088531
0.083781
0.091656
0.089126
0.090524
0.09423
0.105263
0.106119
0.105163
0.101058
0.096267
0.094805
0.090303
0.094882
0.095713
0.101747
0.103069
0.106508
0.10185
0.11474
0.111987
0.110008
0.105722
0.101298
0.097989
0.099736
0.101248
0.097261
0.095051
0.101863
0.102456
0.105201
0.11596
0.109662
0.105872
0.104564
0.114258
0.110653
0.107372
0.108781
0.117809
0.1159
0.115372
0.120072
0.135461
0.123057
0.125126
0.123474
0.115936
0.115823
0.113691
0.118242
0.119774
0.117138
0.114225
0.115444
0.111129
0.130883
0.124852
0.121449
0.117917
0.11925
0.112114
0.115078
0.117016
0.119907
0.120389
0.129482
0.127782
0.129964
0.127523
0.12196
0.123658
0.127417
0.130535
0.127382
0.125218
0.147448
0.143262
0.144975
0.140686
0.141049
0.139098
0.135186
0.140888
0.143402
0.142274
0.143705
0.164517
0.158132
0.150987
0.147925
0.151018
0.153471
0.143627
0.151231
0.145194
0.142311
0.147689
0.14545
0.164633
0.159564
0.159348
0.151923
0.149429
0.141303
0.143382
0.137006
0.139047
0.144945
0.140036
0.14002
0.136423
0.130097
0.130713
0.124668
0.123624
0.120573
0.119451
0.113589
0.130771
0.145386
0.149362
0.151607
0.149369
0.15223
0.15328
0.150176
0.148078
0.157058
0.157216
0.178052
0.168354
0.171803
0.17092
0.166259
0.165591
0.167764
0.174676
0.167501
0.165986
0.176736
0.17431
0.167992
0.168917
0.162732
0.166068
0.162565
0.158443
0.149716
0.160739
0.155998
0.150092
0.145396
0.156566
0.154281
0.149239
0.155701
0.151249
0.153501
0.141635
0.153544
0.155836
0.156016
0.162423
0.168934
0.165318
0.157477
0.154159
0.165371
0.172866
0.16361
0.160503
0.16219
0.170604
0.166188
0.150713
0.149506
0.168712
0.153788
0.148702
0.157401
0.152268
0.143856
0.145281
0.146185
0.15245
0.149841
0.142048
0.142136
0.154555
0.149406
0.14594
0.159161
0.162087
0.15777
0.156709
0.156038
0.160497
0.162892
0.15641
0.15634
0.15394
0.163044
0.171341
0.163595
0.163258
0.159826
0.167058
0.162633
0.156749
0.15796
0.153994
0.160721
0.161088
0.160076
0.155969
0.150928
0.165103
0.165186
0.164251
0.153448
0.152739
0.160754
0.162656
0.159341
0.154377
0.14975
0.15913
0.157982
0.150271
0.147687
0.139917
0.138085
0.136795
0.140613
0.136448
0.133285
0.13063
0.137084
0.122398
0.11773
0.119585
0.116824
0.119905
0.119848
0.1188
0.114701
0.118159
0.1328
0.124373
0.121214
0.117812
0.121046
0.127297
0.120893
0.114135
0.119178
0.115142
0.11308
0.113966
0.113335
0.116768
0.115658
0.117272
0.126231
0.124928
0.119595
0.117916
0.125666
0.129305
0.121653
0.127503
0.130449
0.123348
0.12856
0.131236
0.134389
0.127457
0.124878
0.133014
0.132673
0.12905
0.129168
0.134285
0.133421
0.128697
0.137605
0.137818
0.136044
0.144098
0.137542
0.137121
0.139145
0.146555
0.1409
0.139099
0.141928
0.142703
0.13704
0.139286
0.136265
0.139367
0.134721
0.137985
0.139556
0.152566
0.14919
0.139154
0.137106
0.133472
0.129536
0.127144
0.124949
0.120086
0.118349
0.114873
0.116586
0.111484
0.108564
0.115172
0.10849
0.104746
0.108411
0.106695
0.112981
0.112169
0.11795
0.128286
0.120889
0.116711
0.111548
0.115432
0.107924
0.113818
0.115021
0.115332
0.11192
0.109452
0.111719
0.108818
0.131936
0.120813
0.115981
0.113359
0.109249
0.104013
0.103224
0.098493
0.097069
0.098632
0.100032
0.099777
0.102797
0.103132
0.102436
0.123525
0.117181
0.115034
0.115593
0.10551
0.108009
0.108043
0.111555
0.107135
0.112961
0.105906
0.111257
0.114257
0.125692
0.122503
0.120079
0.115793
0.113653
0.116447
0.112312
0.112975
0.10951
0.119013
0.121371
0.125699
0.121571
0.142793
0.138358
0.134923
0.136186
0.133527
0.135487
0.135307
0.128302
0.131252
0.129291
0.141075
0.143311
0.143086
0.143169
0.138107
0.165927
0.150637
0.145766
0.143452
0.143197
0.144261
0.150151
0.152787
0.150405
0.151134
0.148562
0.157672
0.151519
0.157361
0.184243
0.178111
0.174217
0.167734
0.165753
0.168798
0.160688
0.153657
0.158524
0.158576
0.163022
0.17384
0.172701
0.166752
0.166018
0.160864
0.159662
0.159655
0.15691
0.162995
0.166199
0.166244
0.180065
0.174368
0.165914
0.168043
0.169358
0.161859
0.16308
0.151879
0.160121
0.16275
0.162498
0.163333
0.160538
0.160479
0.192665
0.176242
0.16293
0.165342
0.154577
0.152635
0.146167
0.147077
0.138667
0.142283
0.147096
0.142548
0.149182
0.147462
0.14774
0.168198
0.163297
0.161813
0.160053
0.15265
0.153266
0.146994
0.153083
0.157361
0.150465
0.151012
0.14747
0.146191
0.148638
0.152666
0.173536
0.164068
0.159575
0.157015
0.148753
0.149274
0.150234
0.143214
0.14583
0.149907
0.145835
0.143743
0.148319
0.17171
0.161024
0.158387
0.152169
0.154573
0.154649
0.15176
0.14717
0.141389
0.14426
0.14749
0.148836
0.152437
0.150742
0.149883
0.146446
0.163973
0.159364
0.156762
0.152682
0.152546
0.152338
0.147775
0.150439
0.15044
0.14675
0.147895
0.14533
0.143499
0.144709
0.154769
0.157331
0.152632
0.149662
0.149317
0.147927
0.140055
0.143632
0.144221
0.143033
0.145726
0.144896
0.147069
0.15146
0.149948
0.150103
0.147129
0.144326
0.147794
0.146948
0.142348
0.136297
0.144495
0.145136
0.14249
0.137978
0.145481
0.151604
0.154401
0.150002
0.153655
0.152152
0.152935
0.150121
0.149007
0.150122
0.146171
0.149993
0.151195
0.151751
0.151014
0.148507
0.148751
0.146193
0.147679
0.148826
0.147458
0.144499
0.146312
0.148423
0.148454
0.147259
0.144294
0.145854
0.145819
0.150614
0.150966
0.149436
0.14906
0.145086
0.150948
0.144934
0.147513
0.148695
0.148151
0.150651
0.149779
0.147825
0.149797
0.148399
0.148699
0.145974
0.151939
0.148042
0.152327
0.151688
0.150986
0.14809
0.149002
0.153197
0.147803
0.151109
0.148366
0.150797
0.150658
0.144268
0.146677
0.147889
0.149679
0.148158
0.142193
0.145534
0.151038
0.145964
0.14558
0.146187
0.149122
0.146063
0.151436
0.144111
0.148114
0.145121
0.146642
0.145599
0.143772
0.141625
0.14284
0.144712
0.143094
0.139022
0.139237
0.140398
0.140683
0.138158
0.140885
0.133077
0.138952
0.139891
0.137385
0.142161
0.15082
0.157559
0.155449
0.158068
0.158129
0.155623
0.156132
0.155518
0.154666
0.151294
0.154481
0.150849
0.154413
0.152899
0.150556
0.151693
0.153142
0.15056
0.151965
0.151839
0.148717
0.14856
0.148554
0.146967
0.145258
0.145986
0.149153
0.141535
0.143272
0.141264
0.144856
0.142893
0.143629
0.139163
0.138689
0.143252
0.139139
0.139819
0.140476
0.143895
0.141973
0.139962
0.134148
0.140816
0.143631
0.137237
0.138793
0.138087
0.137787
0.134884
0.140415
0.134751
0.13608
0.134948
0.136794
0.140222
0.143755
0.140538
0.144008
0.146183
0.146487
0.150004
0.141273
0.148873
0.145001
0.142893
0.142539
0.140949
0.138565
0.139497
0.140905
0.139546
0.134689
0.140155
0.138184
0.150306
0.151365
0.152054
0.15221
0.146942
0.145691
0.14375
0.145112
0.142195
0.139464
0.155929
0.156603
0.154272
0.147679
0.150274
0.166861
0.16485
0.161735
0.155229
0.15364
0.146602
0.151615
0.15724
0.156184
0.158719
0.159933
0.153037
0.149441
0.150577
0.158986
0.159397
0.156021
0.150803
0.148922
0.144862
0.146143
0.152321
0.150922
0.14605
0.145419
0.141604
0.156406
0.154221
0.143416
0.141644
0.137482
0.132494
0.130856
0.126084
0.133481
0.126553
0.126311
0.120386
0.115562
0.116163
0.114939
0.109727
0.134271
0.11745
0.114146
0.112521
0.107581
0.107795
0.108212
0.104907
0.108233
0.115141
0.112782
0.116357
0.115865
0.113908
0.12572
0.124815
0.121207
0.118374
0.120552
0.116873
0.134387
0.134853
0.126781
0.131705
0.129053
0.13965
0.141344
0.142765
0.140376
0.14152
0.161225
0.162407
0.163818
0.163671
0.161289
0.162011
0.166101
0.175662
0.176645
0.17478
0.170007
0.169995
0.176957
0.173479
0.177963
0.177545
0.168918
0.193846
0.185706
0.182719
0.179676
0.181658
0.179371
0.169072
0.190258
0.183408
0.187415
0.18753
0.181712
0.185733
0.187866
0.177698
0.191891
0.193196
0.185017
0.181024
0.185084
0.178254
0.175735
0.17606
0.175619
0.173097
0.177416
0.178756
0.182284
0.181111
0.173293
0.179708
0.177024
0.171135
0.171999
0.171354
0.167911
0.17787
0.183867
0.183676
0.18741
0.18222
0.180788
0.180617
0.180331
0.171152
0.177244
0.186346
0.188822
0.187765
0.182859
0.186595
0.184579
0.177333
0.176758
0.176751
0.179272
0.186389
0.188471
0.183467
0.188147
0.178718
0.177321
0.179048
0.176799
0.175822
0.167563
0.175725
0.184761
0.186523
0.180389
0.177906
0.173894
0.176325
0.180727
0.187656
0.183597
0.17698
0.169034
0.171657
0.173974
0.179951
0.182621
0.185516
0.179818
0.180575
0.176195
0.186834
0.186026
0.180951
0.185618
0.18302
0.17358
0.184105
0.18212
0.183066
0.187276
0.183658
0.179445
0.189729
0.179909
0.179131
0.188009
0.185627
0.181202
0.185206
0.18177
0.180429
0.179175
0.192045
0.193294
0.184574
0.185845
0.181425
0.188532
0.179987
0.196267
0.187389
0.188086
0.187298
0.185832
0.189473
0.184334
0.186258
0.18964
0.192674
0.190944
0.185344
0.18858
0.185552
0.186508
0.180666
0.186786
0.188649
0.187193
0.190986
0.193088
0.19051
0.188785
0.177789
0.182106
0.18766
0.179559
0.178928
0.184678
0.182335
0.192716
0.198232
0.196355
0.195359
0.193454
0.189822
0.187081
0.189992
0.184079
0.18078
0.184159
0.180976
0.178329
0.178997
0.19395
0.189447
0.188019
0.18504
0.187194
0.182934
0.178504
0.17408
0.170738
0.167697
0.164555
0.162852
0.158439
0.168444
0.168165
0.164815
0.162357
0.161368
0.160055
0.159917
0.158971
0.164151
0.163195
0.162076
0.164036
0.159653
0.154438
0.154827
0.162376
0.166523
0.164242
0.162669
0.162249
0.163986
0.163275
0.157327
0.160527
0.152496
0.156927
0.168266
0.168005
0.169406
0.160998
0.159843
0.160889
0.155823
0.151242
0.149329
0.148985
0.148239
0.166631
0.16643
0.159449
0.153006
0.153857
0.150566
0.148574
0.149608
0.147975
0.150098
0.155502
0.157479
0.160012
0.14847
0.154801
0.150379
0.157517
0.158654
0.152528
0.151645
0.154235
0.154071
0.154087
0.164616
0.160984
0.169072
0.158942
0.164615
0.157584
0.160537
0.161822
0.165978
0.167206
0.161258
0.164272
0.170272
0.15942
0.174158
0.176914
0.175963
0.164978
0.164647
0.16517
0.180046
0.175884
0.174069
0.174886
0.177648
0.178321
0.194037
0.190083
0.182139
0.184258
0.183565
0.182281
0.182055
0.193306
0.19042
0.190153
0.189569
0.181195
0.183019
0.180953
0.191364
0.187098
0.186888
0.179641
0.176547
0.172449
0.184533
0.174663
0.169634
0.153887
0.146639
0.138784
0.134381
0.133981
0.134994
0.127289
0.129702
0.133277
0.134905
0.133706
0.14101
0.142688
0.163392
0.157899
0.157782
0.157849
0.158345
0.158108
0.146683
0.142836
0.154385
0.149057
0.167818
0.160309
0.156562
0.149206
0.148432
0.141127
0.142877
0.149464
0.142371
0.139772
0.149641
0.141173
0.140305
0.1333
0.127762
0.127611
0.132445
0.136874
0.131545
0.131898
0.125655
0.139058
0.13084
0.129598
0.125405
0.117587
0.128413
0.122946
0.116287
0.113153
0.107601
0.104887
0.109865
0.110812
0.108213
0.103472
0.101848
0.102801
0.101708
0.109654
0.103279
0.098246
0.096818
0.091102
0.093583
0.102397
0.098994
0.097123
0.100337
0.098766
0.091615
0.089553
0.091639
0.092782
0.097516
0.094012
0.091935
0.091776
0.092418
0.108224
0.107715
0.10434
0.103795
0.102455
0.098683
0.10144
0.101321
0.100871
0.107273
0.104294
0.105534
0.10424
0.123316
0.120088
0.121116
0.118572
0.116111
0.112882
0.109336
0.110493
0.116697
0.111771
0.109097
0.117528
0.118615
0.130828
0.122998
0.118974
0.116118
0.115433
0.114973
0.115652
0.122851
0.122534
0.122241
0.117632
0.118805
0.113269
0.121141
0.121475
0.117417
0.128693
0.120745
0.116886
0.113654
0.123658
0.125164
0.119619
0.117248
0.12007
0.123628
0.125142
0.121358
0.128649
0.125801
0.127728
0.130321
0.132589
0.12897
0.129376
0.135355
0.142635
0.14595
0.139602
0.14054
0.140031
0.13963
0.140591
0.142667
0.146267
0.145644
0.14579
0.150249
0.152708
0.151574
0.145617
0.145778
0.149454
0.155385
0.150543
0.146454
0.160918
0.157254
0.155403
0.152146
0.15799
0.160804
0.152313
0.145421
0.149614
0.145236
0.149341
0.147553
0.14339
0.147851
0.14351
0.142479
0.136082
0.132131
0.12806
0.132351
0.127667
0.124243
0.119416
0.116101
0.123221
0.12049
0.117211
0.113575
0.122028
0.120222
0.11607
0.111378
0.1205
0.121168
0.119049
0.115584
0.112909
0.119594
0.120448
0.117029
0.113114
0.122067
0.124018
0.122413
0.120417
0.129858
0.132238
0.12792
0.126748
0.136404
0.137369
0.136553
0.136414
0.142653
0.147824
0.147869
0.143274
0.153863
0.156941
0.146409
0.147406
0.154206
0.155334
0.155181
0.151015
0.158831
0.158699
0.158012
0.151004
0.156661
0.161598
0.1554
0.14614
0.157117
0.15589
0.156794
0.154287
0.155438
0.15612
0.158313
0.149111
0.16161
0.165511
0.158692
0.157749
0.16145
0.166382
0.165421
0.160649
0.156862
0.162534
0.164627
0.158417
0.151109
0.163827
0.161322
0.15706
0.146048
0.148797
0.154454
0.153924
0.147049
0.167658
0.165319
0.166162
0.162663
0.161134
0.152768
0.15277
0.161551
0.164284
0.156703
0.150682
0.171637
0.167478
0.166946
0.161545
0.160038
0.15887
0.168738
0.17027
0.16851
0.168375
0.163884
0.175958
0.176992
0.169782
0.162788
0.15492
0.155027
0.15505
0.162881
0.153735
0.156306
0.156155
0.164424
0.165601
0.164498
0.170055
0.164597
0.16244
0.183808
0.179158
0.168805
0.1706
0.172549
0.16608
0.178059
0.17817
0.172398
0.167047
0.171684
0.17663
0.168194
0.188143
0.174471
0.169293
0.161666
0.174553
0.162454
0.152735
0.139544
0.130144
0.123482
0.121037
0.11976
0.12182
0.126777
0.142147
0.15824
0.154333
0.156252
0.153209
0.153708
0.150623
0.149639
0.147603
0.159201
0.158798
0.178426
0.169153
0.164116
0.158999
0.155047
0.151608
0.148214
0.142819
0.147964
0.153675
0.14893
0.149361
0.152851
0.180189
0.164556
0.155237
0.151802
0.149466
0.1482
0.149424
0.144039
0.141188
0.141447
0.141161
0.139786
0.142789
0.140111
0.134745
0.1602
0.138822
0.140145
0.132423
0.129996
0.132536
0.127894
0.124863
0.119894
0.119558
0.125939
0.120875
0.120128
0.117423
0.112347
0.11267
0.107942
0.131764
0.11405
0.111371
0.10767
0.107508
0.10511
0.105519
0.10997
0.107329
0.107979
0.105421
0.10932
0.110956
0.110616
0.108341
0.121533
0.109173
0.106506
0.105916
0.105882
0.099925
0.106275
0.104765
0.104032
0.100671
0.099346
0.10124
0.097647
0.096715
0.111945
0.103596
0.099494
0.09912
0.091026
0.092686
0.098651
0.096667
0.095228
0.093768
0.09101
0.089356
0.090978
0.099625
0.095625
0.092905
0.089265
0.089801
0.087919
0.08356
0.081882
0.084326
0.083655
0.081515
0.081016
0.082066
0.082852
0.07913
0.088817
0.082108
0.082871
0.078567
0.078708
0.075311
0.07787
0.077768
0.074125
0.074844
0.074595
0.074315
0.071661
0.06935
0.072018
0.069421
0.070114
0.068208
0.067913
0.066178
0.066901
0.065488
0.06232
0.066283
0.068228
0.065429
0.064092
0.066478
0.066004
0.062549
0.06189
0.059762
0.062426
0.062201
0.063293
0.060337
0.061893
0.065332
0.069411
0.070029
0.068809
0.069151
0.066489
0.068311
0.072809
0.073617
0.073533
0.073695
0.069075
0.076586
0.074501
0.074744
0.070565
0.069203
0.067013
0.068196
0.067789
0.067829
0.064601
0.063529
0.065924
0.061301
0.067957
0.063488
0.066728
0.070384
0.068931
0.066859
0.064966
0.062808
0.065338
0.070633
0.067856
0.063581
0.063745
0.06342
0.063752
0.067156
0.060844
0.06205
0.068661
0.066782
0.065974
0.064344
0.063206
0.061358
0.063994
0.065365
0.062906
0.066806
0.066461
0.072653
0.070601
0.070711
0.067125
0.066898
0.065349
0.063425
0.066607
0.06868
0.06981
0.068592
0.069116
0.069808
0.078112
0.076819
0.07358
0.069982
0.069646
0.066502
0.065452
0.066953
0.067391
0.068232
0.069272
0.070615
0.069078
0.069227
0.081694
0.076529
0.074303
0.076039
0.074581
0.07041
0.073176
0.076077
0.076274
0.071569
0.070451
0.074897
0.071131
0.071039
0.083559
0.076557
0.077299
0.073536
0.073744
0.072462
0.07068
0.073763
0.07197
0.070783
0.073473
0.086645
0.078228
0.083726
0.076066
0.077114
0.0823
0.0855
0.087
0.087766
0.084578
0.080898
0.077436
0.077445
0.078899
0.081971
0.088169
0.086057
0.084079
0.084233
0.080903
0.075934
0.077973
0.080283
0.082999
0.084094
0.078913
0.084904
0.086335
0.099661
0.100756
0.096782
0.099063
0.096537
0.09765
0.097656
0.109828
0.10494
0.117765
0.122451
0.123442
0.12677
0.126248
0.125094
0.134821
0.134318
0.139798
0.150178
0.148295
0.149002
0.151607
0.149242
0.151202
0.16393
0.162256
0.156583
0.171811
0.173324
0.16128
0.163493
0.163768
0.170368
0.17071
0.169229
0.173709
0.180747
0.178075
0.175827
0.17287
0.171153
0.174557
0.173776
0.168835
0.166009
0.179552
0.179681
0.178612
0.174443
0.164969
0.174596
0.185167
0.176815
0.174696
0.189716
0.187313
0.181607
0.173442
0.175844
0.182879
0.180683
0.183805
0.171361
0.187173
0.180152
0.182663
0.179096
0.185292
0.182263
0.174377
0.171976
0.187838
0.181455
0.180668
0.179646
0.185737
0.179308
0.177418
0.174103
0.180233
0.175235
0.164576
0.1671
0.180684
0.176996
0.175214
0.17059
0.177816
0.185648
0.178949
0.184711
0.186858
0.192009
0.19108
0.186898
0.182737
0.186603
0.187073
0.188434
0.181034
0.197009
0.197511
0.188586
0.188055
0.185456
0.197507
0.195588
0.187703
0.189367
0.197065
0.191829
0.184135
0.178902
0.175682
0.18272
0.191689
0.186754
0.182906
0.190965
0.188417
0.187656
0.179844
0.174019
0.189294
0.187627
0.180283
0.17694
0.187187
0.191236
0.186037
0.17881
0.181135
0.183956
0.191236
0.181765
0.178347
0.192661
0.188275
0.180208
0.178588
0.171079
0.188907
0.187037
0.182567
0.174015
0.185328
0.186639
0.186491
0.177717
0.176064
0.187361
0.186635
0.177445
0.175819
0.190038
0.193653
0.186704
0.188408
0.178871
0.192739
0.194158
0.189638
0.188294
0.189058
0.197573
0.191419
0.183599
0.185038
0.194437
0.194194
0.188909
0.191763
0.177582
0.175483
0.188788
0.188146
0.181933
0.184161
0.200878
0.195398
0.197403
0.183685
0.182695
0.178503
0.1891
0.19559
0.184917
0.186031
0.200087
0.191393
0.191452
0.185998
0.178659
0.184408
0.186404
0.176263
0.178113
0.172128
0.192929
0.178441
0.182223
0.178451
0.18684
0.190535
0.185204
0.183312
0.186385
0.192204
0.191504
0.183483
0.18095
0.172863
0.184357
0.183514
0.178538
0.169313
0.171014
0.166209
0.168598
0.185677
0.176534
0.174193
0.19401
0.18561
0.188697
0.182004
0.175076
0.178493
0.191129
0.174504
0.178923
0.177897
0.176353
0.19844
0.190447
0.192547
0.188318
0.179676
0.184095
0.18398
0.183982
0.188299
0.179904
0.185182
0.181572
0.181132
0.207113
0.201103
0.192321
0.187553
0.183044
0.17548
0.173324
0.165742
0.159145
0.170649
0.168897
0.168415
0.174139
0.190049
0.173778
0.175411
0.182377
0.175791
0.168674
0.174889
0.174187
0.177257
0.169096
0.1636
0.164094
0.16851
0.204734
0.176705
0.175689
0.176059
0.17023
0.163226
0.155098
0.161138
0.16293
0.161656
0.158709
0.155665
0.151356
0.151312
0.147936
0.168535
0.155076
0.151631
0.14795
0.138561
0.15288
0.15251
0.150715
0.143171
0.143125
0.138809
0.140091
0.141789
0.140543
0.139955
0.138792
0.139569
0.13642
0.140294
0.136367
0.15144
0.149758
0.147956
0.141227
0.144758
0.138133
0.138148
0.12891
0.138289
0.144919
0.146161
0.144187
0.178981
0.165623
0.168478
0.167646
0.166699
0.163482
0.163634
0.166495
0.165222
0.172723
0.17601
0.172392
0.177822
0.206171
0.199166
0.189903
0.190761
0.177705
0.183
0.181547
0.17552
0.174374
0.179751
0.180221
0.177601
0.180086
0.186796
0.225428
0.200912
0.197919
0.184966
0.18954
0.176344
0.181805
0.17489
0.177988
0.186422
0.18192
0.181506
0.184287
0.184505
0.183561
0.215733
0.19548
0.19109
0.190415
0.182459
0.180818
0.177357
0.168965
0.168262
0.17019
0.166314
0.173019
0.178027
0.203982
0.196063
0.185398
0.189936
0.179142
0.176255
0.178532
0.174645
0.173596
0.178562
0.173796
0.175929
0.168503
0.171976
0.198513
0.191815
0.186514
0.181558
0.17712
0.174637
0.167033
0.170831
0.171689
0.172149
0.163197
0.170266
0.169515
0.201344
0.18806
0.184714
0.188468
0.186424
0.17942
0.179505
0.174075
0.172754
0.165455
0.177897
0.177288
0.17438
0.179005
0.204437
0.195886
0.1937
0.184217
0.178708
0.178006
0.173705
0.17843
0.175142
0.168598
0.171749
0.17054
0.208102
0.18998
0.182701
0.177893
0.178513
0.177238
0.171439
0.167892
0.172083
0.178671
0.172586
0.177959
0.172795
0.208889
0.192938
0.189772
0.178165
0.174857
0.167047
0.163187
0.160381
0.154816
0.162236
0.171061
0.171748
0.160847
0.167495
0.195045
0.179467
0.172065
0.177172
0.170443
0.166247
0.167278
0.173847
0.166727
0.161528
0.16869
0.166883
0.195591
0.182324
0.181735
0.176225
0.16799
0.162827
0.154534
0.160335
0.163999
0.162571
0.161867
0.160537
0.185806
0.165447
0.163429
0.15924
0.155467
0.153658
0.14994
0.14466
0.138049
0.1462
0.143131
0.142327
0.141013
0.174
0.156182
0.144911
0.145346
0.140317
0.135477
0.133364
0.131668
0.133724
0.127877
0.128297
0.124003
0.127197
0.125426
0.147776
0.129454
0.124284
0.121076
0.123161
0.11863
0.115463
0.113854
0.120176
0.110951
0.107553
0.108954
0.114732
0.108466
0.110291
0.115253
0.123579
0.116585
0.106354
0.107991
0.107642
0.111582
0.107895
0.108303
0.106516
0.101654
0.110863
0.117037
0.1061
0.107377
0.112664
0.111297
0.106895
0.105698
0.108785
0.10559
0.105664
0.106388
0.103479
0.108493
0.108838
0.102057
0.100677
0.101035
0.11209
0.109167
0.10843
0.117876
0.118532
0.11521
0.11704
0.111899
0.11451
0.119798
0.11729
0.112939
0.117974
0.123253
0.117667
0.117109
0.114074
0.11076
0.117662
0.12408
0.119451
0.127644
0.12614
0.125899
0.125991
0.124411
0.118957
0.125352
0.131197
0.128987
0.128837
0.137629
0.140059
0.136324
0.133889
0.129906
0.134045
0.136321
0.132183
0.136762
0.146073
0.145545
0.144836
0.144447
0.135827
0.144921
0.14568
0.143984
0.155997
0.153807
0.155201
0.148846
0.146284
0.144626
0.149231
0.147218
0.140847
0.138947
0.143563
0.143234
0.155154
0.14723
0.146839
0.146002
0.149131
0.153746
0.151666
0.146817
0.144361
0.13693
0.148581
0.146355
0.143717
0.13758
0.140588
0.140793
0.135571
0.14173
0.158275
0.160152
0.146044
0.150967
0.142389
0.144875
0.146255
0.14548
0.149605
0.144298
0.14859
0.150246
0.148591
0.159193
0.151558
0.14931
0.145233
0.145218
0.141329
0.138192
0.14092
0.140808
0.128883
0.124933
0.125361
0.124881
0.122915
0.122348
0.126236
0.125632
0.116806
0.114814
0.114836
0.113593
0.108897
0.10444
0.099024
0.105932
0.102571
0.098268
0.100303
0.094502
0.095433
0.090451
0.08564
0.084334
0.083022
0.084105
0.081603
0.084178
0.081567
0.078607
0.080727
0.087371
0.078046
0.075505
0.076065
0.076066
0.071823
0.070832
0.065404
0.066221
0.067621
0.067009
0.06487
0.064011
0.068378
0.06474
0.063042
0.065249
0.064154
0.063496
0.062901
0.060592
0.065272
0.065863
0.072511
0.070397
0.067799
0.064368
0.062294
0.064502
0.067056
0.070003
0.07463
0.073889
0.072564
0.066948
0.067977
0.066964
0.070168
0.068477
0.066709
0.066476
0.070315
0.074942
0.075871
0.074696
0.072348
0.077915
0.078185
0.08627
0.079114
0.076928
0.084164
0.085304
0.080861
0.084531
0.083978
0.088635
0.094599
0.10047
0.095635
0.099369
0.098267
0.096434
0.097305
0.098495
0.089604
0.103425
0.099925
0.095616
0.101786
0.104532
0.1037
0.101963
0.106086
0.110498
0.111619
0.110288
0.116566
0.120972
0.120998
0.121342
0.124532
0.131557
0.124665
0.127708
0.134026
0.134877
0.13169
0.135703
0.140082
0.14367
0.143001
0.138967
0.147102
0.150548
0.151352
0.13945
0.144939
0.15383
0.152389
0.152465
0.153169
0.16387
0.160937
0.154823
0.16044
0.167438
0.167963
0.159608
0.154546
0.171618
0.170088
0.169932
0.166659
0.173382
0.177177
0.175634
0.164116
0.176647
0.178326
0.174853
0.165118
0.166175
0.175286
0.172234
0.174463
0.185252
0.181955
0.173752
0.172435
0.173678
0.178522
0.178769
0.175762
0.168641
0.167701
0.164066
0.16967
0.16456
0.158104
0.153348
0.161324
0.145434
0.148254
0.150394
0.165599
0.148456
0.143783
0.145427
0.146265
0.156681
0.149014
0.14271
0.148923
0.148086
0.139248
0.136254
0.14275
0.140203
0.14182
0.130325
0.141989
0.136087
0.138273
0.136273
0.134532
0.142129
0.14094
0.137333
0.147315
0.140598
0.137774
0.138723
0.132762
0.131385
0.127359
0.131566
0.132654
0.131486
0.152106
0.134961
0.12893
0.128325
0.130354
0.127525
0.122485
0.123925
0.126153
0.125465
0.123275
0.121664
0.115933
0.112827
0.130164
0.113897
0.11495
0.107024
0.100431
0.097642
0.091748
0.083509
0.075585
0.072388
0.069513
0.069105
0.065802
0.067651
0.066453
0.064318
0.06473
0.066368
0.058935
0.059546
0.057947
0.059108
0.056648
0.056572
0.05406
0.060164
0.053733
0.050392
0.048785
0.052647
0.053394
0.05024
0.049254
0.048463
0.04634
0.04841
0.04816
0.047418
0.048649
0.046904
0.047769
0.046877
0.048041
0.049252
0.054142
0.052047
0.048728
0.053796
0.055317
0.054594
0.052012
0.053993
0.056372
0.055032
0.057595
0.059526
0.058227
0.059252
0.057816
0.060611
0.061134
0.066379
0.063244
0.070246
0.069195
0.068043
0.070374
0.06944
0.069947
0.070924
0.075174
0.075062
0.0742
0.080372
0.083208
0.081918
0.080101
0.080571
0.085756
0.091429
0.088596
0.085073
0.085079
0.087468
0.089018
0.093148
0.089214
0.096826
0.099328
0.097173
0.094577
0.092886
0.099772
0.099426
0.099993
0.097767
0.108305
0.105073
0.101008
0.100425
0.09911
0.102501
0.104832
0.103002
0.108575
0.108114
0.108809
0.107567
0.111003
0.119495
0.114703
0.115474
0.124007
0.127061
0.125636
0.12272
0.124717
0.128565
0.137402
0.134701
0.130042
0.134764
0.137101
0.135954
0.133769
0.140754
0.147057
0.145288
0.145579
0.146104
0.151813
0.158515
0.154988
0.15324
0.148531
0.164567
0.161617
0.15851
0.157519
0.166305
0.163564
0.165824
0.165436
0.162417
0.166608
0.167148
0.160978
0.163778
0.17461
0.177639
0.174686
0.168067
0.17017
0.179045
0.17446
0.174575
0.16967
0.16195
0.173756
0.175864
0.163459
0.159687
0.168156
0.171199
0.169508
0.163472
0.177134
0.176514
0.171597
0.172981
0.166501
0.175022
0.179257
0.172884
0.169402
0.16635
0.169972
0.172475
0.167402
0.164614
0.169576
0.164717
0.157018
0.154093
0.155535
0.160203
0.159036
0.160344
0.157628
0.158137
0.154696
0.182644
0.179662
0.173152
0.168274
0.164779
0.172303
0.162445
0.163931
0.17894
0.175283
0.178658
0.197388
0.188916
0.177847
0.173734
0.171305
0.169111
0.165649
0.164313
0.174433
0.173325
0.169011
0.172492
0.174322
0.203516
0.188687
0.184664
0.182128
0.178998
0.174968
0.171158
0.167051
0.177984
0.173479
0.173779
0.173586
0.169067
0.195032
0.1865
0.175262
0.183444
0.174021
0.168166
0.164387
0.169421
0.180659
0.176261
0.179849
0.176251
0.172973
0.205084
0.183749
0.185092
0.177257
0.170557
0.169246
0.165677
0.164715
0.15819
0.16906
0.162779
0.159084
0.189526
0.182945
0.180642
0.175987
0.173898
0.171253
0.164124
0.166702
0.168967
0.160541
0.165259
0.168429
0.205147
0.174299
0.177828
0.175158
0.167994
0.153776
0.15797
0.155101
0.160366
0.156588
0.181975
0.186007
0.185185
0.173169
0.176509
0.172383
0.170345
0.165995
0.17453
0.170248
0.16111
0.166525
0.195688
0.180244
0.168977
0.159495
0.161786
0.160143
0.159171
0.15917
0.163634
0.164521
0.161374
0.162853
0.177121
0.174725
0.169985
0.161615
0.157716
0.155529
0.152548
0.162475
0.161484
0.160353
0.152923
0.147875
0.188726
0.16398
0.168762
0.163995
0.154896
0.155224
0.151777
0.149436
0.154939
0.147151
0.146079
0.141772
0.150196
0.137929
0.138447
0.142977
0.146506
0.145655
0.143958
0.148652
0.15212
0.14624
0.150486
0.142424
0.143827
0.151772
0.149219
0.146468
0.143471
0.136046
0.143295
0.147721
0.147797
0.14572
0.134596
0.153012
0.146704
0.141157
0.141576
0.153913
0.154094
0.152859
0.149304
0.146728
0.151942
0.154272
0.145499
0.144921
0.153263
0.146951
0.145921
0.15213
0.148832
0.148675
0.143751
0.144233
0.150751
0.142075
0.138311
0.146932
0.147086
0.142351
0.139807
0.139365
0.142906
0.1421
0.140476
0.146937
0.142048
0.141578
0.138906
0.146042
0.148491
0.137829
0.132595
0.143949
0.140377
0.138198
0.130798
0.140425
0.146397
0.140693
0.132878
0.13568
0.135382
0.140309
0.13868
0.13438
0.14649
0.14205
0.139754
0.138621
0.134023
0.138182
0.14157
0.132124
0.134781
0.139783
0.132214
0.127553
0.122695
0.129821
0.123051
0.12316
0.122477
0.130267
0.132832
0.127067
0.127314
0.125038
0.121464
0.122362
0.126974
0.125674
0.124264
0.136087
0.133435
0.125813
0.126858
0.120364
0.115772
0.119031
0.125876
0.119975
0.116585
0.111002
0.113346
0.117347
0.112868
0.107465
0.102674
0.119138
0.114866
0.112665
0.115564
0.113646
0.110753
0.112369
0.104172
0.11092
0.113651
0.106791
0.110413
0.111636
0.122734
0.121165
0.118158
0.112814
0.117944
0.107524
0.115461
0.115887
0.114685
0.121608
0.121356
0.117233
0.119763
0.129042
0.128712
0.129164
0.124331
0.125059
0.129243
0.130391
0.130511
0.137388
0.139306
0.135735
0.132906
0.130417
0.137954
0.13947
0.132045
0.133789
0.141104
0.13793
0.14062
0.132679
0.146669
0.147474
0.140283
0.137893
0.136694
0.145552
0.145833
0.144844
0.133263
0.1496
0.149908
0.141887
0.137229
0.144034
0.143864
0.139111
0.131833
0.14214
0.140935
0.136804
0.141212
0.149579
0.147491
0.141802
0.14739
0.146094
0.146259
0.140415
0.14839
0.149139
0.149794
0.146811
0.148357
0.149739
0.154051
0.145732
0.15876
0.157271
0.143521
0.138234
0.133491
0.143367
0.142282
0.142878
0.142634
0.147366
0.154235
0.150349
0.151675
0.140592
0.143527
0.142127
0.140879
0.149662
0.138358
0.148196
0.148412
0.144571
0.16344
0.15346
0.151171
0.14755
0.150157
0.148212
0.155792
0.144919
0.146771
0.152168
0.168406
0.155353
0.154979
0.152263
0.150631
0.147059
0.156363
0.155439
0.153005
0.149816
0.155633
0.176049
0.164588
0.159863
0.155835
0.149123
0.140326
0.148383
0.145623
0.145887
0.162386
0.160139
0.156477
0.159758
0.155529
0.154551
0.14781
0.158826
0.160266
0.161713
0.158584
0.175775
0.174183
0.163471
0.162223
0.161492
0.160091
0.14992
0.159291
0.158717
0.153599
0.174914
0.169697
0.165458
0.167244
0.164549
0.1599
0.164704
0.158135
0.162818
0.161199
0.164033
0.182113
0.177626
0.164346
0.1623
0.162756
0.156338
0.156781
0.163625
0.162186
0.158068
0.156191
0.153096
0.186233
0.171984
0.163456
0.156178
0.157735
0.150199
0.149955
0.145233
0.147564
0.146736
0.145743
0.151715
0.165743
0.159932
0.147969
0.153462
0.142138
0.13886
0.144138
0.151285
0.145992
0.145528
0.149079
0.142246
0.159713
0.152272
0.157215
0.15325
0.152543
0.149802
0.145275
0.147945
0.15288
0.139027
0.14772
0.153655
0.153773
0.170892
0.157242
0.157779
0.160129
0.149493
0.148712
0.145519
0.150206
0.147518
0.159339
0.150768
0.150258
0.143271
0.152709
0.15529
0.183044
0.162357
0.159332
0.155222
0.154521
0.152921
0.150583
0.152329
0.158278
0.15751
0.148385
0.153108
0.150421
0.186096
0.164067
0.159363
0.155576
0.152967
0.155982
0.153123
0.1444
0.146861
0.155528
0.157186
0.154884
0.155156
0.153694
0.182592
0.165299
0.154953
0.15535
0.154149
0.151083
0.150923
0.152557
0.155892
0.155873
0.15344
0.149456
0.154481
0.18484
0.174648
0.170239
0.158626
0.152891
0.140494
0.143675
0.138561
0.147738
0.153658
0.150221
0.15217
0.176897
0.164707
0.162238
0.160297
0.15448
0.155006
0.152481
0.153765
0.153605
0.155418
0.161582
0.161722
0.158765
0.153153
0.16271
0.180827
0.167922
0.166822
0.166685
0.158508
0.158379
0.152579
0.149307
0.156072
0.162061
0.155654
0.15506
0.158534
0.161438
0.171412
0.156526
0.159796
0.153058
0.152932
0.153399
0.148311
0.151883
0.148983
0.154972
0.159985
0.160403
0.158025
0.152994
0.155538
0.154004
0.161882
0.156663
0.160252
0.157082
0.160773
0.152391
0.156342
0.155677
0.159282
0.158259
0.156054
0.15608
0.153479
0.153244
0.152802
0.15615
0.16528
0.15716
0.147379
0.157093
0.156783
0.152341
0.15301
0.142803
0.150403
0.156519
0.150314
0.150978
0.149719
0.150314
0.149833
0.157229
0.157113
0.154691
0.155779
0.150869
0.153634
0.155318
0.148667
0.151063
0.150774
0.154478
0.157367
0.164289
0.157081
0.155059
0.152546
0.164154
0.163974
0.16085
0.157061
0.15981
0.160682
0.15189
0.153853
0.151445
0.152415
0.156241
0.16261
0.159477
0.163943
0.158611
0.157576
0.158573
0.165401
0.16341
0.162395
0.16357
0.160134
0.157619
0.160036
0.157122
0.153355
0.160129
0.165421
0.166559
0.158475
0.161106
0.159298
0.151818
0.155716
0.157684
0.161996
0.151977
0.149178
0.145581
0.145836
0.161246
0.148004
0.143315
0.146875
0.146049
0.13739
0.142727
0.149529
0.150544
0.150014
0.146514
0.146933
0.143628
0.145712
0.151193
0.152822
0.154017
0.155741
0.155172
0.148322
0.151871
0.150636
0.146911
0.150657
0.144236
0.151367
0.155015
0.153115
0.152498
0.153815
0.152608
0.148716
0.147709
0.159436
0.154477
0.154488
0.153476
0.149473
0.151374
0.148744
0.150399
0.149307
0.150705
0.155042
0.150607
0.150672
0.148167
0.146354
0.148257
0.1364
0.14522
0.149973
0.151525
0.148044
0.147359
0.149084
0.145634
0.140534
0.136069
0.140733
0.146013
0.145694
0.148687
0.139089
0.137197
0.137573
0.13598
0.142528
0.136923
0.143413
0.135134
0.139547
0.136243
0.134831
0.132138
0.133784
0.134779
0.14074
0.132581
0.132649
0.130693
0.134821
0.128497
0.130217
0.134451
0.130317
0.128657
0.123331
0.125186
0.121378
0.120059
0.121253
0.119162
0.123488
0.119098
0.121488
0.122919
0.119199
0.118791
0.111007
0.11778
0.108071
0.114322
0.12069
0.118473
0.119388
0.109904
0.112603
0.11032
0.106269
0.10626
0.10221
0.105089
0.108991
0.108991
0.106697
0.104641
0.10156
0.101233
0.09724
0.101734
0.103301
0.100685
0.096839
0.098704
0.09708
0.094656
0.092553
0.089359
0.092318
0.090259
0.091225
0.085811
0.087313
0.083855
0.086692
0.089361
0.087085
0.086157
0.08582
0.083429
0.080262
0.082452
0.077336
0.082428
0.079575
0.08055
0.0822
0.07827
0.087433
0.079549
0.077449
0.068899
0.067566
0.068074
0.064743
0.067971
0.071121
0.071164
0.070718
0.070733
0.072365
0.072986
0.088674
0.080891
0.079798
0.078064
0.079976
0.079588
0.080469
0.079969
0.079323
0.082901
0.084331
0.083196
0.08676
0.085725
0.093624
0.094037
0.091188
0.096738
0.111245
0.105839
0.101113
0.100239
0.102208
0.103344
0.101953
0.104032
0.106539
0.114169
0.111246
0.110039
0.116856
0.107724
0.110839
0.114947
0.117133
0.120341
0.121171
0.118981
0.11635
0.117332
0.115581
0.123235
0.119957
0.121506
0.113794
0.112667
0.111983
0.120849
0.114731
0.11426
0.114096
0.116485
0.114467
0.116002
0.131236
0.122904
0.124579
0.125242
0.126051
0.125653
0.128065
0.121521
0.124105
0.125441
0.126576
0.12556
0.132176
0.129871
0.127235
0.132122
0.133908
0.133976
0.134513
0.133895
0.128119
0.127857
0.124744
0.125423
0.127676
0.129296
0.128733
0.135781
0.126772
0.133327
0.140289
0.127964
0.127774
0.132437
0.132044
0.126522
0.128968
0.122603
0.131956
0.130308
0.126591
0.126831
0.130755
0.120348
0.124628
0.134266
0.132839
0.125108
0.127123
0.126874
0.127756
0.123796
0.128839
0.127555
0.123826
0.125698
0.122838
0.121498
0.125706
0.132323
0.126746
0.123669
0.126249
0.120963
0.124186
0.12122
0.119594
0.130144
0.131601
0.125999
0.129639
0.130309
0.129636
0.134638
0.130623
0.130087
0.12848
0.127362
0.129377
0.125386
0.125729
0.125334
0.12918
0.1296
0.122419
0.121571
0.121507
0.12237
0.128514
0.126157
0.122493
0.121394
0.117868
0.119888
0.116669
0.113566
0.112728
0.113823
0.117514
0.114156
0.11679
0.112405
0.112053
0.108368
0.108318
0.110724
0.113567
0.115122
0.112156
0.11347
0.109868
0.108981
0.108163
0.11153
0.119217
0.111554
0.11072
0.109015
0.110454
0.106141
0.105188
0.105107
0.107648
0.10647
0.103452
0.105775
0.104823
0.106275
0.115253
0.11165
0.111516
0.11292
0.113473
0.112521
0.111922
0.10938
0.110197
0.110393
0.114825
0.114096
0.117111
0.113464
0.113844
0.112864
0.108035
0.115371
0.119426
0.116764
0.116289
0.115091
0.117949
0.115732
0.114999
0.112772
0.1124
0.120607
0.121052
0.122347
0.116954
0.118507
0.11914
0.116673
0.114908
0.117052
0.1236
0.120491
0.126107
0.123432
0.117052
0.115154
0.112999
0.116466
0.123299
0.118692
0.11251
0.110891
0.11004
0.108203
0.108245
0.111803
0.108555
0.108627
0.105512
0.110616
0.105499
0.101507
0.100251
0.104906
0.10139
0.104619
0.098794
0.099513
0.098549
0.101602
0.101581
0.100653
0.097322
0.095967
0.095053
0.099175
0.102093
0.097882
0.096287
0.094316
0.093335
0.093926
0.092516
0.09542
0.095176
0.097645
0.095552
0.094189
0.095622
0.094204
0.089773
0.089426
0.09368
0.09532
0.097359
0.09695
0.093879
0.092203
0.089511
0.088892
0.089175
0.089902
0.097902
0.092737
0.093585
0.088075
0.091431
0.088461
0.090263
0.093081
0.090812
0.08508
0.087161
0.084847
0.084139
0.089175
0.087374
0.0864
0.086336
0.081151
0.082479
0.083544
0.084585
0.085175
0.07984
0.078147
0.073037
0.075007
0.073172
0.075068
0.07815
0.078004
0.073378
0.075301
0.0785
0.078852
0.076336
0.075618
0.07638
0.07465
0.074855
0.074572
0.074472
0.073491
0.082036
0.075293
0.076204
0.075096
0.074378
0.072523
0.075967
0.071454
0.07477
0.07325
0.076042
0.070559
0.074538
0.070523
0.07485
0.07398
0.069147
0.066289
0.064708
0.065852
0.063408
0.065139
0.063889
0.06637
0.064169
0.064126
0.065219
0.06122
0.065272
0.064847
0.062717
0.063481
0.060229
0.060508
0.058449
0.059892
0.060703
0.062008
0.058744
0.058935
0.057532
0.059117
0.061244
0.061636
0.05772
0.056511
0.056826
0.058009
0.057656
0.057156
0.055598
0.056066
0.056625
0.056133
0.056681
0.054699
0.052695
0.055484
0.057693
0.05408
0.056402
0.05578
0.051911
0.054974
0.057219
0.056028
0.054328
0.05169
0.052836
0.053909
0.051486
0.056857
0.055068
0.055453
0.05383
0.052548
0.053155
0.054217
0.052913
0.052363
0.051089
0.051434
0.051261
0.052974
0.051636
0.055505
0.052298
0.051818
0.052144
0.051369
0.049788
0.051856
0.055371
0.050937
0.052539
0.052131
0.052199
0.05377
0.051499
0.056055
0.054146
0.055232
0.053651
0.053113
0.051885
0.052993
0.055182
0.056677
0.054603
0.053558
0.053765
0.053007
0.052756
0.057172
0.056629
0.056463
0.056978
0.056235
0.055273
0.056932
0.057708
0.0578
0.057669
0.058185
0.056028
0.058384
0.054494
0.059376
0.060404
0.059077
0.059112
0.059429
0.062408
0.060052
0.062719
0.062348
0.064837
0.064239
0.062122
0.06172
0.062001
0.064484
0.065703
0.066777
0.065829
0.067718
0.063819
0.067451
0.065249
0.063298
0.068237
0.066402
0.072115
0.069806
0.070344
0.068629
0.070136
0.069968
0.070094
0.072045
0.074982
0.076957
0.074468
0.076403
0.07723
0.074803
0.079276
0.077914
0.081129
0.080601
0.085223
0.084073
0.080265
0.081682
0.082676
0.082397
0.082959
0.079778
0.091221
0.090918
0.086604
0.086354
0.087079
0.089958
0.091459
0.091814
0.092985
0.093255
0.091633
0.093895
0.094582
0.090296
0.09547
0.101549
0.103158
0.107693
0.104884
0.117467
0.122413
0.121006
0.124349
0.119175
0.122878
0.121244
0.119848
0.122824
0.125823
0.131331
0.132803
0.130419
0.1331
0.146536
0.156747
0.157635
0.163206
0.159124
0.165361
0.169065
0.181096
0.169214
0.173177
0.17863
0.173192
0.170489
0.183907
0.197401
0.192991
0.188612
0.185976
0.190082
0.183901
0.17518
0.178027
0.172929
0.168018
0.156244
0.155353
0.167019
0.15917
0.151141
0.147135
0.137166
0.132239
0.128955
0.118413
0.111722
0.107333
0.100666
0.096764
0.08916
0.090449
0.08996
0.091939
0.088502
0.085335
0.086028
0.088233
0.093711
0.093482
0.09428
0.091918
0.094756
0.092638
0.092524
0.091746
0.089888
0.087621
0.098292
0.097539
0.099165
0.099648
0.095096
0.098249
0.099428
0.09815
0.100236
0.094287
0.091869
0.098541
0.101392
0.100905
0.102829
0.097849
0.101184
0.097112
0.101016
0.100644
0.099371
0.099686
0.098765
0.106547
0.103485
0.103765
0.098316
0.101933
0.101456
0.100881
0.100659
0.095054
0.097884
0.095815
0.105672
0.103654
0.101768
0.098569
0.099396
0.099492
0.095303
0.093419
0.090117
0.098362
0.100591
0.104686
0.106077
0.100721
0.101267
0.102606
0.100053
0.100685
0.101843
0.094284
0.097467
0.104067
0.104988
0.102898
0.094509
0.103747
0.101843
0.100029
0.097428
0.101024
0.09605
0.098162
0.092205
0.100146
0.10572
0.097658
0.102806
0.101211
0.102363
0.098455
0.09896
0.097254
0.095785
0.096204
0.090317
0.095501
0.097855
0.104423
0.10105
0.100374
0.097362
0.098649
0.094316
0.097766
0.095246
0.093588
0.096929
0.099518
0.102761
0.105888
0.10301
0.100043
0.09546
0.095451
0.101396
0.095868
0.09872
0.098506
0.106099
0.103911
0.103785
0.10065
0.105267
0.093952
0.103062
0.098978
0.099056
0.09908
0.096664
0.102057
0.101823
0.101966
0.103457
0.103368
0.097219
0.0966
0.100356
0.096652
0.095949
0.092527
0.102725
0.099586
0.105527
0.100854
0.100244
0.098805
0.097352
0.098796
0.096809
0.095216
0.096139
0.099557
0.107579
0.104854
0.104394
0.099841
0.103602
0.102445
0.102749
0.103299
0.098259
0.098301
0.097845
0.098372
0.09704
0.104897
0.102669
0.104737
0.101308
0.101321
0.101185
0.100956
0.099122
0.099164
0.091994
0.092716
0.091115
0.103501
0.100271
0.100548
0.098863
0.096851
0.100157
0.094969
0.099784
0.096762
0.097283
0.092521
0.09336
0.093891
0.101355
0.10071
0.102651
0.102373
0.102613
0.102829
0.099365
0.099348
0.094885
0.096639
0.103929
0.107789
0.100655
0.097628
0.100774
0.102785
0.098779
0.095879
0.097877
0.095447
0.097833
0.102908
0.106513
0.10164
0.097887
0.099844
0.101724
0.095504
0.093783
0.09849
0.092829
0.095377
0.094971
0.096453
0.100559
0.099814
0.100934
0.099041
0.101405
0.098935
0.094525
0.097326
0.09528
0.099271
0.104362
0.106118
0.104463
0.101239
0.102103
0.099274
0.098872
0.091152
0.098373
0.097021
0.09564
0.100481
0.099097
0.097556
0.097997
0.100876
0.098109
0.097478
0.094061
0.0897
0.088975
0.089027
0.099161
0.097414
0.09931
0.101904
0.09793
0.099177
0.096242
0.099559
0.092624
0.094551
0.096613
0.09244
0.096335
0.101889
0.10211
0.101604
0.100135
0.094873
0.097577
0.096225
0.09401
0.093128
0.0957
0.099248
0.101836
0.100808
0.100139
0.099435
0.099007
0.09906
0.101347
0.095443
0.096842
0.095955
0.091813
0.093128
0.101796
0.10464
0.101481
0.101911
0.099475
0.10002
0.098046
0.10042
0.098999
0.098964
0.096483
0.094303
0.097966
0.100903
0.097971
0.103373
0.104586
0.103264
0.101723
0.103129
0.095021
0.099683
0.097439
0.092858
0.092961
0.091463
0.096857
0.101836
0.101263
0.101801
0.099751
0.095998
0.099245
0.099979
0.099648
0.09594
0.099072
0.094209
0.095035
0.091626
0.091194
0.100908
0.104413
0.101333
0.101204
0.097966
0.09343
0.099054
0.097561
0.098076
0.097233
0.097295
0.099714
0.104297
0.102715
0.103455
0.099817
0.094261
0.097977
0.101679
0.097219
0.100014
0.096419
0.097297
0.098715
0.100471
0.103368
0.100803
0.097031
0.102768
0.098758
0.099909
0.098175
0.093567
0.100841
0.092574
0.093722
0.095062
0.1048
0.101766
0.103775
0.102153
0.101398
0.102051
0.097314
0.096596
0.096437
0.09765
0.093058
0.101643
0.10771
0.102305
0.101923
0.102152
0.104499
0.098428
0.096547
0.099127
0.094431
0.091185
0.098241
0.099907
0.09819
0.097394
0.102612
0.098132
0.096378
0.095107
0.09672
0.096276
0.098069
0.090872
0.094262
0.100576
0.103115
0.097916
0.099351
0.096759
0.090187
0.093556
0.087399
0.089334
0.087085
0.08928
0.091976
0.093967
0.08949
0.088401
0.08376
0.084329
0.090189
0.092104
0.089678
0.083197
0.093354
0.092086
0.094212
0.093726
0.100708
0.111583
0.126397
0.135551
0.139104
0.151153
0.17262
0.167514
0.174123
0.172378
0.168213
0.175342
0.169512
0.168294
0.166617
0.159506
0.173064
0.172716
0.164648
0.178906
0.177406
0.171958
0.159195
0.161826
0.155455
0.15078
0.152947
0.142662
0.140289
0.139014
0.144205
0.174572
0.167049
0.168423
0.169983
0.169041
0.166405
0.16244
0.15892
0.160922
0.155834
0.144144
0.150981
0.150641
0.154857
0.154011
0.150309
0.148892
0.153456
0.150819
0.14924
0.167131
0.157727
0.15573
0.157897
0.150774
0.147869
0.144851
0.14664
0.146856
0.140913
0.146187
0.150796
0.151344
0.146676
0.150716
0.148675
0.146502
0.170449
0.156566
0.153992
0.145202
0.144389
0.139601
0.138035
0.144413
0.143594
0.140094
0.138326
0.136146
0.139937
0.136301
0.137278
0.136695
0.142838
0.139316
0.130394
0.133317
0.144944
0.140496
0.141565
0.136413
0.137129
0.130485
0.132078
0.133888
0.134033
0.136935
0.135968
0.132119
0.133591
0.146713
0.140711
0.141937
0.141324
0.137027
0.135311
0.130857
0.12929
0.134611
0.139299
0.135234
0.137443
0.131974
0.129456
0.139018
0.136271
0.136734
0.128159
0.129028
0.125524
0.134925
0.131408
0.125609
0.12754
0.126756
0.123072
0.134002
0.132885
0.135014
0.131124
0.130461
0.128347
0.126629
0.132384
0.136976
0.134058
0.127401
0.13339
0.131855
0.144995
0.143422
0.142051
0.138814
0.141239
0.153586
0.148007
0.14564
0.146137
0.141068
0.139526
0.138143
0.136029
0.140348
0.146198
0.142856
0.136434
0.13599
0.150158
0.141387
0.13742
0.134545
0.132762
0.128661
0.138612
0.134151
0.130675
0.1262
0.127759
0.132061
0.140176
0.131209
0.127185
0.1299
0.127015
0.130009
0.129246
0.134492
0.135285
0.134405
0.131643
0.131625
0.139956
0.143504
0.139604
0.13855
0.133131
0.1427
0.141762
0.138464
0.135989
0.145488
0.143618
0.143776
0.141265
0.143194
0.138821
0.144047
0.147793
0.14115
0.141738
0.157318
0.150493
0.149316
0.147789
0.147208
0.143013
0.138893
0.149484
0.150656
0.149473
0.14564
0.144651
0.159996
0.156578
0.157068
0.154045
0.153515
0.150555
0.148032
0.155171
0.160045
0.159369
0.155853
0.149063
0.155385
0.163073
0.164214
0.160143
0.15797
0.155287
0.154362
0.157976
0.164631
0.165969
0.15467
0.15933
0.156208
0.154705
0.165279
0.160741
0.155487
0.154265
0.144397
0.142354
0.154721
0.145096
0.141122
0.131229
0.12662
0.12221
0.119233
0.123553
0.111342
0.10615
0.102497
0.103839
0.095941
0.10452
0.097126
0.100392
0.094168
0.094891
0.096012
0.094015
0.094017
0.09425
0.095869
0.090603
0.092462
0.098047
0.104006
0.101689
0.10727
0.111694
0.121586
0.119895
0.121197
0.12136
0.120169
0.117608
0.129596
0.129361
0.130966
0.128481
0.123119
0.125831
0.133776
0.134812
0.130415
0.133761
0.127824
0.138654
0.139973
0.1393
0.135926
0.133652
0.12957
0.130112
0.13878
0.133806
0.13264
0.126296
0.122533
0.127586
0.128136
0.127137
0.132991
0.126342
0.124111
0.13413
0.132967
0.129433
0.12999
0.123608
0.120038
0.116622
0.117902
0.117893
0.121005
0.115966
0.111371
0.112362
0.112781
0.121051
0.116107
0.111184
0.109571
0.11861
0.111098
0.111294
0.11045
0.105024
0.103556
0.114642
0.106512
0.108431
0.116876
0.115158
0.114914
0.117375
0.116738
0.107774
0.114121
0.115621
0.113457
0.111656
0.122943
0.121308
0.113681
0.112225
0.116928
0.118672
0.119154
0.115405
0.114356
0.117699
0.123632
0.11538
0.111333
0.110124
0.116217
0.117744
0.115037
0.111403
0.110155
0.112452
0.118398
0.115823
0.112577
0.106606
0.111001
0.118546
0.111023
0.1111
0.107931
0.105452
0.120179
0.111528
0.107361
0.114709
0.112198
0.110076
0.110289
0.106682
0.110341
0.107182
0.109064
0.105559
0.107701
0.109506
0.127938
0.1212
0.120244
0.119618
0.117887
0.113886
0.114753
0.114655
0.111207
0.111704
0.111445
0.12602
0.12146
0.117978
0.116773
0.113619
0.112007
0.11203
0.111593
0.116363
0.114418
0.114157
0.110823
0.116448
0.115529
0.126418
0.113723
0.111372
0.102495
0.101199
0.102066
0.10919
0.108799
0.105277
0.104519
0.105431
0.103398
0.106554
0.115279
0.108673
0.108066
0.120854
0.115146
0.108687
0.110293
0.109958
0.104318
0.108059
0.105724
0.103736
0.098942
0.109132
0.104763
0.111376
0.105028
0.102785
0.100863
0.102977
0.099178
0.097187
0.10106
0.1025
0.104898
0.103757
0.116032
0.112135
0.111921
0.110229
0.106707
0.11004
0.10821
0.108053
0.107092
0.105511
0.122469
0.120227
0.121636
0.119125
0.117806
0.113742
0.114549
0.109603
0.112302
0.114956
0.113133
0.114357
0.130809
0.120779
0.117726
0.114634
0.109147
0.106847
0.102757
0.100309
0.105882
0.10153
0.107899
0.122552
0.114245
0.110946
0.107015
0.104271
0.099879
0.098779
0.099872
0.098279
0.097693
0.101356
0.111416
0.1117
0.108927
0.110865
0.108315
0.108816
0.107352
0.108661
0.112657
0.113339
0.110806
0.123611
0.119467
0.120715
0.114979
0.113847
0.105551
0.106322
0.104956
0.11297
0.105463
0.106144
0.107162
0.103685
0.124931
0.114271
0.108036
0.106366
0.107532
0.104058
0.105344
0.102147
0.100302
0.097632
0.097654
0.095656
0.105781
0.09573
0.092464
0.091898
0.091885
0.08829
0.087481
0.088393
0.091952
0.090865
0.086585
0.087388
0.086572
0.088771
0.086105
0.097225
0.095315
0.093665
0.092548
0.090682
0.092299
0.092394
0.091764
0.091231
0.0968
0.088464
0.095205
0.087059
0.091955
0.086196
0.083808
0.076581
0.074647
0.078574
0.073088
0.072481
0.072028
0.082442
0.081135
0.076569
0.074161
0.07608
0.077114
0.075657
0.079025
0.082531
0.088064
0.093639
0.095278
0.095462
0.092753
0.094892
0.09557
0.107458
0.102377
0.110815
0.111273
0.109307
0.108915
0.107033
0.110621
0.116186
0.113641
0.110796
0.112603
0.113257
0.11146
0.107978
0.112878
0.112842
0.114973
0.111769
0.109009
0.118566
0.11676
0.110719
0.118904
0.118679
0.111953
0.112213
0.106072
0.109128
0.114818
0.110891
0.105509
0.108065
0.114106
0.111472
0.104639
0.11131
0.106866
0.104188
0.106042
0.101544
0.108405
0.105149
0.101805
0.100069
0.097371
0.101835
0.100393
0.101069
0.101977
0.10392
0.109061
0.105185
0.104394
0.10048
0.100189
0.096126
0.098899
0.093161
0.096266
0.099233
0.115866
0.104547
0.102682
0.10029
0.09813
0.099671
0.103897
0.10064
0.099486
0.110009
0.103722
0.101547
0.099282
0.095639
0.090471
0.089433
0.084406
0.091208
0.088488
0.088847
0.089695
0.089198
0.101793
0.094243
0.092073
0.089475
0.086667
0.086411
0.085126
0.090091
0.084519
0.081279
0.080362
0.082892
0.095405
0.089138
0.086273
0.084587
0.084815
0.076601
0.081388
0.081572
0.078818
0.077424
0.080443
0.079929
0.079583
0.086712
0.090557
0.086203
0.087529
0.084217
0.082033
0.08073
0.087699
0.084474
0.078498
0.084173
0.093587
0.088652
0.083639
0.083364
0.078888
0.078771
0.080389
0.082275
0.078865
0.076854
0.073569
0.074402
0.091454
0.086745
0.085022
0.083693
0.083157
0.083372
0.077385
0.082386
0.082992
0.088038
0.084268
0.088264
0.089861
0.098847
0.106272
0.100011
0.108444
0.114277
0.114443
0.107401
0.115781
0.115354
0.113858
0.110704
0.117364
0.115742
0.113275
0.119616
0.119372
0.120607
0.114789
0.12029
0.129602
0.121457
0.124672
0.125384
0.126755
0.12637
0.120135
0.122913
0.126409
0.119501
0.121946
0.125783
0.120614
0.118799
0.1181
0.121005
0.118206
0.123892
0.128637
0.125324
0.120743
0.120289
0.12681
0.118588
0.117111
0.115114
0.11536
0.116543
0.109245
0.115045
0.114356
0.108538
0.104685
0.109156
0.108517
0.11072
0.114512
0.11491
0.111285
0.105639
0.106821
0.108441
0.102565
0.103897
0.104395
0.102497
0.103408
0.103528
0.101803
0.097077
0.094054
0.098343
0.094202
0.096243
0.096134
0.105815
0.101516
0.096433
0.08962
0.090909
0.09356
0.091616
0.088871
0.096814
0.101897
0.099874
0.094635
0.092748
0.092767
0.095143
0.091765
0.090145
0.090923
0.097908
0.100265
0.09226
0.090826
0.086633
0.084256
0.081588
0.087813
0.091793
0.088057
0.100164
0.101698
0.095726
0.097547
0.092255
0.090107
0.090856
0.092557
0.089555
0.093339
0.103548
0.102558
0.100299
0.093292
0.093607
0.092267
0.087243
0.093969
0.092305
0.093738
0.099976
0.099734
0.095592
0.094085
0.092349
0.092974
0.093701
0.091589
0.092912
0.101505
0.100611
0.095502
0.09078
0.0934
0.096517
0.095638
0.100071
0.10127
0.095323
0.095828
0.093024
0.091671
0.090926
0.092
0.094504
0.100904
0.097179
0.093413
0.09559
0.091403
0.094296
0.095827
0.089382
0.086398
0.094811
0.093284
0.090445
0.085466
0.090147
0.090273
0.089002
0.095151
0.097623
0.097989
0.089394
0.090808
0.093711
0.092458
0.0895
0.095253
0.097645
0.093381
0.099391
0.100017
0.096906
0.094905
0.092991
0.091182
0.098326
0.094229
0.095773
0.096603
0.094281
0.096106
0.096454
0.100957
0.101894
0.100647
0.097116
0.093084
0.094864
0.091684
0.090295
0.098071
0.10464
0.10118
0.097737
0.09506
0.086968
0.086666
0.092467
0.087702
0.099708
0.099168
0.096532
0.093432
0.091254
0.088876
0.086425
0.091483
0.089893
0.097487
0.090503
0.088512
0.083772
0.083262
0.084592
0.081435
0.080819
0.082739
0.076706
0.081385
0.075551
0.087332
0.081463
0.07857
0.072147
0.074507
0.073867
0.074723
0.076484
0.074868
0.085202
0.083778
0.079646
0.079799
0.079716
0.082701
0.085196
0.084867
0.083746
0.083953
0.089462
0.08692
0.083878
0.083913
0.084366
0.089013
0.086392
0.090888
0.100635
0.095914
0.096875
0.092305
0.09299
0.088499
0.095372
0.092407
0.090671
0.100309
0.097941
0.101455
0.105022
0.100512
0.097622
0.095113
0.092653
0.094472
0.090464
0.094962
0.098628
0.103013
0.0968
0.100589
0.087517
0.088891
0.089013
0.090592
0.090784
0.089629
0.104626
0.102424
0.101091
0.10032
0.094865
0.097599
0.097637
0.09651
0.099097
0.100587
0.102518
0.100978
0.113826
0.116033
0.11201
0.108173
0.110749
0.105827
0.107206
0.116341
0.110841
0.115108
0.111598
0.124406
0.118083
0.117001
0.112065
0.110055
0.108788
0.108545
0.114689
0.110262
0.104747
0.11511
0.135247
0.125365
0.126747
0.1213
0.120428
0.109625
0.109398
0.116598
0.113169
0.109935
0.130388
0.122426
0.119434
0.119105
0.117608
0.115625
0.112373
0.112654
0.113372
0.113526
0.112854
0.110727
0.130249
0.118335
0.117228
0.11233
0.108556
0.113146
0.112592
0.11098
0.111891
0.108571
0.114678
0.120288
0.107791
0.11131
0.110417
0.106165
0.09948
0.097018
0.094949
0.092633
0.092794
0.088116
0.086809
0.086716
0.086834
0.099624
0.0912
0.086834
0.08455
0.083947
0.07787
0.078443
0.079263
0.082909
0.084817
0.086622
0.097893
0.091011
0.087376
0.088788
0.086768
0.085161
0.086594
0.093283
0.092502
0.08799
0.092678
0.095505
0.106251
0.107533
0.103817
0.1007
0.099967
0.105175
0.110411
0.108972
0.11392
0.118014
0.119658
0.114754
0.116336
0.107972
0.105977
0.107287
0.111438
0.112837
0.120595
0.116976
0.118141
0.115477
0.108546
0.107807
0.112559
0.11249
0.107664
0.124706
0.124961
0.121646
0.116678
0.114843
0.108014
0.107309
0.114861
0.110544
0.1172
0.113204
0.119902
0.118253
0.113803
0.113851
0.109865
0.110179
0.116261
0.113721
0.118087
0.123533
0.123642
0.116361
0.114431
0.112186
0.109574
0.11306
0.119814
0.113919
0.113301
0.114879
0.131411
0.12316
0.118728
0.113211
0.111617
0.109719
0.106519
0.103652
0.106369
0.104904
0.106133
0.099243
0.106563
0.12393
0.116687
0.108973
0.112853
0.108706
0.104228
0.113114
0.105645
0.106389
0.108185
0.117611
0.111573
0.111069
0.105242
0.10067
0.099518
0.097524
0.098802
0.096454
0.095788
0.094687
0.096803
0.097765
0.096175
0.094946
0.099156
0.095726
0.093345
0.093182
0.095705
0.098885
0.097108
0.093902
0.095651
0.101589
0.100299
0.099147
0.101646
0.107803
0.103176
0.108601
0.11919
0.113722
0.107872
0.105442
0.108935
0.108232
0.108554
0.115042
0.119588
0.116221
0.110146
0.110187
0.113132
0.115906
0.117571
0.122022
0.122872
0.138582
0.142493
0.139574
0.137823
0.135825
0.13077
0.132287
0.134991
0.141292
0.135794
0.14015
0.135248
0.142194
0.160013
0.153929
0.14832
0.141969
0.141597
0.134731
0.140815
0.144535
0.138646
0.141283
0.136734
0.138237
0.164537
0.158375
0.149971
0.14417
0.137396
0.135723
0.13537
0.135524
0.135303
0.136543
0.138883
0.137265
0.13532
0.152216
0.144348
0.148233
0.145545
0.144818
0.141902
0.141898
0.148917
0.148648
0.148406
0.150534
0.169822
0.161709
0.166351
0.154822
0.157233
0.160664
0.151726
0.152132
0.158065
0.158498
0.149728
0.155487
0.154133
0.162631
0.189069
0.177945
0.176032
0.170637
0.169817
0.166004
0.156028
0.164529
0.161977
0.162217
0.15974
0.161094
0.199686
0.178369
0.171905
0.172895
0.176143
0.172232
0.160564
0.160701
0.158876
0.168261
0.164456
0.16428
0.168531
0.20264
0.180029
0.178535
0.179425
0.176529
0.174461
0.162062
0.165419
0.166039
0.171519
0.169291
0.173292
0.173986
0.199661
0.17496
0.178248
0.172274
0.174564
0.163137
0.171089
0.182694
0.174127
0.168674
0.167436
0.174707
0.168522
0.20007
0.190381
0.183683
0.183001
0.181602
0.17773
0.17217
0.171606
0.160887
0.165666
0.168894
0.169123
0.165295
0.167217
0.190362
0.175045
0.167283
0.169922
0.167532
0.159995
0.15516
0.160417
0.161138
0.159806
0.155917
0.161586
0.158539
0.195286
0.177424
0.170579
0.165863
0.162188
0.166532
0.157823
0.15394
0.158322
0.172985
0.166054
0.160281
0.157596
0.182832
0.165643
0.169647
0.160144
0.158033
0.157262
0.158101
0.149554
0.148043
0.162834
0.15509
0.164416
0.156571
0.175476
0.167834
0.162962
0.165837
0.152177
0.157837
0.146845
0.157963
0.163987
0.156606
0.149182
0.164857
0.161813
0.186392
0.158565
0.153857
0.155561
0.153512
0.143935
0.151862
0.156999
0.149103
0.146341
0.150853
0.168766
0.159995
0.156408
0.15562
0.148479
0.157412
0.149998
0.158345
0.153742
0.155412
0.15734
0.15052
0.181479
0.1674
0.160523
0.156698
0.14778
0.148055
0.146448
0.138225
0.148537
0.150286
0.153449
0.181271
0.177714
0.175423
0.169674
0.16552
0.16656
0.159111
0.153371
0.154953
0.159467
0.160467
0.157447
0.156492
0.193817
0.16347
0.165889
0.16347
0.159315
0.159176
0.155214
0.154837
0.165695
0.159386
0.159053
0.155217
0.184893
0.175671
0.169141
0.166479
0.162428
0.15391
0.151995
0.158625
0.167939
0.161884
0.15224
0.148953
0.148884
0.149867
0.152191
0.17128
0.158573
0.162557
0.162741
0.157923
0.156808
0.143011
0.150644
0.159471
0.158149
0.154259
0.152393
0.185816
0.167623
0.164312
0.161804
0.159312
0.157683
0.155461
0.156429
0.155078
0.156452
0.156715
0.155268
0.150466
0.151441
0.167902
0.155028
0.158736
0.146893
0.150712
0.155715
0.159878
0.162562
0.163306
0.169713
0.171163
0.166347
0.164865
0.162409
0.162945
0.164222
0.162449
0.155298
0.158305
0.161991
0.18782
0.172845
0.171755
0.169964
0.158097
0.157372
0.156239
0.157073
0.157491
0.163417
0.156522
0.153198
0.168142
0.157265
0.152228
0.148573
0.156027
0.166583
0.161261
0.159407
0.155697
0.148305
0.156795
0.149089
0.17026
0.163215
0.153525
0.156576
0.150947
0.14918
0.146866
0.149492
0.146722
0.14508
0.141195
0.170571
0.162523
0.15891
0.157402
0.15322
0.155736
0.154268
0.162405
0.159248
0.183376
0.174363
0.175273
0.167077
0.160641
0.159789
0.155222
0.14878
0.158282
0.161467
0.164776
0.185235
0.166662
0.166611
0.165662
0.162234
0.1563
0.156972
0.162603
0.160514
0.16486
0.15945
0.179255
0.168103
0.165755
0.155416
0.15636
0.15593
0.156957
0.161813
0.163723
0.159589
0.159383
0.18467
0.167127
0.167414
0.162395
0.159018
0.157522
0.156541
0.150538
0.155969
0.154576
0.154182
0.173549
0.16948
0.166133
0.160953
0.157746
0.154182
0.157266
0.152086
0.149639
0.146242
0.15936
0.179427
0.166045
0.165812
0.16387
0.149544
0.151964
0.145981
0.153062
0.152256
0.152515
0.172855
0.164967
0.161338
0.151952
0.150906
0.142223
0.14232
0.143831
0.14115
0.14607
0.162935
0.157876
0.152022
0.144535
0.143158
0.140788
0.143195
0.141608
0.138671
0.162123
0.149954
0.141119
0.135429
0.131134
0.125364
0.127333
0.129323
0.135748
0.124276
0.120912
0.114762
0.109706
0.113944
0.109183
0.108666
0.106916
0.104232
0.101319
0.101281
0.094398
0.094958
0.093545
0.095227
0.094029
0.093339
0.091863
0.089387
0.097392
0.09229
0.090621
0.090463
0.093547
0.091092
0.094758
0.096211
0.093811
0.097496
0.099045
0.096493
0.096487
0.102355
0.099453
0.107731
0.117224
0.109157
0.114392
0.116466
0.120825
0.1236
0.12664
0.124746
0.128897
0.125575
0.128309
0.134308
0.131678
0.127628
0.136493
0.135072
0.134674
0.128393
0.135941
0.138003
0.136146
0.129736
0.13558
0.134556
0.127004
0.123326
0.127633
0.127369
0.12808
0.124297
0.131255
0.134572
0.130567
0.12205
0.130805
0.132244
0.124641
0.125673
0.120852
0.125642
0.12868
0.12665
0.120679
0.130255
0.12371
0.125457
0.122306
0.122203
0.123888
0.127584
0.122597
0.117677
0.123419
0.122
0.123946
0.119287
0.119377
0.119974
0.119892
0.117338
0.118647
0.121989
0.128469
0.124377
0.133958
0.137806
0.134825
0.132231
0.125939
0.13324
0.134712
0.130551
0.124312
0.135224
0.135241
0.129582
0.12808
0.136364
0.137636
0.132891
0.132985
0.129018
0.126789
0.134659
0.126304
0.120762
0.127003
0.131931
0.130049
0.125641
0.13116
0.127367
0.120938
0.117692
0.117605
0.117844
0.120343
0.117834
0.119324
0.119934
0.118045
0.138095
0.136498
0.124864
0.125867
0.117571
0.11651
0.110887
0.12072
0.11583
0.125309
0.134518
0.139818
0.131377
0.127353
0.123448
0.114798
0.119668
0.123614
0.118876
0.118037
0.11465
0.132648
0.12501
0.126995
0.122185
0.11957
0.119312
0.115673
0.114708
0.113371
0.121119
0.131576
0.128782
0.12384
0.117549
0.126582
0.126562
0.126421
0.125865
0.114937
0.126966
0.131612
0.124083
0.126294
0.129896
0.130219
0.120359
0.123644
0.118641
0.122515
0.117945
0.117518
0.111824
0.115391
0.109448
0.123328
0.121565
0.122963
0.115371
0.115802
0.110715
0.110012
0.113381
0.115622
0.119186
0.122252
0.132542
0.130381
0.126304
0.123173
0.117325
0.118425
0.120316
0.116426
0.118339
0.121309
0.135371
0.131797
0.129857
0.128384
0.122827
0.118343
0.118665
0.122845
0.117251
0.122552
0.117666
0.132177
0.123983
0.124692
0.123125
0.117497
0.123849
0.109747
0.113401
0.11294
0.113351
0.11388
0.137206
0.125148
0.125277
0.121286
0.117915
0.11813
0.110218
0.118063
0.119292
0.118517
0.127861
0.130272
0.130424
0.121882
0.123611
0.114052
0.115995
0.121941
0.119176
0.11945
0.130727
0.119109
0.11613
0.10851
0.110277
0.108905
0.109988
0.108299
0.103786
0.104889
0.112585
0.111083
0.104547
0.103372
0.101109
0.098009
0.098386
0.098981
0.100144
0.1027
0.107152
0.113541
0.11785
0.111581
0.112926
0.111031
0.111792
0.112348
0.112466
0.111544
0.109618
0.120489
0.122183
0.116548
0.11789
0.114105
0.116695
0.122444
0.116864
0.121012
0.129559
0.122363
0.119569
0.126319
0.134621
0.131307
0.131453
0.134981
0.137559
0.130633
0.122661
0.129272
0.134592
0.133725
0.128591
0.134425
0.137022
0.134785
0.1329
0.131024
0.132499
0.133222
0.134061
0.134325
0.136874
0.131666
0.129936
0.131995
0.131683
0.126655
0.12504
0.135528
0.135479
0.132565
0.130991
0.120792
0.129537
0.134131
0.127485
0.129254
0.128312
0.141275
0.140791
0.134683
0.132758
0.128213
0.123923
0.115971
0.122288
0.124701
0.11797
0.123197
0.12154
0.14052
0.131484
0.126568
0.120724
0.12234
0.118376
0.11565
0.115489
0.120292
0.122027
0.123322
0.118023
0.119835
0.136576
0.125539
0.119196
0.12025
0.116551
0.109028
0.114971
0.119018
0.115324
0.114144
0.118922
0.118288
0.129206
0.120848
0.121542
0.121004
0.115475
0.115859
0.120036
0.118657
0.116652
0.122028
0.131682
0.129898
0.127089
0.12589
0.124442
0.122069
0.125339
0.130592
0.131149
0.128263
0.128797
0.139698
0.132756
0.129699
0.133032
0.14474
0.143819
0.139569
0.138853
0.134283
0.143533
0.148355
0.146846
0.141956
0.151176
0.162978
0.158433
0.152372
0.150071
0.149758
0.149123
0.152744
0.1599
0.151572
0.149026
0.168987
0.164468
0.164755
0.155254
0.159302
0.147646
0.143953
0.139272
0.15228
0.142627
0.14753
0.14231
0.171372
0.15441
0.152502
0.147818
0.140961
0.139646
0.136169
0.138607
0.142593
0.13969
0.135154
0.137194
0.133161
0.160887
0.149097
0.142707
0.142229
0.140042
0.135062
0.135762
0.134109
0.135095
0.140774
0.134555
0.132503
0.135862
0.134152
0.161382
0.138875
0.139946
0.134172
0.134531
0.131503
0.123358
0.119507
0.128633
0.132327
0.127356
0.129083
0.124623
0.159846
0.147624
0.139853
0.133412
0.131427
0.132467
0.126223
0.122182
0.127529
0.12937
0.136176
0.135234
0.133821
0.158978
0.147557
0.143134
0.138236
0.13192
0.13531
0.130063
0.122454
0.120011
0.130797
0.130324
0.129253
0.12664
0.15538
0.142473
0.14085
0.145264
0.142059
0.134593
0.134135
0.13058
0.129283
0.13771
0.132688
0.136001
0.136894
0.138136
0.161657
0.1485
0.147184
0.142948
0.144113
0.140393
0.133969
0.135761
0.135999
0.141459
0.138207
0.143816
0.14242
0.171707
0.150252
0.147506
0.144952
0.14808
0.145814
0.14262
0.13715
0.131338
0.133261
0.135735
0.139148
0.137274
0.170519
0.152726
0.153153
0.143695
0.139186
0.137264
0.126125
0.131981
0.138376
0.135538
0.133467
0.133385
0.135139
0.154549
0.147249
0.141288
0.139702
0.139003
0.130153
0.130315
0.128831
0.124589
0.123566
0.125763
0.130323
0.130485
0.133264
0.153353
0.133833
0.134059
0.1324
0.128748
0.126204
0.119433
0.118004
0.11939
0.124658
0.120313
0.113324
0.115568
0.117788
0.116132
0.137729
0.117529
0.114137
0.119752
0.1136
0.109509
0.102528
0.101604
0.098287
0.09699
0.096995
0.097841
0.096276
0.093289
0.088275
0.083419
0.08889
0.086596
0.080267
0.079378
0.079247
0.081101
0.080885
0.078625
0.080326
0.078965
0.076132
0.074076
0.074758
0.07326
0.07137
0.072362
0.078785
0.076452
0.079581
0.078764
0.076252
0.079591
0.072354
0.076889
0.081415
0.079363
0.076237
0.078834
0.087197
0.079413
0.078999
0.078923
0.075903
0.073869
0.073198
0.076642
0.074956
0.072833
0.067755
0.071236
0.079204
0.074692
0.069546
0.067864
0.067585
0.065808
0.062624
0.067576
0.067596
0.068102
0.069616
0.070441
0.079861
0.074219
0.074957
0.072967
0.072828
0.07317
0.074436
0.073424
0.073394
0.075504
0.076348
0.073608
0.070399
0.071711
0.071655
0.069103
0.069217
0.066002
0.064142
0.061454
0.060685
0.058086
0.053354
0.058037
0.054002
0.052256
0.054697
0.051603
0.050328
0.047454
0.047051
0.048846
0.0484
0.046807
0.049915
0.046497
0.046414
0.046132
0.046067
0.043614
0.043509
0.047051
0.045447
0.045181
0.044825
0.045901
0.045956
0.044534
0.047129
0.046207
0.046158
0.045081
0.048149
0.051867
0.049285
0.052648
0.054099
0.05392
0.05375
0.055844
0.062643
0.062617
0.063046
0.065751
0.069205
0.067283
0.071081
0.07419
0.069956
0.067421
0.064176
0.066525
0.069135
0.064897
0.065462
0.072237
0.069247
0.06854
0.070907
0.066849
0.06802
0.067027
0.065679
0.070309
0.071896
0.077716
0.077128
0.070545
0.072557
0.069338
0.069182
0.073058
0.072521
0.071926
0.073825
0.074943
0.085388
0.080978
0.081618
0.07966
0.079189
0.073613
0.077229
0.080075
0.079836
0.080593
0.081994
0.088564
0.083064
0.081186
0.079924
0.076965
0.076893
0.076202
0.075727
0.075304
0.07355
0.082122
0.074692
0.072251
0.068881
0.068481
0.067957
0.065308
0.068266
0.067164
0.065372
0.072784
0.069395
0.066917
0.067379
0.066186
0.067015
0.06702
0.073662
0.072192
0.07248
0.070446
0.070778
0.068623
0.066635
0.071021
0.068331
0.074194
0.076431
0.077727
0.078074
0.077045
0.074815
0.078432
0.084119
0.078956
0.092659
0.092794
0.095083
0.094549
0.095486
0.093195
0.103553
0.101674
0.108717
0.113353
0.106128
0.110416
0.110289
0.106157
0.109623
0.112563
0.112864
0.119464
0.123575
0.122717
0.124704
0.118922
0.122753
0.122207
0.133817
0.126739
0.129349
0.138239
0.139131
0.144944
0.139799
0.140135
0.134458
0.143031
0.151259
0.145932
0.140801
0.154362
0.152779
0.14627
0.147526
0.135108
0.138298
0.147418
0.150728
0.14581
0.143194
0.153995
0.153228
0.151426
0.149891
0.146832
0.136266
0.149747
0.15214
0.150355
0.151689
0.14835
0.154194
0.185492
0.167136
0.167857
0.163663
0.163327
0.157699
0.151245
0.154148
0.160394
0.163689
0.149422
0.160892
0.157814
0.193528
0.173201
0.170045
0.166514
0.159589
0.160616
0.152608
0.146018
0.1453
0.156438
0.150739
0.155021
0.156042
0.189878
0.178063
0.175201
0.171809
0.166696
0.164615
0.15723
0.155188
0.153545
0.161929
0.153933
0.153962
0.160458
0.199612
0.176542
0.177222
0.172988
0.169342
0.164859
0.156013
0.155015
0.155181
0.158232
0.159789
0.167381
0.155962
0.18229
0.175476
0.180045
0.173735
0.16685
0.170931
0.163438
0.162193
0.160155
0.157141
0.162973
0.163237
0.167395
0.202601
0.185221
0.175956
0.170645
0.167218
0.157063
0.160074
0.149559
0.149496
0.15388
0.16078
0.157861
0.159614
0.174995
0.166121
0.165217
0.164483
0.162006
0.157076
0.161622
0.159948
0.171018
0.164625
0.160278
0.165148
0.16845
0.197837
0.176234
0.174143
0.169314
0.163797
0.163777
0.163382
0.161995
0.171035
0.164198
0.166689
0.173906
0.198481
0.177201
0.175094
0.170656
0.167446
0.166055
0.159157
0.156125
0.165255
0.158776
0.163811
0.162846
0.185173
0.167747
0.165228
0.159835
0.159427
0.157909
0.146588
0.14993
0.143061
0.149832
0.14375
0.147702
0.14976
0.145492
0.170014
0.15585
0.151005
0.143944
0.141459
0.149037
0.149013
0.145962
0.140865
0.136861
0.146581
0.147752
0.147625
0.140361
0.150055
0.146289
0.147527
0.14864
0.141641
0.143308
0.151286
0.147573
0.151877
0.158028
0.150505
0.145304
0.144793
0.144696
0.145355
0.150676
0.147665
0.142201
0.161922
0.155314
0.14932
0.145981
0.146549
0.138323
0.144305
0.150246
0.152233
0.144027
0.159128
0.152625
0.148212
0.152062
0.146281
0.13991
0.151977
0.15638
0.154979
0.147309
0.164621
0.1586
0.159044
0.15513
0.154108
0.147601
0.153768
0.153769
0.151408
0.141485
0.146706
0.151887
0.157975
0.156712
0.151877
0.14634
0.168397
0.160111
0.15709
0.160392
0.15851
0.148637
0.15149
0.159883
0.159391
0.154702
0.151475
0.14272
0.154151
0.186512
0.17399
0.168577
0.160502
0.161343
0.152435
0.148754
0.14008
0.145041
0.16002
0.154811
0.152812
0.155452
0.186791
0.168743
0.166603
0.163591
0.162609
0.158189
0.155643
0.146033
0.149472
0.151071
0.158006
0.154426
0.151979
0.158533
0.1887
0.17013
0.166216
0.164756
0.161658
0.157723
0.152934
0.148309
0.1485
0.156666
0.159155
0.154395
0.151398
0.153984
0.153188
0.150061
0.18342
0.16941
0.169315
0.166314
0.16386
0.155126
0.153418
0.150398
0.147976
0.153917
0.155346
0.154454
0.153842
0.175873
0.178314
0.1733
0.16489
0.163426
0.16115
0.156829
0.154532
0.149558
0.148735
0.155697
0.160784
0.154761
0.19787
0.178641
0.174458
0.168873
0.166794
0.166812
0.15912
0.157414
0.158119
0.165815
0.158149
0.158566
0.158321
0.16081
0.194619
0.175984
0.173766
0.169725
0.164226
0.15846
0.157064
0.156672
0.155532
0.153326
0.163997
0.157304
0.16483
0.158545
0.161978
0.161052
0.182341
0.175387
0.172273
0.171832
0.162865
0.163295
0.158459
0.162109
0.165481
0.158999
0.157867
0.162813
0.160174
0.185941
0.166883
0.168099
0.168491
0.162971
0.159494
0.157957
0.150463
0.148313
0.153854
0.15327
0.159407
0.152555
0.152785
0.194143
0.172603
0.17099
0.162937
0.163127
0.16238
0.167518
0.161121
0.157234
0.151695
0.150366
0.155821
0.160458
0.152993
0.158255
0.190963
0.167721
0.170378
0.166967
0.169153
0.158707
0.161207
0.157288
0.153668
0.145279
0.145879
0.152778
0.157979
0.157142
0.156319
0.150576
0.179075
0.158085
0.157492
0.156478
0.150996
0.151907
0.146278
0.139997
0.145163
0.149883
0.141385
0.144792
0.15105
0.14407
0.167523
0.152995
0.1508
0.153367
0.14931
0.144952
0.138362
0.141124
0.14162
0.138911
0.139502
0.147634
0.140542
0.169709
0.159025
0.154527
0.149713
0.149635
0.146918
0.145037
0.144343
0.138738
0.14063
0.14833
0.1526
0.14844
0.151737
0.177428
0.168522
0.167302
0.166907
0.165643
0.162284
0.160282
0.148037
0.147708
0.151586
0.153989
0.149618
0.148971
0.15184
0.156604
0.152495
0.182108
0.16366
0.158878
0.157738
0.154676
0.154137
0.151126
0.148638
0.146716
0.155622
0.152127
0.144663
0.150209
0.155273
0.151951
0.174378
0.165283
0.160091
0.15326
0.153792
0.146553
0.14793
0.142606
0.149844
0.152039
0.146833
0.146906
0.14687
0.153791
0.149356
0.178858
0.161033
0.155706
0.153076
0.153219
0.146394
0.142338
0.1431
0.148841
0.152332
0.14969
0.143649
0.148389
0.147292
0.177236
0.158522
0.158133
0.155036
0.155536
0.157736
0.156287
0.151014
0.147168
0.14435
0.155672
0.152665
0.154461
0.155675
0.180087
0.168919
0.163941
0.164634
0.162153
0.155698
0.151718
0.157031
0.159905
0.152894
0.152839
0.156249
0.154227
0.155894
0.186081
0.16939
0.168323
0.165099
0.162333
0.157468
0.153577
0.158754
0.157186
0.154381
0.158943
0.153398
0.186849
0.166993
0.171176
0.166346
0.158584
0.149378
0.154133
0.150798
0.15053
0.158084
0.15317
0.154912
0.157494
0.179432
0.162332
0.162457
0.159947
0.157438
0.149904
0.144387
0.152566
0.156286
0.153264
0.144986
0.151575
0.150573
0.178909
0.159311
0.158851
0.155687
0.154532
0.153299
0.148016
0.142934
0.147305
0.156029
0.150889
0.152775
0.151919
0.186399
0.170304
0.166477
0.162059
0.158813
0.15662
0.149739
0.145053
0.143728
0.15233
0.146121
0.152177
0.144151
0.175395
0.168562
0.160346
0.162141
0.151492
0.158842
0.151851
0.148605
0.152011
0.151726
0.153698
0.156479
0.158892
0.175024
0.162478
0.15878
0.156259
0.156409
0.142458
0.142357
0.136441
0.14159
0.137619
0.141401
0.13717
0.137239
0.168694
0.162319
0.154547
0.153996
0.155156
0.148322
0.145718
0.149629
0.146894
0.154142
0.157902
0.153263
0.177199
0.167515
0.170102
0.165609
0.162503
0.164639
0.158358
0.16062
0.159813
0.157555
0.155083
0.154433
0.150666
0.144378
0.171798
0.151496
0.142008
0.143845
0.142358
0.14631
0.148824
0.142886
0.150118
0.166411
0.169135
0.16877
0.166563
0.163044
0.161451
0.161046
0.153883
0.151577
0.150331
0.163369
0.167317
0.15356
0.180737
0.167763
0.163321
0.159546
0.154482
0.152419
0.150984
0.139301
0.144858
0.148959
0.142374
0.143247
0.140976
0.140596
0.169192
0.151318
0.14927
0.146978
0.139725
0.143207
0.137388
0.128893
0.135072
0.134672
0.132562
0.127301
0.131768
0.135614
0.155597
0.147703
0.143689
0.137518
0.132695
0.135808
0.132321
0.126192
0.11987
0.125579
0.130093
0.12421
0.123152
0.12334
0.126104
0.121095
0.125546
0.143146
0.135204
0.132654
0.131448
0.131379
0.122044
0.126033
0.119417
0.119403
0.120246
0.118576
0.114865
0.118002
0.118388
0.113616
0.114363
0.119836
0.115469
0.113895
0.109947
0.107628
0.104452
0.099392
0.102478
0.103554
0.101795
0.098986
0.096273
0.094177
0.092649
0.092052
0.088346
0.093975
0.092928
0.088483
0.087668
0.101952
0.092627
0.092296
0.091913
0.093904
0.10092
0.104605
0.103747
0.101562
0.101558
0.101825
0.109119
0.112188
0.11113
0.111563
0.110877
0.111368
0.115998
0.114202
0.112465
0.111202
0.120513
0.123736
0.126398
0.124361
0.120914
0.119126
0.123154
0.121533
0.122306
0.133031
0.128418
0.134542
0.135617
0.1362
0.136737
0.128459
0.134156
0.127957
0.132518
0.131987
0.131609
0.1274
0.146145
0.144424
0.14343
0.139829
0.144775
0.145172
0.141937
0.142471
0.140887
0.13572
0.140845
0.137353
0.138456
0.140023
0.152639
0.15597
0.15109
0.151238
0.143847
0.15044
0.149958
0.148889
0.146197
0.14498
0.148155
0.141956
0.144888
0.154353
0.154402
0.151635
0.15082
0.150663
0.154761
0.150316
0.153837
0.1502
0.150982
0.150179
0.162286
0.149935
0.155088
0.152728
0.157201
0.154527
0.147883
0.149276
0.145436
0.150789
0.160136
0.157047
0.15616
0.155391
0.156421
0.157042
0.153776
0.1554
0.148846
0.156907
0.160917
0.16211
0.163161
0.160995
0.162332
0.154312
0.157363
0.151494
0.154821
0.157659
0.159841
0.167846
0.165529
0.162978
0.165409
0.166975
0.16451
0.16265
0.160558
0.15815
0.159141
0.155682
0.165446
0.16247
0.163545
0.161857
0.157229
0.161475
0.157758
0.15678
0.154295
0.152272
0.151462
0.14742
0.146571
0.161044
0.164473
0.161542
0.16345
0.164175
0.155275
0.159279
0.150018
0.152974
0.146884
0.151713
0.152792
0.151077
0.165832
0.161879
0.163685
0.164176
0.163131
0.164575
0.159909
0.159298
0.154907
0.155577
0.154801
0.153456
0.152247
0.154099
0.164328
0.170107
0.169109
0.171139
0.169654
0.165888
0.174077
0.169547
0.173288
0.171756
0.17044
0.171368
0.169567
0.167555
0.16846
0.166254
0.163985
0.165157
0.165137
0.164872
0.175542
0.180464
0.180448
0.183175
0.180436
0.180426
0.178678
0.176699
0.178102
0.17166
0.17728
0.17687
0.175178
0.173756
0.1734
0.175058
0.174625
0.173183
0.174888
0.174074
0.172058
0.17389
0.170431
0.173017
0.171935
0.174345
0.176288
0.173581
0.175694
0.17101
0.173752
0.1729
0.169421
0.175172
0.1713
0.171261
0.171305
0.170825
0.168739
0.171422
0.178735
0.16833
0.170259
0.167193
0.172472
0.169845
0.16627
0.166778
0.166602
0.171072
0.169749
0.16887
0.169758
0.168451
0.166075
0.158763
0.164021
0.163508
0.161672
0.163299
0.155182
0.155033
0.156319
0.151609
0.154629
0.149066
0.153769
0.150699
0.142944
0.14531
0.150237
0.150615
0.141997
0.143255
0.14481
0.141105
0.143677
0.136805
0.14379
0.134467
0.138002
0.138534
0.131948
0.135084
0.133627
0.131266
0.131133
0.130983
0.144591
0.151397
0.148472
0.14738
0.13871
0.137974
0.132819
0.135253
0.13451
0.133428
0.128649
0.124269
0.119192
0.121484
0.115498
0.118055
0.115519
0.119361
0.118288
0.117568
0.118514
0.114287
0.127209
0.118994
0.115244
0.114597
0.111147
0.121658
0.118189
0.111806
0.1129
0.101814
0.105149
0.112383
0.111731
0.106603
0.105182
0.10933
0.108741
0.108496
0.117259
0.116051
0.111315
0.108702
0.11088
0.10782
0.104686
0.107307
0.103933
0.101537
0.100652
0.099662
0.10279
0.108384
0.106484
0.10388
0.096438
0.097553
0.097989
0.103745
0.108183
0.107384
0.104208
0.099596
0.104662
0.101932
0.112068
0.104863
0.107596
0.103575
0.10623
0.104146
0.116223
0.114956
0.109102
0.111516
0.114721
0.108907
0.111939
0.113686
0.107556
0.110652
0.11264
0.115399
0.119514
0.112941
0.115652
0.117805
0.110157
0.10888
0.107551
0.114652
0.112295
0.117286
0.112078
0.11708
0.118036
0.117803
0.112376
0.114572
0.11551
0.111576
0.111331
0.109471
0.117909
0.123165
0.12043
0.117729
0.124146
0.117771
0.117879
0.116563
0.111441
0.116045
0.115097
0.117079
0.116037
0.11624
0.118186
0.119297
0.110003
0.113188
0.10753
0.114486
0.115204
0.11372
0.123255
0.123632
0.127367
0.124101
0.128544
0.128007
0.125302
0.124557
0.121776
0.123555
0.125819
0.126723
0.119826
0.122428
0.120481
0.125169
0.123541
0.120442
0.121899
0.121973
0.119455
0.114297
0.11244
0.119664
0.116567
0.115283
0.117809
0.113926
0.116272
0.112289
0.117618
0.118878
0.135078
0.138069
0.138868
0.134804
0.134444
0.136129
0.134618
0.135826
0.134956
0.131706
0.130073
0.129265
0.129829
0.131757
0.129005
0.125936
0.12437
0.127877
0.128705
0.126861
0.12694
0.128833
0.125697
0.125595
0.121517
0.126949
0.12658
0.123837
0.127505
0.123594
0.124465
0.119931
0.124635
0.121882
0.117688
0.119955
0.122775
0.117858
0.118382
0.116019
0.120153
0.115514
0.116644
0.110608
0.115727
0.113574
0.125584
0.122738
0.122549
0.124546
0.124072
0.124917
0.124462
0.123979
0.120382
0.123576
0.124163
0.121148
0.120886
0.119786
0.123061
0.12041
0.12213
0.121296
0.117695
0.117262
0.118799
0.11353
0.116308
0.116993
0.115498
0.115873
0.116964
0.119076
0.118229
0.117925
0.118772
0.117292
0.116317
0.112754
0.114544
0.113982
0.117157
0.115714
0.114647
0.110869
0.116874
0.115409
0.114148
0.11428
0.110473
0.114195
0.111217
0.128449
0.131593
0.127906
0.12921
0.128404
0.129096
0.126505
0.128314
0.126873
0.124764
0.127284
0.125551
0.122998
0.130075
0.127946
0.126243
0.12851
0.127984
0.126885
0.129899
0.131049
0.126652
0.125215
0.127415
0.12085
0.120087
0.124412
0.117919
0.118904
0.127072
0.127932
0.121934
0.126998
0.120853
0.126087
0.123164
0.124545
0.12715
0.123678
0.125715
0.123367
0.120794
0.124798
0.12109
0.12321
0.12223
0.119662
0.121957
0.120189
0.122185
0.116459
0.11789
0.117664
0.119029
0.11542
0.114953
0.118035
0.117918
0.110132
0.115563
0.110122
0.115802
0.117886
0.11642
0.114464
0.116892
0.117742
0.11758
0.113902
0.119105
0.116523
0.117507
0.117529
0.117776
0.112053
0.112845
0.116826
0.117022
