0.030136
0.087052
0.105638
0.10676
0.104006
0.106531
0.106424
0.105788
0.105978
0.100394
0.096883
0.102618
0.099981
0.101641
0.099071
0.097617
0.101156
0.094584
0.098274
0.100571
0.10333
0.098668
0.09627
0.099896
0.099684
0.100543
0.100173
0.103245
0.105556
0.097722
0.103779
0.101862
0.097859
0.102835
0.100617
0.100706
0.10329
0.093651
0.098219
0.098534
0.101774
0.10543
0.107401
0.110216
0.110054
0.11765
0.108038
0.114565
0.11093
0.107225
0.109173
0.109849
0.114361
0.122324
0.119407
0.119349
0.126031
0.126572
0.126627
0.130877
0.12519
0.123072
0.122248
0.127452
0.119757
0.124584
0.126308
0.121186
0.124081
0.127469
0.121695
0.122276
0.119781
0.120983
0.120308
0.12461
0.123304
0.120612
0.120233
0.115364
0.110341
0.110882
0.106261
0.104837
0.101375
0.098743
0.098759
0.099128
0.101271
0.103237
0.103061
0.101139
0.098382
0.094923
0.092596
0.094005
0.092959
0.086107
0.092042
0.089098
0.08555
0.087715
0.085059
0.084166
0.084448
0.090991
0.081173
0.080143
0.079809
0.085637
0.085239
0.081538
0.083129
0.081622
0.080388
0.080329
0.081445
0.084092
0.084709
0.084538
0.099086
0.09034
0.089524
0.086552
0.087714
0.087274
0.0901
0.095139
0.10336
0.110232
0.106878
0.112453
0.108864
0.106712
0.106705
0.111055
0.115725
0.113416
0.129537
0.121366
0.118681
0.118037
0.113473
0.113472
0.108138
0.106952
0.109162
0.11091
0.105275
0.106921
0.107396
0.109693
0.110601
0.106334
0.105929
0.104316
0.105486
0.109412
0.11299
0.10238
0.105957
0.104775
0.104091
0.101707
0.099591
0.097778
0.094198
0.093766
0.087854
0.08449
0.085259
0.091173
0.090596
0.091058
0.091869
0.08705
0.086585
0.08342
0.081866
0.077046
0.079605
0.078293
0.076009
0.080551
0.079531
0.08015
0.080497
0.078755
0.078453
0.07489
0.078179
0.076528
0.075709
0.073904
0.077699
0.074351
0.080644
0.07985
0.078475
0.076236
0.077601
0.083343
0.079058
0.079915
0.080574
0.074848
0.079858
0.072552
0.082478
0.082202
0.081845
0.092377
0.089577
0.085712
0.083963
0.082853
0.081658
0.086048
0.08693
0.085854
0.090935
0.084281
0.084117
0.083445
0.086375
0.085196
0.08312
0.086521
0.100247
0.091894
0.090324
0.085714
0.08865
0.085973
0.087495
0.091503
0.092516
0.094065
0.107289
0.099204
0.098582
0.09766
0.096523
0.095423
0.095086
0.092846
0.092349
0.093575
0.092458
0.093294
0.092865
0.096877
0.099543
0.113558
0.101006
0.101696
0.105562
0.101022
0.101752
0.094544
0.098463
0.094505
0.102833
0.101221
0.101046
0.103017
0.100695
0.119765
0.106949
0.107485
0.103485
0.108249
0.107316
0.10148
0.108397
0.106823
0.115483
0.110093
0.112943
0.116907
0.121463
0.137969
0.116579
0.119135
0.11665
0.11442
0.113213
0.104003
0.103837
0.100516
0.099923
0.093307
0.096943
0.096432
0.093882
0.090673
0.093235
0.083671
0.087538
0.087097
0.087004
0.083269
0.082967
0.086217
0.081328
0.079647
0.084274
0.079308
0.079643
0.074894
0.08594
0.078097
0.082461
0.084101
0.085836
0.085445
0.085994
0.085786
0.086529
0.086979
0.087017
0.09134
0.091261
0.090538
0.09264
0.101204
0.093057
0.094573
0.094078
0.092381
0.089435
0.090448
0.0964
0.093853
0.097374
0.097691
0.098019
0.09891
0.112829
0.106864
0.101612
0.109773
0.10477
0.104265
0.101214
0.112848
0.112507
0.108496
0.112054
0.109741
0.128443
0.114282
0.113901
0.106798
0.122857
0.12527
0.116632
0.120032
0.118993
0.117058
0.110068
0.122955
0.11731
0.112419
0.110493
0.108096
0.102761
0.097851
0.097932
0.09979
0.098774
0.104528
0.097133
0.100647
0.100301
0.098281
0.099711
0.108822
0.097747
0.097488
0.096827
0.095812
0.106514
0.101419
0.097306
0.095927
0.115676
0.112965
0.111326
0.106275
0.104956
0.108716
0.105458
0.115923
0.109811
0.106456
0.099569
0.097709
0.09961
0.094778
0.100959
0.09136
0.102683
0.099401
0.09963
0.101677
0.106252
0.097208
0.09853
0.109579
0.103798
0.100392
0.100032
0.094317
0.097315
0.096242
0.098095
0.092754
0.09723
0.09592
0.098111
0.096778
0.095869
0.097482
0.09618
0.100544
0.097057
0.099607
0.100129
0.101759
0.100777
0.104907
0.114095
0.110019
0.107839
0.106682
0.10497
0.108279
0.120818
0.121842
0.119822
0.117867
0.117438
0.11541
0.116031
0.116841
0.118668
0.120538
0.121424
0.118535
0.115564
0.121788
0.118902
0.132726
0.126258
0.122326
0.123833
0.121304
0.123199
0.121448
0.123169
0.119674
0.11705
0.111615
0.115728
0.122843
0.12599
0.118748
0.121864
0.119796
0.117928
0.1207
0.119796
0.124999
0.118277
0.129664
0.123895
0.125483
0.123206
0.123019
0.124249
0.123894
0.120245
0.117796
0.12211
0.116813
0.119859
0.125082
0.127988
0.127793
0.125083
0.129244
0.128615
0.129093
0.131298
0.127648
0.133876
0.130518
0.133126
0.131703
0.129606
0.134676
0.136149
0.144952
0.144566
0.138242
0.141347
0.145333
0.136518
0.140003
0.141169
0.137851
0.135647
0.136891
0.135302
0.143634
0.135456
0.138125
0.137263
0.135938
0.13195
0.136217
0.129796
0.133585
0.135437
0.13397
0.13634
0.134213
0.143864
0.13668
0.130653
0.137551
0.134854
0.126234
0.137249
0.13052
0.132082
0.128721
0.130278
0.127524
0.135083
0.137529
0.127747
0.127812
0.126703
0.125855
0.124869
0.127455
0.123827
0.12478
0.121774
0.124048
0.127934
0.130085
0.122165
0.123326
0.118425
0.119496
0.11418
0.118775
0.116776
0.118148
0.115209
0.121478
0.115329
0.12088
0.120758
0.11695
0.119005
0.110828
0.116588
0.12163
0.122372
0.11951
0.118943
0.11857
0.124994
0.123323
0.123516
0.119788
0.118772
0.117281
0.121479
0.119782
0.116894
0.111661
0.122203
0.123221
0.123474
0.113775
0.116562
0.118461
0.111762
0.107799
0.110254
0.114657
0.111185
0.112764
0.114565
0.112886
0.114383
0.121658
0.120663
0.114348
0.117506
0.116893
0.118837
0.115875
0.116241
0.112165
0.115965
0.117101
0.116494
0.117561
0.118617
0.117181
0.122155
0.122791
0.123297
0.121311
0.121304
0.116052
0.119829
0.119883
0.120536
0.122866
0.119226
0.119346
0.122792
0.117628
0.116506
0.114998
0.11798
0.12028
0.132438
0.134365
0.131781
0.131209
0.127249
0.120598
0.126033
0.127695
0.130756
0.127068
0.127909
0.127173
0.122452
0.128797
0.127033
0.126998
0.124344
0.125116
0.123675
0.122657
0.122577
0.120335
0.121201
0.121281
0.126803
0.1245
0.123147
0.123395
0.123304
0.1249
0.125975
0.119211
0.120928
0.12666
0.12826
0.131373
0.117054
0.125198
0.127939
0.122523
0.126556
0.121786
0.128505
0.125292
0.125404
0.12174
0.126267
0.127491
0.125202
0.122941
0.119829
0.118622
0.123458
0.124457
0.121026
0.142546
0.125515
0.138924
0.130209
0.128886
0.133459
0.133734
0.127532
0.129154
0.127139
0.1298
0.127922
0.128532
0.12496
0.126725
0.12597
0.126213
0.122004
0.12707
0.126716
0.12755
0.125497
0.127693
0.127313
0.122348
0.128036
0.120793
0.127025
0.126704
0.12553
0.125379
0.124652
0.122395
0.124499
0.122355
0.124465
0.125469
0.122821
0.119031
0.125539
0.121228
0.122552
0.121231
0.119964
0.122876
0.12049
0.118733
0.118198
0.112088
0.11217
0.121486
0.121974
0.121759
0.11918
0.121796
0.11645
0.119891
0.117798
0.117457
0.116913
0.11663
0.117024
0.113007
0.117106
0.119058
0.116254
0.117261
0.113213
0.11201
0.116323
0.112374
0.112533
0.113467
0.112409
0.116493
0.121348
0.114323
0.117488
0.112305
0.117468
0.134153
0.138704
0.136623
0.13392
0.137282
0.133476
0.140591
0.133259
0.134137
0.132269
0.131176
0.133261
0.134957
0.132739
0.133927
0.135987
0.132786
0.12363
0.126814
0.127853
0.123711
0.12484
0.121472
0.129159
0.125882
0.128714
0.130827
0.12818
0.130064
0.128598
0.122829
0.12686
0.124736
0.123872
0.128395
0.13247
0.126119
0.133089
0.123707
0.129015
0.120696
0.118295
0.119176
0.119918
0.118996
0.112263
0.118334
0.115791
0.112059
0.112073
0.103361
0.107417
0.104608
0.101209
0.106589
0.099207
0.107159
0.105511
0.103298
0.098551
0.105612
0.101677
0.099147
0.10003
0.092184
0.092668
0.084894
0.087375
0.090674
0.092273
0.089116
0.085108
0.083404
0.07863
0.073712
0.072011
0.071874
0.067241
0.068461
0.065062
0.064654
0.06449
0.065407
0.064248
0.062348
0.065923
0.062457
0.064064
0.067052
0.065156
0.064949
0.064169
0.065753
0.066966
0.073722
0.069957
0.072257
0.071845
0.070813
0.070618
0.064957
0.074518
0.079712
0.076669
0.074752
0.076223
0.07802
0.072484
0.076947
0.073615
0.073804
0.075646
0.074707
0.073957
0.074209
0.072075
0.072982
0.076601
0.075553
0.07741
0.075846
0.075754
0.076732
0.079786
0.082574
0.079494
0.081709
0.081145
0.082678
0.082152
0.082236
0.078706
0.080272
0.080978
0.081767
0.081303
0.079059
0.077662
0.070841
0.074804
0.069692
0.071693
0.072068
0.073302
0.073575
0.075182
0.07706
0.083459
0.083023
0.08237
0.084911
0.094757
0.088976
0.086442
0.088399
0.088094
0.087474
0.089288
0.088221
0.087692
0.088521
0.089976
0.090322
0.091669
0.091961
0.093038
0.082373
0.091074
0.087532
0.083002
0.08796
0.083245
0.08462
0.080828
0.07796
0.074936
0.077611
0.077914
0.073435
0.081182
0.080541
0.08
0.077654
0.077518
0.070766
0.075655
0.074282
0.077282
0.074416
0.076535
0.075241
0.074097
0.077411
0.089451
0.084747
0.088464
0.083641
0.079859
0.083409
0.083644
0.086193
0.084853
0.08391
0.095561
0.092748
0.09562
0.095539
0.09308
0.095037
0.087518
0.091058
0.087372
0.092088
0.091535
0.092338
0.093448
0.092152
0.094755
0.092053
0.092194
0.090062
0.084125
0.087779
0.093145
0.099709
0.101652
0.101443
0.097065
0.099588
0.098606
0.095982
0.093835
0.095206
0.09419
0.091883
0.095794
0.092536
0.093548
0.093628
0.090668
0.092707
0.093988
0.091865
0.091834
0.090273
0.09796
0.098749
0.100313
0.099079
0.092035
0.095485
0.091442
0.091818
0.097484
0.093259
0.088782
0.094773
0.093154
0.094655
0.095436
0.08993
0.091188
0.097498
0.103173
0.096002
0.100215
0.098752
0.112412
0.11419
0.108117
0.112948
0.118081
0.117558
0.123571
0.120732
0.135326
0.128554
0.129982
0.126212
0.131983
0.123244
0.12059
0.123763
0.133641
0.129629
0.132739
0.133347
0.127297
0.131063
0.127837
0.130011
0.135832
0.136591
0.132718
0.133149
0.129243
0.126825
0.133287
0.13166
0.133672
0.127016
0.130005
0.129068
0.130871
0.135561
0.131481
0.132182
0.129718
0.129063
0.123425
0.122253
0.123242
0.123757
0.119101
0.117133
0.120164
0.121039
0.123651
0.119477
0.117439
0.116699
0.117081
0.112913
0.123609
0.112295
0.116293
0.11398
0.114939
0.11672
0.12528
0.114389
0.111084
0.11242
0.113314
0.131228
0.117622
0.116164
0.117539
0.116393
0.119588
0.115313
0.123736
0.110087
0.11448
0.110442
0.114458
0.112145
0.109689
0.107473
0.119802
0.111936
0.11125
0.112799
0.107987
0.109722
0.109591
0.108857
0.113118
0.111553
0.110965
0.115617
0.115787
0.114209
0.112956
0.111653
0.108352
0.116642
0.114915
0.110016
0.113087
0.109889
0.112938
0.109708
0.109778
0.111641
0.114422
0.113326
0.111708
0.115539
0.111648
0.107163
0.112423
0.113809
0.107438
0.105991
0.107133
0.111992
0.108979
0.111526
0.109282
0.110948
0.111297
0.108354
0.108381
0.105553
0.10751
0.112661
0.107395
0.108923
0.108833
0.10437
0.104671
0.105934
0.114463
0.113805
0.114564
0.11171
0.115916
0.111999
0.104629
0.112995
0.106945
0.10343
0.110912
0.10507
0.109875
0.114589
0.108761
0.11239
0.108349
0.109905
0.120474
0.11537
0.117843
0.115838
0.114243
0.115587
0.116748
0.112964
0.119574
0.113576
0.115649
0.120261
0.119248
0.114894
0.122625
0.124907
0.120851
0.115616
0.11514
0.109796
0.115833
0.116068
0.113382
0.121683
0.11723
0.113831
0.112725
0.116371
0.116316
0.117349
0.111257
0.119838
0.120701
0.121257
0.11889
0.114795
0.117682
0.111831
0.116582
0.112855
0.113841
0.104112
0.107985
0.111563
0.108722
0.109703
0.108414
0.108003
0.107774
0.103385
0.104524
0.104575
0.105161
0.10752
0.106542
0.103971
0.100529
0.1023
0.108398
0.106941
0.103292
0.10493
0.106828
0.101787
0.106405
0.100827
0.102997
0.100969
0.101718
0.105596
0.103835
0.11147
0.109112
0.103018
0.10178
0.101808
0.106492
0.099795
0.09475
0.100065
0.100554
0.10343
0.100895
0.105893
0.099941
0.100335
0.103703
0.098434
0.101693
0.105781
0.109464
0.102607
0.102239
0.103991
0.101494
0.105207
0.101003
0.095893
0.104971
0.105365
0.100466
0.101746
0.101456
0.095784
0.097641
0.09561
0.095327
0.097613
0.095028
0.103069
0.098105
0.09627
0.098148
0.097539
0.095778
0.089438
0.094003
0.092019
0.097304
0.099564
0.096254
0.093419
0.098937
0.090434
0.095999
0.104555
0.100307
0.093382
0.101433
0.100684
0.094408
0.097205
0.09674
0.098695
0.094942
0.108629
0.103281
0.106652
0.097996
0.099349
0.103075
0.104525
0.10255
0.106399
0.105939
0.105039
0.110313
0.108457
0.107678
0.11428
0.109889
0.116804
0.115121
0.113726
0.110965
0.111791
0.11552
0.115779
0.114843
0.110727
0.118054
0.110782
0.118209
0.118723
0.117062
0.120565
0.117759
0.118098
0.118759
0.116739
0.117447
0.118736
0.119417
0.124184
0.124699
0.122354
0.121135
0.119081
0.119272
0.119637
0.115428
0.115044
0.106405
0.106349
0.102399
0.103386
0.103775
0.097451
0.104635
0.105464
0.100329
0.10325
0.103335
0.096203
0.095473
0.091757
0.094079
0.089415
0.092372
0.086602
0.090056
0.08381
0.088249
0.083132
0.087368
0.086973
0.084916
0.085172
0.081176
0.080887
0.084279
0.085142
0.084162
0.080872
0.085081
0.083915
0.085464
0.087603
0.087439
0.087556
0.086174
0.083692
0.084099
0.080124
0.082945
0.083565
0.078514
0.081103
0.084587
0.078397
0.080328
0.080743
0.083336
0.079665
0.084929
0.077157
0.082469
0.07841
0.080845
0.076644
0.078319
0.081074
0.078602
0.080036
0.080009
0.08109
0.081471
0.080298
0.079238
0.076115
0.079822
0.077351
0.083433
0.08304
0.085298
0.080612
0.082836
0.083188
0.079799
0.081025
0.082057
0.0806
0.077856
0.078972
0.079634
0.077513
0.079727
0.077549
0.080384
0.077612
0.07719
0.080794
0.079491
0.083778
0.093887
0.081787
0.080961
0.084379
0.082037
0.089104
0.084537
0.080553
0.081516
0.081771
0.078878
0.07679
0.078001
0.073947
0.075448
0.076142
0.080126
0.078423
0.077919
0.077685
0.07991
0.076988
0.075607
0.082115
0.07902
0.081178
0.083246
0.094783
0.090064
0.091971
0.089936
0.089175
0.091673
0.09247
0.087095
0.091796
0.100552
0.097042
0.101967
0.102594
0.102725
0.109918
0.103861
0.104507
0.101291
0.1006
0.09701
0.096611
0.09718
0.1037
0.098846
0.097258
0.100457
0.094603
0.1036
0.100679
0.102074
0.099681
0.101018
0.099355
0.098963
0.097306
0.095931
0.099168
0.09682
0.098101
0.094303
0.095479
0.094035
0.093715
0.09684
0.094317
0.096665
0.091009
0.097403
0.089728
0.091926
0.089858
0.088447
0.08959
0.093326
0.09298
0.100147
0.09984
0.099952
0.09921
0.100672
0.100492
0.097611
0.099923
0.09589
0.094554
0.09534
0.095823
0.094334
0.091384
0.098296
0.095619
0.09339
0.092431
0.089962
0.091678
0.091095
0.087696
0.092736
0.082319
0.086727
0.093046
0.088526
0.090407
0.089034
0.0858
0.079026
0.081059
0.08367
0.086105
0.08583
0.078148
0.082968
0.080727
0.081485
0.082077
0.078403
0.078003
0.076298
0.080502
0.080145
0.079905
0.081866
0.081529
0.078582
0.079126
0.083541
0.081794
0.083114
0.08204
0.079979
0.079278
0.075539
0.075854
0.080533
0.079317
0.072336
0.077783
0.077732
0.077234
0.075975
0.076449
0.076556
0.074028
0.077236
0.079081
0.077249
0.074244
0.068962
0.071638
0.071253
0.071234
0.079498
0.080361
0.07979
0.079366
0.07963
0.079815
0.074792
0.075208
0.077382
0.077968
0.074649
0.07333
0.072608
0.072276
0.075507
0.070039
0.070838
0.07188
0.074993
0.075075
0.076886
0.076478
0.077707
0.080592
0.083169
0.078
0.078162
0.07652
0.079201
0.07822
0.073389
0.081452
0.084013
0.076944
0.077956
0.077173
0.074305
0.073825
0.070782
0.071423
0.067767
0.063087
0.066539
0.061535
0.060857
0.063083
0.062966
0.061815
0.061282
0.060334
0.063089
0.062137
0.059801
0.06219
0.062397
0.061748
0.064477
0.063639
0.063935
0.064524
0.059571
0.062557
0.062732
0.061864
0.062873
0.062357
0.062933
0.063534
0.067639
0.066257
0.067733
0.069306
0.065975
0.068773
0.06289
0.067959
0.069399
0.066159
0.070434
0.07048
0.066645
0.068194
0.065707
0.070224
0.071148
0.074724
0.074025
0.073764
0.074325
0.073863
0.076761
0.071409
0.074885
0.072208
0.071116
0.068868
0.071974
0.077692
0.071889
0.074113
0.074823
0.073232
0.074697
0.074697
0.071603
0.073528
0.073703
0.071358
0.077151
0.074282
0.076297
0.078013
0.076289
0.079346
0.074733
0.074308
0.081604
0.075768
0.077352
0.07554
0.077122
0.077469
0.081813
0.077633
0.075993
0.079953
0.080223
0.080601
0.084751
0.080628
0.081854
0.083535
0.082617
0.08257
0.083064
0.0805
0.078787
0.081633
0.082275
0.082614
0.078244
0.080942
0.076995
0.079168
0.079333
0.080929
0.081283
0.080487
0.080442
0.081024
0.075809
0.077825
0.078443
0.077704
0.075329
0.079861
0.079829
0.078798
0.081457
0.080081
0.082098
0.077051
0.08044
0.076256
0.081354
0.077034
0.0775
0.080388
0.074814
0.076732
0.077399
0.080762
0.082156
0.080222
0.082453
0.080456
0.08172
0.077086
0.079691
0.076103
0.079123
0.078985
0.077531
0.077665
0.077278
0.074973
0.079941
0.081487
0.080794
0.078692
0.07866
0.080366
0.07819
0.078655
0.080431
0.080531
0.077012
0.076469
0.075814
0.078325
0.079164
0.080969
0.081048
0.077315
0.0759
0.085884
0.083427
0.082394
0.085411
0.083858
0.080247
0.079667
0.078518
0.080526
0.073898
0.077775
0.077249
0.075885
0.076056
0.073918
0.071973
0.073847
0.074744
0.072223
0.073526
0.073182
0.072036
0.073304
0.069774
0.075412
0.076024
0.076923
0.077127
0.074597
0.076365
0.072915
0.074002
0.072802
0.076302
0.074732
0.07347
0.074579
0.071297
0.077168
0.073378
0.074824
0.072959
0.076489
0.078634
0.077248
0.075276
0.074423
0.073681
0.076407
0.079319
0.075179
0.07454
0.078658
0.078777
0.077732
0.081151
0.073768
0.076241
0.07746
0.078304
0.081521
0.082423
0.078729
0.080016
0.083409
0.082869
0.084001
0.084593
0.087487
0.086206
0.092401
0.091302
0.09802
0.096955
0.096044
0.094482
0.09755
0.094658
0.095661
0.098338
0.099437
0.101536
0.099117
0.094161
