0.006852
0.027664
0.030479
0.029155
0.029294
0.030251
0.029591
0.029619
0.030427
0.029886
0.030217
0.030205
0.029959
0.031218
0.030924
0.029606
0.030689
0.030954
0.030791
0.036309
0.031826
0.02964
0.031595
0.031267
0.03087
0.031224
0.030671
0.030908
0.035224
0.030674
0.031833
0.031889
0.031872
0.031967
0.031301
0.031809
0.032264
0.03139
0.031182
0.032045
0.030566
0.031529
0.031443
0.030096
0.030089
0.031323
0.030196
0.030597
0.030665
0.031097
0.031459
0.031249
0.02975
0.030788
0.030853
0.031264
0.030483
0.034138
0.031231
0.030603
0.03188
0.033149
0.030599
0.031511
0.03102
0.03143
0.031132
0.030879
0.031531
0.030673
0.03075
0.031472
0.031577
0.03191
0.037917
0.03623
0.035843
0.035563
0.035146
0.035152
0.037072
0.03631
0.03561
0.036109
0.037482
0.036289
0.035767
0.036271
0.034416
0.034065
0.039532
0.039721
0.041234
0.040606
0.038612
0.040473
0.039363
0.039758
0.039015
0.039072
0.03886
0.038909
0.039462
0.042182
0.043055
0.040714
0.042756
0.039778
0.040723
0.040621
0.041257
0.040008
0.039941
0.038151
0.038284
0.038772
0.040285
0.039681
0.039861
0.038428
0.040267
0.039363
0.03985
0.037426
0.037318
0.038582
0.037678
0.039976
0.038941
0.03805
0.037582
0.035222
0.036712
0.03678
0.035853
0.035177
0.037309
0.037112
0.035376
0.036497
0.037148
0.037517
0.037267
0.035963
0.035568
0.035307
0.037114
0.03759
0.038522
0.037925
0.038295
0.037523
0.037146
0.036502
0.036352
0.037689
0.03749
0.036927
0.04001
0.038295
0.037825
0.038038
0.038478
0.037097
0.037476
0.038109
0.038418
0.041314
0.039831
0.039268
0.038175
0.038636
0.038168
0.0384
0.037598
0.03802
0.037675
0.039029
0.038641
0.038151
0.037265
0.037308
0.036788
0.037051
0.038554
0.038591
0.03751
0.039214
0.048715
0.040698
0.040721
0.040131
0.03884
0.040503
0.03845
0.039934
0.040466
0.039964
0.042844
0.039972
0.040832
0.039564
0.038706
0.040074
0.038677
0.038435
0.041748
0.038791
0.037203
0.036927
0.034258
0.034857
0.040623
0.037138
0.03571
0.036089
0.035245
0.034787
0.040706
0.037406
0.036572
0.036107
0.034328
0.034965
0.035025
0.039576
0.036763
0.035343
0.035098
0.035169
0.034421
0.039491
0.035646
0.035541
0.035021
0.032813
0.033255
0.033723
0.03718
0.035195
0.03473
0.033142
0.03406
0.033488
0.037775
0.035396
0.033391
0.033359
0.032676
0.03269
0.033269
0.035355
0.034043
0.033033
0.036375
0.035289
0.033378
0.040878
0.0345
0.033888
0.032511
0.032973
0.033306
0.032604
0.031522
0.032067
0.0303
0.031273
0.031436
0.031372
0.032725
0.032967
0.030935
0.031776
0.03226
0.036267
0.032588
0.03227
0.031555
0.030689
0.030444
0.028898
0.033314
0.031571
0.031
0.031566
0.03073
0.030411
0.031103
0.031484
0.038321
0.031491
0.030505
0.031468
0.030744
0.031495
0.029956
0.03053
0.033995
0.032425
0.033507
0.03207
0.034293
0.03205
0.032001
0.031565
0.031376
0.037257
0.031322
0.030507
0.030154
0.029424
0.029335
0.028375
0.028592
0.027767
0.029223
0.029505
0.028239
0.027919
0.028744
0.028226
0.028588
0.029699
0.028757
0.028505
0.029594
0.027823
0.029651
0.029372
0.030578
0.030059
0.02963
0.035098
0.032638
0.030748
0.03063
0.030895
0.031279
0.031038
0.030929
0.030342
0.031341
0.031557
0.03011
0.032002
0.031393
0.03046
0.02878
0.030082
0.034717
0.030477
0.029579
0.029885
0.030897
0.029702
0.029676
0.030358
0.033167
0.032826
0.032383
0.031823
0.032297
0.031864
0.03218
0.034962
0.031707
0.037363
0.033999
0.034832
0.03292
0.033651
0.03567
0.035515
0.034797
0.033653
0.033231
0.036683
0.034602
0.034235
0.034143
0.034941
0.033615
0.031685
0.036856
0.033766
0.032433
0.032364
0.029971
0.03821
0.031803
0.030693
0.031206
0.029562
0.029847
0.033699
0.03139
0.032573
0.029376
0.031307
0.031749
0.03177
0.030949
0.036692
0.031778
0.030963
0.031351
0.030695
0.030308
0.030453
0.030332
0.033234
0.032491
0.0335
0.03328
0.034973
0.03418
0.033985
0.036994
0.034494
0.033068
0.033102
0.03118
0.031719
0.035677
0.032841
0.032433
0.031982
0.031522
0.029795
0.035601
0.032808
0.033493
0.033536
0.030737
0.032759
0.032462
0.032349
0.034638
0.033013
0.033152
0.033453
0.032772
0.033198
0.036597
0.03442
0.033285
0.033246
0.031992
0.031098
0.032435
0.033092
0.032725
0.034473
0.034812
0.035552
0.034638
0.03525
0.034814
0.034152
0.036285
0.034331
0.034262
0.034396
0.033133
0.034508
0.033715
0.034596
0.03354
0.032996
0.034346
0.036441
0.036595
0.037111
0.035425
0.037356
0.036483
0.035522
0.036228
0.035101
0.034908
0.035168
0.03491
0.034124
0.034658
0.035447
0.035096
0.034744
0.033985
0.033418
0.032377
0.032299
0.032183
0.032794
0.031106
0.029802
0.030593
0.029761
0.029082
0.029812
0.03454
0.032702
0.031499
0.037389
0.034072
0.035226
0.034193
0.034991
0.034282
0.033782
0.033572
0.033012
0.03429
0.033217
0.033467
0.032818
0.032301
0.032671
0.034328
0.035585
0.033839
0.033686
0.033452
0.033232
0.036242
0.034856
0.034191
0.033224
0.033182
0.034043
0.033912
0.037392
0.035291
0.03587
0.036076
0.034634
0.034707
0.036682
0.0378
0.037145
0.036527
0.036201
0.034806
0.035887
0.034662
0.037376
0.035291
0.03515
0.034709
0.034949
0.034809
0.034973
0.033715
0.037053
0.035916
0.035729
0.034721
0.03495
0.034692
0.034321
0.033532
0.036435
0.037123
0.034758
0.035776
0.03819
0.034768
0.034637
0.03842
0.036348
0.034587
0.03468
0.033552
0.033729
0.035433
0.035897
0.038412
0.035329
0.033979
0.033565
0.035659
0.034808
0.034128
0.037676
0.034669
0.033286
0.033067
0.032868
0.034737
0.033706
0.032635
0.036212
0.034438
0.034824
0.034721
0.036525
0.035033
0.037308
0.035274
0.034446
0.03354
0.032066
0.032061
0.033105
0.032739
0.037345
0.034019
0.035286
0.035059
0.034812
0.034427
0.034555
0.034651
0.035465
0.033899
0.034544
0.034251
0.033589
0.033365
0.034169
0.035723
0.035117
0.035085
0.034228
0.03441
0.033735
0.033369
0.033027
0.033142
0.033627
0.034037
0.034128
0.033784
0.033592
0.033645
0.033023
0.032753
0.03186
0.033312
0.033645
0.033812
0.033149
0.033003
0.034011
0.034413
0.033229
0.033184
0.032646
0.032901
0.038242
0.035792
0.033961
0.033023
0.033092
0.032951
0.032954
0.032128
0.032332
0.031839
0.032936
0.032071
0.034021
0.033303
0.033683
0.035041
0.033555
0.033535
0.032325
0.033034
0.033804
0.034108
0.033874
0.03351
0.03299
0.031944
0.03179
0.031639
0.031712
0.031743
0.031066
0.031122
0.032277
0.031943
0.032639
0.030891
0.03196
0.030405
0.033792
0.033876
0.033608
0.033873
0.03351
0.034303
0.032907
0.033882
0.033764
0.033354
0.033484
0.03305
0.03265
0.033219
0.032469
0.032616
0.031413
0.032314
0.032866
0.031229
0.031908
0.032186
0.031768
0.031867
0.031622
0.034476
0.035424
0.034989
0.034489
0.034472
0.034268
0.034319
0.032488
0.033961
0.032928
0.033453
0.033312
0.032975
0.031794
0.032978
0.03266
0.033216
0.033194
0.033024
0.032869
0.032878
0.033464
0.033374
0.0334
0.033217
0.03319
0.031711
0.032434
0.032818
0.032564
0.034092
0.036251
0.036236
0.035487
0.035282
0.034805
0.035215
0.035215
0.034981
0.03444
0.03427
0.034421
0.033989
0.033997
0.033811
0.034442
0.034067
0.036935
0.034409
0.034025
0.033966
0.037188
0.037732
0.036103
0.035716
0.036175
0.03628
0.041335
0.035766
0.036597
0.035978
0.035477
0.035761
0.035078
0.035063
0.033859
0.035389
0.035292
0.034693
0.036313
0.035715
0.036708
0.035586
0.035939
0.034952
0.035651
0.035357
0.035511
0.035375
0.03559
0.035009
0.03532
0.037228
0.036901
0.037785
0.036804
0.035123
0.036926
0.035721
0.034438
0.033904
0.034153
0.035073
0.035459
0.034044
0.034083
0.032974
0.035793
0.033511
0.032419
0.030503
0.032143
0.031522
0.031788
0.03332
0.036767
0.033381
0.032443
0.033162
0.032761
0.030796
0.032096
0.032904
0.031849
0.032279
0.036538
0.033401
0.034259
0.034103
0.034282
0.03579
0.033908
0.038051
0.037008
0.036018
0.036926
0.03499
0.038679
0.037459
0.036834
0.03754
0.036921
0.037283
0.036089
0.036767
0.034078
0.03566
0.039106
0.036901
0.034706
0.034611
0.034074
0.034271
0.035031
0.038251
0.036525
0.035767
0.034859
0.034576
0.03321
0.039502
0.036154
0.034357
0.033276
0.033838
0.034159
0.034804
0.033721
0.036302
0.035002
0.034794
0.035308
0.034553
0.034471
0.034218
0.036386
0.036652
0.035321
0.037014
0.036082
0.036923
0.036997
0.036029
0.037618
0.036669
0.036427
0.03465
0.036115
0.038164
0.034295
0.033142
0.03576
0.036011
0.033765
0.038122
0.033547
0.038947
0.0376
0.037632
0.035731
0.03539
0.035282
0.035104
0.036067
0.035207
0.036852
0.036814
0.038991
0.038228
0.037853
0.036889
0.040674
0.037127
0.037313
0.037313
0.036966
0.036322
0.036953
0.037328
0.037467
0.035458
0.037362
0.038938
0.03946
0.037613
0.038055
0.035669
0.040661
0.039329
0.038679
0.037716
0.036388
0.043238
0.040625
0.037555
0.038445
0.040265
0.041811
0.040139
0.039824
0.038468
0.041853
0.040588
0.040781
0.038831
0.038485
0.035873
0.035602
0.039471
0.038555
0.037605
0.036107
0.035772
0.036235
0.037061
0.041516
0.038774
0.036881
0.037942
0.036985
0.036833
0.042012
0.039017
0.039839
0.038233
0.039507
0.044195
0.041351
0.04134
0.038565
0.038999
0.038986
0.039607
0.042659
0.040116
0.040282
0.04134
0.040315
0.03921
0.044779
0.040927
0.041852
0.039608
0.038719
0.041187
0.043156
0.041754
0.040088
0.040817
0.040162
0.039259
0.042435
0.042919
0.041899
0.041378
0.041513
0.04037
0.039458
0.040358
0.040812
0.039621
0.038142
0.037831
0.039655
0.037873
0.04367
0.039878
0.041761
0.039063
0.037503
0.037471
0.037484
0.039809
0.038521
0.037261
0.036522
0.034944
0.037279
0.036123
0.043155
0.037855
0.038144
0.038368
0.036684
0.037866
0.040805
0.042682
0.039538
0.039752
0.040954
0.0385
0.040283
0.045401
0.043938
0.041005
0.041542
0.040813
0.040333
0.041042
0.039961
0.041206
0.041535
0.041125
0.039505
0.040985
0.046407
0.042127
0.042841
0.041409
0.04016
0.041079
0.041188
0.041613
0.043897
0.043601
0.042549
0.040513
0.041832
0.041593
0.04515
0.043152
0.04129
0.040611
0.042791
0.039773
0.042013
0.041312
0.042673
0.040112
0.041329
0.039489
0.04259
0.042192
0.040453
0.045319
0.041296
0.043832
0.042699
0.041796
0.041609
0.043469
0.042683
0.041459
0.04125
0.041522
0.039687
0.040643
0.045601
0.043375
0.042387
0.041417
0.039436
0.047524
0.043677
0.042926
0.042666
0.042145
0.041054
0.039475
0.040938
0.041456
0.041588
0.040211
0.038222
0.037575
0.038045
0.037091
0.036773
0.038874
0.033767
0.03448
0.03317
0.034356
0.035089
0.035515
0.032533
0.031016
0.03143
0.031508
0.030318
0.029602
0.02927
0.029791
0.033868
0.029378
0.02805
0.02996
0.02997
0.028822
0.029028
0.034213
0.032206
0.032931
0.033797
0.035183
0.03591
0.035288
0.034938
0.03493
0.036263
0.037947
0.038706
0.045803
0.040821
0.041472
0.040454
0.041006
0.039496
0.038809
0.038359
0.038552
0.03981
0.040163
0.039135
0.03978
0.039212
0.039423
0.040148
0.040439
0.044012
0.040213
0.037786
0.037927
0.037756
0.037988
0.0422
0.038366
0.040832
0.037797
0.03787
0.037161
0.036917
0.040284
0.037672
0.036938
0.035609
0.035608
0.038206
0.037049
0.034894
0.039123
0.038934
0.03626
0.035511
0.033587
0.035781
0.040499
0.036591
0.037161
0.041312
0.040642
0.038073
0.038586
0.038674
0.0373
0.035831
0.035794
0.038413
0.039172
0.037841
0.038531
0.037899
0.038027
0.039441
0.046493
0.039909
0.0398
0.039024
0.037692
0.03725
0.037893
0.038114
0.037718
0.039788
0.040115
0.038723
0.039467
0.045135
0.03994
0.03837
0.03727
0.036815
0.034599
0.038881
0.037793
0.03578
0.034428
0.034428
0.042354
0.037856
0.037597
0.037604
0.034819
0.035183
0.03724
0.035558
0.034031
0.03353
0.033905
0.035484
0.035641
0.035656
0.039154
0.035325
0.043561
0.039455
0.039128
0.036643
0.038176
0.035985
0.036741
0.034903
0.036189
0.035382
0.033893
0.033522
0.033385
0.033643
0.032939
0.032199
0.034192
0.039894
0.034064
0.033482
0.032438
0.032357
0.032151
0.031383
0.033317
0.034956
0.034375
0.033496
0.035186
0.033902
0.03691
0.033435
0.032487
0.036624
0.032408
0.031172
0.030011
0.029678
0.027808
0.028742
0.028066
0.028404
0.035176
0.033506
0.031444
0.030227
0.033582
0.032194
0.03361
0.036573
0.035056
0.034831
0.034944
0.035048
0.034155
0.033668
0.032748
0.032582
0.031796
0.032304
0.032572
0.0336
0.030945
0.029769
0.030776
0.03065
0.033817
0.02991
0.029115
0.029319
0.029009
0.028421
0.032229
0.029908
0.030002
0.028558
0.029104
0.02732
0.027993
0.032432
0.029868
0.031274
0.030263
0.026329
0.02723
0.029803
0.033528
0.030316
0.028278
0.028651
0.028752
0.035672
0.030242
0.031485
0.03074
0.030414
0.02985
0.029025
0.02947
0.033869
0.029537
0.028757
0.028212
0.028672
0.028054
0.027787
0.030584
0.030237
0.030906
0.029848
0.028496
0.029712
0.03589
0.038378
0.032428
0.031068
0.030376
0.031177
0.030559
0.029727
0.03144
0.033851
0.030008
0.031236
0.036263
0.030673
0.030563
0.02988
0.033832
0.033338
0.030675
0.03113
0.032131
0.030372
0.030666
0.030607
0.029502
0.030722
0.031739
0.030367
0.031828
0.031184
0.032253
0.030321
0.029573
0.028901
0.027899
0.029238
0.029504
0.03104
0.031876
0.032003
0.031938
0.032095
0.032302
0.032074
0.034263
0.033024
0.033741
0.033554
0.033045
0.032925
0.032673
0.033447
0.032454
0.032374
0.032572
0.032207
0.031478
0.032825
0.033469
0.033879
0.035257
0.032436
0.033099
0.032699
0.032456
0.033582
0.031441
0.030849
0.032528
0.035682
0.036583
0.034544
0.034291
0.032221
0.033203
0.034468
0.034407
0.033406
0.032373
0.031943
0.032261
0.03238
0.031947
0.03311
0.032965
0.031684
0.031444
0.034403
0.03154
0.031766
0.034979
0.035897
0.033508
0.032488
0.031876
0.032573
0.032088
0.035222
0.033002
0.032624
0.031406
0.031662
0.03254
0.035051
0.032551
0.031916
0.032086
0.035815
0.034827
0.033612
0.035477
0.032973
0.035425
0.034339
0.034739
0.03368
0.033852
0.033346
0.037139
0.03513
0.034382
0.039367
0.036397
0.035458
0.035147
0.034431
0.034114
0.033979
0.035912
0.036352
0.036181
0.035034
0.034095
0.0391
0.035117
0.034487
0.034053
0.033457
0.037101
0.035992
0.035108
0.034646
0.038397
0.036147
0.035906
0.03458
0.034655
0.033999
0.034265
0.036103
0.035759
0.03523
0.034758
0.03521
0.041461
0.036661
0.035902
0.034876
0.034545
0.034362
0.038318
0.035825
0.036015
0.035393
0.034908
0.038439
0.037102
0.036149
0.036258
0.034188
0.034359
0.033357
0.036574
0.03612
0.034346
0.034372
0.03976
0.036135
0.035372
0.035326
0.034866
0.034531
0.034709
0.033519
0.037247
0.035646
0.034741
0.034474
0.041887
0.036555
0.036474
0.035821
0.03516
0.034488
0.034577
0.033937
0.036061
0.036393
0.035317
0.034197
0.035631
0.035238
0.039267
0.037072
0.036208
0.035391
0.035124
0.039592
0.039068
0.037954
0.037774
0.038045
0.037153
0.040771
0.039006
0.03636
0.036277
0.036244
0.036819
0.038181
0.038737
0.039415
0.0392
0.038725
0.037168
0.03887
0.04426
0.039783
0.038787
0.039111
0.039842
0.039151
0.037608
0.038331
0.041694
0.037889
0.039022
0.038372
0.040056
0.040234
0.041025
0.043037
0.042141
0.040903
0.042259
0.040605
0.039038
0.037184
0.0405
0.0377
0.037484
0.037278
0.03849
0.039446
0.041141
0.04324
0.039573
0.038874
0.038456
0.041882
0.037804
0.037807
0.035687
0.039518
0.036041
0.034408
0.035985
0.037527
0.03953
0.037121
0.036579
0.036739
0.035696
0.041052
0.037073
0.034904
0.033367
0.032777
0.037021
0.034565
0.033973
0.034522
0.03611
0.040884
0.038223
0.034587
0.034526
0.034953
0.033624
0.033885
0.035217
0.035179
0.035889
0.036101
0.036138
0.035685
0.047544
0.036224
0.035489
0.034869
0.036658
0.035062
0.035191
0.03333
0.039883
0.035699
0.034836
0.033386
0.035286
0.042605
0.035889
0.036664
0.036308
0.035064
0.034731
0.034129
0.038952
0.035528
0.039781
0.03323
0.035057
0.040917
0.037068
0.035731
0.032932
0.034163
0.037352
0.035817
0.034481
0.034416
0.033515
0.038459
0.035613
0.035328
0.034897
0.034497
0.035498
0.034716
0.036968
0.034493
0.032204
0.033042
0.033369
0.037691
0.033011
0.032391
0.033092
0.032276
0.032388
0.031965
0.035001
0.032651
0.032287
0.031235
0.036827
0.032979
0.030799
0.032245
0.03204
0.031516
0.033498
0.030618
0.029329
0.028492
0.029465
0.029007
0.034633
0.031562
0.030823
0.036237
0.033038
0.031195
0.031141
0.030068
0.031502
0.032173
0.031828
0.031112
0.030591
0.033756
0.03133
0.030387
0.029805
0.032588
0.0302
0.030288
0.030305
0.034862
0.03756
0.034128
0.03419
0.031811
0.033619
0.031951
0.03334
0.034658
0.033711
0.033235
0.034294
0.039093
0.035306
0.032657
0.034066
0.032315
0.030271
0.031593
0.032122
0.030405
0.030912
0.029756
0.029299
0.029794
0.029135
0.032097
0.028037
0.026773
0.026488
0.029944
0.026776
0.026066
0.024345
0.024072
0.023149
0.022665
0.02519
0.024705
0.023509
0.02363
0.02416
0.024624
0.02366
0.024518
0.025306
0.023753
0.023827
0.02288
0.024484
0.023883
0.023451
0.023222
0.024754
0.026181
0.02413
0.028071
0.026307
0.027882
0.027325
0.0298
0.029472
0.02942
0.030112
0.032337
0.030314
0.029747
0.02921
0.02937
0.030775
0.027596
0.030408
0.029904
0.028108
0.028016
0.027063
0.030591
0.027075
0.025815
0.024809
0.024644
0.025249
0.02503
0.025265
0.029002
0.028106
0.032427
0.032296
0.031179
0.031563
0.030798
0.031406
0.031868
0.031299
0.03129
0.029929
0.033439
0.032465
0.031355
0.03169
0.030282
0.030984
0.033726
0.0308
0.030203
0.02913
0.028831
0.028137
0.028775
0.027707
0.026455
0.025654
0.024605
0.027708
0.036497
0.028793
0.027721
0.027661
0.027466
0.028001
0.02663
0.027307
0.02698
0.026725
0.02723
0.027268
0.027831
0.029246
0.034504
0.02924
0.029032
0.029159
0.027903
0.026242
0.028214
0.026246
0.026696
0.027227
0.026864
0.026251
0.024895
0.02683
0.032844
0.028708
0.026891
0.027528
0.027843
0.027773
0.029335
0.029272
0.029869
0.032743
0.035854
0.03311
0.031706
0.031752
0.032507
0.032505
0.03166
0.032321
0.032981
0.032226
0.033076
0.030037
0.035966
0.032501
0.030571
0.031078
0.030864
0.030115
0.030216
0.032492
0.031696
0.031807
0.030915
0.030334
0.032256
0.037319
0.031204
0.030746
0.029855
0.035524
0.032417
0.03105
0.030383
0.029748
0.030114
0.030231
0.030215
0.033178
0.031521
0.031284
0.032241
0.032645
0.040477
0.033588
0.033767
0.035555
0.032206
0.032082
0.028384
0.030127
0.030355
0.031413
0.031396
0.035078
0.040758
0.035342
0.033213
0.032374
0.032768
0.036591
0.031728
0.034521
0.030973
0.031717
0.031678
0.035195
0.031606
0.03248
0.031202
0.029459
0.0306
0.03055
0.031533
0.029155
0.029777
0.033517
0.030266
0.02852
0.026826
0.028888
0.027869
0.026045
0.025473
0.024948
0.023597
0.023284
0.024063
0.024583
0.024405
0.02837
0.030143
0.027047
0.025524
0.028809
0.026418
0.025448
0.024469
0.023555
0.024429
0.024234
0.025
0.023588
0.024135
0.028996
0.02528
0.025799
0.030089
0.027587
0.025769
0.028853
0.030069
0.027231
0.02704
0.027158
0.02665
0.029129
0.028985
0.026777
0.029039
0.029169
0.031994
0.030515
0.029314
0.029368
0.028827
0.027396
0.030466
0.033124
0.029137
0.03395
0.037685
0.030109
0.030155
0.027997
0.030201
0.029198
0.02856
0.030013
0.029719
0.029037
0.029108
0.033152
0.029707
0.029157
0.02774
0.028788
0.028097
0.028024
0.030944
0.029748
0.029258
0.029756
0.033725
0.030227
0.030277
0.028971
0.029102
0.031679
0.030642
0.031902
0.030303
0.031946
0.02947
0.029826
0.029417
0.033954
0.030046
0.029656
0.031377
0.027462
0.028565
0.032383
0.028523
0.027229
0.02884
0.026213
0.025865
0.02897
0.031546
0.02774
0.028653
0.032498
0.02998
0.028687
0.029983
0.028949
0.031618
0.027519
0.035014
0.030389
0.028495
0.028974
0.030435
0.029886
0.032944
0.031778
0.031007
0.030807
0.030852
0.034182
0.03233
0.032289
0.031279
0.031042
0.030074
0.029142
0.031929
0.030215
0.029848
0.030067
0.028384
0.02747
0.029089
0.027511
0.028767
0.028715
0.027158
0.026354
0.027027
0.02612
0.02498
0.029676
0.027191
0.02547
0.026597
0.024531
0.028773
0.024964
0.024236
0.023854
0.024781
0.023548
0.023282
0.023952
0.024187
0.024919
0.025399
0.024427
0.024382
0.024816
0.024487
0.023751
0.024075
0.02446
0.026772
0.025911
0.02531
0.027012
0.025449
0.025845
0.031351
0.025108
0.025245
0.026196
0.027068
0.028235
0.027028
0.027116
0.026439
0.030025
0.0308
0.027542
0.028607
0.028656
0.0275
0.027701
0.028461
0.028656
0.030745
0.031473
0.029304
0.030328
0.035976
0.030972
0.031729
0.029639
0.029019
0.03077
0.029868
0.030206
0.032265
0.03096
0.032264
0.032068
0.031687
0.032698
0.031405
0.031458
0.032574
0.030528
0.031637
0.032554
0.031684
0.031559
0.031536
0.031342
0.031553
0.030415
0.031816
0.032624
0.03182
0.031935
0.031683
0.031836
0.0321
0.031744
0.031376
0.03164
0.031117
0.031271
0.031248
0.031143
0.030966
0.030854
0.031587
0.030977
0.030795
0.030506
0.030676
0.03109
0.031308
0.031179
0.030781
0.030938
0.031388
0.0314
0.031936
0.030447
0.032269
0.031844
0.032597
0.031427
0.033282
0.03394
0.032955
0.033223
0.033257
0.033314
0.033083
0.032652
0.032727
0.032327
0.033791
0.033753
0.038471
0.03129
0.031042
0.033402
0.035724
0.033354
0.033713
0.03481
0.034533
0.035442
0.034156
0.032121
0.033161
0.031851
0.034187
0.031549
0.032953
0.031814
0.03173
0.031596
0.030786
0.03054
0.029905
0.028743
0.029697
0.029872
0.031434
0.031429
0.031669
0.030857
0.029307
0.029955
0.029009
0.030235
0.029131
0.029719
0.029735
0.028102
0.029092
0.0299
0.028788
0.03069
0.031038
0.030067
0.028382
0.029544
0.029782
0.028554
0.0279
0.029588
0.027615
0.027239
0.027795
0.025219
0.026019
0.028269
0.026972
0.025997
0.025118
0.025114
0.025585
0.027247
0.028899
0.02729
0.029808
0.028835
0.033681
0.030544
0.029987
0.029469
0.028566
0.028663
0.03025
0.034862
0.033772
0.033372
0.032619
0.031598
0.031204
0.032165
0.034648
0.037845
0.035758
0.034885
0.034296
0.033462
0.033458
0.03344
0.033041
0.033168
0.032874
0.032453
0.032294
0.032148
0.033246
0.03498
0.035219
0.034846
0.034427
0.038937
0.035257
0.034521
0.032732
0.032977
0.032823
0.036929
0.035055
0.03454
0.034519
0.033499
0.034818
0.036967
0.033098
0.038096
0.036274
0.034615
0.034494
0.034562
0.035525
0.034442
0.034351
0.033589
0.03549
0.033465
0.033872
0.036781
0.040443
0.035702
0.034381
0.033443
0.033307
0.033205
0.032743
0.032356
0.035974
0.036125
0.034956
0.034718
0.043799
0.037145
0.038429
0.037173
0.036525
0.035924
0.033802
0.037652
0.038832
0.038649
0.03691
0.037367
0.043956
0.038902
0.037041
0.037464
0.039174
0.040834
0.040152
0.03975
0.039947
0.03936
0.038816
0.038667
0.043705
0.042408
0.0419
0.04157
0.041755
0.043335
0.041062
0.039105
0.044529
0.039519
0.039791
0.03754
0.04047
0.036889
0.041379
0.037332
0.035983
0.035658
0.035085
0.036166
0.035027
0.039686
0.036056
0.034499
0.033174
0.034117
0.035893
0.038381
0.036394
0.033991
0.034492
0.034816
0.034396
0.041393
0.033621
0.032824
0.033206
0.033047
0.033873
0.034148
0.033394
0.039692
0.037191
0.036117
0.036913
0.035375
0.035596
0.035555
0.036121
0.038444
0.038735
0.038829
0.039027
0.038571
0.038392
0.039084
0.04183
0.039277
0.039453
0.037996
0.036315
0.042655
0.039608
0.039195
0.037484
0.037092
0.035668
0.039498
0.038946
0.037246
0.035392
0.035712
0.035567
0.03507
0.034293
0.035301
0.036859
0.035017
0.034698
0.03607
0.033734
0.037685
0.034061
0.03548
0.033179
0.032841
0.034724
0.034583
0.034113
0.036064
0.03219
0.030318
0.034889
0.031667
0.032053
0.032036
0.040894
0.03597
0.036872
0.034077
0.034254
0.032815
0.032073
0.03167
0.032776
0.032465
0.036762
0.033244
0.034753
0.039602
0.038642
0.035074
0.034827
0.034407
0.034982
0.033076
0.037106
0.036853
0.036019
0.034579
0.034587
0.041045
0.036636
0.036268
0.03509
0.035767
0.034298
0.0352
0.037358
0.036949
0.03544
0.036302
0.035626
0.03524
0.040057
0.036268
0.036491
0.034986
0.035472
0.035113
0.035127
0.037548
0.033553
0.033036
0.039625
0.034559
0.036064
0.035354
0.03474
0.0338
0.034646
0.033659
0.03583
0.036701
0.034224
0.034612
0.041399
0.037271
0.035828
0.037745
0.035246
0.036606
0.034493
0.035756
0.034603
0.03667
0.035546
0.035535
0.037286
0.037488
0.037492
0.038207
0.03959
0.037813
0.037044
0.036295
0.036373
0.037111
0.037313
0.038402
0.037561
0.038285
0.037551
0.035651
0.037124
0.035501
0.035173
0.036159
0.036027
0.035701
0.037797
0.036148
0.036137
0.036381
0.034358
0.034974
0.036258
0.03579
0.03555
0.036007
0.036843
0.036183
0.040269
0.039106
0.038673
0.036332
0.036096
0.037117
0.037875
0.037858
0.038088
0.037012
0.037456
0.037704
0.037946
0.037108
0.036372
0.037438
0.038711
0.03743
0.03743
0.043069
0.0393
0.037654
0.038028
0.036017
0.036064
0.035448
0.035702
0.037572
0.03575
0.036388
0.037932
0.038663
0.039486
0.039354
0.03911
0.037892
0.041256
0.039282
0.038503
0.038463
0.039312
0.039653
0.03952
0.037177
0.037095
0.037105
0.037284
0.039154
0.039782
0.038751
0.04052
0.039472
0.038823
0.038724
0.038616
0.036893
0.037036
0.038529
0.037457
0.044721
0.040893
0.04013
0.039287
0.039174
0.040362
0.040031
0.039479
0.038166
0.040954
0.039964
0.040417
0.040206
0.039232
0.038687
0.038785
0.04037
0.041104
0.041346
0.040154
0.040729
0.039542
0.04325
0.040244
0.039022
0.037976
0.038385
0.037711
0.042264
0.040478
0.038882
0.038615
0.037021
0.038355
0.03886
0.038629
0.040106
0.036139
0.036425
0.036537
0.038666
0.038424
0.038643
0.038787
0.037936
0.039359
0.036785
0.041481
0.038282
0.037715
0.036841
0.035926
0.036239
0.037171
0.040931
0.039258
0.037974
0.038806
0.036886
0.042559
0.039353
0.038688
0.037532
0.03584
0.039848
0.039725
0.038058
0.03716
0.041
0.040181
0.039362
0.039263
0.037364
0.036888
0.039825
0.038817
0.037837
0.037402
0.035339
0.038453
0.03669
0.035852
0.040426
0.034315
0.035209
0.037027
0.035491
0.035051
0.035883
0.03533
0.035576
0.03443
0.034765
0.039908
0.035405
0.033686
0.032934
0.032282
0.031402
0.031513
0.032986
0.034964
0.03326
0.032245
0.032608
0.039406
0.034157
0.033693
0.03188
0.032138
0.03193
0.031837
0.031416
0.031851
0.032474
0.032057
0.031235
0.032238
0.03302
0.031978
0.03665
0.033693
0.033807
0.033322
0.03325
0.032087
0.031433
0.032645
0.030166
0.032161
0.032281
0.031611
0.031293
0.032605
0.030568
0.032592
0.034721
0.031776
0.031402
0.031666
0.035594
0.030833
0.031613
0.030224
0.030181
0.030143
0.029056
0.030374
0.030908
0.030812
0.031222
0.032371
0.031471
0.031108
0.031402
0.033966
0.032213
0.032826
0.031503
0.033278
0.032857
0.031347
0.03288
0.032588
0.032001
0.03301
0.032437
0.032743
0.031356
0.033085
0.032886
0.033529
0.032305
0.032296
0.033522
0.033286
0.031243
0.031988
0.03169
0.032378
0.033828
0.034471
0.032481
0.034816
0.033214
0.033498
0.033961
0.031528
0.032334
0.031287
0.031406
0.031798
0.032605
0.032257
0.031948
0.031823
0.032593
0.030659
0.031728
0.032625
0.031167
0.030525
0.030173
0.030851
0.032224
0.033972
0.033291
0.030877
0.032522
0.031281
0.031521
0.032085
0.030674
0.030692
0.03147
0.032637
0.031726
0.031674
0.031581
0.031288
0.031773
0.033213
0.032114
0.031268
0.03269
0.032487
0.032294
0.03229
0.034301
0.031612
0.030545
0.034915
0.033167
0.031625
0.031614
0.031459
0.033363
0.030688
0.035276
0.033215
0.033344
0.033094
0.032705
0.03315
0.032662
0.037203
0.034892
0.032422
0.032399
0.031214
0.031262
0.031721
0.031081
0.031631
0.031675
0.032636
0.033298
0.034703
0.03336
0.033069
0.032889
0.038104
0.033741
0.033158
0.03213
0.031437
0.031856
0.032287
0.037947
0.03368
0.03177
0.031588
0.031905
0.042482
0.033642
0.032859
0.032475
0.031959
0.031882
0.030942
0.031384
0.034107
0.03205
0.032757
0.03194
0.035159
0.030841
0.030937
0.032673
0.031203
0.030492
0.036235
0.0315
0.032865
0.03088
0.030147
0.031182
0.030849
0.03288
0.033265
0.032155
0.031085
0.031278
0.031136
0.030982
0.034946
0.032013
0.031419
0.031427
0.030762
0.03028
0.035973
0.033128
0.03359
0.033487
0.033274
0.03269
0.03325
0.036093
0.033905
0.034244
0.033599
0.033698
0.034176
0.03725
0.034946
0.034214
0.033933
0.03375
0.03261
0.03795
0.033925
0.033723
0.032869
0.03164
0.032303
0.036349
0.032468
0.032128
0.03095
0.031141
0.032141
0.030986
0.032057
0.033327
0.033786
0.035733
0.032797
0.03249
0.031486
0.036823
0.034736
0.03295
0.033804
0.03313
0.033185
0.031286
0.033647
0.03396
0.033152
0.033816
0.03184
0.033276
0.037599
0.032826
0.032029
0.032934
0.030807
0.030242
0.036063
0.031847
0.03037
0.031989
0.029531
0.027765
0.028712
0.031123
0.028391
0.027581
0.026017
0.025028
0.026527
0.029139
0.025057
0.025767
0.025014
0.024284
0.023444
0.028137
0.024419
0.024592
0.023442
0.023182
0.02321
0.023058
0.025556
0.0246
0.023922
0.024068
0.024763
0.023858
0.024618
0.025133
0.02658
0.026152
0.026526
0.025354
0.028346
0.026984
0.026321
0.0262
0.028711
0.02754
0.027527
0.02809
0.027982
0.027055
0.027792
0.030382
0.029044
0.029398
0.027862
0.027901
0.028916
0.031221
0.031099
0.031057
0.030125
0.031472
0.034141
0.033285
0.034073
0.034156
0.035595
0.03483
0.039184
0.037061
0.03727
0.036243
0.03528
0.042077
0.039724
0.038189
0.036778
0.037989
0.037285
0.035224
0.036173
0.034914
0.035353
0.035005
0.035245
0.037677
0.036903
0.036445
0.04268
0.036595
0.036188
0.035106
0.034996
0.034498
0.033391
0.037516
0.037541
0.037409
0.036431
0.037066
0.038417
0.038162
0.040626
0.038891
0.037393
0.036755
0.035885
0.043875
0.039165
0.037308
0.037838
0.037336
0.036307
0.04053
0.038656
0.037766
0.03608
0.034776
0.034293
0.039296
0.034902
0.034111
0.033602
0.034479
0.034559
0.038884
0.036287
0.034548
0.038704
0.03757
0.03536
0.036935
0.035431
0.037934
0.038176
0.037194
0.037307
0.040869
0.040661
0.03935
0.039659
0.038896
0.039182
0.038161
0.039207
0.039409
0.040878
0.041176
0.040412
0.040535
0.041497
0.039391
0.040465
0.042277
0.04235
0.040485
0.041193
0.03919
0.039672
0.038624
0.042121
0.041445
0.041071
0.039571
0.039603
0.038403
0.040079
0.038797
0.039813
0.039299
0.039284
0.039094
0.038295
0.041534
0.04149
0.038367
0.038784
0.03899
0.039589
0.03832
0.038377
0.038278
0.037843
0.037713
0.037208
0.039917
0.040749
0.042172
0.039997
0.040914
0.040291
0.038031
0.037764
0.041466
0.038465
0.03846
0.037393
0.040029
0.039941
0.040398
0.040761
0.040581
0.039575
0.039711
0.0393
0.03868
0.038948
0.038504
0.040811
0.039575
0.039796
0.039603
0.038424
0.037148
0.037584
0.039916
0.038174
0.037127
0.03811
0.037926
0.038229
0.038801
0.038557
0.037449
0.039289
0.038775
0.041435
0.041185
0.044353
0.039939
0.041969
0.041791
0.042062
0.041256
0.040739
0.040626
0.042422
0.040218
0.0412
0.039683
0.039267
0.038865
0.039027
0.041498
0.039825
0.03771
0.037279
0.037514
0.036629
0.042489
0.039101
0.038164
0.037288
0.036711
0.035878
0.036248
0.040508
0.037536
0.036624
0.036014
0.03521
0.035445
0.040748
0.036967
0.036653
0.036077
0.035898
0.035429
0.035946
0.039643
0.03709
0.040567
0.036129
0.035496
0.036537
0.039726
0.036421
0.036134
0.035737
0.0356
0.033947
0.036837
0.037904
0.035696
0.035301
0.034771
0.035385
0.035561
0.033768
0.036068
0.03477
0.033002
0.042194
0.037234
0.034998
0.033406
0.033482
0.034845
0.034306
0.035375
0.033083
0.033994
0.034428
0.033999
0.033979
0.03254
0.033377
0.034616
0.038823
0.034211
0.033052
0.032376
0.032309
0.034978
0.032332
0.032349
0.034635
0.03766
0.034119
0.034228
0.033869
0.038276
0.032755
0.033286
0.034474
0.033078
0.032319
0.032942
0.032131
0.033395
0.033413
0.032815
0.032751
0.033361
0.03341
0.036149
0.033179
0.034243
0.03397
0.032515
0.030782
0.032882
0.037953
0.03596
0.033138
0.037103
0.0323
0.0337
0.031358
0.035825
0.032434
0.032137
0.031839
0.03718
0.031544
0.032116
0.034568
0.031741
0.030968
0.03074
0.03279
0.030358
0.034023
0.029279
0.029519
0.030131
0.03297
0.029757
0.030426
0.029674
0.032333
0.033778
0.029652
0.02836
0.029298
0.028303
0.028259
0.029692
0.027942
0.027756
0.028555
0.02898
0.029882
0.031413
0.031467
0.031327
0.031083
0.031278
0.031156
0.033227
0.035464
0.033208
0.032553
0.032879
0.032739
0.032503
0.031853
0.033961
0.032536
0.032299
0.031732
0.032029
0.031906
0.032844
0.034294
0.032535
0.032014
0.030663
0.03095
0.032259
0.034474
0.031785
0.03116
0.031519
0.032929
0.032264
0.032117
0.032346
0.03256
0.031906
0.032209
0.031495
0.03234
0.033217
0.03331
0.03332
0.03218
0.03198
0.032397
0.030342
0.034184
0.03356
0.032372
0.032566
0.035274
0.033976
0.033346
0.034537
0.034431
0.035036
0.036257
0.036394
0.035621
0.036247
0.03503
0.034398
0.033634
0.037083
0.034391
0.034408
0.034306
0.033843
0.034383
0.033792
0.033321
0.035818
0.033942
0.033657
0.032383
0.032922
0.032005
0.031498
0.03394
0.031892
0.031037
0.031547
0.030681
0.02992
0.03023
0.033602
0.031578
0.030342
0.029841
0.030546
0.031239
0.034754
0.031752
0.03082
0.030628
0.031017
0.030372
0.031108
0.031019
0.030567
0.032647
0.032797
0.03194
0.032992
0.033086
0.033015
0.033534
0.031797
0.032954
0.034941
0.034709
0.03402
0.033527
0.033782
0.033593
0.035357
0.032232
0.032228
0.033797
0.033109
0.032613
0.032571
0.032239
0.032455
0.031325
0.034264
0.032519
0.031808
0.032971
0.031443
0.031823
0.032425
0.03261
0.034965
0.032276
0.033655
0.033635
0.035616
0.034367
0.033747
0.033742
0.03361
0.032461
0.033543
0.035003
0.034181
0.034137
0.033622
0.034903
0.03458
0.034984
0.034276
0.033738
0.03395
0.03327
0.033653
0.032671
0.031976
0.033607
0.031731
0.035554
0.035685
0.034893
0.03463
0.035172
0.034626
0.03454
0.035394
0.034688
0.034108
0.035199
0.034698
0.034529
0.034579
0.035899
0.034656
0.034181
0.036144
0.035647
0.035796
0.037113
0.037827
0.03652
0.036635
0.035569
0.035062
0.035721
0.036242
0.035686
0.034441
0.035576
0.035066
0.034793
0.036223
0.036977
0.036135
0.03784
0.037944
0.037814
0.035756
0.035637
0.036592
0.0375
0.03533
0.035547
0.035376
0.035305
0.034621
0.033568
0.034201
0.036095
0.034259
0.034756
0.034394
0.033425
0.034136
0.03242
0.034262
0.032079
0.033763
0.032994
0.032561
0.033283
0.033702
0.03338
0.033075
0.036842
0.035994
0.034423
0.03375
0.034482
0.034415
0.03293
0.034111
0.033828
0.03347
0.033543
0.03509
0.035323
0.034841
0.034179
0.034402
0.032967
0.036269
0.036347
0.034738
0.03592
0.034825
0.036445
0.03572
0.039751
0.03785
0.037636
0.036545
0.03555
0.036383
0.03596
0.038406
0.036783
0.036159
0.035866
0.036092
0.036483
0.036604
0.03954
0.038468
0.036579
0.036174
0.035259
0.036354
0.036408
0.04105
0.03613
0.03533
0.038626
0.034702
0.035989
0.03466
0.034114
0.034452
0.034983
0.034414
0.036092
0.03628
0.036391
0.034401
0.033412
0.036396
0.035137
0.034626
0.033904
0.033595
0.034271
0.033296
0.038069
0.036101
0.034686
0.035339
0.035181
0.035791
0.034414
0.036699
0.037511
0.037008
0.034428
0.033597
0.034762
0.035865
0.034036
0.034054
0.036846
0.0358
0.034849
0.034306
0.03552
0.034964
0.039371
0.034519
0.033073
0.033597
0.032258
0.032847
0.033111
0.033104
0.037532
0.035366
0.036657
0.035163
0.034881
0.035067
0.036304
0.035307
0.0351
0.034882
0.035002
0.03521
0.036623
0.035308
0.034569
0.034095
0.033915
0.034322
0.034101
0.033426
0.034377
0.032593
0.033096
0.035128
0.035129
0.034489
0.034077
0.033077
0.033034
0.03566
0.032961
0.03237
0.032288
0.031718
0.035077
0.036389
0.036532
0.035231
0.034277
0.038258
0.033913
0.033132
0.035026
0.032926
0.032525
0.03074
0.03071
0.031125
0.032062
0.032706
0.034155
0.032266
0.032292
0.032494
0.032144
0.033136
0.03195
0.032348
0.032673
0.031824
0.032457
0.033215
0.032694
0.033627
0.032729
0.032051
0.036345
0.032734
0.034217
0.0328
0.032209
0.031979
0.030762
0.03212
0.031277
0.030078
0.032276
0.03278
0.035588
0.034027
0.034093
0.033533
0.033478
0.034013
0.03364
0.034511
0.033772
0.033917
0.034173
0.032797
0.034984
0.03369
0.034289
0.03338
0.033492
0.033436
0.033565
0.035623
0.03583
0.035769
0.03483
0.034857
0.035741
0.034717
0.033907
0.033741
0.035694
0.03596
0.036069
0.036793
0.034904
0.034738
0.034995
0.034099
0.034436
0.033592
0.033528
0.036783
0.036523
0.038191
0.03448
0.035444
0.034719
0.033914
0.034476
0.035148
0.036475
0.035008
0.035274
0.034795
0.035321
0.033249
0.032706
0.03319
0.031624
0.032119
0.031409
0.031691
0.031651
0.031356
0.031485
0.032502
0.035584
0.032105
0.035379
0.032256
0.031365
0.032904
0.033299
0.031521
0.0314
0.030555
0.031586
0.032753
0.035284
0.032485
0.032954
0.041784
0.034735
0.033772
0.033828
0.034273
0.034327
0.033742
0.035172
0.035146
0.036129
0.037053
0.035906
0.036401
0.038912
0.03688
0.037327
0.035906
0.041758
0.036123
0.036195
0.036851
0.036549
0.036258
0.035963
0.035932
0.035316
0.03327
0.032759
0.031996
0.039096
0.036997
0.036064
0.03545
0.033944
0.033101
0.033061
0.035926
0.035116
0.041685
0.034012
0.035924
0.032957
0.034838
0.038766
0.035649
0.037022
0.034405
0.037162
0.034618
0.036044
0.037312
0.03773
0.037111
0.039416
0.036858
0.036987
0.034829
0.038238
0.038472
0.03646
0.036642
0.034987
0.035902
0.034978
0.03339
0.036699
0.034486
0.03435
0.03395
0.033849
0.035289
0.039586
0.037919
0.035649
0.03552
0.035293
0.036034
0.038706
0.037494
0.036925
0.039035
0.036128
0.03513
0.03686
0.035369
0.042653
0.038211
0.038562
0.038771
0.038922
0.03862
0.037972
0.039618
0.038042
0.035573
0.038379
0.037252
0.038388
0.03891
0.037283
0.04244
0.040312
0.040423
0.043297
0.036631
0.035753
0.042008
0.039724
0.041542
0.038163
0.043267
0.03953
0.040577
0.037335
0.041212
0.040032
0.040365
0.036832
0.037041
0.034442
0.035668
0.043366
0.036907
0.036166
0.035796
0.035105
0.035536
0.037038
0.045625
0.040933
0.03949
0.039199
0.039291
0.038604
0.036839
0.037393
0.037356
0.035579
0.038171
0.038336
0.047888
0.042112
0.040249
0.041453
0.040271
0.040392
0.039203
0.039343
0.037835
0.039923
0.040648
0.039687
0.04044
0.042041
0.04229
0.043982
0.042948
0.042035
0.044559
0.041716
0.04284
0.050692
0.044855
0.0423
0.043788
0.042357
0.042748
0.041615
0.042424
0.039732
0.041947
0.03845
0.040612
0.0381
0.040109
0.039405
0.039264
0.03979
0.040321
0.039973
0.043489
0.041003
0.041032
0.039449
0.036964
0.037262
0.036243
0.037414
0.036587
0.0391
0.03714
0.035533
0.036946
0.03739
0.035162
0.038493
0.037807
0.037569
0.037297
0.038703
0.037802
0.040036
0.038421
0.042905
0.041011
0.041136
0.039154
0.040229
0.038095
0.042928
0.041253
0.041829
0.041341
0.041202
0.040576
0.041323
0.041927
0.043698
0.040708
0.041176
0.039799
0.040145
0.04827
0.043688
0.042488
0.043284
0.042541
0.042772
0.039767
0.040636
0.04185
0.043549
0.044125
0.043947
0.044879
0.042886
0.041277
0.046964
0.042525
0.04264
0.041967
0.043727
0.04267
0.04483
0.042452
0.044509
0.042636
0.042376
0.040229
0.041781
0.040534
0.041688
0.040252
0.039652
0.042177
0.042408
0.043271
0.043445
0.042485
0.042451
0.04551
0.041948
0.041358
0.041342
0.040045
0.039389
0.04257
0.045768
0.043656
0.042934
0.040461
0.04234
0.04182
0.041372
0.04649
0.043077
0.041417
0.04139
0.039906
0.041635
0.040172
0.043642
0.040712
0.040467
0.037897
0.037286
0.035771
0.035683
0.035571
0.036479
0.035822
0.034748
0.034848
0.033073
0.033286
0.035334
0.035462
0.033955
0.032801
0.033364
0.032377
0.0322
0.030588
0.029761
0.030063
0.029364
0.030626
0.031337
0.032159
0.029775
0.031409
0.031696
0.033112
0.037811
0.032766
0.03352
0.033623
0.03433
0.034341
0.034076
0.034563
0.033254
0.033648
0.034528
0.035241
0.038059
0.038217
0.045394
0.040869
0.040368
0.039471
0.039746
0.039403
0.03939
0.038402
0.036942
0.038684
0.037702
0.037333
0.039238
0.038714
0.038421
0.044807
0.041721
0.039339
0.037341
0.039759
0.036799
0.03612
0.039102
0.038783
0.037468
0.037101
0.037049
0.036695
0.042946
0.037546
0.038178
0.035393
0.036144
0.036374
0.03686
0.036958
0.035178
0.036304
0.035602
0.036509
0.035914
0.036514
0.035155
0.039591
0.036494
0.035649
0.03643
0.035546
0.033843
0.034368
0.038554
0.03733
0.035991
0.036806
0.035178
0.036419
0.040133
0.036946
0.037596
0.036948
0.035064
0.034814
0.041072
0.037112
0.037912
0.03794
0.036801
0.035985
0.036447
0.04003
0.039184
0.037679
0.037682
0.036466
0.037681
0.039791
0.038045
0.036973
0.038798
0.035253
0.036743
0.039007
0.037474
0.037804
0.033479
0.034045
0.03313
0.039112
0.036643
0.034928
0.044492
0.034417
0.035165
0.035104
0.033771
0.036661
0.032569
0.036209
0.034023
0.033016
0.032258
0.032754
0.034102
0.037935
0.041217
0.036177
0.03542
0.03529
0.034883
0.035422
0.042356
0.038785
0.039729
0.037735
0.03758
0.037026
0.035464
0.035063
0.03537
0.034549
0.034131
0.033372
0.038734
0.035255
0.034401
0.033357
0.032691
0.035145
0.034837
0.033196
0.031883
0.034704
0.033425
0.036365
0.034534
0.031681
0.03526
0.032475
0.030512
0.03294
0.033773
0.03058
0.034855
0.030896
0.030751
0.028486
0.028529
0.0287
0.029734
0.027735
0.033834
0.032853
0.030891
0.032311
0.031519
0.033468
0.033388
0.033398
0.036372
0.036237
0.035111
0.036023
0.03507
0.034668
0.033959
0.033925
0.037192
0.033807
0.033163
0.03148
0.033075
0.031183
0.030654
0.03377
0.03197
0.030213
0.030177
0.028956
0.030845
0.031771
0.030639
0.029411
0.030426
0.02995
0.0299
0.029964
0.028856
0.033856
0.032487
0.029647
0.029629
0.029231
0.027361
0.027236
0.030016
0.02944
0.029024
0.029999
0.031844
0.030405
0.036384
0.032959
0.031711
0.030791
0.030635
0.029886
0.028433
0.028675
0.029863
0.029367
0.028946
0.028014
0.028285
0.029329
0.02976
0.029745
0.036809
0.030276
0.030697
0.030963
0.030486
0.030152
0.036114
0.029675
0.029296
0.029997
0.030187
0.029217
0.028375
0.028832
0.029733
0.02939
0.028642
0.027912
0.028362
0.027723
0.030296
0.030507
0.02896
0.029189
0.029452
0.028556
0.033464
0.030401
0.029968
0.029762
0.030404
0.02994
0.032051
0.030938
0.030937
0.031745
0.030501
0.03595
0.033087
0.032619
0.031988
0.032642
0.031838
0.030888
0.029649
0.029395
0.029875
0.03104
0.030074
0.030551
0.030691
0.029923
0.029982
0.029432
0.029904
0.029098
0.028507
0.02705
0.028951
0.028286
0.027357
0.026448
0.026584
0.027599
0.026134
0.025689
0.028827
0.026068
0.026545
0.028085
0.026886
0.025306
0.027302
0.030742
0.027341
0.028059
0.027378
0.026304
0.027857
0.029497
0.028416
0.028074
0.027026
0.026573
0.027079
0.028436
0.028658
0.031025
0.029654
0.026715
0.033051
0.029623
0.0292
0.028452
0.027413
0.02877
0.027574
0.029013
0.02887
0.027863
0.027923
0.033878
0.030887
0.029284
0.030389
0.027648
0.027604
0.029417
0.030227
0.02915
0.028688
0.036307
0.030563
0.029492
0.029469
0.028627
0.028058
0.027965
0.026801
0.028538
0.029252
0.028466
0.027448
0.02799
0.027308
0.027106
0.028982
0.030874
0.02841
0.027409
0.027372
0.02771
0.025346
0.030933
0.030518
0.026465
0.027849
0.027558
0.026391
0.027477
0.028932
0.027785
0.027097
0.027346
0.026397
0.02776
0.031401
0.029073
0.028471
0.028657
0.02749
0.028058
0.028901
0.028116
0.030487
0.031313
0.033417
0.030435
0.031047
0.03505
0.035236
0.032756
0.032586
0.032682
0.032275
0.032201
0.031518
0.033432
0.032573
0.032213
0.032301
0.031386
0.03357
0.036566
0.033282
0.03352
0.032877
0.032331
0.031519
0.029818
0.032034
0.030364
0.028548
0.031895
0.028331
0.033747
0.030595
0.028707
0.027916
0.030457
0.028555
0.027055
0.027882
0.026791
0.027876
0.029368
0.030023
0.032512
0.03627
0.03179
0.03212
0.032284
0.031058
0.032388
0.031888
0.031928
0.031661
0.030026
0.030455
0.031456
0.029903
0.03011
0.02923
0.027925
0.025767
0.025857
0.027304
0.026398
0.026779
0.026094
0.029
0.027068
0.027337
0.027787
0.03665
0.030084
0.030039
0.029803
0.029378
0.031983
0.029466
0.029094
0.031962
0.036091
0.03594
0.035133
0.032591
0.031655
0.033701
0.031972
0.034618
0.034068
0.034076
0.033947
0.033178
0.033019
0.038249
0.036257
0.035357
0.037058
0.03427
0.03427
0.033354
0.033806
0.03488
0.036461
0.036628
0.033943
0.033345
0.034514
0.034583
0.033016
0.038496
0.03498
0.034648
0.034994
0.034896
0.037678
0.03395
0.032204
0.036268
0.034503
0.034801
0.03375
0.032938
0.035249
0.036496
0.034841
0.032456
0.033485
0.037574
0.035409
0.033573
0.033628
0.031493
0.032465
0.036433
0.034549
0.034972
0.035308
0.033594
0.040083
0.038283
0.036723
0.038238
0.036912
0.03952
0.038524
0.038836
0.036428
0.036245
0.036648
0.041564
0.039485
0.039481
0.037201
0.04348
0.042944
0.03836
0.039008
0.037711
0.038008
0.038088
0.041109
0.041252
0.041614
0.044095
0.041291
0.041329
0.044974
0.044825
0.044144
0.041043
0.040177
0.040996
0.040321
0.036805
0.041883
0.040907
0.037885
0.03645
0.036157
0.036982
0.037691
0.035612
0.039188
0.035484
0.035296
0.039747
0.034769
0.03813
0.034731
0.03731
0.034723
0.041857
0.035352
0.034037
0.036551
0.033811
0.03703
0.034215
0.0339
0.033259
0.036514
0.035268
0.034851
0.034532
0.034433
0.033544
0.03688
0.037787
0.037382
0.036842
0.036365
0.035632
0.037736
0.036278
0.037802
0.037922
0.037833
0.035628
0.036444
0.04218
0.03738
0.036317
0.035102
0.034364
0.039026
0.036861
0.036162
0.035614
0.035003
0.033336
0.033221
0.035143
0.034258
0.034429
0.035035
0.034497
0.036312
0.035001
0.033402
0.036392
0.032877
0.032765
0.035675
0.032936
0.031472
0.035647
0.034372
0.03508
0.033927
0.039456
0.032776
0.031567
0.030437
0.036795
0.029752
0.032883
0.033006
0.032753
0.039377
0.033979
0.03472
0.034376
0.033117
0.031739
0.030896
0.032186
0.034813
0.034391
0.033891
0.03398
0.033587
0.033205
0.033588
0.037783
0.035973
0.035661
0.034679
0.034479
0.034679
0.035494
0.038299
0.037517
0.036814
0.035536
0.034973
0.035321
0.039011
0.037257
0.035851
0.035667
0.035183
0.034637
0.035116
0.038293
0.036791
0.03553
0.035456
0.034337
0.034794
0.040025
0.03611
0.034967
0.03531
0.038078
0.03465
0.035731
0.038438
0.03446
0.036834
0.035035
0.035172
0.034836
0.034989
0.034108
0.034366
0.032634
0.035716
0.034235
0.035325
0.034753
0.03535
0.033633
0.034103
0.034269
0.033986
0.035846
0.035445
0.036045
0.03537
0.036699
0.034681
0.036005
0.038574
0.036539
0.036099
0.03613
0.037304
0.035737
0.035658
0.036969
0.035705
0.035864
0.035636
0.035786
0.035551
0.036234
0.038106
0.038947
0.038478
0.038309
0.039009
0.038239
0.037446
0.037031
0.036177
0.035689
0.035023
0.035126
0.03472
0.035917
0.035074
0.035717
0.034676
0.034332
0.034124
0.033899
0.033371
0.032886
0.032097
0.032767
0.031799
0.031788
0.03144
0.031074
0.033246
0.0336
0.034384
0.034581
0.034441
0.034156
0.033648
0.036461
0.033872
0.034106
0.033825
0.033045
0.03355
0.034736
0.035706
0.036214
0.035265
0.034913
0.033015
0.035143
0.033396
0.033224
0.033989
0.035008
0.034705
0.035392
0.033467
0.032586
0.031698
0.034978
0.03291
0.03363
0.036275
0.032849
0.03196
0.032208
0.036364
0.032668
0.03231
0.033224
0.034251
0.034401
0.033063
0.034914
0.033939
0.03724
0.03368
0.035559
0.033466
0.033958
0.032266
0.033496
0.033403
0.035841
0.034945
0.034092
0.033253
0.032543
0.038361
0.034048
0.034532
0.033403
0.032836
0.032056
0.030162
0.030718
0.035251
0.032829
0.034422
0.034909
0.030241
0.032968
0.034769
0.032296
0.031831
0.030373
0.029582
0.030287
0.033383
0.031493
0.03136
0.031162
0.031334
0.032106
0.028903
0.035127
0.031177
0.030987
0.030546
0.030221
0.029869
0.031508
0.031626
0.030372
0.029902
0.035939
0.03172
0.031821
0.03119
0.034941
0.033714
0.033524
0.031915
0.033475
0.032993
0.038599
0.035496
0.035175
0.034536
0.034402
0.032594
0.031924
0.032907
0.034434
0.034756
0.032825
0.030692
0.042353
0.033651
0.03308
0.032168
0.030973
0.031059
0.029723
0.029702
0.03111
0.03182
0.029151
0.031282
0.029562
0.029961
0.032815
0.028972
0.028278
0.029754
0.029612
0.028961
0.034742
0.031115
0.029742
0.029801
0.030419
0.029424
0.031864
0.031318
0.030978
0.033416
0.032643
0.033131
0.038487
0.034605
0.036096
0.035489
0.034937
0.034384
0.03444
0.033925
0.035501
0.035047
0.034973
0.035327
0.036301
0.036056
0.034899
0.03594
0.034327
0.036092
0.034127
0.034522
0.034327
0.035201
0.035364
0.035131
0.038896
0.035878
0.035508
0.037371
0.038588
0.03757
0.037901
0.038035
0.039451
0.038376
0.040779
0.037533
0.04335
0.039058
0.038941
0.037334
0.037339
0.036696
0.036589
0.036528
0.036926
0.036605
0.039557
0.036843
0.039851
0.037654
0.037949
0.0375
0.040849
0.037201
0.037434
0.035827
0.036645
0.042438
0.038688
0.037318
0.036546
0.036064
0.035138
0.034596
0.034339
0.035879
0.036094
0.03447
0.035171
0.035526
0.034634
0.035475
0.035266
0.035328
0.036274
0.035212
0.033687
0.034314
0.034781
0.039642
0.035833
0.036383
0.035165
0.034229
0.035028
0.034619
0.036075
0.035263
0.035448
0.035961
0.035647
0.037611
0.035639
0.035458
0.034591
0.038478
0.035898
0.035
0.035412
0.036156
0.034549
0.035235
0.035835
0.035036
0.035762
0.03603
0.036165
0.036337
0.035131
0.035474
0.035065
0.038329
0.035937
0.034824
0.034083
0.034209
0.034812
0.034751
0.034689
0.03656
0.034913
0.034918
0.033821
0.03494
0.034394
0.033915
0.036733
0.035168
0.034311
0.035819
0.034671
0.036059
0.034663
0.033718
0.033351
0.034295
0.034242
0.034226
0.034706
0.033359
0.032696
0.031866
0.032143
0.034092
0.033303
0.032892
0.03257
0.032407
0.030941
0.032877
0.034956
0.033787
0.032889
0.032493
0.03219
0.032647
0.035991
0.034928
0.03385
0.033134
0.033316
0.033415
0.034004
0.033874
0.033567
0.032798
0.033332
0.035001
0.034798
0.036855
0.034865
0.034681
0.033919
0.033958
0.035705
0.03471
0.034443
0.035597
0.036635
0.035154
0.034834
0.035342
0.033427
0.036341
0.037103
0.035544
0.034919
0.034646
0.033022
0.035434
0.033061
0.033231
0.033158
0.032315
0.032102
0.034769
0.033005
0.032084
0.030265
0.03524
0.033571
0.032547
0.032365
0.030606
0.030238
0.032336
0.030597
0.029584
0.028628
0.030284
0.031997
0.03462
0.032121
0.032352
0.031138
0.031802
0.032368
0.032931
0.034421
0.03342
0.034424
0.03404
0.034013
0.033656
0.034898
0.035083
0.040699
0.036065
0.03549
0.035234
0.033456
0.032794
0.034125
0.033138
0.035635
0.037567
0.03574
0.034484
0.034761
0.03665
0.037326
0.043788
0.03879
0.038164
0.04074
0.038649
0.039743
0.041776
0.042744
0.041802
0.042179
0.041975
0.04204
0.044128
0.043524
0.042635
0.042528
0.043952
0.039996
0.044315
0.042292
0.041639
0.043378
0.041071
0.043577
0.039911
0.040136
0.041299
0.041848
0.041139
0.040606
0.039528
0.040844
0.03886
0.039981
0.037114
0.040016
0.039408
0.039795
0.039154
0.039669
0.037849
0.043467
0.03697
0.038477
0.036667
0.033142
0.034209
0.03447
0.039566
0.037085
0.033468
0.032388
0.035005
0.034167
0.038857
0.036108
0.034708
0.03658
0.035421
0.034895
0.034589
0.034841
0.034088
0.033796
0.038157
0.037481
0.035532
0.034619
0.034673
0.034464
0.037383
0.03515
0.032698
0.037221
0.037713
0.035228
0.034727
0.034141
0.033869
0.033361
0.035629
0.036352
0.036024
0.035419
0.035992
0.047188
0.039833
0.040662
0.038821
0.046462
0.039839
0.039465
0.037883
0.037243
0.03681
0.038498
0.038115
0.037658
0.037979
0.037273
0.045816
0.038963
0.036743
0.036757
0.036401
0.036713
0.036005
0.03717
0.034912
0.036389
0.037991
0.037671
0.037547
0.038356
0.037563
0.042626
0.038465
0.03757
0.036588
0.034995
0.034187
0.034285
0.037264
0.033847
0.032519
0.031219
0.030446
0.031859
0.031504
0.035588
0.031423
0.031114
0.030336
0.035326
0.030633
0.029831
0.029688
0.030944
0.030641
0.030103
0.030012
0.029519
0.030601
0.031051
0.038765
0.034878
0.033766
0.033701
0.033501
0.033981
0.034263
0.032985
0.031719
0.032605
0.033106
0.033363
0.033143
0.037902
0.033451
0.032074
0.03061
0.02936
0.028135
0.028727
0.029283
0.031478
0.0299
0.02846
0.029326
0.029379
0.033121
0.028894
0.02847
0.029563
0.029807
0.031768
0.029924
0.029638
0.029644
0.037767
0.029621
0.030884
0.030736
0.028323
0.028336
0.029741
0.029834
0.029159
0.02816
0.028345
0.030199
0.033791
0.028767
0.030347
0.027565
0.028004
0.029165
0.027341
0.030824
0.030836
0.029209
0.030123
0.030523
0.030702
0.028986
0.031676
0.02988
0.029103
0.029563
0.03033
0.035331
0.032695
0.031621
0.031814
0.031321
0.03177
0.032245
0.03252
0.032799
0.032712
0.03353
0.035666
0.035103
0.035563
0.03413
0.034304
0.032736
0.031836
0.034048
0.032623
0.031978
0.033842
0.033459
0.032951
0.036792
0.034037
0.034027
0.032811
0.033595
0.034054
0.034708
0.034744
0.03427
0.033694
0.034449
0.03591
0.036211
0.036365
0.036071
0.038149
0.036053
0.038637
0.035779
0.037681
0.041049
0.038693
0.041466
0.040055
0.040383
0.039566
0.041552
0.039619
0.041405
0.040482
0.040758
0.041871
0.045836
0.043791
0.044397
0.043641
0.041637
0.041926
0.043197
0.043522
0.043184
0.043154
0.045206
0.042187
0.043757
0.042185
0.049994
0.044629
0.046262
0.045156
0.04433
0.044706
0.043501
0.044486
0.045337
0.045566
0.045928
0.043441
0.044753
0.045061
0.044844
0.043381
0.044295
0.042694
0.043661
0.04228
0.043647
0.041852
0.04197
0.041672
0.039943
0.040702
0.040752
0.040372
0.040867
0.038215
0.038649
0.039913
0.040825
0.039957
0.038734
0.040011
0.041223
0.040609
0.040168
0.040805
0.039728
0.03943
0.042155
0.040708
0.039685
0.040486
0.040052
0.041262
0.040974
0.041506
0.040886
0.041989
0.040907
0.041369
0.041277
0.041028
0.043024
0.041991
0.04101
0.041209
0.04142
0.040528
0.042489
0.041906
0.042207
0.041927
0.042446
0.041008
0.040792
0.042216
0.042448
0.041771
0.041413
0.04115
0.042969
0.042019
0.043029
0.041666
0.043021
0.04184
0.041464
0.04127
0.040891
0.04196
0.039603
0.042215
0.042073
0.041377
0.041473
0.042636
0.042864
0.042503
0.042877
0.040402
0.043008
0.043199
0.04216
0.041596
0.043697
0.040898
0.042925
0.04197
0.042742
0.043153
0.042474
0.042864
0.042845
0.041945
0.041036
0.040613
0.041343
0.039861
0.041023
0.040101
0.041535
0.040166
0.041615
0.03965
0.040337
0.039679
0.041641
0.043786
0.045686
0.046096
0.046091
0.045899
0.045846
0.044036
0.043304
0.041537
0.042106
0.04291
0.044147
0.041746
0.041373
0.03925
0.039152
0.039318
0.039114
0.038583
0.03889
0.037947
0.039872
0.03783
0.038438
0.037204
0.03844
0.037615
0.037784
0.036308
0.037437
0.03723
0.037188
0.037122
0.037162
0.038221
0.036832
0.036577
0.03671
0.036288
0.041856
0.038535
0.037734
0.037481
0.037964
0.037598
0.039308
0.038449
0.039279
0.038209
0.039507
0.035302
0.036582
0.034966
0.035292
0.035102
0.034621
0.034062
0.033415
0.034467
0.035797
0.035958
0.035685
0.035681
0.035232
0.03398
0.0334
0.033881
0.035494
0.036751
0.035057
0.036335
0.035753
0.03556
0.034164
0.038742
0.036895
0.036311
0.035044
0.034594
0.034517
0.034095
0.032244
0.034345
0.032277
0.033775
0.034067
0.033943
0.038884
0.035736
0.033775
0.034261
0.033656
0.03338
0.037708
0.037636
0.036774
0.033112
0.033229
0.032694
0.032979
0.033857
0.0346
0.033292
0.032984
0.031175
0.033861
0.032565
0.03169
0.035361
0.034355
0.032827
0.031981
0.031999
0.032381
0.032235
0.03162
0.030782
0.030656
0.032282
0.030557
0.031074
0.031971
0.032826
0.032897
0.032857
0.032579
0.03202
0.034878
0.034174
0.03227
0.032267
0.03214
0.032224
0.032875
0.030941
0.030521
0.032405
0.031566
0.030761
0.031169
0.031416
0.031951
0.029788
0.033313
0.031825
0.031025
0.030826
0.030363
0.030243
0.033672
0.030443
0.030059
0.032889
0.02896
0.027336
0.029061
0.028974
0.030889
0.031341
0.030702
0.030557
0.031575
0.031626
0.030271
0.030649
0.028995
0.030686
0.031177
0.029406
0.029884
0.030597
0.028908
0.028508
0.031967
0.029817
0.029066
0.028691
0.031778
0.033131
0.030103
0.028002
0.033179
0.027926
0.027672
0.026372
0.027522
0.028378
0.029296
0.031973
0.029558
0.029713
0.028174
0.027859
0.028898
0.031952
0.029791
0.031163
0.029845
0.030498
0.029869
0.029576
0.028095
0.031543
0.030304
0.0302
0.029685
0.031216
0.034492
0.032036
0.030214
0.032277
0.03125
0.030831
0.031164
0.030445
0.031496
0.032152
0.030306
0.030497
0.03125
0.031789
0.030957
0.03196
0.031065
0.029596
0.03123
0.030142
0.032012
0.032496
0.030147
0.031024
0.031213
0.031041
0.031181
0.030739
0.032926
0.033322
0.033092
0.032521
0.033434
0.032909
0.031705
0.03246
0.032346
0.033873
0.033203
0.033814
0.034073
0.033867
0.034039
0.033654
0.033584
0.03499
0.034921
0.033295
0.032979
0.034359
0.034722
0.033917
0.035087
0.03404
0.033678
0.03386
0.033425
0.035494
0.034103
0.033791
0.035446
0.034715
0.035212
0.03454
0.03397
0.034303
0.033713
0.034179
0.033827
0.034015
0.033351
0.033088
0.033366
0.035617
0.035982
0.036015
0.035022
0.035317
0.03506
0.035272
0.035254
0.034234
0.033896
0.033871
0.033542
0.033518
0.033225
0.032681
0.033317
0.035134
0.035528
0.035045
0.034561
0.034673
0.033742
0.033972
0.033853
0.033092
0.032982
0.032655
0.033269
0.032243
0.03225
0.032278
0.031276
0.031447
0.031489
0.032247
0.032168
0.033355
0.036305
0.031026
0.035982
0.033303
0.032302
0.030505
0.030242
0.030897
0.030532
0.030737
0.035962
0.031305
0.030532
0.031308
0.029347
0.030393
0.03042
0.029579
0.029941
0.033308
0.031168
0.029825
0.030608
0.031185
0.031545
0.031212
0.030033
0.030096
0.029695
0.029057
0.028722
0.028433
0.028367
0.029554
0.030992
0.029916
0.030069
0.030877
0.029721
0.028726
0.032328
0.030388
0.029705
0.029382
0.029178
0.029456
0.030879
0.030411
0.029459
0.032458
0.031258
0.030478
0.031384
0.031018
0.031447
0.031724
0.030804
0.031136
0.031598
0.031617
0.031371
0.031762
0.032933
0.031353
0.030835
0.031828
0.031831
0.031203
0.031936
0.031653
0.034295
0.031957
0.032614
0.031829
0.031821
0.032043
0.031014
0.032036
0.031222
0.031716
0.032368
0.031917
0.033125
0.032401
0.031681
0.031303
0.031222
0.034324
0.032244
0.032037
0.032796
0.033217
0.032206
0.030719
0.029892
0.031179
0.030714
0.030907
0.034087
0.032997
0.032716
0.033678
0.032594
0.031842
0.032468
0.032052
0.033617
0.03422
0.034033
0.03552
0.034758
0.034896
0.034937
0.034899
0.034503
0.034114
0.034608
0.036117
0.03504
0.034776
0.034082
0.034367
0.034611
0.034204
0.035094
0.035805
0.035951
0.036055
0.035783
0.034074
0.034884
0.034378
0.034094
0.034418
0.033118
0.032531
0.033061
0.033068
0.033312
0.033474
0.035345
0.033011
0.033189
0.032825
0.033403
0.033069
0.031901
0.032955
0.035846
0.033872
0.034645
0.032923
0.031951
0.031859
0.033923
0.034441
0.03422
0.033924
0.033744
0.03382
0.034699
0.03446
0.034454
0.033807
0.033438
0.0331
0.034119
0.034181
0.034582
0.035197
0.033553
0.033635
0.033326
0.032278
0.032487
0.032833
0.030855
0.033863
0.03472
0.032799
0.033986
0.032682
0.033266
0.034842
0.032036
0.03251
0.032435
0.033868
0.032974
0.033643
0.032223
0.034341
0.034841
0.035115
0.035264
0.035642
0.035106
0.036055
0.034702
0.034299
0.033227
0.036131
0.034237
0.032967
0.033976
0.033956
0.03601
0.036412
0.035587
0.03464
0.034266
0.033434
0.03384
0.033791
0.032917
0.033255
0.034025
0.03395
0.036319
0.037066
0.035282
0.03372
0.035201
0.034589
0.033315
0.034392
0.035012
0.033908
0.034643
0.034989
0.036169
0.037972
0.035929
0.035419
0.034634
0.034601
0.034744
0.033427
0.034936
0.035566
0.037178
0.036156
0.03558
0.040036
0.035614
0.034982
0.034994
0.03391
0.034817
0.035643
0.035964
0.038261
0.037176
0.035884
0.035174
0.033518
0.034597
0.034021
0.035948
0.036102
0.035576
0.036124
0.035643
0.035326
0.034107
0.039543
0.034145
0.035111
0.035029
0.035607
0.035087
0.036097
0.036592
0.038624
0.04054
0.035522
0.035539
0.035003
0.034721
0.034087
0.036234
0.037609
0.038891
0.037394
0.038166
0.037644
0.038295
0.037246
0.037983
0.035305
0.036786
0.036633
0.035997
0.03583
0.034425
0.034392
0.034568
0.034824
0.036845
0.038312
0.038773
0.036205
0.038906
0.035165
0.037542
0.036427
0.035044
0.036164
0.035945
0.034119
0.034594
0.035403
0.034944
0.033926
0.03347
0.034722
0.036389
0.038789
0.037591
0.036142
0.036622
0.035515
0.035371
0.035158
0.035482
0.034648
0.034304
0.034946
0.033937
0.033532
0.034856
0.033597
0.03197
0.033402
0.034995
0.037168
0.037088
0.035351
0.034655
0.033625
0.034992
0.032484
0.033357
0.033209
0.034157
0.032983
0.032665
0.032662
0.031029
0.032884
0.032812
0.032521
0.033111
0.034315
0.034561
0.034975
0.034431
0.034312
0.033791
0.033587
0.034271
0.03371
0.034262
0.034069
0.034269
0.033339
0.033617
0.033435
0.03317
0.031686
0.032684
0.031825
0.033939
0.031336
0.030012
0.030992
0.030867
0.031008
0.03175
0.033297
0.031749
0.032491
0.032047
0.031483
0.030551
0.032125
0.031153
0.030102
0.031167
0.030013
0.029974
0.03294
0.033909
0.033532
0.033114
0.033954
0.034741
0.033755
0.030873
0.033718
0.032356
0.031823
0.033408
0.032986
0.03254
0.032476
0.033773
0.032536
0.032805
0.030517
0.033402
0.03334
0.03205
0.033352
0.033313
0.032156
0.030459
0.030328
0.032398
0.032485
0.033714
0.032646
0.03296
0.032048
0.031305
0.031032
0.037548
0.03179
0.03115
0.0308
0.029905
0.0305
0.030122
0.03025
0.029659
0.031829
0.030215
0.02985
0.03166
0.03087
0.029129
0.033132
0.031723
0.030855
0.031389
0.03021
0.030603
0.03167
0.030227
0.029565
0.031422
0.028824
0.029437
0.029987
0.031022
0.030073
0.030288
0.034349
0.030787
0.030381
0.029061
0.029262
0.02847
0.027286
0.031764
0.028355
0.026637
0.026686
0.025917
0.028238
0.027772
0.027728
0.030383
0.027806
0.02689
0.026764
0.027157
0.031717
0.027196
0.02866
0.027152
0.028004
0.027933
0.026635
0.026356
0.027095
0.027683
0.027719
0.026523
0.02607
0.025669
0.031023
0.026691
0.026304
0.026665
0.025916
0.025704
0.029344
0.027579
0.02736
0.027494
0.031273
0.028399
0.027215
0.027092
0.026495
0.026703
0.029088
0.028627
0.028782
0.028047
0.028849
0.036728
0.03238
0.032019
0.032605
0.032517
0.034752
0.031493
0.030911
0.03218
0.031995
0.032075
0.033196
0.031315
0.032766
0.033133
0.031733
0.030837
0.038749
0.033485
0.032298
0.031215
0.029458
0.031033
0.032035
0.03339
0.033201
0.030105
0.030299
0.032328
0.031045
0.031844
0.031265
0.029676
0.030458
0.030666
0.033303
0.030737
0.02983
0.029945
0.028655
0.029298
0.029602
0.029711
0.030885
0.029937
0.029897
0.030508
0.029073
0.033139
0.031887
0.030957
0.029233
0.030363
0.029723
0.030036
0.030958
0.029483
0.028366
0.030389
0.029173
0.030426
0.031119
0.030198
0.030421
0.029991
0.028945
0.028727
0.029862
0.031409
0.029799
0.029999
0.030431
0.030907
0.029855
0.029666
0.030284
0.033206
0.031704
0.030795
0.030998
0.031702
0.030309
0.031121
0.034256
0.032269
0.031052
0.031451
0.032614
0.032582
0.032878
0.030465
0.031617
0.03026
0.02983
0.03117
0.035062
0.031718
0.03085
0.03152
0.030119
0.029766
0.03225
0.031869
0.038964
0.032362
0.031044
0.032627
0.031201
0.03137
0.031155
0.032197
0.031371
0.031768
0.031358
0.030088
0.031191
0.034243
0.03212
0.032395
0.036595
0.031167
0.030675
0.031404
0.031639
0.029641
0.028099
0.034805
0.031398
0.029674
0.029659
0.029812
0.029743
0.035076
0.031114
0.030148
0.029658
0.033789
0.029647
0.030944
0.029654
0.030043
0.031146
0.030044
0.030127
0.037215
0.031284
0.029313
0.031504
0.029422
0.031438
0.0322
0.030032
0.029351
0.030278
0.029928
0.032039
0.030854
0.028246
0.034016
0.031952
0.030234
0.030383
0.029493
0.027492
0.028237
0.027747
0.026163
0.026485
0.027727
0.026708
0.025943
0.026962
0.027905
0.025677
0.027455
0.031228
0.029797
0.034695
0.027834
0.028642
0.02701
0.026264
0.030532
0.030769
0.031297
0.031429
0.029793
0.035552
0.031098
0.029926
0.02998
0.030206
0.02887
0.030817
0.031541
0.031845
0.029703
0.029278
0.029555
0.030574
0.029952
0.029036
0.031605
0.029987
0.028557
0.029125
0.027911
0.029352
0.033121
0.02972
0.029567
0.030288
0.028623
0.033365
0.030805
0.030329
0.029561
0.029934
0.033274
0.033222
0.031751
0.033887
0.031847
0.031184
0.032548
0.03158
0.032833
0.034272
0.034241
0.033117
0.032994
0.034969
0.035229
0.036439
0.034545
0.034872
0.032809
0.040999
0.035411
0.033558
0.032681
0.03961
0.035559
0.035894
0.035261
0.035914
0.036299
0.035831
0.035835
0.03622
0.038685
0.036166
0.035943
0.034975
0.035255
0.035382
0.034029
0.033881
0.031794
0.031805
0.028599
0.026317
0.023459
0.022552
0.022417
0.022728
0.021606
0.02376
0.023529
0.022922
0.025194
0.02472
0.033707
0.032071
0.030611
0.034311
0.035206
0.035206
0.036751
0.034381
0.034837
0.033879
0.033652
0.035814
0.035753
0.036777
0.034375
0.041446
0.035208
0.034298
0.034184
0.034671
0.033741
0.038126
0.035462
0.037412
0.033441
0.031716
0.033114
0.03913
0.035455
0.034896
0.034074
0.03374
0.032662
0.039219
0.036647
0.033554
0.03655
0.032299
0.034694
0.032173
0.03387
0.034475
0.033746
0.031982
0.031082
0.031143
0.031774
0.031256
0.031824
0.033178
0.030815
0.030103
0.030045
0.030941
0.035162
0.031781
0.032101
0.029659
0.029663
0.026672
0.030618
0.028742
0.027048
0.026709
0.02595
0.024807
0.025457
0.029443
0.026328
0.025224
0.026395
0.023303
0.026202
0.023465
0.026302
0.024548
0.0241
0.023107
0.024475
0.023216
0.022226
0.022624
0.024426
0.023664
0.023996
0.022685
0.023135
0.022335
0.025568
0.023512
0.0249
0.022864
0.024449
0.022363
0.02297
0.023232
0.025292
0.024302
0.024288
0.023539
0.023818
0.027894
0.025188
0.024598
0.025232
0.025189
0.024748
0.028205
0.027338
0.027398
0.026709
0.027467
0.030672
0.028572
0.030583
0.029198
0.029222
0.033364
0.031386
0.031463
0.032086
0.029897
0.033716
0.032581
0.032023
0.03168
0.032262
0.031769
0.032357
0.035042
0.033243
0.033913
0.033483
0.033119
0.032964
0.036883
0.036564
0.034705
0.034203
0.034036
0.033953
0.038815
0.034538
0.034156
0.034202
0.033135
0.033162
0.037465
0.036247
0.035391
0.032683
0.03293
0.039582
0.037122
0.037769
0.036142
0.035791
0.03555
0.040188
0.038438
0.038788
0.036364
0.036719
0.037145
0.036955
0.041889
0.040315
0.037858
0.038078
0.037365
0.037049
0.036555
0.036105
0.035651
0.035598
0.035463
0.038609
0.037612
0.038438
0.036389
0.03722
0.040359
0.0388
0.037812
0.036948
0.036455
0.037082
0.036466
0.035589
0.036325
0.037117
0.035295
0.03427
0.036102
0.037647
0.037861
0.038154
0.037136
0.036551
0.03908
0.03694
0.035913
0.035969
0.035093
0.036102
0.034293
0.037718
0.037102
0.036101
0.036392
0.035041
0.035462
0.035737
0.036852
0.035816
0.035499
0.035001
0.036037
0.037119
0.037339
0.03703
0.035724
0.041369
0.037612
0.037379
0.036994
0.035657
0.035001
0.034871
0.035782
0.034626
0.034489
0.034985
0.036421
0.036431
0.036552
0.034719
0.039958
0.035834
0.033799
0.034563
0.033451
0.033971
0.033396
0.034909
0.033501
0.033827
0.033771
0.035198
0.035719
0.034574
0.035036
0.040306
0.035574
0.035298
0.034359
0.033355
0.032627
0.03317
0.033166
0.032094
0.031865
0.032136
0.033611
0.03411
0.032876
0.032742
0.03771
0.035321
0.03385
0.033884
0.033259
0.032811
0.033355
0.033186
0.032208
0.039081
0.033557
0.034203
0.033434
0.033447
0.033295
0.032594
0.032305
0.031696
0.032726
0.032619
0.033402
0.034936
0.036845
0.033407
0.036745
0.033158
0.033509
0.032251
0.03166
0.031151
0.032373
0.032934
0.033079
0.032879
0.032808
0.032162
0.033821
0.03416
0.032133
0.030787
0.032956
0.03397
0.032357
0.03278
0.031439
0.029521
0.034451
0.031681
0.029902
0.029584
0.029529
0.029246
0.03032
0.030573
0.029247
0.028895
0.029653
0.028485
0.029039
0.031065
0.029962
0.033268
0.031864
0.030875
0.029601
0.029845
0.028112
0.028321
0.031941
0.030398
0.030791
0.031003
0.030375
0.030992
0.034687
0.031091
0.032812
0.034569
0.030973
0.034803
0.032923
0.031854
0.031689
0.031074
0.02945
0.031555
0.031826
0.031685
0.031142
0.031392
0.030966
0.029692
0.030212
0.031264
0.031617
0.030919
0.031971
0.032061
0.031834
0.032253
0.031756
0.034964
0.030851
0.02966
0.031353
0.033276
0.031159
0.030971
0.03044
0.03237
0.031021
0.031107
0.03122
0.029333
0.031485
0.032638
0.03136
0.033491
0.033114
0.031815
0.03275
0.032532
0.033051
0.033208
0.032549
0.035626
0.034568
0.034079
0.033155
0.0334
0.03408
0.032979
0.032704
0.032764
0.031432
0.032569
0.032802
0.032687
0.032938
0.031646
0.034032
0.032779
0.030467
0.03189
0.031759
0.031361
0.03117
0.031262
0.032041
0.030907
0.030629
0.031773
0.034783
0.032886
0.033256
0.032165
0.033525
0.03418
0.032045
0.035976
0.033006
0.032739
0.03239
0.032827
0.032246
0.031421
0.031558
0.030983
0.033965
0.032173
0.030602
0.031169
0.031072
0.030912
0.033923
0.036625
0.030318
0.032359
0.029086
0.031386
0.032058
0.031038
0.029963
0.031631
0.031424
0.030436
0.032336
0.031401
0.031773
0.031931
0.030806
0.032862
0.032012
0.033861
0.030469
0.031267
0.032084
0.031258
0.03053
0.033154
0.032257
0.032137
0.031946
0.032062
0.032038
0.031941
0.031515
0.03115
0.032525
0.033298
0.032524
0.032196
0.032455
0.032785
0.03376
0.03567
0.034078
0.033931
0.033482
0.033241
0.034604
0.035355
0.033995
0.033511
0.035394
0.034745
0.034498
0.034546
0.034691
0.034502
0.034174
0.033509
0.035078
0.03504
0.033506
0.032751
0.032658
0.032313
0.036386
0.033589
0.033342
0.03117
0.031202
0.031828
0.034772
0.031805
0.031412
0.030464
0.030399
0.029884
0.030826
0.033652
0.03013
0.030995
0.031373
0.031231
0.030938
0.031801
0.034842
0.032632
0.03208
0.031555
0.031393
0.032368
0.037004
0.033541
0.034056
0.033326
0.033184
0.032132
0.032356
0.030927
0.033269
0.032826
0.033898
0.033728
0.033712
0.033244
0.032398
0.031442
0.035112
0.032039
0.031012
0.0309
0.029559
0.029036
0.028894
0.027443
0.029514
0.028055
0.028136
0.0266
0.027149
0.026794
0.024954
0.027858
0.024882
0.02427
0.024332
0.023622
0.023908
0.024466
0.025484
0.023644
0.024089
0.022774
0.022938
0.02309
0.022974
0.025215
0.024809
0.023291
0.022764
0.023599
0.022504
0.023102
0.022616
0.023874
0.021793
0.023133
0.024264
0.02425
0.024714
0.024079
0.025797
0.02481
0.027775
0.025808
0.027832
0.02668
0.026574
0.026976
0.026038
0.028645
0.026877
0.028137
0.027359
0.027506
0.028389
0.028324
0.02876
0.031044
0.02806
0.032567
0.030395
0.030961
0.030469
0.033778
0.033316
0.032536
0.033395
0.03335
0.032893
0.039544
0.038324
0.038028
0.035888
0.038268
0.037077
0.033766
0.037752
0.037718
0.038854
0.03841
0.036587
0.038535
0.036797
0.037394
0.035577
0.036116
0.036077
0.035994
0.035913
0.036224
0.035832
0.038761
0.036551
0.036816
0.037668
0.034828
0.034817
0.035702
0.038594
0.036722
0.036199
0.037442
0.035451
0.042562
0.037297
0.037486
0.037782
0.037566
0.038872
0.039057
0.041588
0.039746
0.040184
0.039943
0.039057
0.039112
0.042349
0.041263
0.040489
0.039497
0.038609
0.039105
0.038103
0.037344
0.037559
0.036959
0.038288
0.036896
0.035287
0.035124
0.040907
0.037182
0.036247
0.035499
0.034861
0.034334
0.037113
0.036327
0.035877
0.036174
0.036401
0.045378
0.038976
0.039232
0.038242
0.038362
0.037264
0.0367
0.036308
0.036567
0.036146
0.037582
0.040867
0.042602
0.040525
0.047081
0.041271
0.040144
0.040328
0.040477
0.040056
0.03802
0.038241
0.040543
0.039272
0.037519
0.037605
0.03681
0.037239
0.038444
0.038752
0.039958
0.039004
0.037025
0.037785
0.036097
0.036816
0.03958
0.038478
0.037443
0.037045
0.03658
0.037845
0.037918
0.039556
0.037826
0.037359
0.036092
0.035822
0.036741
0.037025
0.0375
0.039091
0.039775
0.037554
0.037008
0.036758
0.037033
0.036042
0.036518
0.036678
0.037779
0.038985
0.038116
0.039243
0.038257
0.03781
0.039084
0.03734
0.038136
0.038494
0.037803
0.038887
0.041121
0.038838
0.039994
0.039644
0.03999
0.039341
0.03859
0.038691
0.03874
0.038168
0.039019
0.038218
0.040675
0.03844
0.038741
0.039212
0.036913
0.03633
0.037606
0.038432
0.036929
0.038151
0.036291
0.039636
0.04013
0.039442
0.038293
0.038776
0.039547
0.038831
0.042544
0.040836
0.042213
0.040243
0.041146
0.040554
0.040041
0.03847
0.045547
0.037845
0.038829
0.038397
0.039587
0.039801
0.038545
0.037155
0.037251
0.04257
0.03907
0.037568
0.03563
0.036094
0.035773
0.035958
0.034693
0.037394
0.036025
0.035605
0.033916
0.034795
0.035034
0.034779
0.037945
0.035997
0.035221
0.035221
0.034168
0.033922
0.034931
0.034352
0.036585
0.036034
0.034406
0.034695
0.035036
0.034442
0.03419
0.038007
0.039314
0.035237
0.034513
0.032812
0.033899
0.03471
0.032716
0.035426
0.034344
0.033857
0.034184
0.033362
0.031884
0.032384
0.032436
0.03552
0.033344
0.033516
0.035482
0.035655
0.035137
0.042283
0.036017
0.034658
0.037852
0.034902
0.035803
0.034287
0.033626
0.033726
0.032448
0.033325
0.033522
0.030907
0.031662
0.031581
0.032053
0.032862
0.033086
0.032946
0.032306
0.032466
0.032014
0.035326
0.033981
0.033037
0.032681
0.032646
0.032242
0.032051
0.030987
0.030644
0.033339
0.032409
0.031626
0.033113
0.032027
0.031788
0.030574
0.033588
0.032167
0.031751
0.030219
0.031137
0.031062
0.031234
0.03181
0.033793
0.032917
0.033134
0.031769
0.034252
0.033257
0.033164
0.032931
0.036582
0.034339
0.031892
0.032859
0.032798
0.031996
0.03166
0.030762
0.030661
0.030013
0.030675
0.031677
0.03282
0.030967
0.031156
0.031568
0.035057
0.030939
0.03147
0.03038
0.029796
0.03003
0.029563
0.029454
0.029389
0.028198
0.029079
0.030388
0.03006
0.030247
0.029809
0.028862
0.029245
0.032074
0.029994
0.029044
0.029893
0.028748
0.030354
0.029993
0.033212
0.031742
0.033125
0.030771
0.031238
0.031855
0.037761
0.031819
0.03297
0.032546
0.031369
0.031589
0.033548
0.032699
0.032591
0.031421
0.031481
0.03163
0.033715
0.031721
0.037923
0.032905
0.032643
0.032366
0.032431
0.030445
0.030679
0.032883
0.032052
0.03247
0.0338
0.032888
0.033234
0.032308
0.031972
0.032064
0.030546
0.031175
0.03149
0.031723
0.03255
0.032179
0.032968
0.03312
0.033332
0.032588
0.032507
0.034957
0.034968
0.034636
0.033871
0.03577
0.033955
0.036628
0.035634
0.034797
0.036528
0.035779
0.035528
0.035281
0.035252
0.034081
0.038008
0.035594
0.034813
0.034403
0.033214
0.03255
0.034388
0.034103
0.033464
0.035128
0.033971
0.033729
0.031394
0.03228
0.032727
0.032437
0.030751
0.033089
0.031683
0.032236
0.032826
0.031781
0.033123
0.030962
0.03461
0.032413
0.032355
0.032041
0.031687
0.03195
0.031045
0.030749
0.03014
0.032333
0.031543
0.031549
0.031981
0.031521
0.031371
0.036755
0.031623
0.031322
0.032413
0.031804
0.036592
0.032963
0.034708
0.033852
0.034262
0.034393
0.03236
0.034128
0.034568
0.037102
0.035782
0.039562
0.034808
0.036028
0.036842
0.034556
0.036426
0.033194
0.034683
0.032551
0.031809
0.038617
0.031698
0.030637
0.031796
0.031428
0.029473
0.031008
0.029012
0.030305
0.02901
0.029039
0.029403
0.031574
0.030361
0.031281
0.030608
0.028724
0.028888
0.028963
0.028409
0.028204
0.02842
0.029408
0.030158
0.029099
0.0296
0.029568
0.02921
0.029993
0.031772
0.032298
0.031606
0.034365
0.031186
0.030497
0.031343
0.032565
0.032273
0.032773
0.031983
0.033405
0.032781
0.032436
0.033219
0.032759
0.03203
0.032097
0.033161
0.034845
0.040591
0.035723
0.034175
0.033817
0.034155
0.033427
0.033787
0.034853
0.034665
0.033977
0.033992
0.032889
0.03542
0.0329
0.0326
0.032214
0.033939
0.032749
0.031479
0.031826
0.032972
0.030801
0.030879
0.031574
0.030215
0.030548
0.031662
0.030697
0.031153
0.031202
0.030036
0.029634
0.030298
0.029003
0.028468
0.028876
0.029598
0.029668
0.030826
0.030342
0.029456
0.030581
0.029373
0.029867
0.03045
0.029974
0.031822
0.030885
0.030536
0.029682
0.03319
0.03015
0.029489
0.030773
0.029296
0.030041
0.029847
0.030276
0.02927
0.032443
0.030739
0.030716
0.031192
0.033987
0.030392
0.030607
0.029622
0.032635
0.029385
0.028971
0.029236
0.030098
0.028655
0.030052
0.029699
0.029394
0.029541
0.029155
0.030491
0.029079
0.031054
0.029871
0.029698
0.03407
0.032466
0.029552
0.03071
0.030145
0.029694
0.031211
0.030756
0.031728
0.033066
0.032206
0.031609
0.032092
0.031671
0.030798
0.033995
0.031558
0.031347
0.032373
0.032769
0.03384
0.033949
0.033323
0.034939
0.033663
0.033463
0.033055
0.033724
0.034763
0.033483
0.033842
0.034317
0.034888
0.036039
0.03542
0.035822
0.034658
0.034229
0.033319
0.034317
0.034085
0.033805
0.033488
0.036136
0.036796
0.036243
0.03498
0.03467
0.034546
0.033516
0.034057
0.033164
0.03475
0.031336
0.033244
0.030185
0.029233
0.029631
0.028095
0.0271
0.027908
0.027513
0.02748
0.028827
0.027936
0.027409
0.028178
0.02634
0.026361
0.026901
0.025979
0.02602
0.026347
0.025934
0.025637
0.025869
0.025243
0.024726
0.026394
0.025501
0.025355
0.026022
0.024872
0.02569
0.026134
0.025728
0.026037
0.026895
0.026465
0.02588
0.026959
0.02621
0.02655
0.027052
0.026374
0.026816
0.027453
0.026468
0.026892
0.027614
0.026822
0.027228
0.027675
0.027123
0.026669
0.027664
0.026469
0.026343
0.027895
0.02689
0.027026
0.026693
0.026974
0.026491
0.028345
0.026892
0.027354
0.027621
0.0269
0.027111
0.027607
0.027325
0.026621
0.027699
0.027021
0.025871
0.027473
0.026922
0.026145
0.026737
0.027093
0.027411
0.027917
0.026715
0.027487
0.027501
0.026819
0.026982
0.027194
0.02632
0.026992
0.027291
0.027164
0.027029
0.027324
0.026824
0.026801
0.026673
0.026713
0.026873
0.027368
0.005766
