0.007959
0.027016
0.030092
0.02891
0.029945
0.030729
0.030254
0.030176
0.03145
0.030561
0.02836
0.031427
0.031155
0.03149
0.031341
0.029121
0.032526
0.028801
0.029811
0.029728
0.032471
0.029127
0.031914
0.030757
0.029843
0.029233
0.029654
0.029258
0.03028
0.029715
0.03056
0.029627
0.027867
0.030071
0.029862
0.028116
0.030491
0.030082
0.030046
0.029192
0.029511
0.029749
0.030194
0.028909
0.029852
0.028655
0.029432
0.029083
0.028009
0.02843
0.027947
0.028911
0.029831
0.029411
0.028283
0.028896
0.029285
0.029183
0.028781
0.029144
0.028411
0.028381
0.028694
0.028517
0.029556
0.028396
0.029046
0.028328
0.028
0.027288
0.029689
0.028269
0.027241
0.029733
0.028529
0.02824
0.031065
0.031078
0.030178
0.029826
0.02845
0.029039
0.030106
0.029985
0.029189
0.029691
0.029523
0.029864
0.031113
0.031187
0.032159
0.031054
0.030632
0.028813
0.029467
0.029833
0.029796
0.030572
0.030165
0.029563
0.031423
0.031959
0.032246
0.032959
0.033434
0.032146
0.032133
0.031714
0.032143
0.03099
0.032205
0.034809
0.029998
0.030984
0.029151
0.03099
0.030048
0.030458
0.031851
0.029917
0.029586
0.031603
0.030103
0.030721
0.03106
0.031412
0.031517
0.030171
0.031542
0.030923
0.031365
0.031731
0.031919
0.030104
0.030402
0.031524
0.0317
0.030978
0.031193
0.030773
0.031365
0.029922
0.030607
0.030714
0.032243
0.030394
0.03191
0.0333
0.0322
0.032369
0.03231
0.031579
0.031708
0.032198
0.032828
0.03314
0.031952
0.032483
0.032519
0.033496
0.033503
0.034229
0.034293
0.032576
0.035196
0.034865
0.03325
0.03354
0.035202
0.040138
0.034278
0.034281
0.035136
0.033855
0.033999
0.034387
0.035268
0.034425
0.035239
0.03981
0.038267
0.037332
0.036999
0.036437
0.037984
0.037872
0.039559
0.037431
0.03643
0.035932
0.035724
0.037172
0.03654
0.036858
0.037047
0.037183
0.035083
0.037259
0.035245
0.036186
0.035561
0.036931
0.035378
0.036464
0.036413
0.036871
0.036283
0.034672
0.034318
0.035009
0.03495
0.035212
0.034318
0.03425
0.033868
0.033189
0.034259
0.033396
0.034067
0.03535
0.036198
0.036622
0.036354
0.036617
0.036341
0.036909
0.036294
0.035415
0.035465
0.035491
0.034698
0.034537
0.035269
0.03498
0.035212
0.035325
0.036445
0.03577
0.035054
0.033196
0.033802
0.033382
0.033183
0.032978
0.033715
0.034684
0.033522
0.033562
0.03464
0.035204
0.033935
0.033267
0.034978
0.033346
0.033031
0.033568
0.033323
0.033201
0.032025
0.032871
0.032878
0.033282
0.0333
0.033964
0.032564
0.032169
0.031102
0.030219
0.030505
0.029139
0.029961
0.031381
0.03218
0.030791
0.031803
0.032273
0.035521
0.029671
0.029705
0.030552
0.029549
0.031465
0.030132
0.030873
0.031536
0.031388
0.03234
0.029792
0.030322
0.029026
0.027559
0.032019
0.030039
0.030751
0.030408
0.029869
0.030716
0.030314
0.032916
0.030875
0.030859
0.030127
0.030367
0.030907
0.029608
0.030622
0.029217
0.032722
0.031559
0.037108
0.030277
0.036544
0.030588
0.031098
0.030738
0.033279
0.03039
0.029903
0.030055
0.030474
0.030055
0.02954
0.029763
0.02929
0.030649
0.030339
0.030878
0.030877
0.030647
0.031064
0.03082
0.030808
0.030742
0.03078
0.03027
0.029811
0.029265
0.030386
0.031237
0.030672
0.03034
0.031067
0.030615
0.030341
0.030057
0.029345
0.029524
0.029339
0.03054
0.029545
0.029961
0.029174
0.029335
0.029389
0.033828
0.031314
0.030494
0.031338
0.031642
0.031784
0.031861
0.03086
0.031288
0.030579
0.030766
0.031202
0.030254
0.030052
0.030383
0.029642
0.029574
0.029842
0.031344
0.031237
0.031373
0.030928
0.030554
0.031195
0.029162
0.030068
0.030255
0.029005
0.029377
0.029079
0.02873
0.028673
0.028791
0.02875
0.029008
0.028851
0.029241
0.035009
0.029597
0.029359
0.029788
0.029531
0.028962
0.02921
0.029458
0.028901
0.030339
0.02948
0.03018
0.029301
0.02902
0.02993
0.029845
0.029255
0.030486
0.030644
0.03113
0.03245
0.031808
0.032501
0.032311
0.03169
0.032201
0.031317
0.03144
0.031762
0.031547
0.032242
0.031889
0.031735
0.031139
0.031538
0.033591
0.032887
0.033142
0.032705
0.032997
0.032778
0.032375
0.032875
0.031914
0.031138
0.032882
0.031601
0.033769
0.032834
0.032432
0.033086
0.033305
0.03272
0.031953
0.03154
0.031855
0.030828
0.031564
0.029126
0.029766
0.030006
0.02823
0.02777
0.029277
0.027351
0.030062
0.029158
0.028868
0.026991
0.028209
0.02762
0.033603
0.02822
0.028138
0.028401
0.027669
0.027841
0.027986
0.033267
0.028676
0.028497
0.027361
0.030948
0.027845
0.026752
0.026896
0.026701
0.027465
0.026825
0.028548
0.026507
0.027626
0.029254
0.027956
0.027744
0.026711
0.02644
0.025131
0.025167
0.025485
0.026439
0.026511
0.02516
0.025302
0.025783
0.026977
0.026854
0.034928
0.027787
0.026849
0.025887
0.026164
0.025354
0.024314
0.023487
0.023162
0.022784
0.022054
0.021989
0.022766
0.022206
0.021989
0.02559
0.022905
0.029457
0.024938
0.022863
0.024244
0.023297
0.023468
0.023954
0.024278
0.025024
0.025861
0.025574
0.030746
0.026464
0.026992
0.026067
0.02521
0.02642
0.026116
0.025171
0.02506
0.026954
0.025311
0.024357
0.025267
0.023592
0.024872
0.023383
0.022336
0.022096
0.023766
0.022224
0.022617
0.020771
0.021308
0.021887
0.022119
0.020896
0.021779
0.021602
0.021523
0.021183
0.021023
0.021977
0.021769
0.020731
0.020728
0.020718
0.021803
0.021401
0.023369
0.02214
0.022136
0.024003
0.023237
0.022768
0.023342
0.022427
0.022115
0.02074
0.021048
0.020261
0.018654
0.019361
0.018492
0.018475
0.020021
0.019083
0.019888
0.020472
0.021397
0.026458
0.022258
0.021249
0.024448
0.025495
0.023888
0.024012
0.023684
0.023927
0.023797
0.023717
0.022273
0.022058
0.021439
0.022747
0.024171
0.024366
0.030221
0.024016
0.024607
0.023952
0.024393
0.02438
0.022626
0.024351
0.027019
0.025553
0.032998
0.029331
0.028927
0.028025
0.029732
0.029695
0.028784
0.028844
0.026626
0.026851
0.028606
0.028396
0.027463
0.028824
0.026866
0.025454
0.02574
0.024768
0.024865
0.025647
0.025111
0.025881
0.026088
0.024406
0.022886
0.023514
0.026351
0.024437
0.023968
0.024608
0.024398
0.025096
0.02432
0.024588
0.024216
0.026726
0.024859
0.024728
0.024538
0.024778
0.027019
0.025916
0.034455
0.032272
0.026085
0.027551
0.027282
0.027335
0.027419
0.028618
0.027747
0.030104
0.029266
0.028889
0.0332
0.029661
0.028053
0.029973
0.033755
0.030825
0.02948
0.036463
0.028831
0.030453
0.029899
0.029123
0.031779
0.030824
0.032915
0.029316
0.030425
0.029828
0.028721
0.030658
0.030601
0.026611
0.02674
0.026221
0.032155
0.028301
0.0283
0.028127
0.02991
0.02943
0.028906
0.029753
0.030829
0.029128
0.03837
0.032117
0.034601
0.0322
0.03169
0.032378
0.031632
0.033184
0.030855
0.030354
0.029467
0.03082
0.031213
0.030977
0.032154
0.032608
0.033051
0.032113
0.036506
0.032879
0.03341
0.032256
0.032417
0.032329
0.032132
0.032991
0.031801
0.03428
0.034489
0.033496
0.033688
0.033197
0.033504
0.032609
0.035578
0.036005
0.03427
0.03486
0.035888
0.034563
0.038288
0.033269
0.033673
0.033677
0.031848
0.032632
0.033713
0.03736
0.034979
0.034173
0.033916
0.033615
0.034024
0.03924
0.035705
0.034892
0.034274
0.033524
0.035017
0.035146
0.041154
0.038195
0.038226
0.035501
0.035465
0.035994
0.037192
0.036433
0.035786
0.035403
0.035123
0.035352
0.035849
0.037396
0.03643
0.036186
0.040435
0.037099
0.036069
0.034715
0.03454
0.033353
0.035695
0.034707
0.035365
0.034257
0.034654
0.033577
0.033908
0.035016
0.036075
0.036429
0.036598
0.038219
0.0349
0.033843
0.036554
0.035096
0.035572
0.035013
0.035368
0.035243
0.034118
0.03377
0.033337
0.034267
0.034481
0.033743
0.034
0.033997
0.033299
0.032956
0.036129
0.034145
0.033316
0.032846
0.032372
0.033444
0.034958
0.038151
0.03394
0.034155
0.033435
0.032305
0.033536
0.033111
0.032308
0.035406
0.034318
0.034381
0.033404
0.033319
0.033712
0.032267
0.035685
0.033116
0.033
0.031878
0.032446
0.034084
0.037555
0.034081
0.033548
0.033151
0.032531
0.032799
0.031687
0.035109
0.03415
0.033632
0.032874
0.032094
0.033117
0.037616
0.033878
0.034297
0.03312
0.032849
0.032142
0.033286
0.033296
0.034292
0.034082
0.034638
0.033162
0.033893
0.033423
0.037016
0.034172
0.03428
0.033167
0.032294
0.031345
0.036239
0.033292
0.033252
0.033629
0.033736
0.034489
0.038469
0.034179
0.033271
0.032435
0.037837
0.0342
0.033819
0.035055
0.03277
0.032058
0.036696
0.034707
0.039126
0.035084
0.034905
0.033527
0.033563
0.038091
0.035131
0.034281
0.034659
0.034047
0.034321
0.037351
0.034084
0.034499
0.03363
0.032779
0.033184
0.03721
0.034925
0.037203
0.035301
0.040421
0.036131
0.034599
0.04026
0.036268
0.034873
0.034323
0.033811
0.034433
0.033212
0.033905
0.034208
0.034019
0.034625
0.034148
0.032863
0.034603
0.034344
0.04014
0.035619
0.035334
0.034489
0.034318
0.03495
0.034131
0.036708
0.035668
0.035422
0.035364
0.035471
0.03537
0.040695
0.035941
0.035543
0.038257
0.039307
0.036639
0.037882
0.041175
0.03998
0.038013
0.037858
0.03742
0.038741
0.038665
0.038043
0.039967
0.038951
0.03811
0.037604
0.038677
0.038165
0.04218
0.042021
0.043178
0.041288
0.040808
0.04052
0.040741
0.039345
0.040443
0.042558
0.042728
0.044713
0.044179
0.044902
0.043884
0.045219
0.041838
0.042382
0.040471
0.04117
0.042596
0.043995
0.041175
0.042692
0.041494
0.041385
0.041031
0.040959
0.041898
0.042325
0.040306
0.041461
0.038505
0.040471
0.039081
0.038635
0.037999
0.039308
0.039625
0.040992
0.04109
0.041202
0.039199
0.039041
0.038537
0.038323
0.039819
0.038548
0.039735
0.040522
0.039793
0.040062
0.037795
0.043066
0.040267
0.040241
0.03697
0.04002
0.039296
0.03816
0.037728
0.041164
0.040546
0.03971
0.039334
0.038948
0.038549
0.040019
0.037882
0.039092
0.036585
0.0372
0.038033
0.038827
0.03787
0.03851
0.036676
0.03758
0.035835
0.039888
0.03762
0.038635
0.036398
0.0426
0.038589
0.036255
0.035252
0.041656
0.036878
0.038186
0.036884
0.038676
0.038345
0.036481
0.040269
0.038955
0.038196
0.037648
0.03664
0.039886
0.040011
0.042817
0.037491
0.037666
0.036277
0.037103
0.039776
0.039052
0.036349
0.038251
0.039791
0.039926
0.039316
0.040887
0.03857
0.046655
0.043107
0.043716
0.041742
0.042354
0.04122
0.041166
0.041691
0.044078
0.041927
0.042271
0.040251
0.042504
0.041012
0.042354
0.045955
0.044069
0.043386
0.041029
0.041829
0.040997
0.038878
0.044328
0.041416
0.041226
0.040186
0.041342
0.041099
0.039511
0.043793
0.041393
0.041191
0.040368
0.039012
0.040345
0.044331
0.042457
0.039004
0.040994
0.039694
0.046787
0.042231
0.040075
0.039413
0.041336
0.044274
0.043916
0.042374
0.042192
0.041313
0.045708
0.040995
0.041026
0.039858
0.039864
0.039709
0.038861
0.044398
0.041942
0.040189
0.040439
0.040276
0.04097
0.046527
0.0426
0.04111
0.041516
0.040376
0.041272
0.040708
0.043624
0.042419
0.042027
0.040929
0.039957
0.047469
0.042253
0.040151
0.038766
0.038193
0.039178
0.039133
0.044755
0.041301
0.041748
0.041308
0.043688
0.041897
0.047351
0.042473
0.041546
0.042438
0.041308
0.039354
0.043009
0.042022
0.045108
0.041939
0.042939
0.04222
0.042258
0.040463
0.045516
0.040907
0.041303
0.041737
0.041849
0.039722
0.040503
0.045178
0.04202
0.039784
0.04019
0.038789
0.048388
0.04133
0.043271
0.041114
0.042577
0.041076
0.0415
0.041213
0.046512
0.040209
0.040455
0.040341
0.041387
0.040662
0.049049
0.041504
0.041944
0.041978
0.041082
0.038837
0.04128
0.044596
0.041596
0.03936
0.041372
0.040493
0.042143
0.044054
0.042578
0.042044
0.04197
0.039316
0.038885
0.041
0.044855
0.043383
0.04157
0.039348
0.039962
0.042472
0.040285
0.043076
0.041671
0.038836
0.04015
0.039489
0.047579
0.04149
0.04057
0.039292
0.038982
0.037333
0.042998
0.041335
0.039127
0.037516
0.038528
0.043734
0.042309
0.040226
0.038926
0.037395
0.045229
0.04133
0.040466
0.039467
0.039769
0.039783
0.044541
0.039437
0.04081
0.038812
0.039255
0.045835
0.040683
0.040539
0.041921
0.040148
0.039341
0.0455
0.040691
0.039861
0.040168
0.038293
0.039261
0.044552
0.044006
0.041632
0.042342
0.040699
0.041052
0.042822
0.045961
0.042902
0.043211
0.041797
0.043448
0.044067
0.043177
0.043217
0.045709
0.045046
0.045106
0.043266
0.045349
0.043892
0.043041
0.045774
0.043006
0.042246
0.040752
0.040565
0.040437
0.046485
0.041374
0.039381
0.040341
0.04229
0.039607
0.037781
0.041379
0.035976
0.034674
0.039787
0.037955
0.037766
0.040225
0.039953
0.03815
0.038471
0.039938
0.038334
0.039855
0.040553
0.04089
0.041651
0.040798
0.038234
0.040252
0.045691
0.043718
0.041357
0.042576
0.039229
0.038321
0.036595
0.04246
0.039146
0.039345
0.038894
0.038877
0.045483
0.040836
0.038813
0.038761
0.038876
0.038324
0.042251
0.039037
0.038764
0.038095
0.042331
0.041305
0.040765
0.041576
0.038348
0.039176
0.043149
0.041024
0.040141
0.040786
0.039433
0.047293
0.04017
0.042207
0.040102
0.042937
0.04627
0.043826
0.041327
0.041914
0.040892
0.041839
0.045834
0.042151
0.041431
0.042715
0.046333
0.040864
0.047308
0.044407
0.042429
0.041665
0.041998
0.04109
0.047278
0.043212
0.041647
0.040592
0.041846
0.041277
0.041952
0.048046
0.039147
0.040567
0.038875
0.038123
0.046179
0.041594
0.0382
0.037901
0.039113
0.040163
0.038159
0.042041
0.038101
0.036997
0.043569
0.040737
0.03921
0.038023
0.038071
0.036901
0.039577
0.039601
0.040944
0.03828
0.039561
0.041123
0.040087
0.046408
0.038846
0.040685
0.040053
0.038561
0.046754
0.040959
0.040051
0.038482
0.03727
0.04385
0.040575
0.041832
0.040252
0.039795
0.04511
0.041481
0.040161
0.039524
0.038053
0.041029
0.04526
0.041229
0.040452
0.037794
0.040518
0.038647
0.045223
0.039892
0.036844
0.035436
0.037293
0.037487
0.037094
0.042097
0.037138
0.03695
0.036237
0.042418
0.038377
0.03779
0.036722
0.035346
0.039973
0.037862
0.037169
0.038021
0.03604
0.039399
0.039614
0.03724
0.035687
0.035355
0.041809
0.03883
0.036528
0.036711
0.037208
0.041719
0.03978
0.037134
0.035772
0.038252
0.042377
0.041001
0.039709
0.040492
0.038665
0.038707
0.036356
0.041907
0.037347
0.037562
0.036536
0.035603
0.03506
0.041919
0.038348
0.035897
0.03559
0.035389
0.037737
0.039917
0.035397
0.038034
0.034394
0.034433
0.035028
0.04098
0.038312
0.035307
0.035323
0.04473
0.038866
0.038787
0.038386
0.038231
0.03709
0.037859
0.037264
0.03866
0.038276
0.040051
0.039095
0.038363
0.03703
0.044106
0.040563
0.041874
0.039305
0.039266
0.037371
0.038899
0.038762
0.039994
0.03681
0.037887
0.038044
0.040235
0.039875
0.038596
0.038543
0.038181
0.041695
0.040003
0.039104
0.038179
0.037619
0.037848
0.036839
0.041533
0.039869
0.037404
0.037831
0.038898
0.037894
0.038918
0.038208
0.037113
0.037943
0.039833
0.039389
0.039651
0.038891
0.039567
0.038353
0.038173
0.037251
0.039101
0.03963
0.040021
0.039342
0.041352
0.040157
0.038657
0.038846
0.038932
0.039639
0.03882
0.038926
0.038225
0.039259
0.03954
0.038476
0.038752
0.040536
0.040299
0.038627
0.03936
0.038384
0.03946
0.037739
0.037913
0.036319
0.035222
0.034913
0.034072
0.034295
0.033973
0.034735
0.033804
0.033047
0.036703
0.0325
0.032972
0.033103
0.0331
0.034268
0.035394
0.037225
0.044057
0.039099
0.038008
0.036152
0.036409
0.037514
0.036794
0.037753
0.036119
0.03667
0.037912
0.038324
0.038472
0.038946
0.039758
0.039304
0.036829
0.037859
0.041686
0.039055
0.038228
0.037631
0.036805
0.037744
0.037267
0.03683
0.036528
0.036509
0.034762
0.035267
0.037032
0.03524
0.034671
0.034094
0.033921
0.033884
0.036861
0.039241
0.034079
0.03301
0.032197
0.032898
0.032088
0.035693
0.03437
0.032055
0.032039
0.032908
0.034664
0.035608
0.036082
0.036644
0.036258
0.044313
0.036662
0.036571
0.034278
0.034949
0.034583
0.034193
0.033021
0.03494
0.034941
0.03382
0.035812
0.036054
0.036092
0.034774
0.035303
0.040508
0.03604
0.035896
0.034381
0.03431
0.033637
0.033886
0.035422
0.033732
0.034533
0.033364
0.033565
0.033899
0.03405
0.034662
0.039716
0.035024
0.033645
0.033051
0.033336
0.033094
0.032986
0.032304
0.032654
0.032423
0.031192
0.031457
0.031897
0.031797
0.032904
0.033316
0.032953
0.033493
0.037767
0.033092
0.039648
0.033561
0.034835
0.033425
0.033977
0.034792
0.035128
0.033992
0.033066
0.034957
0.035138
0.036545
0.035648
0.034915
0.038005
0.034505
0.037445
0.037635
0.034001
0.034338
0.033558
0.035305
0.03469
0.033542
0.033946
0.034091
0.033215
0.033968
0.035467
0.03569
0.035321
0.035939
0.034457
0.035307
0.035532
0.037792
0.035732
0.035205
0.035738
0.035265
0.036671
0.036173
0.035275
0.033754
0.034377
0.033763
0.034872
0.036116
0.037374
0.036921
0.037012
0.036054
0.035755
0.035405
0.03368
0.037654
0.036665
0.03586
0.03669
0.036715
0.034876
0.035576
0.034137
0.034377
0.033417
0.035589
0.035205
0.035491
0.034617
0.035132
0.034996
0.034915
0.03445
0.033743
0.034566
0.033998
0.033624
0.036156
0.036478
0.03656
0.037481
0.03498
0.036134
0.036956
0.03545
0.036945
0.036906
0.03783
0.036326
0.036476
0.036795
0.035558
0.035896
0.03535
0.035471
0.035898
0.036166
0.035179
0.035366
0.035304
0.034914
0.037166
0.038097
0.038796
0.037255
0.037077
0.037434
0.035603
0.035784
0.035228
0.035446
0.03451
0.033508
0.033278
0.034287
0.035438
0.035666
0.034491
0.035015
0.033818
0.033342
0.032635
0.032082
0.030868
0.030485
0.029715
0.029635
0.02889
0.029026
0.029419
0.02854
0.027903
0.028836
0.026819
0.026047
0.0262
0.026733
0.024859
0.025862
0.024399
0.025027
0.027828
0.028783
0.028291
0.035455
0.031007
0.031819
0.031158
0.031143
0.031633
0.03149
0.029497
0.029087
0.032049
0.032584
0.032727
0.034305
0.032558
0.039217
0.031616
0.030929
0.029979
0.028118
0.030218
0.02894
0.028527
0.029407
0.030513
0.029832
0.02988
0.035755
0.030525
0.030963
0.03149
0.031437
0.032685
0.031926
0.03351
0.032847
0.039864
0.037451
0.034949
0.036967
0.035839
0.035546
0.036218
0.035845
0.035129
0.034156
0.036055
0.035467
0.034792
0.036026
0.03484
0.035481
0.034689
0.035176
0.035954
0.035844
0.03556
0.035601
0.035937
0.039041
0.03919
0.038615
0.038934
0.039412
0.039452
0.038599
0.038408
0.038312
0.039674
0.037761
0.038084
0.037791
0.038037
0.037064
0.037198
0.037539
0.03748
0.036829
0.035781
0.036087
0.035011
0.03531
0.035433
0.034796
0.034752
0.034105
0.034012
0.033996
0.033989
0.03404
0.03526
0.035114
0.036806
0.034292
0.034074
0.03367
0.033458
0.033672
0.033174
0.032379
0.032979
0.035026
0.034174
0.033721
0.034071
0.033956
0.033603
0.034049
0.032729
0.033289
0.033985
0.033017
0.035121
0.033583
0.034167
0.033948
0.033194
0.032051
0.031669
0.031731
0.032156
0.030936
0.0323
0.031817
0.032468
0.032423
0.032838
0.031853
0.038021
0.03412
0.032357
0.03245
0.031878
0.030996
0.031861
0.03207
0.032193
0.031854
0.03198
0.032758
0.033076
0.033099
0.033746
0.033657
0.039099
0.035039
0.034428
0.034795
0.033944
0.033478
0.034404
0.034321
0.034693
0.034169
0.033584
0.034189
0.034858
0.035333
0.035461
0.035309
0.035467
0.034889
0.034309
0.036472
0.03489
0.034057
0.033442
0.034449
0.033496
0.033741
0.032256
0.031883
0.032812
0.032053
0.031257
0.031913
0.030814
0.029622
0.029651
0.032235
0.029308
0.027481
0.027529
0.026306
0.026056
0.026538
0.028889
0.026947
0.026409
0.027415
0.027341
0.029837
0.036802
0.033706
0.033974
0.033631
0.034105
0.032615
0.032707
0.031661
0.032292
0.031591
0.031
0.031963
0.032087
0.031048
0.030698
0.033475
0.031711
0.034707
0.03446
0.031657
0.030297
0.030075
0.042233
0.036217
0.029566
0.029992
0.029255
0.028887
0.029479
0.028973
0.027095
0.029023
0.028852
0.027823
0.027222
0.027439
0.032861
0.027132
0.027097
0.026453
0.025848
0.027469
0.025827
0.030538
0.029305
0.029221
0.031955
0.028491
0.036948
0.034235
0.033425
0.033485
0.032386
0.035798
0.033942
0.033143
0.033281
0.031535
0.032282
0.033207
0.032488
0.032055
0.03292
0.032928
0.032903
0.033936
0.034422
0.036155
0.033821
0.035035
0.0337
0.040914
0.035703
0.036096
0.035539
0.036091
0.035924
0.03509
0.040534
0.035079
0.041807
0.035261
0.034681
0.034289
0.034265
0.034035
0.039469
0.035566
0.036688
0.036704
0.036379
0.041519
0.036435
0.039292
0.034753
0.035596
0.034002
0.034717
0.034396
0.039193
0.035764
0.035797
0.036001
0.036149
0.035595
0.035243
0.034898
0.035708
0.035055
0.035534
0.03624
0.036708
0.036497
0.03601
0.035503
0.034453
0.034025
0.034243
0.032537
0.031601
0.033375
0.032262
0.0329
0.033617
0.031308
0.030595
0.035525
0.030579
0.030321
0.029479
0.0287
0.028614
0.033868
0.029418
0.027705
0.028599
0.028803
0.029314
0.029999
0.030919
0.029942
0.031356
0.03073
0.038146
0.031087
0.031297
0.030654
0.03096
0.036539
0.033191
0.03099
0.03254
0.0317
0.029901
0.030279
0.037327
0.032524
0.032682
0.032322
0.030399
0.034683
0.031619
0.030171
0.031483
0.031763
0.032317
0.03066
0.0309
0.031432
0.031151
0.031908
0.030286
0.030928
0.029935
0.036755
0.030249
0.031349
0.030914
0.031047
0.031188
0.029646
0.031075
0.031473
0.029921
0.030945
0.031507
0.030359
0.030776
0.031375
0.031768
0.03337
0.033673
0.033753
0.033476
0.03314
0.033644
0.033512
0.033727
0.033236
0.033148
0.032878
0.032923
0.03375
0.033398
0.031705
0.03265
0.032929
0.032287
0.032935
0.031435
0.031751
0.031713
0.031201
0.030315
0.030061
0.029056
0.029399
0.029417
0.02824
0.027229
0.028746
0.028327
0.027663
0.028471
0.028674
0.029118
0.028567
0.028095
0.02952
0.02986
0.028757
0.028836
0.029065
0.027886
0.028463
0.029287
0.028194
0.028235
0.027318
0.028081
0.028098
0.028675
0.028135
0.028054
0.028968
0.028057
0.028136
0.028709
0.027728
0.02838
0.029389
0.029299
0.029278
0.030084
0.028836
0.027815
0.028341
0.029929
0.030454
0.03012
0.029224
0.033153
0.030978
0.030121
0.030304
0.031532
0.030425
0.030539
0.032201
0.030579
0.035444
0.029739
0.031056
0.031124
0.030831
0.030552
0.030471
0.031051
0.030919
0.030756
0.032076
0.031046
0.030887
0.031541
0.030399
0.031036
0.031494
0.031211
0.032694
0.033286
0.032709
0.032301
0.03341
0.033115
0.032929
0.033825
0.032421
0.032853
0.033116
0.033263
0.033658
0.033377
0.034488
0.0334
0.033092
0.033592
0.033823
0.033541
0.033409
0.033197
0.033487
0.0345
0.033376
0.032884
0.034147
0.03369
0.033444
0.033871
0.03333
0.033443
0.032347
0.03384
0.033594
0.033826
0.033663
0.03352
0.033359
0.033421
0.0333
0.033364
0.033141
0.035289
0.034233
0.033792
0.034519
0.033088
0.033349
0.034856
0.033683
0.033537
0.033658
0.033752
0.033846
0.035315
0.033837
0.034663
0.037206
0.03512
0.035079
0.034421
0.034796
0.034364
0.033634
0.03449
0.036829
0.034647
0.034772
0.035922
0.034842
0.03513
0.035314
0.035194
0.03339
0.033542
0.033649
0.034168
0.033417
0.033628
0.033667
0.033858
0.033698
0.033412
0.033322
0.034151
0.033733
0.032122
0.033535
0.033236
0.033831
0.033667
0.033514
0.033691
0.035245
0.03305
0.034011
0.033911
0.034451
0.03384
0.034005
0.033769
0.034166
0.033622
0.033666
0.034137
0.033882
0.034081
0.033649
0.034046
0.034048
0.033396
0.032805
0.033839
0.034044
0.033422
0.033844
0.033828
0.033281
0.034514
0.033354
0.03382
0.033298
0.033747
0.033649
0.033935
0.03473
0.033374
0.033935
0.033705
0.033861
0.032284
0.032478
0.032828
0.034063
0.033963
0.03257
0.03366
0.033637
0.033901
0.032733
0.033889
0.034036
0.033383
0.033846
0.033876
0.034082
0.034598
0.033955
0.033571
0.034013
0.034141
0.033285
0.032895
0.032697
0.033896
0.033733
0.034092
0.033506
0.033602
0.034091
0.034727
0.032876
0.0341
0.034002
0.033595
0.032419
0.03271
0.035062
0.033463
0.033237
0.033591
0.03351
0.033542
0.03335
0.03356
0.034657
0.034849
0.033145
0.033047
0.032975
0.034538
0.035243
0.034638
0.031942
0.0346
0.032887
0.034626
0.032316
0.033823
0.032634
0.032664
0.031767
0.035152
0.034227
0.03239
0.033375
0.034268
0.03374
0.033919
0.033135
0.032597
0.03322
0.03357
0.032315
0.033457
0.034951
0.034077
0.034357
0.034383
0.03294
0.035217
0.034274
0.032925
0.033033
0.034794
0.034651
0.0345
0.033676
0.034459
0.034405
0.034142
0.034714
0.03372
0.032736
0.034254
0.033307
0.035227
0.033691
0.034554
0.032947
0.032637
0.034641
0.032694
0.033678
0.033955
0.032667
0.032713
0.033478
0.034601
0.034728
0.035572
0.034434
0.032714
0.034389
0.032527
0.034601
0.034177
0.034564
0.034855
0.034695
0.034714
0.034353
0.034544
0.032735
0.033921
0.034615
0.035042
0.034364
0.034307
0.032704
0.034561
0.034736
0.034671
0.035088
0.032582
0.034818
0.034144
0.033862
0.034891
0.034513
0.034617
0.034659
0.034707
0.034939
0.034468
0.034595
0.0349
0.035618
0.034973
0.034704
0.034232
0.034824
0.033167
0.03421
0.034496
0.034513
0.034851
0.033861
0.034497
0.035324
0.034631
0.034731
0.032059
0.033624
0.03357
0.034485
0.033506
0.033621
0.033754
0.033554
0.031772
0.03438
0.034888
0.033483
0.034352
0.034229
0.033606
0.037742
0.034005
0.038184
0.034022
0.038392
0.033771
0.036573
0.033509
0.03529
0.034874
0.035232
0.034985
0.034353
0.034625
0.034628
0.034593
0.034841
0.03548
0.035079
0.035046
0.034554
0.03443
0.034436
0.03474
0.034746
0.034382
0.034578
0.034643
0.034759
0.034716
0.034895
0.034756
0.033877
0.034982
0.034695
0.034482
0.03379
0.03469
0.034969
0.034169
0.034512
0.034407
0.034084
0.03463
0.034703
0.034413
0.034376
0.034767
0.033766
0.034716
0.034072
0.034256
0.034262
0.032695
0.034387
0.033799
0.034577
0.034353
0.033987
0.034151
0.034812
0.034172
0.03391
0.03402
0.034149
0.034789
0.03452
0.033994
0.033689
0.034319
0.034225
0.033857
0.034814
0.034197
0.033702
0.034166
0.034384
0.033876
0.034135
0.034291
0.034872
0.034509
0.034047
0.034432
0.034446
0.034176
0.034579
0.034471
0.032846
0.033383
0.032442
0.034039
0.034034
0.033414
0.034072
0.033332
0.032767
0.034257
0.034323
0.03468
0.034346
0.035097
0.034818
0.035231
0.034306
0.033916
0.034243
0.034733
0.034564
0.034375
0.03495
0.033387
0.03448
0.034238
0.034067
0.035036
0.034545
0.034863
0.034594
0.034909
0.034985
0.034772
0.034557
0.035328
0.033825
0.034644
0.034868
0.034714
0.033056
0.033392
0.03484
0.034849
0.035136
0.032948
0.036454
0.033495
0.034455
0.033582
0.033036
0.034662
0.034606
0.034613
0.034538
0.034842
0.034546
0.035021
0.03498
0.034923
0.034412
0.034459
0.032858
0.034873
0.035057
0.034526
0.036867
0.035306
0.03544
0.03495
0.034014
0.034136
0.034095
0.034514
0.034381
0.034649
0.034362
0.034867
0.035588
0.033187
0.034152
0.0345
0.034535
0.034707
0.034444
0.034854
0.034859
0.033309
0.034393
0.034615
0.034474
0.034356
0.034438
0.036624
0.034979
0.034513
0.032768
0.033456
0.034428
0.034431
0.035087
0.033218
0.034782
0.034933
0.033021
0.033712
0.034818
0.036483
0.034513
0.035342
0.034688
0.034535
0.034601
0.034545
0.034757
0.032947
0.034926
0.033744
0.034265
0.033721
0.033657
0.03262
0.032523
0.035298
0.033839
0.034083
0.033937
0.034221
0.033657
0.033921
0.035111
0.033813
0.033585
0.033712
0.033513
0.034256
0.034074
0.035118
0.033892
0.033914
0.033159
0.032948
0.033581
0.033597
0.034542
0.033845
0.033577
0.033256
0.033944
0.035174
0.033564
0.034787
0.035021
0.035197
0.034808
0.03516
0.038334
0.034826
0.03515
0.037535
0.035505
0.035877
0.033491
0.034422
0.036019
0.033453
0.035938
0.035158
0.036041
0.036108
0.035154
0.036191
0.034282
0.033042
0.034999
0.033282
0.033559
0.035273
0.033333
0.034846
0.03511
0.035978
0.035018
0.035521
0.035026
0.035554
0.033474
0.035333
0.034987
0.036428
0.035259
0.034994
0.033926
0.033712
0.034945
0.035033
0.035703
0.034911
0.03406
0.033377
0.035307
0.03502
0.034034
0.034886
0.040309
0.037554
0.035559
0.032709
0.035292
0.038834
0.033912
0.032876
0.033989
0.034907
0.038153
0.033465
0.033645
0.034976
0.034343
0.033821
0.033942
0.034755
0.034273
0.034241
0.034276
0.033612
0.033505
0.034275
0.034209
0.034226
0.035172
0.033831
0.035156
0.033663
0.032154
0.034439
0.033925
0.034182
0.033422
0.033769
0.033544
0.034018
0.03261
0.034255
0.034156
0.033559
0.033459
0.034159
0.034315
0.033249
0.034123
0.034192
0.034414
0.034666
0.034663
0.035272
0.034005
0.034769
0.034667
0.035473
0.034423
0.034934
0.032765
0.035401
0.035411
0.03444
0.034763
0.035029
0.034363
0.034879
0.034922
0.03466
0.034611
0.034879
0.033458
0.034279
0.034881
0.035378
0.033125
0.034589
0.033769
0.034304
0.034127
0.034835
0.035497
0.035315
0.034529
0.033872
0.035405
0.035449
0.034748
0.034895
0.034796
0.034454
0.034701
0.034758
0.034451
0.034486
0.034712
0.034305
0.03477
0.033212
0.034844
0.03462
0.034938
0.034569
0.034409
0.034892
0.033284
0.032837
0.034507
0.034799
0.033191
0.033904
0.034179
0.035124
0.035042
0.034168
0.033274
0.035384
0.034489
0.033601
0.034494
0.034695
0.033828
0.034291
0.034676
0.033797
0.033211
0.033154
0.034378
0.033998
0.034497
0.034848
0.034689
0.035201
0.035092
0.034585
0.035066
0.035183
0.034826
0.03437
0.033861
0.033881
0.034619
0.034471
0.034745
0.034834
0.034537
0.03518
0.034809
0.034655
0.034992
0.034483
0.035132
0.03463
0.034912
0.034516
0.034814
0.034951
0.034963
0.034707
0.034183
0.035014
0.033818
0.034899
0.035003
0.034249
0.034599
0.034381
0.034399
0.034107
0.034514
0.034862
0.03477
0.034752
0.034364
0.031998
0.033336
0.032552
0.033316
0.033382
0.032271
0.033844
0.032609
0.031821
0.033359
0.032377
0.03258
0.030651
0.031188
0.031698
0.032502
0.03321
0.033091
0.034142
0.034102
0.033761
0.034347
0.03359
0.034256
0.033543
0.033955
0.034561
0.033416
0.035159
0.035347
0.035028
0.034436
0.034247
0.033688
0.03368
0.033458
0.035381
0.034749
0.034049
0.033733
0.033227
0.033855
0.033554
0.036722
0.034172
0.034128
0.031545
0.03347
0.033591
0.034035
0.033734
0.033366
0.034931
0.033905
0.033526
0.034682
0.034252
0.033879
0.034009
0.033633
0.033174
0.036981
0.036925
0.036283
0.036045
0.035847
0.035721
0.035403
0.037267
0.035265
0.034683
0.034627
0.034745
0.034761
0.035924
0.03637
0.035352
0.035618
0.03475
0.03481
0.033768
0.036061
0.035669
0.034039
0.03421
0.034544
0.0333
0.038214
0.03552
0.034817
0.035403
0.034592
0.033882
0.039969
0.036944
0.036581
0.035475
0.035535
0.034945
0.035628
0.039008
0.03681
0.036918
0.036525
0.034687
0.036252
0.041166
0.036471
0.036649
0.036089
0.035647
0.034029
0.04174
0.037182
0.035689
0.036603
0.037314
0.03472
0.041908
0.038328
0.037939
0.03598
0.035736
0.03496
0.034979
0.039052
0.035448
0.034624
0.034825
0.033734
0.034642
0.038765
0.034857
0.034175
0.034054
0.032725
0.038063
0.035008
0.034856
0.033511
0.033587
0.032441
0.031837
0.032472
0.032283
0.033666
0.032274
0.031224
0.032083
0.031009
0.036135
0.032562
0.031165
0.03119
0.030783
0.029698
0.030591
0.03326
0.031505
0.030969
0.029871
0.030165
0.036054
0.031732
0.031864
0.02913
0.030757
0.031655
0.030703
0.03154
0.03314
0.031945
0.031659
0.037881
0.030869
0.035977
0.031796
0.030775
0.03306
0.031388
0.030757
0.035896
0.03405
0.036516
0.033785
0.031957
0.033583
0.03803
0.03641
0.035943
0.034669
0.035342
0.034718
0.035602
0.039094
0.035899
0.035783
0.039992
0.037561
0.035383
0.036409
0.038457
0.037892
0.036466
0.034479
0.035362
0.03592
0.035122
0.040875
0.035009
0.035356
0.034597
0.033055
0.034709
0.039933
0.036157
0.035707
0.036691
0.034661
0.035243
0.042354
0.036366
0.035852
0.036056
0.035451
0.035222
0.040066
0.035924
0.036049
0.034626
0.034583
0.034335
0.041409
0.037939
0.036038
0.035199
0.035438
0.033983
0.034914
0.038491
0.035426
0.035025
0.034316
0.033277
0.034585
0.039837
0.035251
0.034545
0.033743
0.033659
0.033068
0.03772
0.034576
0.033197
0.03242
0.031736
0.03192
0.036612
0.030264
0.030584
0.032778
0.030886
0.028786
0.030968
0.031032
0.030727
0.030854
0.030209
0.029372
0.031833
0.031057
0.030662
0.033682
0.039241
0.034648
0.034654
0.032541
0.031582
0.031222
0.030304
0.02962
0.02767
0.029108
0.02983
0.029956
0.030242
0.031127
0.031695
0.030008
0.030464
0.035457
0.029966
0.029155
0.02812
0.02833
0.026492
0.02688
0.02633
0.028646
0.028815
0.028703
0.02782
0.029143
0.028847
0.029836
0.033926
0.02808
0.027948
0.026979
0.026508
0.025849
0.025917
0.029339
0.029127
0.029591
0.029085
0.029687
0.035164
0.030081
0.035084
0.035125
0.029861
0.030153
0.031045
0.029742
0.036524
0.029721
0.033591
0.03101
0.030742
0.032251
0.032601
0.032555
0.032834
0.032374
0.032706
0.035736
0.033236
0.032563
0.032335
0.032089
0.035564
0.032964
0.032393
0.032446
0.032609
0.031464
0.032055
0.032424
0.032556
0.032068
0.031556
0.032876
0.031708
0.031788
0.034009
0.031186
0.03321
0.032426
0.032744
0.031755
0.036486
0.03386
0.0327
0.033607
0.032186
0.032714
0.037673
0.033675
0.034051
0.032773
0.033046
0.032091
0.033054
0.031745
0.034699
0.032762
0.030873
0.029681
0.028439
0.027953
0.026739
0.028039
0.030921
0.027806
0.027148
0.028082
0.028166
0.026918
0.030889
0.025466
0.024825
0.024377
0.024442
0.024098
0.026571
0.026342
0.028921
0.026231
0.023994
0.022561
0.026765
0.02196
0.02167
0.021472
0.023473
0.02812
0.028407
0.024552
0.028381
0.024794
0.025769
0.025975
0.025901
0.025284
0.026622
0.026388
0.023481
0.022182
0.025043
0.02578
0.021445
0.022495
0.021233
0.021936
0.024027
0.024139
0.022936
0.02553
0.021012
0.020888
0.020724
0.021115
0.021702
0.02247
0.025714
0.023432
0.023292
0.023911
0.021375
0.022556
0.023683
0.02294
0.023761
0.023676
0.02706
0.02491
0.024247
0.025051
0.026949
0.026921
0.027359
0.027737
0.026949
0.025597
0.029844
0.029302
0.028174
0.028447
0.026826
0.026429
0.027776
0.024697
0.025194
0.027783
0.025975
0.026037
0.02588
0.024824
0.023299
0.023226
0.028628
0.025737
0.02445
0.024754
0.029646
0.028848
0.024012
0.025445
0.024369
0.024899
0.02661
0.023714
0.025947
0.026414
0.025576
0.028252
0.02971
0.028153
0.03512
0.031766
0.029954
0.029746
0.028722
0.029061
0.028678
0.027749
0.027514
0.029576
0.028789
0.029313
0.029779
0.029959
0.028774
0.030925
0.030322
0.034873
0.028816
0.029572
0.02976
0.027702
0.026528
0.025593
0.028149
0.028585
0.028051
0.027436
0.027117
0.029342
0.029206
0.029406
0.037135
0.03084
0.031372
0.031074
0.030564
0.030514
0.031128
0.030767
0.029532
0.029293
0.029295
0.031541
0.030636
0.032823
0.032084
0.031498
0.031647
0.038534
0.039022
0.036693
0.033368
0.033797
0.033405
0.032945
0.032249
0.031594
0.031901
0.03403
0.032168
0.032243
0.032033
0.034383
0.032948
0.036045
0.041633
0.041314
0.03472
0.035968
0.034598
0.034951
0.034181
0.038478
0.03547
0.037001
0.035502
0.036044
0.038258
0.035658
0.036818
0.042546
0.037847
0.037897
0.035232
0.037092
0.037367
0.035516
0.037243
0.036255
0.037965
0.036952
0.035443
0.036445
0.043988
0.038423
0.036388
0.035403
0.03632
0.035063
0.034708
0.035429
0.036952
0.035203
0.036881
0.035923
0.036888
0.035545
0.034983
0.034288
0.039059
0.036507
0.035658
0.035349
0.033886
0.034431
0.035234
0.035974
0.035155
0.036329
0.035537
0.034199
0.034967
0.034428
0.033628
0.037732
0.034635
0.035461
0.033167
0.033508
0.032276
0.033789
0.037145
0.033848
0.033607
0.033709
0.033123
0.033598
0.034431
0.033703
0.033037
0.033812
0.033144
0.033222
0.033875
0.034306
0.034263
0.034489
0.034155
0.032407
0.032644
0.031619
0.037922
0.034122
0.033046
0.03347
0.032875
0.032661
0.037053
0.034474
0.033561
0.032022
0.032469
0.039491
0.037116
0.035016
0.034484
0.033313
0.034079
0.036107
0.035408
0.033939
0.03281
0.033389
0.032744
0.033393
0.035895
0.033683
0.034324
0.033303
0.032128
0.038531
0.034277
0.033371
0.031744
0.032274
0.036773
0.034439
0.03397
0.033578
0.034474
0.033159
0.039806
0.035472
0.034481
0.032665
0.033387
0.031902
0.035828
0.035132
0.036325
0.035676
0.035214
0.034621
0.035476
0.034384
0.043189
0.03638
0.034519
0.035286
0.034213
0.033882
0.034485
0.037506
0.034962
0.034022
0.034821
0.041091
0.037382
0.039707
0.037148
0.034824
0.034254
0.033415
0.035919
0.034711
0.033358
0.032311
0.034466
0.033935
0.03864
0.034229
0.032341
0.03417
0.032998
0.033875
0.036495
0.034596
0.032967
0.03455
0.033554
0.042599
0.03699
0.035413
0.034057
0.033976
0.034463
0.0356
0.038967
0.038615
0.036678
0.037722
0.039145
0.037907
0.04028
0.040214
0.037366
0.037128
0.038478
0.037823
0.03838
0.037232
0.039837
0.040134
0.038934
0.038216
0.039285
0.037339
0.043191
0.041933
0.042079
0.039573
0.039751
0.040688
0.041123
0.04184
0.043082
0.042038
0.042289
0.044834
0.042882
0.042702
0.04221
0.041758
0.04169
0.042328
0.041794
0.041786
0.041059
0.040383
0.041138
0.03967
0.03977
0.043978
0.041347
0.039892
0.039618
0.040008
0.039726
0.038842
0.037905
0.040336
0.038887
0.038811
0.038301
0.038175
0.038276
0.037775
0.036933
0.036295
0.037191
0.037663
0.036714
0.037751
0.039708
0.038222
0.039095
0.040019
0.038623
0.039649
0.038946
0.039629
0.039262
0.039339
0.037435
0.039132
0.038082
0.043139
0.040271
0.040563
0.040326
0.04251
0.041421
0.039024
0.039886
0.038205
0.037967
0.03797
0.037822
0.03808
0.038211
0.038139
0.036334
0.038036
0.035258
0.041533
0.040349
0.038818
0.037083
0.037853
0.038214
0.036945
0.037006
0.039038
0.03828
0.036642
0.037131
0.036824
0.035147
0.040876
0.036516
0.036325
0.036515
0.036546
0.036238
0.037077
0.036913
0.039564
0.03785
0.038144
0.037772
0.039873
0.038431
0.044623
0.040541
0.041699
0.040942
0.040906
0.041436
0.045224
0.042328
0.041369
0.042081
0.041522
0.040263
0.046573
0.042178
0.042898
0.041711
0.041478
0.041397
0.041264
0.039903
0.044714
0.040479
0.04015
0.038704
0.042174
0.044906
0.042529
0.041475
0.041518
0.04216
0.040989
0.040798
0.046396
0.042372
0.041237
0.039759
0.038837
0.039779
0.045062
0.03966
0.04001
0.041024
0.041342
0.04684
0.043065
0.042795
0.041762
0.041912
0.045845
0.042219
0.043166
0.039716
0.03826
0.039437
0.044234
0.040837
0.041252
0.041121
0.039898
0.046627
0.042563
0.041625
0.041141
0.040612
0.040105
0.039488
0.046683
0.041495
0.041269
0.040251
0.040035
0.047573
0.046775
0.042914
0.042882
0.045501
0.040417
0.046134
0.042529
0.042272
0.041238
0.041814
0.039698
0.04439
0.043562
0.043933
0.043442
0.04447
0.041574
0.042065
0.041387
0.048304
0.044031
0.046389
0.043874
0.04336
0.043364
0.042092
0.041529
0.04518
0.043452
0.041809
0.042861
0.040485
0.040928
0.042532
0.040851
0.040935
0.043407
0.040748
0.040669
0.041162
0.04052
0.04524
0.042016
0.041393
0.041184
0.041042
0.04109
0.039057
0.046446
0.04186
0.041578
0.042005
0.039207
0.042305
0.0414
0.044102
0.043327
0.041277
0.041344
0.040022
0.041321
0.047274
0.041538
0.040977
0.041235
0.040961
0.041095
0.04059
0.046474
0.040712
0.041138
0.038916
0.040931
0.040895
0.041226
0.044208
0.039657
0.038803
0.040545
0.038838
0.039338
0.039656
0.044519
0.040481
0.040355
0.039129
0.039144
0.039382
0.045686
0.038963
0.040126
0.039337
0.038384
0.035504
0.043612
0.038257
0.038385
0.036298
0.035504
0.036119
0.04284
0.039884
0.039865
0.03926
0.038023
0.037864
0.039512
0.041613
0.040869
0.038961
0.037571
0.041893
0.041435
0.037227
0.039264
0.041988
0.042383
0.03922
0.039368
0.039622
0.038503
0.038657
0.038046
0.041525
0.041352
0.040861
0.040241
0.040397
0.039473
0.039609
0.037867
0.042356
0.043276
0.039196
0.041364
0.041659
0.041368
0.041173
0.04082
0.042756
0.042468
0.041355
0.04197
0.041865
0.041804
0.040304
0.041039
0.040434
0.041938
0.041145
0.040611
0.040786
0.040794
0.038954
0.03936
0.038646
0.04198
0.040119
0.040076
0.041254
0.041218
0.040694
0.040084
0.044268
0.040535
0.040537
0.040843
0.03994
0.042202
0.040933
0.040565
0.040371
0.040698
0.040048
0.040291
0.041342
0.041678
0.041336
0.044846
0.044861
0.043693
0.04149
0.042611
0.039762
0.041663
0.041292
0.041984
0.044678
0.04227
0.0401
0.041123
0.041777
0.041148
0.040317
0.045078
0.042133
0.039796
0.039068
0.042187
0.040502
0.039718
0.042762
0.040612
0.039565
0.04105
0.037304
0.03793
0.036155
0.03866
0.040167
0.04035
0.038925
0.039655
0.039357
0.041293
0.039763
0.038457
0.038809
0.040105
0.038705
0.036969
0.038544
0.038247
0.038058
0.037655
0.037325
0.039199
0.037277
0.037626
0.03639
0.036333
0.037865
0.040195
0.038143
0.039214
0.037801
0.037192
0.036735
0.036348
0.037802
0.037712
0.036756
0.037452
0.036582
0.035396
0.036293
0.035388
0.034848
0.036134
0.035442
0.035221
0.036061
0.038508
0.039538
0.039841
0.039279
0.03908
0.038418
0.038491
0.037687
0.039021
0.037724
0.03897
0.037672
0.036734
0.038017
0.039233
0.039028
0.038225
0.038589
0.038576
0.037273
0.037818
0.038519
0.039542
0.038848
0.039369
0.037956
0.040422
0.038273
0.039342
0.04223
0.038148
0.038482
0.039187
0.039714
0.039659
0.038683
0.037673
0.03805
0.039673
0.039344
0.039381
0.038017
0.038844
0.039499
0.039763
0.039902
0.038598
0.040275
0.039414
0.037842
0.03916
0.036969
0.038048
0.038874
0.036448
0.03745
0.038335
0.037675
0.038161
0.038045
0.038216
0.038128
0.038836
0.037888
0.038269
0.037625
0.038103
0.038151
0.037876
0.038165
0.038649
0.037448
0.038368
0.038274
0.038013
0.03852
0.03863
0.039071
0.038669
0.038086
0.038975
0.0382
0.038843
0.036097
0.040983
0.037183
0.039286
0.038084
0.038092
0.036325
0.038258
0.040843
0.039038
0.038363
0.039465
0.038494
0.039223
0.037617
0.038563
0.03907
0.038658
0.037674
0.039138
0.038536
0.039141
0.037937
0.039562
0.037813
0.039613
0.037072
0.039438
0.037858
0.038835
0.038289
0.038499
0.038474
0.038155
0.036306
0.038011
0.038112
0.039245
0.038198
0.038288
0.036754
0.037437
0.039689
0.039934
0.038079
0.038503
0.03987
0.039141
0.038398
0.03835
0.038548
0.039397
0.039613
0.038571
0.038593
0.038912
0.038406
0.038727
0.039608
0.039079
0.039581
0.038827
0.038166
0.039519
0.038776
0.038768
0.037998
0.03907
0.038642
0.038649
0.037965
0.038877
0.037956
0.039583
0.038388
0.038909
0.038527
0.037463
0.037903
0.039628
0.038532
0.039131
0.037728
0.038819
0.037994
0.038966
0.037758
0.038363
0.039002
0.039448
0.038922
0.038869
0.038433
0.03914
0.038002
0.038432
0.038259
0.03923
0.038069
0.038269
0.038265
0.038978
0.037826
0.038686
0.037901
0.038227
0.037632
0.038562
0.037742
0.036764
0.038533
0.038243
0.037085
0.039536
0.037206
0.037786
0.038659
0.038594
0.037562
0.038987
0.038046
0.039467
0.03644
0.038594
0.037822
0.03822
0.038506
0.039905
0.038851
0.038866
0.039188
0.039636
0.036831
0.038332
0.038674
0.038887
0.037867
0.039554
0.037253
0.03832
0.039043
0.039646
0.038183
0.038881
0.038615
0.038441
0.038683
0.039089
0.038919
0.039778
0.039051
0.038996
0.038344
0.03924
0.038984
0.038696
0.038581
0.039201
0.038703
0.040536
0.038292
0.040136
0.038716
0.039618
0.038364
0.039303
0.038294
0.039707
0.039048
0.038981
0.038599
0.040495
0.038462
0.039631
0.037442
0.038606
0.038103
0.039832
0.038835
0.039219
0.039264
0.038974
0.038846
0.038717
0.038544
0.03991
0.038969
0.03806
0.036991
0.039448
0.038911
0.040951
0.0388
0.038431
0.038056
0.039624
0.037428
0.038303
0.038738
0.039584
0.038972
0.039461
0.037882
0.039533
0.040696
0.039282
0.038404
0.039506
0.039013
0.040502
0.038695
0.039929
0.038913
0.039811
0.038306
0.037365
0.038016
0.04007
0.039096
0.040053
0.037794
0.039526
0.038285
0.039389
0.038489
0.037604
0.03806
0.038481
0.038554
0.039446
0.039011
0.039492
0.038105
0.039062
0.03846
0.039714
0.038767
0.039961
0.038571
0.038543
0.039093
0.03906
0.038119
0.039636
0.039003
0.039177
0.038327
0.037637
0.038583
0.039896
0.037879
0.039535
0.038258
0.039818
0.038753
0.040064
0.038907
0.039471
0.039581
0.03943
0.038431
0.038202
0.038477
0.039874
0.039268
0.038977
0.037433
0.03851
0.038197
0.038837
0.038897
0.03891
0.038395
0.039054
0.038951
0.038868
0.039276
0.039077
0.039349
0.038985
0.039927
0.040281
0.039107
0.03935
0.037682
0.039528
0.03759
0.039739
0.03847
0.040359
0.039459
0.038532
0.039165
0.039272
0.039074
0.03865
0.037869
0.039239
0.038642
0.038384
0.038526
0.038591
0.038267
0.038713
0.039075
0.038769
0.038206
0.039464
0.039216
0.039352
0.038117
0.039124
0.038533
0.039584
0.037428
0.038603
0.038699
0.039175
0.038621
0.038517
0.038002
0.039818
0.037904
0.039056
0.038115
0.038206
0.037655
0.037843
0.038473
0.040335
0.037803
0.038409
0.038383
0.038266
0.04193
0.038673
0.038792
0.039415
0.038561
0.037808
0.038135
0.039193
0.038456
0.038628
0.038289
0.036852
0.037328
0.038974
0.039199
0.040365
0.039175
0.039888
0.038705
0.037179
0.04089
0.038368
0.036543
0.037723
0.038954
0.039923
0.038165
0.039036
0.037045
0.037739
0.038005
0.038079
0.036958
0.036741
0.036172
0.038256
0.037146
0.03631
0.035664
0.036666
0.03685
0.036636
0.037994
0.03646
0.036184
0.037379
0.037751
0.037875
0.037725
0.037389
0.038909
0.039648
0.03851
0.038087
0.037145
0.038024
0.039175
0.038607
0.037908
0.044052
0.037951
0.039108
0.03877
0.038458
0.037719
0.041137
0.038171
0.03926
0.037886
0.038422
0.038145
0.039043
0.038421
0.038232
0.037816
0.038409
0.041339
0.03973
0.037529
0.039039
0.038438
0.038485
0.037209
0.035221
0.035976
0.039079
0.038189
0.038099
0.038818
0.039132
0.037576
0.038354
0.037361
0.037375
0.037833
0.038616
0.03891
0.039583
0.037662
0.039022
0.0392
0.038193
0.037504
0.038247
0.038791
0.039009
0.038604
0.04049
0.037955
0.038284
0.038284
0.038221
0.037716
0.0384
0.038457
0.038178
0.038755
0.038854
0.037003
0.038131
0.038279
0.03846
0.037683
0.038002
0.037189
0.03874
0.037734
0.03834
0.038086
0.039019
0.037155
0.037998
0.038489
0.038404
0.038287
0.037422
0.037979
0.037565
0.038691
0.038947
0.037606
0.038329
0.038169
0.038822
0.03777
0.038666
0.038003
0.039042
0.037795
0.038727
0.037657
0.038506
0.037092
0.038555
0.038022
0.038758
0.037407
0.037876
0.038059
0.037022
0.03714
0.03734
0.03814
0.038673
0.038413
0.037874
0.038279
0.039291
0.037455
0.038081
0.037952
0.037558
0.037548
0.039144
0.037402
0.038753
0.037854
0.039021
0.037878
0.037391
0.037613
0.037726
0.038246
0.038434
0.037772
0.03819
0.037547
0.03942
0.037877
0.039497
0.037914
0.036892
0.037429
0.038389
0.037563
0.0387
0.038181
0.038481
0.03818
0.038624
0.038592
0.038689
0.037481
0.037826
0.038812
0.038552
0.037224
0.038477
0.038284
0.037826
0.037605
0.03918
0.037482
0.038319
0.03823
0.039177
0.037481
0.037429
0.037097
0.03728
0.036619
0.037191
0.038037
0.038985
0.037422
0.037518
0.036873
0.036985
0.036061
0.037574
0.037588
0.03634
0.036833
0.037806
0.037628
0.037936
0.03616
0.037009
0.0363
0.03667
0.036777
0.037493
0.037578
0.037656
0.037662
0.036879
0.037189
0.037083
0.036913
0.037005
0.038756
0.036854
0.036419
0.036715
0.037477
0.036373
0.036444
0.036472
0.037504
0.036445
0.036231
0.03593
0.036611
0.037569
0.036201
0.038292
0.039345
0.039013
0.037301
0.036808
0.037758
0.036514
0.036646
0.035974
0.036553
0.040776
0.037111
0.040153
0.036994
0.037387
0.037003
0.036423
0.037557
0.036731
0.035253
0.036425
0.036884
0.036066
0.03775
0.035374
0.03798
0.036108
0.035705
0.035351
0.037357
0.037423
0.038189
0.039941
0.037643
0.037598
0.03713
0.037208
0.036361
0.035289
0.036119
0.035795
0.035533
0.035468
0.035325
0.036049
0.036537
0.036815
0.035889
0.035271
0.036107
0.035672
0.034615
0.038406
0.035942
0.035276
0.034926
0.034944
0.035821
0.035425
0.03489
0.035076
0.036265
0.035837
0.036213
0.035611
0.035271
0.035182
0.036095
0.037521
0.038349
0.036156
0.035295
0.034614
0.034764
0.033249
0.032507
0.035819
0.032691
0.032778
0.031869
0.031264
0.034082
0.034125
0.033789
0.03704
0.034171
0.033552
0.032802
0.039675
0.034385
0.033755
0.033358
0.032981
0.031851
0.0315
0.03512
0.034182
0.034039
0.032982
0.032631
0.033565
0.034288
0.036058
0.033859
0.035965
0.033817
0.033494
0.040746
0.034012
0.034504
0.034096
0.032729
0.032245
0.031916
0.034864
0.034722
0.034187
0.033994
0.033389
0.039065
0.034174
0.033602
0.034501
0.033171
0.033075
0.033248
0.038289
0.035573
0.035355
0.035713
0.03493
0.035674
0.039516
0.03636
0.034063
0.034404
0.034818
0.034394
0.039668
0.036414
0.036174
0.035948
0.035382
0.034316
0.040204
0.037478
0.036733
0.035094
0.034762
0.034182
0.039143
0.035834
0.034746
0.034361
0.033556
0.033502
0.041667
0.035786
0.034428
0.034403
0.033718
0.033986
0.033733
0.037341
0.035285
0.034348
0.034329
0.03367
0.03378
0.033434
0.033015
0.035585
0.034143
0.033045
0.033444
0.033884
0.033137
0.037676
0.034452
0.034229
0.033568
0.033686
0.033346
0.033725
0.037184
0.036786
0.036003
0.035859
0.035782
0.035845
0.040433
0.038868
0.038127
0.037391
0.037801
0.037108
0.040166
0.037953
0.03641
0.039279
0.041092
0.039497
0.038753
0.039192
0.040692
0.037274
0.041838
0.038635
0.039251
0.040013
0.036323
0.03777
0.038199
0.041167
0.039558
0.037822
0.037618
0.03717
0.037751
0.036896
0.03598
0.037289
0.04038
0.035981
0.035306
0.036956
0.036123
0.036959
0.036829
0.036703
0.035842
0.035563
0.035123
0.03516
0.036564
0.036186
0.035994
0.035477
0.035247
0.03557
0.035331
0.034715
0.034614
0.034192
0.033396
0.032664
0.032862
0.034663
0.034421
0.034992
0.03529
0.035466
0.034326
0.034292
0.033875
0.036072
0.033964
0.033218
0.033717
0.034414
0.033381
0.033998
0.031963
0.034173
0.032586
0.033312
0.032836
0.032771
0.033744
0.033149
0.033585
0.032739
0.031567
0.033718
0.033341
0.033701
0.034381
0.032903
0.033382
0.034137
0.032723
0.032661
0.032921
0.032647
0.033006
0.032599
0.032391
0.031632
0.033671
0.032946
0.032749
0.032256
0.031014
0.034203
0.031383
0.032374
0.03307
0.032766
0.032151
0.032916
0.032217
0.035361
0.031185
0.032792
0.032362
0.032319
0.032682
0.032563
0.031496
0.031245
0.032456
0.032045
0.032646
0.032286
0.03214
0.033086
0.032505
0.032591
0.0326
0.032043
0.03233
0.033027
0.032558
0.031943
0.032442
0.032215
0.032295
0.031554
0.032694
0.032834
0.032708
0.032876
0.032212
0.032511
0.032633
0.033317
0.031451
0.032078
0.032429
0.033273
0.033385
0.032328
0.032639
0.032426
0.032669
0.032618
0.032751
0.032426
0.032318
0.031465
0.032394
0.032521
0.032211
0.035527
0.032644
0.032523
0.032332
0.031294
0.030994
0.032649
0.032019
0.031177
0.032245
0.031232
0.03245
0.031797
0.032777
0.035752
0.036663
0.032272
0.032959
0.032077
0.032762
0.031389
0.032247
0.033166
0.030865
0.031628
0.031412
0.033159
0.031882
0.033632
0.031406
0.035101
0.037054
0.034526
0.032882
0.037765
0.034455
0.034561
0.034031
0.032994
0.033194
0.033096
0.033932
0.031809
0.033232
0.032798
0.032626
0.032699
0.032436
0.032363
0.031693
0.031297
0.030707
0.032965
0.032539
0.033364
0.032921
0.03254
0.033323
0.032971
0.032796
0.031882
0.03076
0.03201
0.031187
0.032004
0.032192
0.033115
0.033709
0.03269
0.031941
0.032097
0.030971
0.031404
0.035913
0.030833
0.030262
0.029623
0.031916
0.031817
0.031592
0.032227
0.030738
0.03081
0.031318
0.033003
0.034804
0.032084
0.030992
0.030403
0.031024
0.030124
0.032027
0.036681
0.032543
0.039012
0.03249
0.03243
0.033619
0.031154
0.03232
0.031962
0.0319
0.032239
0.032341
0.032863
0.033114
0.033831
0.033924
0.032296
0.032483
0.032571
0.03498
0.033336
0.032639
0.032272
0.033267
0.032589
0.032893
0.032372
0.034571
0.033768
0.033936
0.03272
0.034686
0.035226
0.034845
0.032929
0.033547
0.03511
0.034738
0.041138
0.033709
0.033981
0.033043
0.032462
0.031972
0.034916
0.033259
0.031981
0.031652
0.033137
0.032902
0.039099
0.034048
0.035886
0.034934
0.037833
0.03318
0.037162
0.033548
0.038156
0.035986
0.033917
0.034158
0.035052
0.034738
0.034665
0.038403
0.034674
0.034389
0.033595
0.031985
0.032343
0.034334
0.039067
0.039012
0.038337
0.037932
0.036329
0.036624
0.035375
0.036639
0.03848
0.03843
0.036876
0.037775
0.036162
0.036108
0.036034
0.040324
0.036791
0.037932
0.036754
0.038095
0.035549
0.036611
0.038127
0.038241
0.037955
0.036069
0.035426
0.035161
0.035408
0.041419
0.036699
0.036845
0.039498
0.036395
0.03691
0.035214
0.037902
0.039142
0.035091
0.034188
0.034739
0.033522
0.032865
0.032218
0.035535
0.033206
0.034303
0.034742
0.03291
0.031426
0.035873
0.031858
0.030728
0.029929
0.030307
0.028819
0.034954
0.030625
0.02917
0.028936
0.028728
0.029278
0.029444
0.036173
0.030624
0.02857
0.028393
0.031002
0.026693
0.032009
0.030237
0.031067
0.026298
0.031659
0.027164
0.025445
0.027461
0.027437
0.030543
0.027539
0.026279
0.026701
0.026142
0.030313
0.029086
0.028768
0.028438
0.027976
0.029708
0.027553
0.029197
0.02932
0.028346
0.03021
0.03161
0.02955
0.030239
0.030792
0.028661
0.028084
0.032006
0.028345
0.028758
0.028175
0.027783
0.028253
0.032
0.031853
0.029463
0.029506
0.030443
0.03067
0.029764
0.029314
0.034533
0.031874
0.03335
0.032177
0.032157
0.031992
0.032749
0.032732
0.036872
0.034626
0.034489
0.033798
0.035047
0.034107
0.033844
0.033312
0.034397
0.034166
0.033315
0.03461
0.034785
0.03617
0.035874
0.034902
0.035375
0.034217
0.03394
0.033934
0.033129
0.033381
0.034608
0.036283
0.035199
0.035746
0.035108
0.034448
0.033874
0.035769
0.034268
0.034275
0.033198
0.033694
0.03253
0.037663
0.035106
0.033892
0.033328
0.033205
0.033847
0.034076
0.034378
0.034139
0.0361
0.035574
0.035447
0.036541
0.037678
0.035779
0.041779
0.038029
0.038085
0.035523
0.037186
0.036595
0.036428
0.036534
0.036683
0.03607
0.035506
0.035442
0.036754
0.039322
0.038685
0.038198
0.037466
0.037006
0.03578
0.036873
0.035595
0.036508
0.035405
0.036596
0.036843
0.036626
0.03546
0.034479
0.034932
0.034512
0.033466
0.0335
0.034089
0.034516
0.03541
0.034292
0.034595
0.033991
0.034259
0.033501
0.034219
0.035455
0.034927
0.034039
0.035614
0.033717
0.034575
0.034646
0.033752
0.030915
0.031303
0.031521
0.031072
0.031814
0.031121
0.03188
0.029421
0.031361
0.029873
0.029372
0.030283
0.030833
0.030874
0.030859
0.031799
0.032344
0.031474
0.035947
0.032223
0.031463
0.030461
0.030643
0.030145
0.03177
0.031293
0.030768
0.028809
0.029708
0.032366
0.027208
0.026438
0.024647
0.025941
0.024792
0.02495
0.025808
0.026749
0.026353
0.029162
0.034785
0.030289
0.02967
0.029073
0.029593
0.030206
0.030885
0.031514
0.03929
0.035975
0.036416
0.035619
0.035738
0.035671
0.035396
0.035734
0.03488
0.035611
0.034577
0.036303
0.037039
0.036903
0.036867
0.03666
0.037575
0.036079
0.035827
0.037312
0.036398
0.035292
0.036183
0.036433
0.03634
0.034878
0.036172
0.035766
0.036194
0.036817
0.037344
0.037223
0.036865
0.036944
0.036319
0.035803
0.035712
0.035954
0.035542
0.035745
0.034298
0.034092
0.035548
0.033658
0.034008
0.033716
0.032749
0.031935
0.033138
0.032778
0.032632
0.035671
0.03304
0.032698
0.031202
0.03168
0.031672
0.031299
0.032122
0.035234
0.031172
0.030721
0.033073
0.03278
0.035885
0.033221
0.033243
0.032631
0.032565
0.032151
0.037061
0.033242
0.032035
0.03265
0.033251
0.038932
0.032319
0.033228
0.03289
0.032573
0.033791
0.034492
0.034671
0.03563
0.033552
0.033931
0.033662
0.035362
0.037244
0.035674
0.034724
0.034526
0.036319
0.034288
0.034478
0.0346
0.034505
0.034023
0.033934
0.034171
0.034204
0.038705
0.034832
0.034889
0.034559
0.034363
0.034298
0.033453
0.033652
0.033925
0.034335
0.035641
0.035571
0.034442
0.034357
0.033057
0.03325
0.036522
0.034815
0.033855
0.034008
0.034791
0.034013
0.034582
0.034522
0.033953
0.033561
0.034156
0.034591
0.034062
0.033544
0.033889
0.032233
0.037117
0.033795
0.032958
0.0318
0.030867
0.031372
0.032682
0.03139
0.03207
0.030999
0.033101
0.033492
0.033761
0.03386
0.033489
0.038672
0.035039
0.033824
0.033504
0.033046
0.03258
0.032115
0.031849
0.03225
0.031902
0.032958
0.033316
0.034027
0.034969
0.039964
0.035972
0.034839
0.0348
0.034625
0.03402
0.033967
0.03302
0.033761
0.033896
0.034748
0.03455
0.035116
0.034921
0.034841
0.034437
0.036306
0.035669
0.035697
0.036512
0.035064
0.035795
0.035253
0.034522
0.034271
0.034817
0.034611
0.034666
0.034652
0.036461
0.036283
0.036754
0.036875
0.035449
0.035175
0.035242
0.034925
0.035979
0.033912
0.034621
0.036765
0.037658
0.036398
0.036145
0.035659
0.036601
0.037064
0.038286
0.036697
0.03805
0.036579
0.035372
0.034593
0.034736
0.033138
0.033745
0.034583
0.039468
0.036971
0.037158
0.037448
0.037016
0.036722
0.036157
0.035524
0.035963
0.035999
0.035833
0.036853
0.039344
0.039391
0.038735
0.03796
0.037978
0.038683
0.038594
0.037821
0.038723
0.037757
0.039133
0.038829
0.039
0.040066
0.038953
0.037373
0.036146
0.03699
0.038599
0.038609
0.037089
0.037681
0.037012
0.039988
0.038533
0.037625
0.038744
0.037741
0.037346
0.037101
0.036627
0.036118
0.035722
0.035888
0.039819
0.038314
0.036505
0.036541
0.036949
0.038353
0.036592
0.035355
0.038071
0.038839
0.040754
0.039421
0.037908
0.039891
0.0387
0.037245
0.040159
0.040185
0.038232
0.038904
0.040513
0.039817
0.039804
0.039774
0.042534
0.042311
0.041
0.040869
0.042899
0.045062
0.042651
0.043189
0.041329
0.042281
0.041546
0.047055
0.040542
0.040455
0.040822
0.042739
0.044855
0.046324
0.044482
0.044935
0.044749
0.043658
0.042617
0.043062
0.042604
0.044324
0.042723
0.043419
0.042745
0.04371
0.042999
0.041842
0.042725
0.043419
0.041778
0.042915
0.04289
0.042245
0.041986
0.040007
0.040429
0.044101
0.045276
0.045513
0.045305
0.046003
0.045925
0.046486
0.045614
0.046259
0.045845
0.045959
0.043993
0.046014
0.043896
0.044948
0.04301
0.044889
0.042972
0.043269
0.042482
0.043699
0.04283
0.043429
0.043096
0.042255
0.041829
0.043237
0.041499
0.042288
0.041781
0.041253
0.041566
0.041631
0.04158
0.041811
0.041068
0.04186
0.040659
0.041205
0.038865
0.041555
0.04001
0.041638
0.041922
0.045463
0.04357
0.044481
0.043244
0.042649
0.043097
0.043919
0.045325
0.044058
0.041692
0.042648
0.041219
0.042079
0.041402
0.042289
0.041273
0.040454
0.041297
0.042062
0.042478
0.042263
0.040604
0.041815
0.043176
0.040252
0.039243
0.03956
0.03833
0.037389
0.037494
0.038996
0.039122
0.03894
0.038092
0.03875
0.036867
0.041872
0.038279
0.038539
0.037853
0.037938
0.038194
0.037574
0.037138
0.037079
0.036154
0.036084
0.037663
0.038006
0.03806
0.037831
0.037052
0.037546
0.043165
0.040985
0.037445
0.039985
0.038368
0.040171
0.04045
0.037867
0.037088
0.041944
0.039336
0.03988
0.03713
0.038754
0.042925
0.039722
0.036874
0.037986
0.036756
0.037354
0.035256
0.042214
0.036737
0.039363
0.037273
0.03781
0.045787
0.041721
0.038637
0.038731
0.03649
0.035684
0.034849
0.041051
0.036827
0.035467
0.035628
0.035773
0.03914
0.036794
0.040046
0.036135
0.034618
0.034815
0.033592
0.042383
0.037011
0.035544
0.034868
0.035116
0.034453
0.040012
0.037365
0.035217
0.035844
0.0363
0.035798
0.042962
0.04026
0.038272
0.036178
0.037458
0.042565
0.040038
0.038194
0.037799
0.037057
0.036687
0.041261
0.039711
0.038065
0.039118
0.0379
0.03806
0.042536
0.041262
0.039082
0.040776
0.039885
0.040423
0.041276
0.041993
0.04427
0.041319
0.039871
0.039089
0.047508
0.04111
0.041195
0.040994
0.038733
0.038978
0.038183
0.044627
0.03992
0.038982
0.039288
0.038326
0.045697
0.040617
0.038719
0.039771
0.038318
0.039295
0.03756
0.039097
0.040755
0.03927
0.037171
0.037304
0.038975
0.040559
0.044098
0.040558
0.039846
0.039649
0.036828
0.036193
0.035476
0.041356
0.035944
0.037199
0.036949
0.040065
0.039096
0.041414
0.038556
0.04738
0.042208
0.042756
0.041566
0.041272
0.039507
0.038596
0.042538
0.040425
0.039504
0.04041
0.039886
0.053903
0.044293
0.044965
0.042813
0.041317
0.042781
0.042215
0.041134
0.041254
0.041199
0.041261
0.039803
0.041656
0.039969
0.040056
0.039438
0.042047
0.037826
0.037391
0.03837
0.046631
0.04044
0.040962
0.040161
0.038912
0.037505
0.041765
0.040332
0.04043
0.03703
0.039522
0.037058
0.044341
0.04007
0.039775
0.03876
0.04074
0.037543
0.038142
0.041105
0.039765
0.038048
0.038696
0.03575
0.044338
0.039476
0.037764
0.036254
0.036007
0.03515
0.034801
0.039166
0.037747
0.036812
0.038345
0.038655
0.048309
0.040864
0.041718
0.041515
0.039525
0.038857
0.038704
0.037595
0.037396
0.036387
0.037464
0.037349
0.037099
0.03798
0.037327
0.03701
0.042082
0.037556
0.049098
0.03908
0.038456
0.039397
0.040687
0.03869
0.038892
0.037177
0.037945
0.0382
0.036286
0.036587
0.038608
0.0484
0.038571
0.038208
0.03909
0.037493
0.040784
0.037717
0.036892
0.0364
0.038637
0.036709
0.037938
0.038072
0.038416
0.047124
0.039676
0.03884
0.040017
0.038748
0.039192
0.037897
0.038904
0.037489
0.038904
0.038084
0.036844
0.040093
0.038949
0.039258
0.045972
0.040125
0.039553
0.039437
0.040416
0.038676
0.038328
0.038657
0.03799
0.039257
0.038633
0.038281
0.038659
0.038195
0.038801
0.042745
0.039028
0.037458
0.037274
0.03583
0.037258
0.043119
0.037583
0.036371
0.038108
0.036219
0.037245
0.038568
0.043744
0.042101
0.041471
0.040361
0.047345
0.038549
0.040594
0.037038
0.039346
0.037214
0.038218
0.041164
0.039491
0.037554
0.041393
0.039751
0.041388
0.048023
0.043496
0.040903
0.042091
0.040578
0.042269
0.045968
0.04184
0.039054
0.040676
0.03819
0.0387
0.048049
0.041757
0.040887
0.039718
0.039999
0.040864
0.03876
0.041877
0.04131
0.041516
0.041085
0.039784
0.040208
0.044909
0.042524
0.041103
0.040226
0.040683
0.03975
0.040235
0.044768
0.042407
0.040175
0.041247
0.039292
0.04756
0.041799
0.043073
0.041264
0.040798
0.038762
0.039666
0.042869
0.04343
0.039373
0.041537
0.040726
0.047295
0.042346
0.040929
0.039067
0.040221
0.03775
0.044465
0.042848
0.042138
0.040341
0.041489
0.039154
0.042699
0.045046
0.041599
0.041964
0.041451
0.041031
0.042804
0.041306
0.043583
0.051198
0.046982
0.043221
0.045019
0.043302
0.041469
0.040267
0.04261
0.042253
0.044802
0.041819
0.042544
0.041523
0.047367
0.043508
0.041483
0.040947
0.040316
0.040569
0.044788
0.043641
0.041365
0.040077
0.040846
0.047519
0.041711
0.041186
0.03966
0.04358
0.043168
0.041897
0.041221
0.041227
0.039296
0.038424
0.040199
0.040873
0.041941
0.038605
0.040207
0.040591
0.039655
0.044289
0.040017
0.040015
0.038246
0.037584
0.034415
0.042627
0.039044
0.036715
0.037802
0.035002
0.037521
0.03821
0.044823
0.039486
0.036883
0.037052
0.03698
0.042301
0.038365
0.038832
0.038675
0.039154
0.036192
0.037283
0.038489
0.042447
0.039728
0.038253
0.040813
0.039126
0.046135
0.040546
0.040895
0.039325
0.039551
0.038557
0.037808
0.03782
0.040818
0.038893
0.037051
0.037231
0.0383
0.038848
0.037731
0.038723
0.043537
0.038721
0.039687
0.038337
0.03683
0.036916
0.041687
0.03841
0.036693
0.035998
0.035411
0.036303
0.036699
0.035835
0.037924
0.035536
0.035056
0.036201
0.035609
0.035431
0.036913
0.03819
0.037626
0.03749
0.037099
0.035027
0.035191
0.042829
0.035515
0.035693
0.034815
0.035279
0.033666
0.034704
0.034807
0.035479
0.035721
0.035698
0.034621
0.036547
0.037001
0.042483
0.038112
0.037286
0.036537
0.037445
0.036681
0.036284
0.036632
0.037339
0.035141
0.03538
0.035204
0.035944
0.038055
0.03831
0.036611
0.035474
0.036761
0.037139
0.037683
0.036217
0.037777
0.036649
0.042739
0.039816
0.039525
0.03888
0.039204
0.037673
0.037897
0.036203
0.037881
0.036033
0.035781
0.035499
0.036445
0.034246
0.035564
0.036234
0.035491
0.035887
0.037352
0.037179
0.036213
0.036634
0.034183
0.0324
0.031624
0.032127
0.032261
0.03208
0.032664
0.033482
0.032603
0.034502
0.032935
0.03382
0.034265
0.040728
0.03561
0.034579
0.034206
0.034061
0.033967
0.033751
0.033239
0.033384
0.037871
0.034518
0.033758
0.034647
0.034821
0.034803
0.034954
0.035567
0.035534
0.037056
0.037407
0.039009
0.038648
0.037422
0.037319
0.037999
0.038123
0.03769
0.036828
0.039015
0.039755
0.040714
0.039142
0.039517
0.039585
0.039121
0.038838
0.041651
0.038622
0.039252
0.038716
0.040314
0.039867
0.041433
0.038955
0.039461
0.037563
0.038324
0.037626
0.038896
0.036425
0.039952
0.036667
0.038865
0.037295
0.035987
0.036303
0.035978
0.034581
0.035036
0.038776
0.035802
0.038579
0.036769
0.035928
0.035015
0.035467
0.035016
0.033492
0.035317
0.036621
0.036799
0.034197
0.035929
0.034965
0.033716
0.033191
0.033354
0.035779
0.035289
0.035737
0.034047
0.034093
0.034149
0.041116
0.035167
0.034019
0.033106
0.032906
0.032966
0.033509
0.037628
0.036046
0.036661
0.03467
0.032994
0.034891
0.038648
0.04046
0.036614
0.035626
0.035198
0.035671
0.035009
0.035649
0.037517
0.036978
0.03611
0.034737
0.035796
0.035477
0.041056
0.037003
0.034298
0.034261
0.033914
0.032835
0.034005
0.036901
0.034638
0.032189
0.032058
0.032868
0.033456
0.039023
0.033398
0.032668
0.032729
0.032191
0.040808
0.035121
0.037833
0.034331
0.034363
0.033952
0.03154
0.031649
0.033473
0.0339
0.032935
0.032347
0.035712
0.034479
0.034508
0.033484
0.032555
0.040152
0.033243
0.033986
0.033264
0.031427
0.032755
0.036741
0.033101
0.033073
0.031714
0.031106
0.032678
0.033723
0.033822
0.036159
0.03441
0.033677
0.033566
0.034016
0.040092
0.035621
0.035032
0.033731
0.033659
0.032327
0.032101
0.033647
0.033548
0.03392
0.033568
0.032976
0.032348
0.031468
0.038314
0.033167
0.034382
0.032776
0.032598
0.032809
0.032568
0.033431
0.034886
0.033654
0.03278
0.032164
0.033834
0.03835
0.03492
0.034114
0.033302
0.033156
0.032615
0.032614
0.036609
0.034396
0.032126
0.031599
0.033105
0.032702
0.033011
0.035586
0.032196
0.031562
0.030626
0.030753
0.030222
0.036248
0.032522
0.032156
0.032146
0.031699
0.032265
0.032109
0.035603
0.033176
0.032926
0.031839
0.035297
0.032746
0.032885
0.031678
0.035745
0.032091
0.031881
0.031144
0.031662
0.030552
0.031627
0.034066
0.036825
0.031907
0.030567
0.030031
0.029278
0.035429
0.030593
0.029668
0.031474
0.028736
0.029125
0.030604
0.033145
0.031438
0.033432
0.033168
0.032555
0.036236
0.032043
0.03332
0.037675
0.035071
0.034855
0.033846
0.032484
0.032065
0.033173
0.036684
0.034721
0.033991
0.033793
0.033477
0.03351
0.033092
0.037178
0.033817
0.033875
0.032838
0.032392
0.03343
0.037285
0.034203
0.034173
0.033744
0.033866
0.032874
0.034673
0.037287
0.034291
0.033569
0.032035
0.031361
0.031842
0.031886
0.035889
0.031312
0.031097
0.031002
0.029662
0.030436
0.031343
0.030266
0.030731
0.034272
0.029639
0.029039
0.028715
0.029325
0.030538
0.030624
0.032045
0.029654
0.029497
0.030623
0.027991
0.030201
0.027901
0.026586
0.026465
0.026397
0.024671
0.02357
0.02695
0.022912
0.022873
0.024001
0.028065
0.024917
0.025205
0.02382
0.032157
0.028818
0.027539
0.028612
0.029657
0.026839
0.02858
0.027739
0.031214
0.026852
0.026694
0.027063
0.027462
0.027945
0.028362
0.029004
0.025984
0.029427
0.028268
0.031271
0.027979
0.027614
0.027781
0.025748
0.02662
0.025125
0.025761
0.025492
0.024047
0.024231
0.023106
0.02518
0.023087
0.022969
0.021936
0.022774
0.024316
0.022988
0.0244
0.024638
0.022448
0.022844
0.022089
0.025116
0.02207
0.022808
0.022614
0.022958
0.023522
0.026378
0.032982
0.028882
0.028184
0.028099
0.028822
0.027453
0.027654
0.028267
0.027276
0.027008
0.031124
0.02789
0.029137
0.029533
0.029408
0.028824
0.030047
0.029057
0.028406
0.028185
0.027434
0.028681
0.028345
0.027738
0.027678
0.026986
0.027828
0.027425
0.027699
0.026136
0.026595
0.026329
0.024662
0.024804
0.030744
0.025532
0.024208
0.024253
0.024008
0.023342
0.023143
0.02288
0.024032
0.025967
0.025752
0.02522
0.02678
0.026426
0.025468
0.032699
0.027576
0.0266
0.026398
0.026053
0.025372
0.025536
0.024885
0.024037
0.024019
0.02528
0.024515
0.02517
0.024508
0.024778
0.025776
0.025443
0.024985
0.029908
0.025448
0.0247
0.025599
0.025032
0.025079
0.025963
0.025926
0.02918
0.027674
0.02792
0.027938
0.02861
0.035635
0.029533
0.029396
0.029525
0.02938
0.028836
0.030025
0.031054
0.029749
0.033513
0.030775
0.028853
0.028416
0.02739
0.027159
0.026943
0.029135
0.027262
0.027058
0.027116
0.027101
0.03113
0.029488
0.029879
0.025122
0.023821
0.023623
0.02693
0.023998
0.023576
0.023129
0.022953
0.022421
0.023219
0.023922
0.024982
0.028885
0.0258
0.025947
0.026823
0.025742
0.026033
0.026566
0.026666
0.028306
0.028406
0.032102
0.028002
0.028764
0.028309
0.027473
0.026921
0.025516
0.025329
0.025303
0.026159
0.025033
0.026695
0.026988
0.026257
0.027265
0.026283
0.027076
0.02567
0.025497
0.027897
0.026688
0.028267
0.02656
0.025411
0.026232
0.025029
0.026409
0.026297
0.02617
0.032326
0.030405
0.030157
0.029251
0.029438
0.027493
0.027941
0.027439
0.028222
0.029364
0.028781
0.027438
0.029238
0.027663
0.028622
0.028837
0.028464
0.026628
0.025102
0.024921
0.025326
0.025144
0.027861
0.026744
0.029186
0.031308
0.02831
0.02962
0.030061
0.029074
0.030587
0.028755
0.037632
0.028803
0.028501
0.030409
0.028391
0.0319
0.029107
0.028506
0.030993
0.031769
0.030614
0.030012
0.029751
0.039311
0.03042
0.029816
0.030546
0.029158
0.036273
0.030121
0.036207
0.031875
0.033892
0.031914
0.032656
0.03719
0.034214
0.032732
0.032619
0.032249
0.031528
0.03187
0.028659
0.028651
0.029312
0.028638
0.027949
0.029881
0.029379
0.029658
0.029713
0.030629
0.0294
0.031188
0.029898
0.031902
0.032444
0.041227
0.032058
0.034301
0.034082
0.034573
0.036386
0.034224
0.035427
0.031524
0.031552
0.032043
0.03211
0.030994
0.030489
0.032726
0.030537
0.029873
0.03033
0.030422
0.031344
0.032244
0.032986
0.032944
0.031915
0.031995
0.032741
0.032014
0.031901
0.031477
0.031253
0.032776
0.033093
0.033743
0.033567
0.03348
0.033145
0.03284
0.032987
0.032513
0.032372
0.032455
0.031614
0.032438
0.033031
0.033732
0.03373
0.032461
0.032126
0.032065
0.031163
0.03453
0.031255
0.031687
0.031798
0.031553
0.030116
0.028665
0.02893
0.029405
0.02879
0.028157
0.031296
0.029108
0.029578
0.032083
0.030007
0.033413
0.032995
0.029197
0.028777
0.02894
0.028159
0.02863
0.028594
0.028687
0.028119
0.028265
0.029546
0.028507
0.029496
0.030275
0.028659
0.033912
0.028628
0.029199
0.030021
0.028462
0.028913
0.028501
0.028278
0.028733
0.028282
0.027861
0.027696
0.027435
0.027604
0.027418
0.028475
0.027527
0.028088
0.027495
0.027672
0.028679
0.028779
0.028681
0.027571
0.02809
0.027873
0.028707
0.02732
0.029016
0.02824
0.028189
0.027867
0.025435
0.024608
0.025707
0.024419
0.023887
0.023623
0.021941
0.020378
0.020875
0.020826
0.019486
0.018548
0.01946
0.018872
0.018454
0.018694
0.019518
0.019237
0.020111
0.018759
0.020769
0.021623
0.022272
0.021422
0.022456
0.022718
0.022772
0.025312
0.024141
0.025946
0.025091
0.02527
0.026632
0.026494
0.026906
0.026722
0.026253
0.027192
0.026448
0.027803
0.027383
0.0261
0.031938
0.026476
0.02687
0.02633
0.027913
0.027117
0.02823
0.026444
0.027944
0.02836
0.030147
0.02819
0.02822
0.028129
0.028785
0.03237
0.027911
0.027401
0.027259
0.030695
0.02877
0.032939
0.026423
0.029297
0.028412
0.032687
0.031988
0.027195
0.027606
0.031764
0.027852
0.026977
0.029158
0.027439
0.030881
0.026849
0.025926
0.029148
0.029951
0.027072
0.02629
0.025805
0.027092
0.025774
0.027932
