0.005157
0.028536
0.03105
0.030972
0.030404
0.032281
0.030475
0.030689
0.030788
0.030912
0.031355
0.033269
0.030914
0.030549
0.030335
0.032707
0.030549
0.031843
0.030133
0.032835
0.029895
0.030285
0.040987
0.031627
0.031306
0.032298
0.031172
0.034636
0.032371
0.032615
0.030616
0.031747
0.032315
0.031262
0.031658
0.031347
0.030596
0.0312
0.030522
0.030692
0.031008
0.031366
0.030792
0.032262
0.030722
0.032147
0.030799
0.032037
0.032134
0.0319
0.031959
0.032617
0.030983
0.032676
0.031787
0.032474
0.032224
0.03262
0.031619
0.032517
0.033558
0.03246
0.032034
0.03148
0.032661
0.032448
0.031555
0.032193
0.032418
0.032062
0.032968
0.032561
0.03209
0.031716
0.031797
0.032027
0.03144
0.031691
0.031569
0.033879
0.036353
0.033952
0.033512
0.034388
0.033877
0.034209
0.033859
0.034303
0.033125
0.03288
0.032244
0.032109
0.032614
0.033102
0.031552
0.031482
0.030556
0.033121
0.03109
0.033562
0.033937
0.033805
0.033563
0.033771
0.034391
0.033558
0.033755
0.034403
0.033449
0.032776
0.032971
0.035423
0.037198
0.036871
0.039305
0.038275
0.038727
0.036457
0.036764
0.036712
0.037758
0.038956
0.040029
0.038527
0.03838
0.037552
0.038777
0.03761
0.037859
0.039148
0.037755
0.039272
0.039771
0.038545
0.038541
0.039121
0.038872
0.037697
0.039489
0.039914
0.037933
0.038946
0.038785
0.037826
0.038104
0.03862
0.042144
0.041813
0.040066
0.038402
0.039674
0.040174
0.039109
0.045005
0.042096
0.043102
0.041964
0.039638
0.042529
0.042081
0.048337
0.041628
0.04048
0.0432
0.040091
0.041102
0.039692
0.041735
0.040239
0.039267
0.039662
0.038169
0.037152
0.043552
0.039093
0.038143
0.037867
0.039864
0.041784
0.038759
0.041014
0.04813
0.042881
0.040326
0.04463
0.041185
0.038637
0.043011
0.041687
0.038646
0.040075
0.03864
0.041262
0.040082
0.045847
0.040718
0.037806
0.03886
0.046593
0.041095
0.039933
0.038771
0.038018
0.037374
0.042338
0.039416
0.039469
0.039409
0.039576
0.037926
0.040108
0.039062
0.041985
0.040405
0.039892
0.045208
0.042779
0.039991
0.040705
0.039456
0.037838
0.038045
0.03964
0.037914
0.039033
0.038517
0.038063
0.039518
0.039687
0.049239
0.041724
0.040321
0.039642
0.041166
0.039877
0.03931
0.039182
0.040272
0.040114
0.039401
0.039345
0.039382
0.040032
0.041059
0.038983
0.047235
0.042081
0.039802
0.039047
0.037798
0.037457
0.036499
0.039904
0.040087
0.03853
0.038315
0.039606
0.037188
0.038804
0.039951
0.036178
0.033977
0.041309
0.038561
0.037457
0.03691
0.03686
0.037204
0.035886
0.036411
0.034997
0.036853
0.03629
0.035692
0.0373
0.037477
0.036158
0.035932
0.036746
0.037938
0.039027
0.037095
0.043285
0.040354
0.040561
0.038215
0.038355
0.03794
0.037058
0.0435
0.040481
0.040947
0.041497
0.042293
0.043246
0.040816
0.045538
0.044867
0.043022
0.043335
0.041581
0.039867
0.044496
0.042764
0.042267
0.039799
0.040932
0.03907
0.039699
0.039296
0.042383
0.042181
0.041005
0.039681
0.042651
0.040176
0.041829
0.043534
0.042303
0.042081
0.040466
0.040538
0.041823
0.039801
0.039348
0.041583
0.039942
0.038096
0.039737
0.037815
0.037947
0.037423
0.041653
0.037923
0.038626
0.037512
0.037622
0.035473
0.037018
0.03762
0.037432
0.037074
0.035838
0.034886
0.03687
0.036406
0.036253
0.034799
0.035693
0.037795
0.037153
0.034901
0.035665
0.035691
0.035666
0.035053
0.035178
0.036751
0.036284
0.035927
0.036247
0.036612
0.034577
0.034699
0.035625
0.035781
0.037268
0.038176
0.037287
0.039451
0.039735
0.039391
0.03975
0.038927
0.037305
0.038304
0.037874
0.03807
0.038418
0.038018
0.036233
0.037274
0.038047
0.037755
0.037345
0.037337
0.037508
0.037254
0.038252
0.03758
0.037324
0.036688
0.037893
0.037277
0.038036
0.037269
0.036427
0.037859
0.038534
0.037508
0.038933
0.036976
0.038103
0.037658
0.037856
0.037314
0.037549
0.037398
0.037907
0.03735
0.037554
0.035849
0.038402
0.035776
0.039145
0.036077
0.03775
0.037161
0.037418
0.037418
0.037867
0.035686
0.036099
0.036578
0.038231
0.035124
0.035516
0.035235
0.037076
0.034915
0.034957
0.036851
0.037341
0.038006
0.037384
0.037418
0.037501
0.037569
0.037907
0.037075
0.037086
0.037597
0.037407
0.038289
0.037728
0.037138
0.038085
0.03793
0.037934
0.037505
0.036605
0.035374
0.035365
0.036205
0.037129
0.035769
0.03735
0.037859
0.037317
0.036935
0.035101
0.040777
0.036968
0.036687
0.035788
0.036456
0.035934
0.036986
0.036881
0.03685
0.035892
0.036859
0.036445
0.037236
0.037922
0.037369
0.037488
0.036729
0.036987
0.039577
0.03876
0.037824
0.037739
0.037772
0.036235
0.037302
0.03759
0.03775
0.036495
0.036314
0.036014
0.036782
0.038105
0.036432
0.038233
0.038408
0.036805
0.03962
0.038577
0.038067
0.037826
0.038414
0.038343
0.036135
0.037622
0.038401
0.036655
0.036982
0.037406
0.035915
0.036727
0.037983
0.038731
0.036403
0.037352
0.037095
0.036566
0.037808
0.037984
0.036532
0.036934
0.036603
0.036012
0.035857
0.038211
0.03672
0.037026
0.036431
0.037736
0.036422
0.036549
0.036216
0.038307
0.039184
0.038933
0.038112
0.037865
0.038266
0.038034
0.038719
0.037986
0.037981
0.038552
0.036664
0.038725
0.037314
0.036843
0.038173
0.036237
0.038396
0.037785
0.036575
0.038657
0.036976
0.038848
0.037921
0.038449
0.036607
0.036954
0.038221
0.039371
0.038526
0.039557
0.03847
0.0382
0.037436
0.038052
0.037752
0.038088
0.037752
0.037818
0.038073
0.035927
0.036946
0.037071
0.036542
0.037014
0.037448
0.036868
0.036673
0.036785
0.036116
0.03803
0.037736
0.037189
0.037904
0.038481
0.037614
0.036962
0.0359
0.036929
0.041148
0.038153
0.037457
0.038552
0.038393
0.038275
0.038297
0.038843
0.038137
0.037423
0.038271
0.037454
0.038662
0.038329
0.03744
0.038756
0.038548
0.03838
0.037154
0.037642
0.03633
0.037766
0.038475
0.036536
0.037451
0.039262
0.040235
0.038651
0.037546
0.037376
0.03786
0.037916
0.03708
0.038143
0.037616
0.039122
0.038995
0.038757
0.038817
0.037848
0.038873
0.039377
0.037936
0.037875
0.038064
0.039101
0.038421
0.037028
0.036533
0.036774
0.037088
0.038481
0.038296
0.038301
0.038254
0.039373
0.037089
0.036239
0.038358
0.037205
0.037285
0.038239
0.038395
0.039582
0.038078
0.039101
0.03885
0.039535
0.038721
0.036297
0.038064
0.038477
0.03937
0.039491
0.038306
0.039616
0.039027
0.039176
0.038333
0.03873
0.037621
0.039506
0.038599
0.039542
0.038239
0.038108
0.036839
0.036672
0.037867
0.038066
0.039543
0.038507
0.037016
0.037289
0.037064
0.036937
0.0372
0.036469
0.036948
0.036773
0.036145
0.037075
0.036953
0.036934
0.037524
0.036133
0.037589
0.038535
0.036313
0.035674
0.037133
0.038686
0.037858
0.039838
0.038128
0.039026
0.037824
0.037772
0.037938
0.038111
0.037752
0.036381
0.03865
0.037586
0.036851
0.036838
0.03756
0.03587
0.037835
0.036857
0.034719
0.036193
0.037084
0.036327
0.036889
0.036995
0.037361
0.036229
0.037251
0.03689
0.037014
0.037783
0.037919
0.037091
0.037753
0.038259
0.03679
0.037562
0.038558
0.036243
0.036082
0.037109
0.036775
0.03771
0.036947
0.036253
0.038017
0.038149
0.03654
0.036606
0.036556
0.036118
0.036949
0.035907
0.037393
0.037317
0.037027
0.037312
0.036958
0.03705
0.036993
0.037408
0.037224
0.037552
0.03679
0.037365
0.036314
0.035112
0.037566
0.036979
0.037321
0.037449
0.036237
0.036112
0.038218
0.037377
0.037647
0.038145
0.038334
0.038509
0.037582
0.038143
0.037319
0.038888
0.037885
0.037492
0.037209
0.036676
0.036878
0.038157
0.038014
0.037352
0.038129
0.037363
0.036974
0.038243
0.036678
0.037764
0.038473
0.037906
0.038428
0.036813
0.036992
0.038226
0.03626
0.037993
0.038098
0.038271
0.038286
0.038348
0.037837
0.038188
0.036815
0.037801
0.037958
0.037701
0.038823
0.038879
0.036664
0.037514
0.037644
0.037483
0.037116
0.037507
0.036493
0.037622
0.036656
0.037669
0.038039
0.037003
0.036828
0.037247
0.03743
0.037858
0.037638
0.037746
0.037428
0.037751
0.037419
0.037815
0.035653
0.035713
0.037494
0.037689
0.038108
0.03858
0.037836
0.037624
0.038666
0.039425
0.037203
0.036959
0.037743
0.039028
0.038941
0.03871
0.038778
0.038737
0.037985
0.037127
0.038648
0.037245
0.038014
0.03608
0.037108
0.038213
0.036367
0.036664
0.037652
0.038045
0.037964
0.037563
0.037842
0.038106
0.037678
0.037382
0.037496
0.038976
0.038074
0.038366
0.037149
0.039013
0.03747
0.039108
0.035847
0.037352
0.037073
0.037573
0.037632
0.03857
0.035683
0.038115
0.037601
0.03596
0.037814
0.037476
0.037642
0.03568
0.037792
0.036753
0.037379
0.038615
0.035791
0.036022
0.037392
0.039087
0.037256
0.037833
0.037012
0.03835
0.037631
0.038317
0.037303
0.037187
0.042028
0.039352
0.037251
0.038775
0.03896
0.039035
0.040739
0.039283
0.036851
0.036223
0.038323
0.038534
0.036809
0.038597
0.037619
0.039321
0.038837
0.036749
0.038656
0.039438
0.036737
0.037366
0.038307
0.039139
0.038591
0.037679
0.037178
0.036849
0.038466
0.038218
0.036729
0.036366
0.042724
0.039253
0.038136
0.038465
0.038344
0.039028
0.037966
0.03746
0.037318
0.038037
0.037825
0.037795
0.040752
0.041855
0.040392
0.040775
0.04039
0.042088
0.039629
0.040615
0.039866
0.041462
0.038424
0.03989
0.040718
0.039323
0.037229
0.037916
0.037673
0.036444
0.036193
0.036014
0.034008
0.036692
0.035855
0.034443
0.034384
0.036305
0.036917
0.037937
0.036908
0.035906
0.035475
0.035466
0.035273
0.03464
0.034814
0.037626
0.034082
0.035852
0.034557
0.033814
0.037244
0.037029
0.03818
0.037557
0.037975
0.035965
0.036241
0.034799
0.034169
0.034381
0.034891
0.036188
0.03737
0.037707
0.037684
0.035822
0.034507
0.036545
0.035016
0.037791
0.036022
0.035323
0.03631
0.035589
0.036241
0.036758
0.041502
0.039126
0.038486
0.036038
0.037018
0.036935
0.035735
0.0397
0.03697
0.034441
0.033766
0.033127
0.033796
0.039078
0.038303
0.035738
0.035116
0.036152
0.035737
0.037362
0.044927
0.037532
0.038832
0.037522
0.038314
0.037068
0.039228
0.035791
0.041709
0.037545
0.037473
0.035048
0.035469
0.034772
0.037162
0.038157
0.03593
0.03523
0.034533
0.036549
0.036756
0.039198
0.038958
0.037219
0.035064
0.041437
0.038385
0.038716
0.037563
0.038096
0.040793
0.040389
0.038735
0.037933
0.037537
0.037981
0.040193
0.039368
0.038322
0.036413
0.037056
0.037244
0.041156
0.038485
0.037288
0.034881
0.039533
0.038135
0.037179
0.033375
0.033821
0.03321
0.03621
0.035207
0.03468
0.033615
0.033607
0.03407
0.035438
0.038039
0.043814
0.03945
0.036935
0.038851
0.037611
0.034913
0.037266
0.03864
0.036813
0.033455
0.035574
0.036721
0.035399
0.040797
0.034075
0.034309
0.033976
0.035775
0.034494
0.035913
0.035658
0.03492
0.034121
0.035375
0.035501
0.040993
0.037313
0.037523
0.035704
0.037395
0.039596
0.035134
0.036112
0.033756
0.033758
0.036044
0.036621
0.035891
0.035564
0.035591
0.034755
0.035788
0.03731
0.036728
0.041134
0.039392
0.038468
0.03848
0.037338
0.038762
0.037922
0.036519
0.04182
0.041463
0.038436
0.038015
0.037941
0.037514
0.038535
0.038144
0.038625
0.035453
0.040591
0.041524
0.036792
0.039099
0.036187
0.037284
0.037958
0.036895
0.038171
0.039164
0.038498
0.043352
0.03972
0.039495
0.039101
0.036853
0.038807
0.03914
0.041352
0.039857
0.040661
0.038826
0.043598
0.038451
0.039361
0.038651
0.041223
0.042817
0.040497
0.038073
0.042455
0.041585
0.041352
0.040326
0.039024
0.040003
0.041158
0.039073
0.039028
0.043255
0.040506
0.040219
0.039186
0.043016
0.043302
0.041813
0.042061
0.038991
0.043204
0.041692
0.040958
0.040863
0.044613
0.039717
0.039928
0.038808
0.041132
0.041235
0.04067
0.040352
0.039227
0.037684
0.040501
0.039074
0.038198
0.036351
0.036309
0.036899
0.041456
0.037758
0.036601
0.036963
0.041299
0.037829
0.038037
0.036091
0.040647
0.042536
0.040212
0.039842
0.042339
0.041152
0.039895
0.039903
0.041386
0.041125
0.039185
0.037627
0.041062
0.039976
0.039003
0.038039
0.039312
0.040143
0.038375
0.038523
0.036023
0.039384
0.037162
0.037404
0.03511
0.033661
0.036175
0.041056
0.035455
0.035488
0.040818
0.037999
0.035797
0.037932
0.039425
0.038454
0.037857
0.038611
0.037606
0.039578
0.038804
0.037977
0.037708
0.041187
0.038509
0.036722
0.036739
0.034901
0.039931
0.037561
0.034922
0.035094
0.034705
0.035416
0.039373
0.036858
0.034931
0.035286
0.038681
0.035318
0.034269
0.0341
0.037043
0.035882
0.034581
0.033335
0.037301
0.036052
0.034874
0.033324
0.032438
0.036662
0.035361
0.032527
0.037896
0.037249
0.036636
0.034172
0.032909
0.032814
0.032537
0.03387
0.031965
0.031028
0.036607
0.033945
0.033497
0.033114
0.032153
0.03598
0.033705
0.034473
0.035378
0.031476
0.035341
0.032843
0.03205
0.030767
0.030799
0.036458
0.033658
0.03205
0.0317
0.031598
0.031977
0.033831
0.036623
0.034164
0.032319
0.038068
0.034305
0.034906
0.033796
0.033196
0.035273
0.034465
0.035162
0.033737
0.038561
0.035421
0.035182
0.037249
0.039458
0.035576
0.037645
0.036115
0.035499
0.039297
0.03729
0.036298
0.034866
0.034054
0.033151
0.034951
0.033601
0.032454
0.033305
0.032038
0.03272
0.033314
0.035365
0.031519
0.031631
0.037884
0.034615
0.032765
0.0325
0.032125
0.032192
0.03487
0.033769
0.033584
0.033429
0.038194
0.035745
0.035101
0.034032
0.032665
0.032042
0.03384
0.033659
0.032499
0.032583
0.033441
0.03405
0.034502
0.037353
0.033848
0.034517
0.039187
0.035832
0.034045
0.032317
0.037089
0.034792
0.034608
0.033139
0.033061
0.03618
0.034744
0.032973
0.032332
0.031564
0.031111
0.031231
0.033536
0.02981
0.030528
0.029068
0.03539
0.031486
0.030043
0.030253
0.030945
0.031496
0.033103
0.031996
0.030781
0.02999
0.029976
0.034934
0.032255
0.032006
0.031182
0.032135
0.036385
0.034758
0.033564
0.033125
0.037374
0.034431
0.035259
0.035071
0.033444
0.032715
0.035218
0.034638
0.033772
0.033209
0.03351
0.034475
0.038368
0.033707
0.03436
0.038478
0.035881
0.034707
0.033659
0.0326
0.033045
0.032233
0.031831
0.033142
0.033695
0.032188
0.033114
0.033669
0.040358
0.038383
0.037417
0.036697
0.034459
0.03548
0.034612
0.032941
0.033278
0.035236
0.034692
0.034463
0.043213
0.037404
0.036098
0.035998
0.036001
0.034001
0.035607
0.036554
0.037179
0.036264
0.037352
0.03517
0.035609
0.041085
0.03468
0.040367
0.037237
0.03601
0.034562
0.033545
0.035567
0.035984
0.035724
0.03503
0.037737
0.038194
0.036146
0.034765
0.034994
0.037255
0.035428
0.034699
0.03378
0.03964
0.035961
0.034907
0.032769
0.032746
0.035077
0.033738
0.033388
0.032019
0.031183
0.036419
0.033217
0.032635
0.031163
0.03173
0.034217
0.041858
0.037151
0.034621
0.03411
0.034856
0.033967
0.033967
0.035912
0.035678
0.035447
0.035537
0.036471
0.034117
0.035271
0.037992
0.033956
0.034605
0.040318
0.036068
0.034694
0.034496
0.034685
0.033752
0.033287
0.038469
0.035654
0.035353
0.034592
0.03625
0.037411
0.036623
0.043538
0.040498
0.038657
0.039946
0.038034
0.03829
0.037019
0.038563
0.038214
0.037116
0.037358
0.040777
0.038438
0.045596
0.04045
0.040171
0.03736
0.039108
0.035968
0.038776
0.037275
0.03741
0.036345
0.03493
0.035059
0.036011
0.035883
0.04723
0.040535
0.039614
0.037365
0.03796
0.038959
0.037959
0.037767
0.03822
0.036804
0.038962
0.036111
0.035996
0.038808
0.036992
0.042414
0.037876
0.036001
0.035483
0.033686
0.033035
0.033527
0.034027
0.033303
0.032441
0.032589
0.032151
0.032384
0.032145
0.03274
0.030277
0.035218
0.030604
0.028248
0.028119
0.025122
0.027982
0.028315
0.025875
0.025159
0.026651
0.02553
0.023845
0.029793
0.024416
0.024488
0.023369
0.021916
0.023366
0.022259
0.021008
0.020298
0.022851
0.020999
0.020605
0.019353
0.021026
0.019927
0.021717
0.021097
0.020879
0.020286
0.019524
0.02258
0.021456
0.020837
0.019244
0.019269
0.019689
0.021549
0.020245
0.019685
0.020437
0.022309
0.02
0.020121
0.020562
0.019125
0.021142
0.020186
0.021074
0.021431
0.02186
0.022534
0.021134
0.022129
0.023787
0.025752
0.027738
0.026858
0.029009
0.029074
0.026822
0.027077
0.027445
0.027842
0.028502
0.028482
0.029001
0.028103
0.02813
0.028244
0.027477
0.030793
0.028628
0.02698
0.032457
0.030721
0.029575
0.027451
0.028225
0.026467
0.027622
0.028558
0.026508
0.026095
0.026966
0.025335
0.026474
0.029918
0.024402
0.024408
0.025403
0.022996
0.027039
0.025481
0.025127
0.024429
0.024415
0.023126
0.022703
0.022316
0.024296
0.021585
0.020891
0.019449
0.020869
0.020615
0.020733
0.021122
0.025767
0.021481
0.020377
0.020057
0.020104
0.020052
0.019096
0.018599
0.020296
0.020575
0.021081
0.019172
0.019267
0.020364
0.019216
0.018882
0.019402
0.019667
0.022219
0.019281
0.018514
0.018695
0.018006
0.017935
0.017722
0.017667
0.018841
0.018102
0.017294
0.017636
0.018458
0.017984
0.017241
0.018742
0.017026
0.017123
0.016683
0.016984
0.016704
0.016128
0.015991
0.016215
0.017107
0.016674
0.016455
0.017251
0.016555
0.016522
0.015941
0.017664
0.016582
0.01602
0.015673
0.015801
0.015094
0.015391
0.016826
0.015461
0.014712
0.014748
0.015188
0.014846
0.014845
0.017222
0.01411
0.01475
0.014587
0.014372
0.015098
0.014882
0.015039
0.014627
0.014891
0.01654
0.017639
0.01672
0.01631
0.017778
0.01689
0.016812
0.017916
0.01803
0.017614
0.01716
0.019022
0.019155
0.018418
0.018722
0.019849
0.020138
0.01904
0.018818
0.01862
0.019148
0.018741
0.018557
0.017671
0.017469
0.017428
0.016981
0.019063
0.018353
0.017637
0.017341
0.016563
0.015892
0.017076
0.018239
0.016579
0.01761
0.016975
0.015693
0.017007
0.019286
0.016346
0.016579
0.016299
0.015638
0.015389
0.017323
0.016305
0.015711
0.014585
0.014407
0.014266
0.015261
0.01557
0.014586
0.014096
0.014834
0.014072
0.014376
0.015019
0.0137
0.013746
0.013259
0.013503
0.013837
0.01378
0.014837
0.012847
0.013428
0.012821
0.012992
0.013199
0.012769
0.013238
0.012425
0.013621
0.011942
0.01231
0.013077
0.01208
0.012034
0.012272
0.012001
0.011568
0.011316
0.01076
0.010767
0.011077
0.01049
0.01072
0.010632
0.010941
0.010656
0.010558
0.010743
0.010334
0.01021
0.009892
0.009639
0.009985
0.01056
0.009824
0.009898
0.009864
0.00971
0.009421
0.01059
0.010624
0.009735
0.010658
0.010199
0.009758
0.010429
0.009658
0.010304
0.010267
0.010063
0.01098
0.011103
0.009845
0.009382
0.010602
0.010318
0.010892
0.0114
0.010565
0.010545
0.01066
0.010425
0.011114
0.011095
0.011787
0.011098
0.010161
0.010734
0.011146
0.011138
0.011313
0.011513
0.01139
0.011267
0.012021
0.010926
0.011066
0.01088
0.011914
0.011675
0.01117
0.011816
0.011994
0.011269
0.011457
0.012249
0.012252
0.011031
0.012596
0.011862
0.011255
0.011669
0.011707
0.011867
0.011416
0.01211
0.0118
0.011407
0.011449
0.011565
0.011898
0.011321
0.012347
0.012079
0.011568
0.011251
0.010748
0.011082
0.011425
0.011061
0.012755
0.012171
0.012173
0.011253
0.010614
0.010769
0.010892
0.011382
0.010852
0.012231
0.011466
0.011772
0.010513
0.010766
0.010593
0.01131
0.010975
0.011815
0.010803
0.010845
0.010372
0.010751
0.01083
0.011182
0.010985
0.010867
0.010475
0.010694
0.010256
0.010216
0.01022
0.010341
0.010873
0.010293
0.010616
0.012027
0.010225
0.010148
0.00988
0.009612
0.010395
0.010237
0.009926
0.010341
0.010319
0.010263
0.010137
0.010166
0.010423
0.009984
0.010785
0.010519
0.011276
0.010398
0.010285
0.010895
0.010833
0.010737
0.010241
0.010747
0.010722
0.010608
0.010334
0.010743
0.011144
0.011022
0.010729
0.011848
0.011656
0.011074
0.01101
0.010912
0.0117
0.011669
0.011472
0.012144
0.01216
0.011481
0.011768
0.011702
0.012411
0.011751
0.01153
0.011828
0.013112
0.012351
0.01191
0.011619
0.012871
0.012426
0.01199
0.011818
0.013472
0.013449
0.013346
0.012563
0.013035
0.013635
0.013872
0.012675
0.012621
0.014213
0.013402
0.013871
0.012618
0.012507
0.013836
0.013619
0.013299
0.012969
0.012756
0.012891
0.012614
0.012218
0.011021
0.011542
0.012062
0.012668
0.012519
0.012396
0.013132
0.012228
0.012648
0.012648
0.012404
0.013113
0.012659
0.012426
0.014514
0.013894
0.013897
0.013483
0.01337
0.013905
0.014018
0.015159
0.016133
0.015652
0.016529
0.016983
0.016199
0.016318
0.018627
0.01784
0.016772
0.017194
0.016646
0.016767
0.016682
0.018239
0.018433
0.018376
0.017342
0.020793
0.018919
0.018899
0.019295
0.020653
0.020308
0.018318
0.01843
0.021088
0.020815
0.018653
0.019058
0.01864
0.01815
0.019304
0.018981
0.019156
0.02178
0.019773
0.019696
0.019781
0.018843
0.019106
0.019347
0.021228
0.018707
0.018638
0.019139
0.018909
0.018502
0.018362
0.018579
0.01769
0.01856
0.01712
0.017322
0.016736
0.016913
0.017246
0.018063
0.017818
0.016946
0.016767
0.017523
0.016578
0.016945
0.017116
0.017237
0.016554
0.016698
0.017484
0.022086
0.018255
0.018698
0.019749
0.019513
0.019258
0.019347
0.019931
0.023395
0.020717
0.019203
0.019034
0.019483
0.019205
0.018586
0.019122
0.019475
0.019408
0.020208
0.019921
0.021931
0.02027
0.020196
0.020235
0.020565
0.020238
0.021822
0.020615
0.021682
0.022959
0.022108
0.020194
0.021816
0.022229
0.021934
0.021278
0.022276
0.020589
0.020525
0.020576
0.021453
0.020147
0.020164
0.020879
0.020772
0.021239
0.019415
0.022133
0.020638
0.019333
0.019286
0.020327
0.019784
0.020092
0.018947
0.021247
0.020918
0.020525
0.01933
0.020979
0.019243
0.019377
0.019722
0.019635
0.019659
0.019819
0.021002
0.024009
0.020801
0.020562
0.020528
0.02107
0.020944
0.021714
0.020863
0.02088
0.022018
0.021307
0.021511
0.021198
0.020831
0.021295
0.022464
0.0209
0.020321
0.021324
0.02068
0.020442
0.020208
0.020726
0.019901
0.019927
0.019913
0.0211
0.022256
0.022181
0.022269
0.02138
0.021492
0.020522
0.020891
0.019959
0.021767
0.022013
0.020491
0.020281
0.0218
0.021735
0.023728
0.021305
0.020811
0.023018
0.021689
0.022082
0.021828
0.021853
0.022725
0.023047
0.022527
0.022594
0.02251
0.022289
0.02241
0.022376
0.022402
0.021754
0.021832
0.022952
0.022682
0.022491
0.022521
0.021875
0.022671
0.023099
0.021939
0.021627
0.02349
0.022918
0.023127
0.022641
0.022707
0.022765
0.022751
0.022102
0.023118
0.022872
0.021764
0.022489
0.022856
0.022894
0.022636
0.022638
0.022271
0.022732
0.022756
0.022065
0.022731
0.022399
0.022568
0.022219
0.021257
0.020664
0.020286
0.020907
0.020549
0.020448
0.02032
0.021463
0.020265
0.0211
0.02133
0.021924
0.021685
0.022297
0.022419
0.022384
0.022408
0.022729
0.022275
0.022015
0.022423
0.022714
0.022435
0.022483
0.022334
0.022506
0.021626
0.021654
0.022122
0.021802
0.021738
0.022197
0.022201
0.022057
0.02277
0.022532
0.022897
0.021879
0.022565
0.022555
0.021913
0.02239
0.02174
0.022327
0.022347
0.022702
0.022631
0.022474
0.02246
0.022473
0.021879
0.02232
0.022577
0.022628
0.022073
0.022834
0.021873
0.021712
0.022351
0.022351
0.022347
0.022558
0.022714
0.022656
0.022601
0.022727
0.021782
0.022466
0.022174
0.022567
0.02249
0.022425
0.021819
0.022479
0.023535
0.022568
0.021595
0.022444
0.022449
0.022616
0.022217
0.022611
0.022709
0.021664
0.022629
0.022045
0.022268
0.022814
0.022905
0.021763
0.02253
0.022612
0.022667
0.022631
0.021539
0.022469
0.021786
0.02241
0.02251
0.021907
0.022679
0.022708
0.022117
0.022798
0.022546
0.022779
0.023383
0.021674
0.022566
0.022624
0.021798
0.022629
0.022035
0.022676
0.02216
0.02209
0.022927
0.022109
0.021747
0.022771
0.022914
0.023003
0.02238
0.021823
0.022474
0.022516
0.02259
0.021631
0.022806
0.021513
0.020507
0.021371
0.021717
0.022242
0.022572
0.022637
0.023849
0.022537
0.02256
0.022592
0.022624
0.022614
0.022426
0.022783
0.022574
0.022487
0.022735
0.022153
0.022709
0.022703
0.021794
0.022598
0.021797
0.022588
0.022652
0.022708
0.022574
0.022769
0.022687
0.022721
0.022803
0.021895
0.022105
0.022741
0.022643
0.022652
0.022667
0.022451
0.022584
0.02265
0.022
0.022531
0.021951
0.022774
0.022695
0.02261
0.022595
0.022808
0.022234
0.021553
0.021214
0.022021
0.022248
0.022014
0.022651
0.022485
0.022799
0.022498
0.022442
0.022547
0.022967
0.022667
0.022665
0.02292
0.023092
0.021926
0.022115
0.022959
0.023174
0.023419
0.023624
0.023566
0.021879
0.023754
0.022809
0.022755
0.024121
0.023865
0.022937
0.023545
0.024674
0.026092
0.024786
0.026125
0.026966
0.026697
0.026855
0.026212
0.026038
0.025802
0.026952
0.025269
0.025926
0.025897
0.026026
0.025231
0.027383
0.026721
0.025843
0.025915
0.026357
0.0258
0.027921
0.028609
0.02833
0.028285
0.027711
0.027903
0.028429
0.027038
0.02794
0.028719
0.027569
0.027453
0.030348
0.028979
0.029337
0.030678
0.029431
0.029537
0.030182
0.031208
0.031105
0.031346
0.03033
0.030818
0.031577
0.03038
0.029454
0.030657
0.029999
0.03112
0.032957
0.032627
0.031397
0.032126
0.030941
0.030754
0.030443
0.032751
0.031022
0.032173
0.030854
0.031896
0.032344
0.031776
0.031396
0.0338
0.032642
0.032347
0.033468
0.033809
0.03416
0.033559
0.033865
0.037171
0.035816
0.036145
0.035914
0.037537
0.037294
0.036713
0.036908
0.036497
0.038162
0.039029
0.03887
0.039304
0.037425
0.037531
0.037889
0.040276
0.039925
0.03781
0.035509
0.034613
0.034359
0.038912
0.036078
0.036356
0.036958
0.03532
0.035052
0.041853
0.038523
0.039643
0.039983
0.038462
0.037289
0.038278
0.038756
0.038006
0.037868
0.038903
0.039052
0.039044
0.039295
0.038215
0.037507
0.037383
0.041645
0.040731
0.039153
0.039937
0.039384
0.041823
0.039471
0.040946
0.041874
0.043109
0.04132
0.041524
0.040669
0.041764
0.041101
0.045086
0.042441
0.044644
0.04081
0.041389
0.041745
0.045841
0.042608
0.042431
0.040866
0.040793
0.039667
0.039754
0.043528
0.041437
0.041225
0.042334
0.040708
0.041133
0.040421
0.04304
0.040713
0.040961
0.039369
0.040526
0.040207
0.038955
0.037968
0.039291
0.039487
0.039206
0.037391
0.038103
0.038025
0.037157
0.042082
0.040432
0.03838
0.03881
0.038206
0.039858
0.045395
0.042004
0.040622
0.039934
0.039015
0.038784
0.038497
0.041453
0.038938
0.038138
0.037456
0.037105
0.036716
0.041713
0.038121
0.036783
0.03559
0.035598
0.036186
0.042073
0.038471
0.037799
0.036617
0.036851
0.036463
0.042421
0.039681
0.037516
0.037016
0.037086
0.037167
0.042982
0.040073
0.040344
0.040336
0.040579
0.045676
0.043778
0.045984
0.044088
0.04102
0.041947
0.044726
0.042961
0.04087
0.041208
0.039638
0.046476
0.041371
0.041485
0.038864
0.04059
0.043796
0.043085
0.042703
0.041078
0.040317
0.040642
0.039328
0.040131
0.041799
0.042529
0.041096
0.040774
0.047218
0.043239
0.041968
0.041322
0.040938
0.040602
0.044585
0.044755
0.044287
0.043127
0.042282
0.047272
0.043756
0.044249
0.043348
0.042846
0.048088
0.045597
0.04431
0.044394
0.043277
0.047466
0.046959
0.046373
0.044837
0.044371
0.044109
0.046993
0.046072
0.044199
0.044156
0.043743
0.048679
0.049011
0.045266
0.045587
0.044165
0.044027
0.047437
0.047672
0.045884
0.045983
0.045922
0.050424
0.048142
0.047347
0.046028
0.044138
0.043689
0.048478
0.047284
0.047328
0.044112
0.045137
0.046827
0.047368
0.049671
0.046139
0.045129
0.04451
0.050902
0.046536
0.044666
0.044204
0.043513
0.042902
0.045862
0.045589
0.044293
0.042611
0.042312
0.043609
0.043998
0.045343
0.046817
0.045111
0.042374
0.04257
0.050953
0.045326
0.043621
0.042158
0.042623
0.046072
0.044144
0.043403
0.041573
0.041678
0.040892
0.041384
0.042746
0.044597
0.04162
0.03997
0.041106
0.04674
0.036801
0.034875
0.035734
0.037453
0.039788
0.039778
0.037393
0.036206
0.036843
0.035206
0.036379
0.038356
0.038042
0.038038
0.038998
0.034489
0.040502
0.037672
0.035925
0.035695
0.03875
0.038521
0.036505
0.034912
0.036075
0.036086
0.035819
0.042098
0.038265
0.036409
0.035149
0.038474
0.037828
0.039974
0.037581
0.039125
0.036744
0.034521
0.036036
0.035044
0.035857
0.036126
0.038723
0.041106
0.040025
0.03674
0.043504
0.041573
0.041156
0.041092
0.041897
0.0406
0.039734
0.042302
0.049756
0.045003
0.042287
0.045477
0.040541
0.039706
0.040263
0.041713
0.042813
0.042778
0.041405
0.049117
0.042222
0.042868
0.042413
0.040706
0.046013
0.04374
0.042701
0.04114
0.046257
0.043703
0.043197
0.042419
0.041385
0.045862
0.043187
0.042029
0.040893
0.039923
0.045561
0.042473
0.041193
0.041084
0.040014
0.044581
0.041887
0.041311
0.040723
0.041541
0.044602
0.042797
0.041457
0.04188
0.0399
0.046531
0.042263
0.042154
0.041314
0.042078
0.045548
0.04403
0.041525
0.043065
0.039754
0.040532
0.04463
0.043059
0.039802
0.040987
0.039488
0.041366
0.040793
0.044201
0.038896
0.039228
0.04231
0.040499
0.040074
0.0427
0.040016
0.039795
0.038424
0.044102
0.038762
0.039955
0.038707
0.039355
0.039681
0.039497
0.039057
0.038325
0.041717
0.038822
0.038688
0.038334
0.03806
0.038542
0.037943
0.038294
0.037286
0.042215
0.037954
0.036525
0.036192
0.039094
0.038412
0.037569
0.036853
0.041282
0.039053
0.038769
0.03797
0.037303
0.039378
0.038467
0.037045
0.041285
0.03851
0.036966
0.035682
0.036892
0.035843
0.033842
0.031272
0.033644
0.030585
0.035906
0.033199
0.031712
0.032835
0.036362
0.037071
0.035953
0.034579
0.034337
0.032342
0.032706
0.033786
0.032567
0.033362
0.035993
0.033682
0.041946
0.036547
0.035403
0.034485
0.034806
0.035163
0.035787
0.037323
0.03747
0.037035
0.044599
0.038937
0.039737
0.037065
0.03843
0.040146
0.038151
0.037523
0.039486
0.037153
0.039674
0.040429
0.039858
0.038176
0.0385
0.042208
0.03916
0.035209
0.033302
0.031126
0.032863
0.03508
0.03546
0.036016
0.037363
0.040115
0.034842
0.032858
0.035252
0.038316
0.035594
0.037135
0.032676
0.031446
0.041086
0.034828
0.033324
0.036032
0.033543
0.03401
0.03416
0.035049
0.037374
0.033264
0.03302
0.033463
0.034412
0.03522
0.036004
0.034073
0.040211
0.037059
0.035838
0.034371
0.035244
0.038464
0.039988
0.037337
0.035873
0.038549
0.036883
0.037017
0.037593
0.036666
0.039803
0.038563
0.043313
0.03981
0.038021
0.03645
0.036535
0.034502
0.037415
0.035593
0.034795
0.035635
0.036932
0.037328
0.038197
0.045373
0.040969
0.037639
0.037658
0.037558
0.037235
0.03667
0.036242
0.036651
0.037709
0.035432
0.03758
0.035613
0.037012
0.044377
0.039491
0.03678
0.037412
0.034177
0.034251
0.035554
0.035236
0.033796
0.037583
0.035114
0.043841
0.038138
0.036641
0.034668
0.035152
0.034609
0.034069
0.033205
0.03313
0.034573
0.031983
0.032793
0.032858
0.036068
0.033578
0.032937
0.040578
0.034975
0.032236
0.031236
0.031166
0.03103
0.03067
0.031799
0.031877
0.030129
0.029581
0.029162
0.031547
0.031385
0.029928
0.03759
0.032083
0.032046
0.030296
0.030043
0.030053
0.03137
0.031367
0.032596
0.035908
0.034048
0.03968
0.034774
0.033372
0.032745
0.034014
0.032011
0.030462
0.033308
0.033949
0.032903
0.03294
0.031997
0.035445
0.036828
0.031854
0.033153
0.029957
0.035451
0.031847
0.031757
0.031001
0.030441
0.033258
0.032989
0.03244
0.031787
0.03042
0.035847
0.033112
0.032458
0.033254
0.030343
0.032589
0.038173
0.034875
0.031492
0.03603
0.037365
0.034425
0.032147
0.032742
0.030956
0.030853
0.037994
0.033379
0.034655
0.031491
0.032025
0.037155
0.032865
0.036293
0.032763
0.034177
0.029715
0.030085
0.032831
0.030449
0.032957
0.032595
0.031097
0.034172
0.033747
0.028854
0.029197
0.028263
0.033469
0.032051
0.031909
0.030181
0.030545
0.029781
0.029785
0.034257
0.031067
0.030433
0.031918
0.029324
0.030292
0.034571
0.030993
0.030532
0.030397
0.029351
0.03454
0.032964
0.030465
0.030374
0.030017
0.02882
0.033419
0.032638
0.03023
0.029877
0.031727
0.030123
0.031372
0.033622
0.03819
0.031991
0.03194
0.03055
0.032559
0.032029
0.030176
0.031641
0.028584
0.031449
0.029295
0.02859
0.029921
0.029774
0.028139
0.028636
0.027624
0.031587
0.027004
0.027406
0.027186
0.026672
0.025168
0.024116
0.023546
0.025913
0.023894
0.022454
0.022031
0.023975
0.022563
0.023745
0.022953
0.022604
0.022551
0.027382
0.024505
0.02378
0.022553
0.021756
0.021425
0.02038
0.020188
0.02076
0.02216
0.020609
0.020539
0.018479
0.020952
0.019918
0.01829
0.018605
0.018309
0.019094
0.017001
0.017044
0.018325
0.017288
0.018599
0.016615
0.017743
0.01971
0.016678
0.017944
0.016423
0.015442
0.01555
0.016397
0.016733
0.015538
0.016207
0.01528
0.014804
0.015302
0.015481
0.016371
0.01621
0.015062
0.015531
0.014958
0.01748
0.015659
0.015524
0.014049
0.014288
0.015192
0.01463
0.013853
0.014502
0.014982
0.014337
0.013553
0.013507
0.013817
0.013553
0.013733
0.013704
0.013058
0.01271
0.013232
0.013251
0.012994
0.013787
0.013564
0.013231
0.013439
0.01482
0.013278
0.013068
0.012558
0.01331
0.012132
0.01238
0.012529
0.012264
0.012265
0.012118
0.012024
0.012297
0.011256
0.012456
0.01252
0.012093
0.012886
0.012303
0.012109
0.013708
0.012815
0.01202
0.012103
0.011935
0.011378
0.011749
0.012741
0.012288
0.012695
0.012363
0.01193
0.011659
0.013085
0.012344
0.011863
0.011715
0.011818
0.011526
0.011672
0.012262
0.011799
0.011493
0.011334
0.011175
0.012833
0.011681
0.01173
0.011226
0.01121
0.01239
0.01202
0.011733
0.011479
0.011072
0.010989
0.010384
0.011848
0.011355
0.010944
0.010813
0.010958
0.011315
0.011318
0.012152
0.011391
0.010731
0.01108
0.011899
0.012854
0.011572
0.011093
0.011163
0.01213
0.011616
0.011173
0.010717
0.010737
0.011724
0.011417
0.011099
0.010624
0.01169
0.011774
0.011992
0.011461
0.011353
0.012346
0.011986
0.011718
0.011811
0.012941
0.013228
0.012442
0.012722
0.013047
0.013821
0.012534
0.013038
0.01305
0.013472
0.014563
0.013867
0.013683
0.013623
0.013542
0.015029
0.014584
0.014173
0.013671
0.015442
0.01454
0.014207
0.013836
0.014256
0.014564
0.014467
0.01415
0.014095
0.013774
0.015449
0.014797
0.014741
0.015678
0.01649
0.016964
0.015076
0.01484
0.014394
0.01441
0.013768
0.015399
0.014053
0.013813
0.013661
0.013813
0.013517
0.013697
0.014824
0.012663
0.012089
0.012766
0.012844
0.012319
0.012043
0.012342
0.011108
0.01164
0.010865
0.011526
0.012619
0.011275
0.011804
0.011679
0.01169
0.012102
0.012332
0.011477
0.01171
0.012685
0.011485
0.011631
0.011467
0.010829
0.0131
0.012056
0.011204
0.011057
0.010739
0.011395
0.011413
0.011826
0.010829
0.011967
0.011557
0.01116
0.011326
0.01134
0.012381
0.012099
0.011455
0.011299
0.012628
0.012606
0.012609
0.012272
0.013311
0.013188
0.012796
0.012459
0.012072
0.013413
0.012467
0.011547
0.0113
0.012884
0.012472
0.012438
0.01238
0.011963
0.011812
0.013193
0.012791
0.012695
0.012877
0.014822
0.014072
0.013255
0.013584
0.013872
0.015721
0.015499
0.015069
0.014705
0.01476
0.014841
0.016586
0.016375
0.016579
0.01593
0.015775
0.015706
0.021336
0.018026
0.018708
0.019155
0.01789
0.020661
0.020496
0.019402
0.019137
0.019769
0.019656
0.019368
0.020024
0.021775
0.022253
0.021842
0.022245
0.02328
0.027725
0.024552
0.024855
0.026048
0.024129
0.025064
0.024601
0.025438
0.02578
0.025358
0.025295
0.025754
0.025422
0.027479
0.029755
0.027677
0.027699
0.03041
0.027305
0.029042
0.032021
0.028549
0.02812
0.028754
0.030086
0.02998
0.033047
0.029222
0.029182
0.03
0.029396
0.032435
0.034284
0.031401
0.031828
0.032099
0.036654
0.031583
0.031387
0.030876
0.030993
0.030933
0.032446
0.033314
0.031747
0.032113
0.032045
0.033329
0.032342
0.031474
0.03335
0.03187
0.033045
0.034003
0.033169
0.032949
0.033942
0.03463
0.033663
0.03412
0.034415
0.034493
0.035022
0.034214
0.034565
0.034176
0.032936
0.034329
0.035171
0.036251
0.036106
0.036015
0.033534
0.036769
0.037006
0.037333
0.035848
0.03448
0.035699
0.035974
0.035525
0.038972
0.0377
0.035644
0.037723
0.035958
0.037018
0.037195
0.040105
0.039924
0.039259
0.04016
0.038329
0.042965
0.04231
0.04067
0.039251
0.03936
0.040506
0.039845
0.038878
0.043121
0.038719
0.037948
0.038586
0.040417
0.044234
0.042059
0.038629
0.040235
0.037848
0.03914
0.037616
0.04392
0.039291
0.038379
0.039241
0.038453
0.043844
0.041622
0.040404
0.038988
0.039838
0.039411
0.04264
0.041328
0.040948
0.039407
0.039931
0.040419
0.039965
0.041474
0.039717
0.038649
0.038272
0.038532
0.044113
0.040802
0.03999
0.037264
0.0398
0.038612
0.041463
0.042252
0.040366
0.040737
0.039535
0.044946
0.041977
0.041032
0.040458
0.042672
0.043405
0.044854
0.041049
0.039591
0.037675
0.043114
0.039603
0.039633
0.03887
0.045845
0.044231
0.042688
0.04159
0.042112
0.043913
0.043713
0.040849
0.04047
0.039298
0.046533
0.040821
0.042306
0.04123
0.040467
0.044798
0.041901
0.039028
0.037789
0.042825
0.040524
0.037126
0.038243
0.035909
0.040729
0.038383
0.038657
0.037793
0.041942
0.040962
0.039932
0.038553
0.03788
0.041848
0.038896
0.03775
0.037869
0.042261
0.040502
0.039176
0.038782
0.036243
0.041174
0.039368
0.039817
0.037794
0.038003
0.041579
0.03959
0.037598
0.038786
0.037241
0.040208
0.037462
0.038222
0.037498
0.037512
0.041664
0.039825
0.038595
0.039835
0.037614
0.04318
0.038784
0.040361
0.038591
0.038526
0.036667
0.042323
0.038349
0.036967
0.035985
0.038022
0.041672
0.038466
0.038049
0.039748
0.038223
0.038194
0.041336
0.041358
0.039031
0.036932
0.043437
0.040908
0.039987
0.041876
0.042137
0.040539
0.039153
0.04308
0.040106
0.041397
0.039464
0.03819
0.044547
0.042385
0.040191
0.039683
0.038341
0.038463
0.042833
0.03973
0.040757
0.040043
0.03958
0.037754
0.043568
0.040105
0.040014
0.038898
0.039112
0.037589
0.037995
0.041228
0.037411
0.037157
0.038551
0.035974
0.038283
0.037934
0.035764
0.037505
0.038001
0.037254
0.035736
0.035469
0.034996
0.033918
0.035104
0.037024
0.037022
0.035324
0.035737
0.036335
0.03602
0.035143
0.033318
0.035241
0.035913
0.037384
0.036183
0.036003
0.035837
0.037938
0.038057
0.035936
0.039934
0.03622
0.038803
0.037217
0.034511
0.036883
0.03647
0.036693
0.03689
0.036695
0.035848
0.037305
0.040167
0.040202
0.040515
0.040459
0.040242
0.040264
0.039582
0.041729
0.040128
0.041034
0.041406
0.03985
0.039568
0.040908
0.039151
0.039595
0.038158
0.039736
0.039438
0.04031
0.039049
0.040111
0.039234
0.039262
0.041214
0.040866
0.03862
0.038392
0.037739
0.039407
0.038943
0.039521
0.038902
0.039682
0.038764
0.040389
0.038572
0.039312
0.039158
0.039425
0.03856
0.039723
0.038456
0.03961
0.036264
0.037935
0.03762
0.038443
0.03918
0.03894
0.039723
0.039682
0.038278
0.039764
0.038774
0.039809
0.037932
0.0391
0.038579
0.038743
0.039036
0.038979
0.038133
0.037525
0.038478
0.038595
0.038145
0.037686
0.036349
0.036158
0.037054
0.040592
0.037308
0.038346
0.037545
0.039002
0.037189
0.036504
0.038162
0.038737
0.037854
0.038671
0.041116
0.037669
0.04104
0.039252
0.039354
0.037919
0.041938
0.039406
0.039125
0.03938
0.037579
0.039368
0.038334
0.039568
0.039127
0.039749
0.038239
0.037168
0.036421
0.037908
0.0425
0.039137
0.037862
0.037315
0.038108
0.04037
0.036032
0.037049
0.036958
0.037645
0.037406
0.038143
0.036363
0.037542
0.037528
0.03586
0.036296
0.03654
0.036759
0.038318
0.03814
0.038868
0.038319
0.038994
0.038439
0.042187
0.038779
0.039752
0.039627
0.041196
0.038541
0.039005
0.036498
0.03813
0.036459
0.037429
0.03649
0.038423
0.037141
0.038089
0.038687
0.037687
0.037577
0.039286
0.038489
0.038779
0.037249
0.03943
0.03729
0.036946
0.036529
0.036228
0.036158
0.037577
0.039527
0.041152
0.037939
0.039737
0.039266
0.040421
0.039508
0.038767
0.037175
0.037991
0.038063
0.037638
0.036007
0.036463
0.03593
0.035972
0.03531
0.035052
0.035668
0.035483
0.034605
0.036181
0.036853
0.039797
0.036407
0.036272
0.037746
0.036227
0.036036
0.035621
0.03582
0.034599
0.034728
0.034803
0.034671
0.036675
0.036948
0.036799
0.03596
0.035651
0.035122
0.035241
0.034749
0.035152
0.034786
0.036319
0.037355
0.036369
0.036506
0.035739
0.035512
0.038501
0.035118
0.035746
0.035169
0.035482
0.035953
0.035588
0.039163
0.035812
0.035056
0.035101
0.035649
0.036282
0.040374
0.03581
0.034333
0.0338
0.033197
0.033141
0.035248
0.03546
0.037079
0.036012
0.035825
0.035813
0.042992
0.038805
0.037208
0.036077
0.037824
0.035061
0.040466
0.038369
0.037267
0.035775
0.034661
0.03508
0.036158
0.04072
0.037417
0.035569
0.041694
0.038836
0.038691
0.037216
0.037688
0.036639
0.038053
0.038569
0.03822
0.037208
0.03701
0.037029
0.042584
0.038334
0.036958
0.036205
0.041155
0.038656
0.035768
0.035657
0.035265
0.037668
0.039687
0.035692
0.034233
0.040296
0.037193
0.036068
0.035831
0.033732
0.036459
0.036122
0.034764
0.034192
0.034398
0.035632
0.035454
0.038763
0.035606
0.03548
0.04211
0.037481
0.035098
0.035579
0.034172
0.036873
0.036509
0.034705
0.033891
0.033818
0.038433
0.03693
0.035528
0.034384
0.038696
0.036698
0.035211
0.034612
0.037761
0.03678
0.03716
0.035604
0.035692
0.039563
0.038713
0.035572
0.039069
0.037006
0.035077
0.033112
0.036355
0.037102
0.037256
0.036339
0.03951
0.038508
0.038025
0.036277
0.038547
0.038244
0.036401
0.038505
0.038531
0.037856
0.036823
0.039163
0.039903
0.039005
0.037701
0.040449
0.039158
0.038642
0.037569
0.035556
0.040472
0.037568
0.037402
0.035286
0.038239
0.040454
0.038141
0.036584
0.035136
0.039343
0.038186
0.037109
0.036547
0.035611
0.035567
0.03817
0.037919
0.040028
0.037782
0.037995
0.047053
0.040297
0.042127
0.04056
0.038909
0.03753
0.038689
0.038122
0.04013
0.040416
0.039044
0.044933
0.039049
0.042703
0.039674
0.037007
0.039577
0.038352
0.038658
0.03965
0.039747
0.041562
0.040578
0.046163
0.041332
0.038537
0.039362
0.038895
0.03763
0.038861
0.039513
0.037965
0.038536
0.039635
0.040629
0.038637
0.037833
0.047452
0.040397
0.038781
0.037056
0.036116
0.034503
0.03537
0.035715
0.036538
0.035734
0.037806
0.037259
0.046619
0.041697
0.040904
0.040117
0.037074
0.037079
0.037145
0.039141
0.038142
0.040221
0.045829
0.043212
0.040107
0.03899
0.036991
0.036698
0.038257
0.038823
0.037452
0.037851
0.037036
0.03604
0.037097
0.043276
0.037405
0.036533
0.035356
0.034603
0.0365
0.035513
0.037005
0.036173
0.041603
0.041582
0.03919
0.040441
0.038364
0.040985
0.040284
0.039763
0.038059
0.038593
0.036932
0.040683
0.041019
0.036809
0.043754
0.036966
0.038312
0.035536
0.034894
0.035989
0.035787
0.035018
0.034322
0.035648
0.035339
0.037676
0.034696
0.033405
0.038526
0.034331
0.034096
0.033609
0.035725
0.035569
0.035975
0.035042
0.036134
0.035976
0.033482
0.033082
0.035186
0.033795
0.033432
0.031755
0.030633
0.032278
0.032683
0.031757
0.030045
0.033876
0.031413
0.030317
0.031748
0.033778
0.034056
0.033689
0.032488
0.032125
0.033728
0.034567
0.032845
0.031723
0.031086
0.03087
0.031841
0.035943
0.032478
0.031327
0.030745
0.036234
0.034175
0.03304
0.032554
0.035736
0.034853
0.034522
0.034768
0.032954
0.035635
0.035251
0.034386
0.033599
0.03583
0.03591
0.038862
0.035959
0.033919
0.034582
0.03796
0.036989
0.034986
0.03381
0.037853
0.035484
0.034695
0.03393
0.033636
0.035211
0.034709
0.033992
0.032316
0.031312
0.03505
0.034003
0.032671
0.031463
0.035581
0.033406
0.032558
0.032095
0.03441
0.035396
0.033454
0.032528
0.036779
0.035428
0.037715
0.035402
0.034372
0.032915
0.036059
0.035287
0.0344
0.034433
0.036027
0.035426
0.03574
0.038255
0.035749
0.035823
0.035714
0.035219
0.038208
0.035358
0.034076
0.038048
0.03729
0.038301
0.034195
0.034401
0.033533
0.034543
0.03278
0.031858
0.035273
0.032076
0.030738
0.034277
0.030099
0.029391
0.031928
0.030952
0.031289
0.02994
0.030616
0.030554
0.034477
0.031107
0.031055
0.030236
0.035053
0.03261
0.032826
0.033096
0.035318
0.034787
0.035039
0.03363
0.033046
0.036954
0.037486
0.035286
0.035418
0.033415
0.03499
0.038643
0.035784
0.03715
0.033238
0.040584
0.036537
0.036942
0.040166
0.036116
0.039752
0.03822
0.03776
0.034968
0.035061
0.035872
0.035002
0.041125
0.03562
0.033655
0.036371
0.034
0.032339
0.03726
0.034819
0.034989
0.034163
0.03272
0.035936
0.03535
0.034699
0.033396
0.037642
0.036274
0.035549
0.034614
0.03588
0.039152
0.038379
0.03643
0.035618
0.039039
0.037967
0.03801
0.03741
0.038841
0.040425
0.038138
0.037279
0.040196
0.039455
0.036525
0.035513
0.035534
0.038894
0.037131
0.036398
0.040115
0.037077
0.036211
0.034889
0.034273
0.036142
0.035075
0.033548
0.032546
0.032062
0.033453
0.035968
0.032441
0.031233
0.031039
0.035248
0.032993
0.033046
0.033197
0.036561
0.034934
0.034591
0.035459
0.033794
0.037112
0.037462
0.036544
0.035448
0.035547
0.037596
0.035658
0.034233
0.034306
0.031143
0.036839
0.034577
0.033803
0.033094
0.038087
0.035183
0.034081
0.033337
0.033161
0.032847
0.034263
0.03385
0.035266
0.038177
0.036224
0.034399
0.034486
0.033875
0.03658
0.037882
0.036204
0.034954
0.035053
0.0363
0.040977
0.038883
0.036297
0.036767
0.039059
0.037977
0.035546
0.03297
0.035529
0.03383
0.033075
0.032531
0.033271
0.033515
0.036589
0.033058
0.033534
0.033017
0.038735
0.035043
0.035367
0.035177
0.037986
0.036459
0.035556
0.037585
0.040117
0.038691
0.036536
0.036721
0.036005
0.037998
0.037083
0.035155
0.034141
0.038948
0.035941
0.035134
0.033779
0.032834
0.035408
0.033822
0.031622
0.031256
0.030957
0.033512
0.031528
0.031272
0.032609
0.030324
0.032989
0.029183
0.028248
0.026992
0.026519
0.030212
0.027988
0.025572
0.023566
0.024668
0.023175
0.025587
0.027772
0.024584
0.024028
0.028708
0.023568
0.022306
0.021048
0.020672
0.021815
0.020702
0.020088
0.018975
0.019654
0.019288
0.020376
0.021643
0.01925
0.019056
0.019627
0.022763
0.020258
0.020103
0.020558
0.020082
0.018686
0.021432
0.021259
0.020204
0.019665
0.019753
0.023172
0.020739
0.020004
0.019814
0.02068
0.022355
0.021504
0.02106
0.020503
0.022204
0.021058
0.022185
0.023097
0.02394
0.025139
0.026524
0.028486
0.029481
0.027762
0.029477
0.03076
0.029074
0.028361
0.028679
0.02706
0.029987
0.030613
0.028645
0.030013
0.030338
0.031216
0.030415
0.030061
0.026979
0.027502
0.026449
0.030966
0.027575
0.028839
0.027206
0.026873
0.030354
0.028178
0.028337
0.027113
0.02667
0.026594
0.029846
0.026351
0.026224
0.027621
0.025886
0.02461
0.029325
0.02633
0.024063
0.0259
0.024635
0.023071
0.024986
0.023044
0.023871
0.022103
0.021348
0.020681
0.021894
0.021019
0.022412
0.024036
0.021058
0.021015
0.020132
0.019842
0.02031
0.01949
0.021762
0.019321
0.018304
0.018728
0.019098
0.019032
0.019827
0.01933
0.020397
0.019544
0.022413
0.018686
0.019192
0.018597
0.018364
0.017968
0.018109
0.01764
0.018972
0.01875
0.016835
0.017803
0.016481
0.019073
0.016204
0.016683
0.015893
0.015284
0.014992
0.015018
0.015543
0.016006
0.016162
0.015966
0.016317
0.016388
0.016311
0.015689
0.018148
0.016509
0.016058
0.01691
0.016735
0.01644
0.016286
0.016312
0.017942
0.017152
0.016825
0.016886
0.017166
0.016429
0.019511
0.018402
0.017916
0.017989
0.016999
0.017747
0.017445
0.01678
0.016783
0.017813
0.018084
0.017353
0.017306
0.017975
0.016649
0.019245
0.017137
0.017487
0.016565
0.01632
0.01654
0.016341
0.018023
0.017166
0.01761
0.017065
0.016046
0.016071
0.017825
0.015967
0.016071
0.015629
0.015312
0.015165
0.015394
0.015143
0.015487
0.014841
0.015206
0.016134
0.01495
0.014726
0.015666
0.014619
0.015587
0.015053
0.014657
0.015006
0.014938
0.014032
0.014215
0.014732
0.014153
0.012871
0.013572
0.013378
0.013709
0.013287
0.013102
0.012854
0.012704
0.013141
0.014089
0.012538
0.011854
0.012217
0.01271
0.013866
0.011748
0.012569
0.011792
0.012267
0.012149
0.012518
0.012128
0.012
0.01182
0.012806
0.012046
0.012095
0.01206
0.012741
0.011914
0.011788
0.011888
0.013282
0.012287
0.014898
0.013028
0.012825
0.012512
0.012001
0.01322
0.012707
0.012604
0.012164
0.012076
0.0123
0.012008
0.012144
0.011935
0.014301
0.013269
0.011988
0.011488
0.012452
0.012425
0.012048
0.011813
0.012875
0.012033
0.013529
0.0135
0.012425
0.012436
0.013791
0.013056
0.013125
0.012334
0.01194
0.012467
0.012237
0.011786
0.011583
0.01192
0.011395
0.011429
0.013247
0.012091
0.011875
0.011577
0.011432
0.011931
0.012617
0.012095
0.013656
0.012746
0.0135
0.012409
0.011892
0.012983
0.012414
0.01277
0.012207
0.013505
0.012653
0.012453
0.012542
0.012957
0.012292
0.011956
0.011633
0.012332
0.012383
0.012377
0.011927
0.01288
0.012775
0.012413
0.012235
0.01174
0.01268
0.01295
0.011612
0.011843
0.012208
0.012171
0.013676
0.012753
0.012039
0.011919
0.011174
0.012095
0.012318
0.011779
0.012495
0.011841
0.01179
0.011427
0.011796
0.012482
0.011758
0.011332
0.011221
0.011722
0.011542
0.013178
0.011739
0.011643
0.011342
0.011632
0.011335
0.010914
0.010803
0.011131
0.01047
0.010783
0.010285
0.011162
0.010222
0.010111
0.011156
0.010536
0.009901
0.010792
0.01042
0.010366
0.010212
0.010698
0.010656
0.010983
0.011411
0.010555
0.010651
0.010385
0.01021
0.010787
0.010142
0.010389
0.010935
0.010951
0.010279
0.010861
0.011539
0.011397
0.010699
0.011044
0.011335
0.011485
0.010841
0.011852
0.01173
0.011448
0.011537
0.011862
0.011829
0.011293
0.011271
0.01225
0.011874
0.011531
0.011128
0.01243
0.012047
0.011636
0.011742
0.011604
0.012209
0.012021
0.012812
0.012532
0.012277
0.012333
0.012894
0.012843
0.012764
0.012004
0.012794
0.01523
0.012713
0.012691
0.012954
0.013354
0.014447
0.013615
0.013369
0.013727
0.013765
0.013378
0.015554
0.015452
0.01556
0.014315
0.014103
0.013888
0.013906
0.015308
0.014939
0.014471
0.014315
0.016555
0.015193
0.015345
0.015408
0.015638
0.015502
0.015898
0.0175
0.018002
0.016863
0.016748
0.017662
0.017668
0.016957
0.018866
0.018274
0.01936
0.018434
0.018202
0.017698
0.018824
0.017535
0.017035
0.016151
0.017548
0.016207
0.016964
0.017374
0.017475
0.017235
0.016814
0.017028
0.019826
0.017399
0.01689
0.016928
0.019229
0.018661
0.02
0.019379
0.019824
0.019889
0.021154
0.021806
0.021241
0.023002
0.022768
0.022429
0.022149
0.021652
0.022047
0.021565
0.02202
0.021751
0.021883
0.02198
0.024147
0.024002
0.024628
0.024632
0.025558
0.024669
0.025169
0.024747
0.025152
0.025704
0.024411
0.025238
0.03021
0.026073
0.025931
0.025686
0.026625
0.026991
0.02744
0.027044
0.02703
0.027239
0.028087
0.027385
0.028414
0.026894
0.026647
0.027521
0.025971
0.027452
0.027516
0.027324
0.026836
0.029174
0.027684
0.028379
0.03024
0.0279
0.02808
0.029767
0.028416
0.028523
0.031489
0.029899
0.032215
0.030039
0.030767
0.029034
0.029307
0.029234
0.029212
0.030811
0.031053
0.030339
0.030759
0.028855
0.030756
0.029982
0.030351
0.032396
0.03193
0.031425
0.031408
0.032303
0.031531
0.030417
0.031255
0.032156
0.031993
0.032609
0.032758
0.032338
0.032315
0.032122
0.030456
0.033565
0.034777
0.032848
0.033627
0.03326
0.03568
0.033336
0.034349
0.03665
0.036306
0.036343
0.03621
0.036638
0.038618
0.036541
0.036286
0.038584
0.040916
0.039194
0.038597
0.04045
0.04031
0.039592
0.038373
0.039738
0.039781
0.037768
0.038035
0.037141
0.037508
0.040439
0.038047
0.036955
0.035121
0.043055
0.038342
0.04056
0.0394
0.038504
0.039187
0.038172
0.039647
0.038593
0.040581
0.042184
0.040733
0.03998
0.040165
0.037385
0.041326
0.039785
0.038545
0.037989
0.038889
0.040578
0.039781
0.042173
0.041586
0.04096
0.040683
0.042098
0.040303
0.043939
0.041598
0.04278
0.040824
0.039996
0.039662
0.045445
0.043026
0.04169
0.042678
0.040557
0.039101
0.046552
0.043224
0.040386
0.039686
0.040251
0.038586
0.03969
0.042319
0.042754
0.042547
0.039986
0.038756
0.0427
0.045401
0.044857
0.041953
0.04297
0.041612
0.04263
0.042541
0.041406
0.04289
0.043456
0.039971
0.041301
0.041382
0.041929
0.045139
0.043729
0.040357
0.041519
0.039921
0.041613
0.040707
0.046087
0.042963
0.041681
0.041418
0.039873
0.039425
0.039708
0.040719
0.041341
0.039462
0.03788
0.035198
0.036191
0.040798
0.039852
0.037604
0.035503
0.035924
0.034096
0.040137
0.039314
0.037282
0.037104
0.038692
0.036905
0.044032
0.039841
0.039097
0.03923
0.038286
0.039539
0.046518
0.043232
0.042645
0.039754
0.041836
0.046528
0.042659
0.040058
0.04069
0.039647
0.044143
0.043231
0.041462
0.040123
0.039013
0.044097
0.042556
0.040498
0.041309
0.039917
0.039432
0.043865
0.043263
0.040467
0.0411
0.040341
0.041024
0.045096
0.043529
0.041377
0.04139
0.041141
0.046612
0.043828
0.044275
0.042388
0.042697
0.046777
0.046085
0.04411
0.045264
0.042193
0.048812
0.045142
0.044196
0.041674
0.043693
0.048191
0.046658
0.043774
0.04395
0.042832
0.048056
0.045484
0.045347
0.042776
0.043535
0.04212
0.048376
0.044008
0.044745
0.041905
0.042927
0.04126
0.048976
0.044615
0.044751
0.042624
0.043052
0.044575
0.045376
0.04942
0.045108
0.043343
0.042181
0.048416
0.045869
0.043263
0.042265
0.042986
0.0452
0.043129
0.042592
0.044017
0.043633
0.04228
0.049788
0.044478
0.04782
0.046929
0.044285
0.042686
0.042309
0.045594
0.050751
0.04542
0.044672
0.042378
0.046664
0.04444
0.056011
0.047026
0.047114
0.0441
0.047123
0.040745
0.041676
0.043865
0.043154
0.043162
0.042888
0.04633
0.043623
0.042372
0.052674
0.046204
0.04492
0.042581
0.041243
0.039954
0.040007
0.038291
0.040319
0.039309
0.039909
0.039699
0.039772
0.044446
0.039362
0.037033
0.037722
0.035966
0.038136
0.036669
0.036657
0.035908
0.037374
0.037107
0.038057
0.043109
0.038203
0.037111
0.035794
0.035703
0.034486
0.037064
0.037724
0.036019
0.035666
0.036432
0.037154
0.03611
0.038601
0.036469
0.035301
0.041606
0.039342
0.038471
0.038315
0.038903
0.040496
0.041021
0.039537
0.041431
0.042083
0.037771
0.04121
0.039923
0.041501
0.039743
0.038901
0.039908
0.043992
0.041953
0.042934
0.043447
0.042821
0.040957
0.041493
0.040116
0.044797
0.041864
0.041706
0.044466
0.044764
0.042465
0.044199
0.040415
0.040807
0.043846
0.044392
0.04202
0.041997
0.046438
0.043471
0.041974
0.04119
0.040637
0.044202
0.042772
0.042264
0.039681
0.039562
0.043737
0.039656
0.039252
0.038892
0.037899
0.044373
0.040943
0.041107
0.040672
0.041178
0.040053
0.045858
0.044213
0.042308
0.040933
0.047778
0.042911
0.043936
0.041994
0.043038
0.042504
0.04676
0.043831
0.044265
0.04106
0.042916
0.041135
0.043019
0.046877
0.044393
0.0403
0.040779
0.047503
0.044162
0.043124
0.040517
0.040861
0.04534
0.044808
0.044379
0.042634
0.040829
0.044201
0.044697
0.042803
0.042485
0.04021
0.045266
0.044429
0.044543
0.042351
0.04321
0.045852
0.044918
0.043428
0.043231
0.03988
0.040695
0.044127
0.041927
0.040272
0.04066
0.039102
0.041841
0.042391
0.047115
0.042275
0.041465
0.044869
0.041889
0.040404
0.039278
0.038203
0.038382
0.041199
0.040357
0.038232
0.037401
0.038071
0.038993
0.043438
0.038342
0.037211
0.044528
0.041308
0.040611
0.038565
0.037688
0.037523
0.038265
0.038085
0.037545
0.041879
0.036758
0.035334
0.034761
0.033755
0.034085
0.033732
0.032339
0.03377
0.032979
0.033224
0.036702
0.03451
0.033908
0.038164
0.036538
0.036217
0.035883
0.036572
0.038454
0.038373
0.038082
0.038232
0.042437
0.041536
0.040278
0.03994
0.039205
0.036793
0.040169
0.038467
0.039376
0.038566
0.039154
0.038763
0.039282
0.037889
0.042373
0.037659
0.034783
0.037628
0.034908
0.035202
0.034842
0.037342
0.036619
0.036359
0.034019
0.039291
0.035741
0.034211
0.033911
0.032368
0.0338
0.035824
0.033616
0.03533
0.033436
0.033874
0.036588
0.035111
0.033935
0.038784
0.035607
0.034847
0.033308
0.035515
0.035035
0.034928
0.034562
0.03387
0.036352
0.043575
0.038054
0.038802
0.037208
0.037061
0.035871
0.036883
0.037279
0.035827
0.035303
0.036573
0.036968
0.036641
0.034818
0.043023
0.038099
0.036273
0.036276
0.034255
0.033305
0.035183
0.034602
0.033326
0.033218
0.038419
0.03499
0.043371
0.037963
0.035231
0.035371
0.034849
0.033694
0.033884
0.033491
0.033942
0.035909
0.035851
0.036289
0.043951
0.037865
0.037671
0.036479
0.034746
0.034083
0.033788
0.033028
0.034133
0.035889
0.036778
0.035772
0.042335
0.037002
0.035326
0.034296
0.033751
0.033587
0.032311
0.032515
0.034685
0.034074
0.03309
0.042732
0.035749
0.03519
0.033987
0.034038
0.032954
0.032759
0.031359
0.031709
0.031373
0.03091
0.033123
0.033894
0.033072
0.033053
0.033343
0.03907
0.034936
0.032755
0.031939
0.030381
0.028999
0.028923
0.027111
0.030353
0.031152
0.030089
0.029312
0.031317
0.029289
0.033116
0.0312
0.030136
0.030107
0.029429
0.02868
0.029178
0.032187
0.031358
0.030903
0.029673
0.030286
0.030584
0.030051
0.03103
0.032893
0.031177
0.030954
0.031365
0.032941
0.032941
0.031896
0.032406
0.0318
0.030765
0.030921
0.029673
0.030503
0.030955
0.031997
0.031712
0.03101
0.031497
0.030653
0.029997
0.032351
0.030123
0.030087
0.031117
0.029862
0.031279
0.031063
0.030478
0.030145
0.030252
0.030448
0.030147
0.030202
0.029874
0.030132
0.029981
0.028443
0.030626
0.030143
0.029763
0.034082
0.034099
0.03474
0.033883
0.033895
0.034628
0.034294
0.033244
0.033829
0.03388
0.034085
0.034257
0.033613
0.034432
0.034406
0.033849
0.032189
0.031914
0.032238
0.032429
0.032233
0.032419
0.031559
0.032006
0.031819
0.031276
0.031018
0.032753
0.032289
0.032396
0.032277
0.032501
0.03231
0.032513
0.032337
0.03246
0.031665
0.032727
0.032852
0.032467
0.032704
0.033021
0.031866
0.0319
0.031925
0.031118
0.032886
0.03103
0.030872
0.031902
0.031429
0.031025
0.031493
0.031179
0.032086
0.032236
0.031978
0.031645
0.031206
0.030872
0.031625
0.032454
0.031289
0.031256
0.031534
0.031226
0.031139
0.031325
0.031009
0.030562
0.031174
0.032705
0.032805
0.031542
0.031731
0.032848
0.031805
0.031783
0.030439
0.03221
0.032103
0.03129
0.031685
0.03084
0.030957
0.031393
0.030796
0.030808
0.031433
0.030997
0.030097
0.030663
0.030278
0.030798
0.031825
0.031996
0.033075
0.032991
0.033633
0.037838
0.033447
0.032619
0.032841
0.033175
0.033397
0.032841
0.032086
0.032301
0.032082
0.032645
0.032083
0.031747
0.031497
0.031592
0.031954
0.031876
0.033547
0.033543
0.033865
0.034902
0.033081
0.032849
0.031823
0.031775
0.0326
0.031739
0.032055
0.032951
0.033778
0.034303
0.034078
0.032672
0.0326
0.035497
0.033418
0.032134
0.03069
0.032788
0.032067
0.032592
0.033244
0.032123
0.032077
0.031751
0.03141
0.031405
0.032987
0.032001
0.032077
0.033011
0.032402
0.032595
0.032648
0.031802
0.03123
0.031869
0.030775
0.03342
0.032822
0.03548
0.03253
0.032624
0.032477
0.033328
0.03052
0.030966
0.032555
0.032598
0.033081
0.033691
0.032332
0.034236
0.037023
0.033554
0.033573
0.032762
0.032593
0.032379
0.036038
0.031929
0.031856
0.033185
0.033953
0.033032
0.037154
0.03393
0.033071
0.033684
0.032383
0.034686
0.035133
0.034031
0.034143
0.033793
0.033081
0.032475
0.031813
0.033329
0.034659
0.032939
0.032453
0.033266
0.032913
0.031592
0.035612
0.034756
0.032369
0.03327
0.031742
0.030889
0.033156
0.031726
0.034165
0.035266
0.034615
0.034027
0.034285
0.034309
0.034536
0.036241
0.035831
0.034953
0.034421
0.033617
0.034082
0.033668
0.03298
0.034447
0.034444
0.033901
0.033984
0.033693
0.033391
0.036765
0.034443
0.034493
0.032788
0.032222
0.02993
0.030322
0.033489
0.033656
0.03084
0.030744
0.029827
0.030374
0.035795
0.033643
0.030294
0.030812
0.029675
0.029359
0.029001
0.031974
0.030219
0.030635
0.028166
0.028973
0.028612
0.032473
0.029875
0.028528
0.028223
0.026867
0.027011
0.026481
0.029466
0.028007
0.025972
0.025846
0.02598
0.025836
0.025595
0.025559
0.027958
0.022896
0.023633
0.022601
0.023561
0.023171
0.023763
0.023769
0.022926
0.028211
0.023261
0.023147
0.022577
0.022016
0.021743
0.021143
0.020454
0.02082
0.021446
0.020851
0.020211
0.020903
0.021248
0.020111
0.02238
0.019802
0.021804
0.018674
0.018383
0.018612
0.021481
0.019044
0.018357
0.017903
0.017549
0.017505
0.017959
0.018482
0.019931
0.017634
0.017134
0.016933
0.0198
0.017675
0.017802
0.017774
0.018178
0.0164
0.016272
0.015682
0.017026
0.015571
0.014976
0.014872
0.01457
0.014878
0.014474
0.014543
0.014379
0.014072
0.014056
0.013593
0.013732
0.013514
0.014218
0.014061
0.013354
0.014056
0.014047
0.014264
0.016688
0.014383
0.013902
0.013641
0.013162
0.012985
0.011932
0.011816
0.012526
0.012296
0.012206
0.01181
0.011978
0.012163
0.01232
0.014465
0.012411
0.012093
0.01148
0.011261
0.010746
0.010821
0.011427
0.011368
0.011573
0.011285
0.011705
0.011762
0.014406
0.012024
0.01215
0.012098
0.011711
0.011493
0.01167
0.011588
0.011436
0.012067
0.011785
0.011937
0.01226
0.011956
0.01199
0.013942
0.012291
0.01175
0.01189
0.01179
0.011562
0.011285
0.011683
0.011978
0.011727
0.011458
0.011574
0.01135
0.012465
0.011467
0.011753
0.013663
0.011891
0.010892
0.011143
0.010903
0.012011
0.011634
0.011185
0.011197
0.011503
0.011249
0.011251
0.01132
0.011607
0.01126
0.011326
0.012276
0.011148
0.010621
0.010765
0.011693
0.011128
0.011491
0.011194
0.011441
0.011701
0.012557
0.012146
0.011883
0.011887
0.013415
0.012233
0.012779
0.012364
0.013023
0.014697
0.014725
0.014916
0.014355
0.01463
0.014299
0.016891
0.01576
0.016516
0.016133
0.016007
0.015784
0.015597
0.015816
0.01785
0.017539
0.016407
0.016114
0.016193
0.016437
0.018447
0.016384
0.017348
0.017367
0.016431
0.015871
0.018378
0.016402
0.015512
0.015101
0.015188
0.014718
0.015951
0.015675
0.015556
0.015533
0.014192
0.013666
0.015124
0.014094
0.013818
0.013089
0.012444
0.01311
0.013041
0.011824
0.011763
0.012392
0.011328
0.010999
0.011124
0.011009
0.011528
0.011132
0.010631
0.010749
0.010788
0.010576
0.010579
0.010569
0.010619
0.01046
0.013037
0.011572
0.011029
0.011158
0.011138
0.010501
0.010371
0.010945
0.011683
0.011305
0.010599
0.012692
0.010943
0.011071
0.010499
0.010383
0.011545
0.011339
0.011288
0.011366
0.011256
0.010847
0.011496
0.01136
0.011067
0.011204
0.010905
0.010893
0.012582
0.011458
0.011303
0.011429
0.011139
0.012759
0.011195
0.011426
0.011128
0.011118
0.011066
0.010978
0.013324
0.012449
0.012195
0.011613
0.011747
0.012736
0.012198
0.012153
0.012381
0.012362
0.012856
0.011841
0.01242
0.014747
0.013226
0.012952
0.013186
0.013402
0.013172
0.013854
0.01327
0.013167
0.013442
0.013354
0.014176
0.014226
0.014256
0.014349
0.01415
0.014322
0.014468
0.014366
0.014103
0.0172
0.016919
0.015847
0.015769
0.014915
0.014893
0.015043
0.014595
0.014951
0.014873
0.014795
0.015356
0.015716
0.015536
0.015432
0.018296
0.016528
0.01657
0.016831
0.016538
0.016788
0.016417
0.017571
0.017183
0.017394
0.017798
0.017598
0.018458
0.018284
0.019034
0.018655
0.020646
0.018508
0.019067
0.018654
0.018885
0.019224
0.019575
0.021379
0.019559
0.0191
0.019633
0.018404
0.018375
0.018082
0.01892
0.018473
0.018347
0.018518
0.018672
0.017987
0.018673
0.018412
0.019887
0.018331
0.018272
0.018497
0.019064
0.018518
0.018562
0.018597
0.018328
0.018481
0.018279
0.018438
0.018663
0.019083
0.018256
0.018134
0.019262
0.018166
0.017984
0.018433
0.017333
0.017248
0.017183
0.017701
0.018434
0.018664
0.018402
0.018388
0.019842
0.018462
0.018395
0.018265
0.019728
0.018539
0.018322
0.018781
0.018932
0.018442
0.018469
0.018689
0.019331
0.019168
0.019453
0.019177
0.019223
0.019503
0.019543
0.019555
0.019686
0.019464
0.019693
0.019401
0.019774
0.019197
0.019179
0.018959
0.019306
0.01862
0.0187
0.018771
0.01834
0.019262
0.018992
0.017818
0.02042
0.019507
0.019262
0.01959
0.019953
0.019398
0.018877
0.018931
0.018714
0.018743
0.018753
0.018359
0.018411
0.01699
0.017733
0.01776
0.018186
0.017597
0.01742
0.017355
0.017173
0.017317
0.017084
0.016787
0.017058
0.017247
0.017106
0.017301
0.017397
0.016874
0.016636
0.016731
0.01703
0.016901
0.016599
0.016698
0.017584
0.01713
0.016881
0.016784
0.016562
0.016708
0.016563
0.016682
0.016606
0.016782
0.016832
0.01689
0.016691
0.016653
0.016831
0.016829
0.016993
0.016665
0.01679
0.016573
0.016495
0.016776
0.01681
0.016763
0.016795
0.016694
0.017025
0.017101
0.016719
0.016845
0.016755
0.01632
0.017137
0.0167
0.016887
0.016852
0.01715
0.016758
0.016827
0.017019
0.015805
0.015643
0.015896
0.015788
0.014782
0.015812
0.015221
0.015824
0.01571
0.015732
0.015769
0.015698
0.015683
0.016137
0.015931
0.016133
0.016137
0.016001
0.016019
0.01713
0.017002
0.016866
0.016648
0.016849
0.016843
0.016658
0.016116
0.017153
0.016995
0.016975
0.016994
0.017286
0.017805
0.017142
0.016713
0.017482
0.016643
0.017219
0.017072
0.017134
0.017349
0.017063
0.016958
0.017024
0.016443
0.016851
0.016536
0.016952
0.016842
0.016703
0.016749
0.016809
0.017065
0.016935
0.017018
0.017218
0.017104
0.017348
0.017049
0.017124
0.017609
0.017011
0.017051
0.016598
0.017286
0.017171
0.015915
0.016311
0.015331
0.015448
0.015655
0.015727
0.016123
0.016334
0.016195
0.015581
0.01567
0.015223
0.01505
0.015707
0.01549
0.015487
0.015903
0.016235
0.015876
0.016357
0.016199
0.015929
0.015333
0.016199
0.01701
0.017036
0.016629
0.017114
0.017053
0.0165
0.016619
0.017002
0.016823
0.015973
0.01631
0.016397
0.016902
0.01618
0.016494
0.017112
0.016888
0.01789
0.016341
0.016707
0.016437
0.016113
0.016665
0.016709
0.016514
0.01627
0.01607
0.016589
0.016632
0.01665
0.016495
0.016732
0.016641
0.016539
0.016377
0.016351
0.0164
0.015975
0.015961
0.016147
0.016228
0.016038
0.016231
0.015892
0.016026
0.016202
0.016264
0.016751
0.016454
0.015838
0.016172
0.016309
0.017174
0.016021
0.015947
0.015831
0.015961
0.016047
0.01612
0.01619
0.016192
0.016265
0.016084
0.016229
0.015971
0.015693
0.016951
0.016275
0.015913
0.016003
0.015783
0.016331
0.01635
0.01608
0.016094
0.015494
0.015941
0.01558
0.016215
0.015922
0.016084
0.015689
0.016303
0.016029
0.015723
0.015691
0.016527
0.016575
0.016471
0.015875
0.015276
0.015434
0.016825
0.017318
0.016591
0.015981
0.016723
0.016175
0.016729
0.016797
0.016776
0.01708
0.016674
0.01604
0.01662
0.016198
0.016322
0.016461
0.01691
0.016484
0.016615
0.017249
0.016289
0.017466
0.01672
0.016163
0.016415
0.016309
0.016612
0.017145
0.016408
0.016369
0.016218
0.016771
0.016354
0.016243
0.016252
0.016032
0.016366
0.016355
0.016319
0.016273
0.016008
0.016824
0.016089
0.015893
0.015852
0.015971
0.017423
0.01647
0.017132
0.0162
0.015716
0.016215
0.015607
0.015431
0.016205
0.017217
0.01642
0.015978
0.015929
0.016076
0.016432
0.016279
0.017215
0.01636
0.01631
0.016629
0.016734
0.017414
0.016271
0.016392
0.017347
0.016297
0.016051
0.017275
0.01668
0.016075
0.016193
0.016205
0.016503
0.016315
0.016275
0.016262
0.016518
0.016851
0.017165
0.016679
0.018359
0.016272
0.016504
0.016205
0.01675
0.016773
0.016758
0.016631
0.016494
0.016307
0.016744
0.016583
0.017119
0.016481
0.016974
0.017268
0.01643
0.01611
0.016409
0.0167
0.016407
0.016889
0.016344
0.016203
0.01663
0.016652
0.016966
0.0162
0.016183
0.016049
0.016431
0.01717
0.016408
0.016147
0.015933
0.016248
0.01593
0.016277
0.016617
0.015658
0.016333
0.016896
0.016795
0.016666
0.017409
0.017352
0.017386
0.017289
0.017963
0.017597
0.017096
0.017098
0.01746
0.017019
0.016937
0.017275
0.017728
0.017079
0.017155
0.01737
0.01763
0.017131
0.01697
0.016927
0.016135
0.016517
0.016194
0.016817
0.016417
0.015994
0.015853
0.015755
0.015967
0.016106
0.016118
0.015775
0.015839
0.015993
0.016112
0.015876
0.015821
0.016069
0.015849
0.016434
0.015971
0.016095
0.016262
0.016651
0.016365
0.016072
0.016399
0.016558
0.016264
0.016527
0.016503
0.016448
0.016601
0.016588
0.016875
0.016587
0.016941
0.016598
0.016845
0.016772
0.016627
0.01707
0.016557
0.017234
0.016789
0.017472
0.017519
0.017609
0.017728
0.017311
0.01711
0.017632
0.017474
0.017849
0.017393
0.01716
0.018072
0.01847
0.017899
0.016957
0.017754
0.017144
0.016886
0.01738
0.017664
0.017232
0.018004
0.018034
0.018779
0.018269
0.018413
0.018483
0.018708
0.019442
0.019425
0.019675
0.020552
0.020594
0.020707
0.020196
0.024085
0.021681
0.021339
0.02259
0.022334
0.021886
0.027095
0.023052
0.025201
0.023346
0.02348
0.02354
0.023261
0.023544
0.023191
0.023813
0.023795
0.024198
0.024506
0.023677
0.023844
0.024246
0.025331
0.025933
0.026831
0.026616
0.027091
0.027634
0.027294
0.026843
0.027344
0.027354
0.030623
0.028081
0.02993
0.031412
0.029215
0.028447
0.028674
0.029355
0.029041
0.028908
0.031635
0.029394
0.029531
0.030363
0.030199
0.029467
0.03029
0.034792
0.033258
0.032271
0.032409
0.03206
0.030722
0.030652
0.031911
0.030865
0.030666
0.034682
0.033187
0.032332
0.03225
0.031295
0.031001
0.031286
0.029794
0.030406
0.030768
0.030213
0.03026
0.030213
0.029845
0.029135
0.028796
0.028127
0.027055
0.028551
0.0275
0.026273
0.027085
0.025052
0.0251
0.02564
0.025417
0.026889
0.025772
0.025114
0.029536
0.026187
0.024559
0.025059
0.025395
0.024632
0.02448
0.025697
0.024707
0.024454
0.025728
0.025949
0.030887
0.026569
0.025968
0.025503
0.026792
0.025617
0.024832
0.025003
0.02486
0.024772
0.026479
0.025242
0.025903
0.027084
0.025488
0.031571
0.027445
0.026445
0.026926
0.027695
0.025648
0.024681
0.026126
0.02438
0.025078
0.026193
0.026052
0.027029
0.026166
0.025792
0.030726
0.027532
0.026526
0.025254
0.026989
0.025436
0.025289
0.02803
0.026811
0.026769
0.025415
0.02472
0.03003
0.027932
0.026528
0.026453
0.02598
0.026527
0.026286
0.029406
0.028778
0.028234
0.028549
0.026698
0.033672
0.030235
0.030262
0.028432
0.029637
0.028218
0.028492
0.028268
0.030548
0.029889
0.02948
0.029149
0.029642
0.03088
0.031836
0.037664
0.033019
0.031496
0.03252
0.032492
0.031221
0.031024
0.030191
0.032718
0.032233
0.033528
0.030822
0.031596
0.035747
0.031014
0.03048
0.029608
0.033743
0.03341
0.032044
0.031294
0.030344
0.030687
0.028989
0.032338
0.03068
0.030087
0.028878
0.028751
0.033955
0.03178
0.030642
0.031138
0.02994
0.029081
0.02923
0.034648
0.031145
0.031404
0.031266
0.031281
0.032405
0.032728
0.034821
0.033638
0.0392
0.034067
0.033953
0.033739
0.033339
0.033583
0.032734
0.035745
0.03408
0.033191
0.032444
0.032607
0.034037
0.034821
0.035819
0.041636
0.036324
0.035425
0.036703
0.035362
0.034708
0.03449
0.033777
0.03603
0.035763
0.035432
0.034666
0.036607
0.035916
0.036444
0.04496
0.039106
0.03689
0.03572
0.035983
0.035461
0.035954
0.03572
0.037725
0.037476
0.037593
0.038507
0.037691
0.037053
0.039626
0.039515
0.04007
0.03999
0.037486
0.035911
0.037515
0.0471
0.03988
0.038014
0.037042
0.035179
0.034556
0.034331
0.038435
0.037119
0.035239
0.035127
0.033829
0.042203
0.037998
0.036654
0.035602
0.03501
0.033028
0.033714
0.037116
0.034342
0.033334
0.031936
0.032777
0.034827
0.033546
0.039349
0.033879
0.032571
0.031763
0.03956
0.034968
0.034866
0.033607
0.033402
0.033896
0.03278
0.036349
0.034938
0.0338
0.034735
0.034786
0.035277
0.039781
0.034624
0.03473
0.031745
0.03774
0.036157
0.03381
0.034733
0.03238
0.034379
0.032237
0.033837
0.033374
0.034493
0.034282
0.032522
0.032819
0.033137
0.033824
0.035025
0.035396
0.032848
0.033579
0.034045
0.032978
0.033577
0.032773
0.031764
0.03834
0.033786
0.033557
0.033335
0.03295
0.032229
0.034302
0.034602
0.033724
0.032877
0.032271
0.03221
0.033518
0.032936
0.034349
0.031515
0.030444
0.030518
0.030707
0.029973
0.029377
0.030184
0.029001
0.029551
0.027704
0.027647
0.029551
0.029824
0.027545
0.033989
0.028035
0.027654
0.027434
0.026916
0.026161
0.026419
0.024764
0.025467
0.028067
0.026061
0.033362
0.028184
0.027266
0.026616
0.025359
0.025137
0.024266
0.024884
0.024534
0.025087
0.02646
0.02576
0.033385
0.028945
0.027234
0.027819
0.027292
0.026462
0.026045
0.026067
0.02583
0.025035
0.025149
0.025776
0.026053
0.026719
0.025157
0.025936
0.028928
0.029183
0.033111
0.030974
0.029995
0.032665
0.028529
0.028403
0.027657
0.028651
0.027164
0.02908
0.030543
0.029226
0.029308
0.03032
0.028912
0.029687
0.031081
0.031313
0.031387
0.0315
0.03125
0.030821
0.033569
0.03113
0.030788
0.031474
0.030982
0.032899
0.033838
0.033472
0.032755
0.033127
0.031248
0.032147
0.034916
0.033155
0.032106
0.031714
0.031528
0.030861
0.031707
0.032774
0.033035
0.033477
0.031634
0.03306
0.031377
0.030692
0.030092
0.032143
0.029875
0.028706
0.02925
0.03389
0.028585
0.028562
0.026999
0.027659
0.029601
0.029002
0.028548
0.028371
0.027237
0.026555
0.029955
0.026136
0.025045
0.025594
0.024072
0.023652
0.028144
0.023927
0.021934
0.022315
0.021566
0.023642
0.024316
0.024872
0.023758
0.026826
0.025691
0.024356
0.026269
0.025172
0.025712
0.026758
0.026356
0.028149
0.029693
0.029131
0.028678
0.029544
0.029086
0.028634
0.029369
0.030873
0.030334
0.03017
0.030188
0.030064
0.031089
0.030203
0.030043
0.032196
0.031855
0.031615
0.034567
0.032841
0.032481
0.031589
0.037602
0.033911
0.0313
0.034933
0.031933
0.034455
0.031316
0.030231
0.029563
0.030524
0.029652
0.029554
0.029112
0.030415
0.031051
0.032131
0.031466
0.031497
0.036147
0.032504
0.032526
0.030653
0.029905
0.032854
0.032357
0.032407
0.032284
0.032414
0.031445
0.031413
0.030162
0.030069
0.033906
0.031608
0.031836
0.03399
0.03417
0.034057
0.03424
0.033547
0.033073
0.036997
0.033975
0.035092
0.034571
0.033553
0.035127
0.034435
0.034609
0.033765
0.03376
0.034855
0.033114
0.033984
0.033941
0.033506
0.034671
0.033587
0.033803
0.033862
0.03325
0.034272
0.03314
0.031866
0.031963
0.033091
0.033895
0.034415
0.034488
0.03485
0.034422
0.03413
0.033928
0.033196
0.034985
0.032842
0.033171
0.034701
0.033378
0.033955
0.033486
0.033052
0.034008
0.033192
0.033145
0.03413
0.033146
0.031584
0.034058
0.033025
0.03283
0.03305
0.033031
0.032496
0.033319
0.032065
0.032415
0.031601
0.031699
0.033282
0.032036
0.03215
0.032942
0.032275
0.034642
0.035081
0.035238
0.035276
0.034731
0.034916
0.034361
0.034681
0.035297
0.034597
0.03415
0.034529
0.039417
0.033727
0.032615
0.033087
0.032926
0.033805
0.0336
0.032585
0.032234
0.03159
0.031617
0.033763
0.032826
0.032601
0.034361
0.03195
0.032997
0.033756
0.032707
0.03247
0.033068
0.032102
0.033394
0.031782
0.032799
0.03232
0.032087
0.033758
0.03292
0.033907
0.035365
0.034748
0.03557
0.036917
0.034791
0.035333
0.034732
0.037521
0.034478
0.035451
0.034527
0.036081
0.034499
0.034669
0.034728
0.035222
0.035108
0.034052
0.034284
0.035037
0.035459
0.033486
0.034879
0.035095
0.033829
0.032729
0.032907
0.032711
0.033438
0.033378
0.034177
0.03427
0.034255
0.035164
0.035978
0.034483
0.037333
0.036155
0.035549
0.03624
0.036136
0.036503
0.03762
0.037021
0.038387
0.03629
0.036671
0.036783
0.038917
0.03865
0.038007
0.037553
0.037477
0.036688
0.036545
0.036713
0.036556
0.036679
0.038032
0.038139
0.039657
0.038742
0.038286
0.037913
0.038483
0.03759
0.037934
0.037443
0.037926
0.03943
0.041735
0.039317
0.040295
0.038678
0.038784
0.038058
0.038274
0.04029
0.040242
0.038022
0.040027
0.040004
0.040398
0.038426
0.040153
0.039383
0.038581
0.037213
0.035056
0.036274
0.035308
0.034866
0.0348
0.035671
0.035907
0.035208
0.034221
0.034279
0.034057
0.034245
0.032512
0.03367
0.033147
0.033769
0.034073
0.034903
0.034595
0.034514
0.035122
0.033779
0.032061
0.032109
0.032602
0.03125
0.031789
0.03305
0.033062
0.033196
0.033048
0.0324
0.032372
0.032219
0.031694
0.031368
0.033095
0.031727
0.030615
0.032636
0.030658
0.031229
0.032261
0.031254
0.032561
0.030828
0.031535
0.034932
0.030116
0.030017
0.031003
0.030084
0.029061
0.030682
0.030832
0.030063
0.028205
0.029521
0.02947
0.028214
0.027866
0.02838
0.028853
0.029439
0.02931
0.027912
0.029803
0.029694
0.029755
0.030116
0.031888
0.03218
0.030919
0.03236
0.03221
0.032895
0.033327
0.031933
0.0323
0.031605
0.031861
0.032718
0.031495
0.031714
0.031261
0.02963
0.030602
0.03117
0.031036
0.030659
0.031341
0.031103
0.030818
0.030486
0.03071
0.030627
0.031321
0.030244
0.030411
0.03031
0.028539
0.031078
0.029868
0.032756
0.033726
0.030881
0.032255
0.031952
0.03165
0.032044
0.029352
0.029557
0.030441
0.028968
0.029428
0.02952
0.028999
0.028678
0.02905
0.028746
0.028451
0.028684
0.027941
0.027322
0.028222
0.027865
0.027708
0.028047
0.027566
0.026026
0.027777
0.026856
0.029082
0.029766
0.027996
0.028824
0.030501
0.029638
0.028268
0.030113
0.029535
0.02863
0.030361
0.029319
0.02964
0.02943
0.029441
0.029385
0.029987
0.028936
0.029314
0.030831
0.03065
0.03025
0.029115
0.029503
0.02909
0.028418
0.034024
0.030485
0.030461
0.029603
0.031051
0.031039
0.0305
0.030347
0.030367
0.031346
0.030883
0.031465
0.030758
0.030634
0.031521
0.031028
0.030569
0.032341
0.036266
0.032213
0.031453
0.032575
0.032991
0.032657
0.034737
0.035881
0.035141
0.034991
0.03428
0.033451
0.035433
0.034746
0.032788
0.032983
0.034311
0.033826
0.032654
0.03452
0.032145
0.033144
0.034153
0.033901
0.031889
0.034941
0.03401
0.033537
0.032819
0.03167
0.032558
0.032347
0.032026
0.003615
