9.999999999999997780e-01 -1.179437378800895267e-19 4.513296021473010816e-20 0.000000000000000000e+00 2.410750703817041256e-18 1.000000000000000000e+00 3.393380551570677611e-19 0.000000000000000000e+00 1.704598014230834765e-20 -9.899396815885539085e-19 1.000000000000000000e+00 5.551115123125782702e-17
9.999998898855023688e-01 -4.576248627647527692e-04 -1.131024683874461541e-04 -5.800859034493937444e-03 4.577366071419803912e-04 9.999994060544992180e-01 9.892693566925375714e-04 -2.312070821077478674e-02 1.126497178430568185e-04 -9.893206153995534949e-04 9.999995051879829733e-01 1.321222456737301210e+00
9.999981230288239598e-01 -1.939506291388962784e-03 1.970451005040482141e-05 -9.886820688085273812e-03 1.939476303691880545e-03 9.999972116347780604e-01 1.349539339166209518e-03 -4.580227639097893266e-02 -2.232428902010221512e-05 -1.349500895767702206e-03 9.999990916748254799e-01 2.628337062162755977e+00
9.999954226057264917e-01 -2.951458634316041652e-03 -6.726765086847229062e-04 -1.162623560721619438e-02 2.951786753449862910e-03 9.999955282076293805e-01 4.883484523190080888e-04 -8.064659455657445519e-02 6.712299375978827629e-04 -4.903343198806839375e-04 9.999996582315486826e-01 3.950320635626797472e+00
9.999949126252990483e-01 -3.190882731074975217e-03 5.840932829099156206e-05 -1.517401114294575012e-02 3.190854909059226245e-03 9.999948045897775195e-01 4.662345538732788879e-04 -1.034350572858697415e-01 -5.989884828919207234e-05 -4.660483083098679183e-04 9.999998942006727010e-01 5.266691179037029436e+00
9.999935375480544231e-01 -3.574529728640188017e-03 -4.022123142674515167e-04 -2.398342611559856064e-02 3.574906441627186734e-03 9.999931685099754386e-01 9.459076807463757822e-04 -1.230279626613489802e-01 3.988244367200703602e-04 -9.473437434282018250e-04 9.999994785036375733e-01 6.587861479430669576e+00
9.999877511096555427e-01 -4.929731097204979005e-03 -4.589400583706791333e-04 -2.993335280463566006e-02 4.930757246294962745e-03 9.999852784409146711e-01 2.268177272856276763e-03 -1.524218221916185945e-01 4.477489544582974822e-04 -2.270416601640148652e-03 9.999973297704916053e-01 7.919798672262675865e+00
9.999880652514396839e-01 -4.886691147402377061e-03 -1.012557593793389027e-04 -3.234541783470430698e-02 4.886899304212631752e-03 9.999856282086665438e-01 2.209443814624062388e-03 -1.760104694735419861e-01 9.045713305511155693e-05 -2.209914605521359939e-03 9.999975625519574862e-01 9.247215954496249779e+00
9.999924151386763160e-01 -3.800081259595286531e-03 -8.693906627667045235e-04 -4.156041229207563248e-02 3.800803000304249415e-03 9.999924444299097548e-01 8.319989302588007892e-04 -2.034416691575204883e-01 8.662254093196001137e-04 -8.353019586217820969e-04 9.999992863918762964e-01 1.057895297273706525e+01
9.999991696362979798e-01 -1.196126664258294033e-03 -5.094096794737138943e-04 -5.233727317723649297e-02 1.195423925028623073e-03 9.999983558323852773e-01 -1.374649957592782336e-03 -2.270715744764248423e-01 5.110572297952698179e-04 1.374034985437842544e-03 9.999989360894381285e-01 1.190513975890714526e+01
9.999982042297113072e-01 1.705920610216744415e-03 -8.444334206608672616e-04 -6.194327123261302026e-02 -1.707931947660804202e-03 9.999957122743297067e-01 -2.385689340863897303e-03 -2.565178554824464330e-01 8.403652432158659940e-04 2.387122046798260781e-03 9.999968087306625453e-01 1.324374919265651229e+01
9.999926379470164273e-01 3.787574287245392118e-03 -6.464248507171451016e-04 -7.759588208325703118e-02 -3.789197141256716184e-03 9.999896436122585053e-01 -2.528961483644981412e-03 -2.818901286849511134e-01 6.368417639267821536e-04 2.531390011150924917e-03 9.999966056868651032e-01 1.458183440388561181e+01
9.999890875879814400e-01 4.675755907880166200e-03 -6.392877084972297633e-05 -8.541801984571638362e-02 -4.675861420396584638e-03 9.999874764714236086e-01 -1.796526466486761007e-03 -3.084615287507644354e-01 5.553182952849255511e-05 1.796802419486485166e-03 9.999983978740425439e-01 1.592012772362696538e+01
9.999958435070563922e-01 2.891034587388032970e-03 -2.445259321585651881e-05 -8.390964694977964822e-02 -2.891022650448092559e-03 9.999957648447703740e-01 4.015725349290806827e-04 -3.400450700279391558e-01 2.561942407409309883e-05 -4.015038829775095168e-04 9.999999333441499383e-01 1.728322502842638642e+01
9.999989955607669900e-01 -1.271214930408786584e-03 6.673698168329749705e-04 -8.038570212092999157e-02 1.269613914705334861e-03 9.999963493295949135e-01 2.397089573229792443e-03 -3.663383913167521655e-01 -6.704057294109223982e-04 -2.396244944228484094e-03 9.999969193431228476e-01 1.862671284629617219e+01
9.999949016851793493e-01 -3.201104702850904402e-03 -5.479945441145179396e-05 -8.758333256043190906e-02 3.201136131434846339e-03 9.999947616203189726e-01 5.356965299044467131e-04 -3.991686704188522339e-01 5.309266875329183118e-05 -5.358740049602952896e-04 9.999998707107228268e-01 1.998382043295591259e+01
9.999930266638009657e-01 -3.732978982295366219e-03 2.557962492419041628e-04 -9.087463699208467305e-02 3.733485131192419704e-03 9.999910655382467928e-01 -1.997472634737003112e-03 -4.220794738764940823e-01 -2.483281099021744090e-04 1.998408719976454452e-03 9.999979890433695617e-01 2.132831556684468666e+01
9.999988403853263819e-01 -1.514548830668888168e-03 2.910514155792845968e-04 -1.016066283892777672e-01 1.515426373051970447e-03 9.999942982316466500e-01 -3.028628859203726185e-03 -4.645789119218908247e-01 -2.864519917767122006e-04 3.029060737329355209e-03 9.999953883213849037e-01 2.268885867349485963e+01
9.999988535378248056e-01 1.087157777210576983e-03 1.083634299046405680e-03 -1.091255427028242631e-01 -1.085038710700567816e-03 9.999975428978425951e-01 -1.951099812572901302e-03 -4.761162910461381181e-01 -1.085743089890232318e-03 1.949916645617457171e-03 9.999975267134599832e-01 2.404640843780710213e+01
9.999973390603950074e-01 5.629200589948989836e-04 2.251459479843960932e-03 -1.132751126035067418e-01 -5.678587469404586729e-04 9.999974651702242534e-01 2.195310159973188572e-03 -4.954000040462420706e-01 -2.250207157313608049e-03 -2.196588049317368518e-03 9.999950740644646396e-01 2.541212668648703499e+01
9.999970527855048807e-01 -1.134552430976458774e-03 2.163358155801950976e-03 -1.068050373667384090e-01 1.128052010176238372e-03 9.999948878402249441e-01 3.005382888383300970e-03 -5.203098208926727475e-01 -2.166745645908641979e-03 -3.002936722133641399e-03 9.999931623439747286e-01 2.679027747720800789e+01
9.999879841317728113e-01 -4.291091479604830158e-03 2.386685151832306645e-03 -1.045619410914976205e-01 4.285563372971232070e-03 9.999881735030969887e-01 2.317934440224780467e-03 -5.608879040601413291e-01 -2.396593379728262536e-03 -2.307681925840707714e-03 9.999944842163925873e-01 2.815000289847184689e+01
9.999878229237852967e-01 -4.525986965075859576e-03 1.987710056470481240e-03 -1.121505395369279678e-01 4.527363566797187704e-03 9.999895626757274725e-01 -6.862554545239072084e-04 -5.731428477787822162e-01 -1.984569810915251878e-03 6.952411613165364974e-04 9.999978102432601768e-01 2.951977488269434602e+01
9.999859873411283129e-01 -4.545355255005812528e-03 2.729311217361337152e-03 -1.120727944643472168e-01 4.552347286822708804e-03 9.999864146382568819e-01 -2.559483760653229623e-03 -6.184605907510571932e-01 -2.717622139310539500e-03 2.571867497748723131e-03 9.999930253273987546e-01 3.090752829525009560e+01
9.999931889601597623e-01 -2.269376018269700021e-03 2.927007829497184615e-03 -1.240662728208742904e-01 2.281196313869799167e-03 9.999892962143679398e-01 -4.039733459803945131e-03 -6.323323978800664547e-01 -2.917788252442901804e-03 4.046377133032395303e-03 9.999875821820910504e-01 3.229100486984017948e+01
9.999940003688968515e-01 -6.490489828725517357e-04 3.417216875403912384e-03 -1.265510663261491808e-01 6.683105058671399284e-04 9.999839485701822461e-01 -5.637029455774471981e-03 -6.730443855448381418e-01 -3.413481479102414753e-03 5.639273014537474725e-03 9.999782989067917960e-01 3.367737537734299735e+01
9.999930422469471836e-01 1.842048221427298039e-04 3.739349838544645498e-03 -1.224884234698013497e-01 -1.632804914216835876e-04 9.999844023005861615e-01 -5.594040498833841198e-03 -7.015995398814590667e-01 -3.740302241838395266e-03 5.593384218740030285e-03 9.999773891758056976e-01 3.506765290507220811e+01
9.999942679504074672e-01 -6.754545357818783104e-04 3.333369305468180787e-03 -1.239420536958025648e-01 6.893232294571321550e-04 9.999911737589212146e-01 -4.159905777547476258e-03 -7.437906571148277246e-01 -3.330509330238828197e-03 4.162173491014138985e-03 9.999858195717054032e-01 3.646198309111567681e+01
9.999940733216973188e-01 7.730594030025491779e-04 3.370911391467678025e-03 -1.264435406137165707e-01 -7.634306445480407545e-04 9.999957000313174360e-01 -2.855399921406655186e-03 -7.736853063773375672e-01 -3.373087818069832235e-03 2.852803773673042408e-03 9.999902719497637538e-01 3.785554990587010593e+01
9.999904710097722305e-01 3.187000585513170663e-03 3.001780098822441449e-03 -1.374316521492262300e-01 -3.179030887988688447e-03 9.999914931381260752e-01 -2.654416922104525269e-03 -8.038736013195777463e-01 -3.010197857515616287e-03 2.644842656744762419e-03 9.999920018992642934e-01 3.925160799865457051e+01
9.999791462844359602e-01 5.603525014384158620e-03 3.228647608186081645e-03 -1.423734580954694184e-01 -5.594228709133176360e-03 9.999802788450715685e-01 -2.879607090204679837e-03 -8.362224177571606631e-01 -3.244702197560266673e-03 2.861478632816500355e-03 9.999906722029145989e-01 4.065003042343780493e+01
9.999634036275037996e-01 7.895363892954891313e-03 3.312808120563269423e-03 -1.503939436765577842e-01 -7.886432089374834434e-03 9.999653338056803120e-01 -2.698977965583457782e-03 -8.680393579337527532e-01 -3.333984209912425022e-03 2.672746126471874355e-03 9.999909009047183162e-01 4.207034424010543461e+01
9.999561003723484998e-01 8.931716531870161763e-03 2.854924102632057804e-03 -1.553950623905084594e-01 -8.924420480589343244e-03 9.999569868370171699e-01 -2.556224462158034234e-03 -8.972507036482493259e-01 -2.877614671473736983e-03 2.530630864399394369e-03 9.999926894752949602e-01 4.346751320503553728e+01
9.999613391382237149e-01 8.342146274063863554e-03 2.804061895419086587e-03 -1.556944573338942261e-01 -8.334553054933595620e-03 9.999616834716793523e-01 -2.706791650749576245e-03 -9.357294757614690317e-01 -2.826516984778368498e-03 2.683314745798415224e-03 9.999924373493334073e-01 4.489835519402060982e+01
9.999698293708779717e-01 7.513992991746421685e-03 2.006417250909743426e-03 -1.591690385447632472e-01 -7.507456009664929472e-03 9.999666454094224832e-01 -3.243053726869997867e-03 -9.694181758144284622e-01 -2.030702210127098561e-03 3.227892726047570156e-03 9.999927607978669197e-01 4.629174168571637438e+01
9.999743464301068530e-01 7.080201214324953994e-03 1.152200453225511083e-03 -1.631360204479620213e-01 -7.076633159207449016e-03 9.999703433996791624e-01 -3.067389900579904714e-03 -1.003719885149514601e+00 -1.173866959581793771e-03 3.059159498870057340e-03 9.999946648492993306e-01 4.771335674968511142e+01
9.999736111364234681e-01 7.275354987247888844e-03 1.208149560034768711e-05 -1.674098091440702207e-01 -7.275303057738833137e-03 9.999709419209988903e-01 -2.315848582371747739e-03 -1.032361846932603244e+00 -2.891201884829592376e-05 2.315703440144240184e-03 9.999973524191089203e-01 4.911817608234139954e+01
9.999670092609671546e-01 8.056539741826625883e-03 -1.112301792184770691e-03 -1.783022927353718479e-01 -8.059044448997665019e-03 9.999650400980468756e-01 -2.270643304640001300e-03 -1.067493965729851224e+00 1.093987777171809370e-03 2.279531623238819065e-03 9.999968392936989803e-01 5.053711593492694476e+01
9.999620869385654753e-01 8.485873118027745243e-03 -1.996277512203037657e-03 -1.886776310676425428e-01 -8.490399931764921332e-03 9.999614667850319494e-01 -2.273403712221145137e-03 -1.101368394032384179e+00 1.976928807460605082e-03 2.290263374393436673e-03 9.999954604301548589e-01 5.197055232629045207e+01
9.999596277064218830e-01 8.387494172058904129e-03 -3.251636702339849496e-03 -1.981792460016737201e-01 -8.391787280281204006e-03 9.999640307475502476e-01 -1.310254457162531852e-03 -1.131227131509538797e+00 3.240554447441629411e-03 1.337488828133656226e-03 9.999938943224115917e-01 5.338373455641536935e+01
9.999688474572232533e-01 6.952081872857736322e-03 -3.762451586757395265e-03 -2.128265154514894786e-01 -6.953922499035257096e-03 9.999758095842117278e-01 -4.774988898689727537e-04 -1.160553262397013619e+00 3.759065892204330617e-03 5.036478857828675980e-04 9.999928473781674043e-01 5.483013998408225120e+01
9.999758368333088177e-01 5.389467569054205015e-03 -4.412741570406962521e-03 -2.211226238345502804e-01 -5.391214073659039881e-03 9.999855003691036082e-01 -3.849558924019765645e-04 -1.191645966759685926e+00 4.410628320167326449e-03 4.087356622795925180e-04 9.999902292385939306e-01 5.623817038313809036e+01
9.999815324517559167e-01 3.584330364820334687e-03 -4.927697202373989074e-03 -2.311352859303935636e-01 -3.589326609079500265e-03 9.999931602815359533e-01 -1.006254201343382117e-03 -1.227036214757444510e+00 4.924081463338187553e-03 1.023921285710275219e-03 9.999873921836260893e-01 5.766200586193392752e+01
9.999855412339736516e-01 2.263717885391743154e-03 -4.898462186942915270e-03 -2.421177251320773549e-01 -2.267675755858692722e-03 9.999972164349064663e-01 -8.034966994431169294e-04 -1.256263534558353268e+00 4.896655067972854533e-03 8.145885196861590025e-04 9.999877208532854667e-01 5.911437820547268274e+01
9.999892726226945472e-01 1.193754745921543061e-03 -4.498310298429938903e-03 -2.513340172399858297e-01 -1.194859995202728542e-03 9.999993669286996179e-01 -2.441702394111856344e-04 -1.287442739618384735e+00 4.498041600698961424e-03 2.495373845137337124e-04 9.999898955816471924e-01 6.051351013995756745e+01
9.999924689727410776e-01 -3.721388833758503272e-04 -3.890068178418050731e-03 -2.647103084238389137e-01 3.734511784579947597e-04 9.999999856413582799e-01 3.352416261669649697e-04 -1.317772855734119952e+00 3.889969555274442378e-03 -3.366984949893639715e-04 9.999924213949765717e-01 6.196128667655567313e+01
9.999912223250968513e-01 -2.233910537338740319e-03 -3.574542087671836801e-03 -2.681288380313009423e-01 2.233643848543469430e-03 9.999976160228094546e-01 -7.952510683351521456e-05 -1.350825227342159041e+00 3.574735576625062694e-03 7.153202303568919295e-05 9.999936543841930758e-01 6.336183807207300589e+01
9.999908361866738371e-01 -2.855505357626612287e-03 -3.224232859114026066e-03 -2.759312350958742499e-01 2.852148605764530213e-03 9.999955050143256585e-01 -1.045961542375440550e-03 -1.384793866974778354e+00 3.227233858097710868e-03 1.036749493311248625e-03 9.999943026207560592e-01 6.477427445822969787e+01
9.999926387410154049e-01 -3.006950094017264447e-03 -2.430078308654175148e-03 -2.869169112056189075e-01 3.003831518481903454e-03 9.999947810044171881e-01 -1.286862939105950284e-03 -1.419437063258902842e+00 2.433964587159550413e-03 1.279548300379331361e-03 9.999962671323370245e-01 6.620264510999722063e+01
9.999980772593068945e-01 -7.938324705160221522e-04 -1.858634819150740145e-03 -2.958747323420004016e-01 7.916684505938790866e-04 9.999991342438672159e-01 -1.166085236103474743e-03 -1.451655863857622242e+00 1.859588117380525131e-03 1.164609181478054849e-03 9.999976410769325641e-01 6.758847181293653250e+01
9.999977894522310562e-01 1.835840219151968315e-03 -1.137786365951490037e-03 -3.090029277377026040e-01 -1.835907789001079218e-03 9.999984427230798056e-01 -6.081585073095454740e-05 -1.482822071667690311e+00 1.137702087054269810e-03 6.290260013864409070e-05 9.999993992503587448e-01 6.903107603769521461e+01
9.999842015875560763e-01 5.631188923785748930e-03 -3.718350192250828904e-04 -3.236643159165643047e-01 -5.630762297953382546e-03 9.999836421771846062e-01 1.130102552231193082e-03 -1.516234687240149981e+00 3.782219699742974252e-04 -1.127990392141476998e-03 9.999993410604184341e-01 7.042950189274253603e+01
9.999609610324501352e-01 8.831424738995969498e-03 5.867542327838649787e-04 -3.384225766728766738e-01 -8.832455092992661655e-03 9.999595408813876096e-01 1.783552797131969687e-03 -1.545093766087786591e+00 -5.709499093221718797e-04 -1.788662727447218890e-03 9.999982863672691735e-01 7.185174700734469866e+01
9.999068561950154033e-01 1.362442508153666014e-02 9.631136949666533774e-04 -3.463645314243878892e-01 -1.362563891316470252e-02 9.999065053203742837e-01 1.269327313088541203e-03 -1.574996170937946305e+00 -9.456985211782869671e-04 -1.282328181655003436e-03 9.999987799257916699e-01 7.323598175029411550e+01
9.998560113718314435e-01 1.689746431307657601e-02 1.646190902816471388e-03 -3.580661991886415763e-01 -1.689848566993237475e-02 9.998571702624375890e-01 6.110083509174909361e-04 -1.607335994743020358e+00 -1.635598397756713894e-03 -6.387341406764106928e-04 9.999985080144709881e-01 7.463138667553774042e+01
9.998206595850872569e-01 1.878600634907848579e-02 2.454062043704671736e-03 -3.688187935347849167e-01 -1.878706267784401029e-02 9.998235752342456983e-01 4.097947353056216753e-04 -1.638046110334503869e+00 -2.445898877129264789e-03 -4.558220386373387041e-04 9.999969546696810818e-01 7.604469531089975476e+01
9.998308079423855466e-01 1.823047875691399464e-02 2.509769924790803200e-03 -3.752238592386321625e-01 -1.823197357169578647e-02 9.998337727144269715e-01 5.756393534508077612e-04 -1.671708357657040622e+00 -2.498826681969349480e-03 -6.212957268148957104e-04 9.999967347894449521e-01 7.743079194530342590e+01
9.998512399443535426e-01 1.705415617579456034e-02 2.637237965751370542e-03 -3.774014742123821264e-01 -1.705534832949714974e-02 9.998546121856023428e-01 4.317230066330188004e-04 -1.704874453898694187e+00 -2.629460364244926886e-03 -4.766337169685021615e-04 9.999964792853553996e-01 7.882892665197520898e+01
9.998614465198902845e-01 1.648341687425836782e-02 2.384921865130252942e-03 -3.790214589448261395e-01 -1.648184142850067299e-02 9.998640952879290777e-01 -6.770859542958027662e-04 -1.735300325987258141e+00 -2.395727272526860727e-03 6.376884147200920054e-04 9.999969769433001421e-01 8.020559773148799820e+01
9.998702344236952699e-01 1.597627675337021450e-02 2.140617213076471872e-03 -3.819738925599471258e-01 -1.597467281321127142e-02 9.998722684387719717e-01 -7.624830385667308611e-04 -1.770047249739023165e+00 -2.152494331876171531e-03 7.281932621323090491e-04 9.999974683418777488e-01 8.159295310572071003e+01
9.998794694934327598e-01 1.543462889975269134e-02 1.770782545464699058e-03 -3.852189740821719277e-01 -1.543366317564089790e-02 9.998809058448476783e-01 -5.556969674844285632e-04 -1.798345417130686297e+00 -1.779115957497584425e-03 5.283061916230865187e-04 9.999983281854331052e-01 8.298196374345636173e+01
9.998744014850939887e-01 1.578184408753990908e-02 1.560018323741607779e-03 -3.943882150232280170e-01 -1.577999820320663896e-02 9.998749525140517846e-01 -1.186111487636761592e-03 -1.839550366809354465e+00 -1.578508204123627240e-03 1.161350934799509297e-03 9.999981308037032557e-01 8.436264375692775275e+01
9.998671341250289224e-01 1.628886534501799294e-02 8.430692724510050091e-04 -4.006736233034902672e-01 -1.628810657356402278e-02 9.998671080522995025e-01 -8.970996403582609351e-04 -1.867966278893703924e+00 -8.575386624263744159e-04 8.832517030412408284e-04 9.999992953963749986e-01 8.574671579902361884e+01
9.998865162451950894e-01 1.507352532860315592e-02 -2.680754031656828562e-04 -4.074925285441907130e-01 -1.507361879610301381e-02 9.998864961660849371e-01 -3.555275650911754177e-04 -1.900330214772727233e+00 2.627178390725510627e-04 3.595320850952816506e-04 9.999999543732708274e-01 8.710371625927422201e+01
9.999074314359229776e-01 1.353928917969969906e-02 -1.465061704088064035e-03 -4.124749509580469264e-01 -1.353820478099550424e-02 9.999082491912126835e-01 7.467524996859416534e-04 -1.931145479747879534e+00 1.475069464526232227e-03 -7.268445418467774435e-04 9.999987015225554332e-01 8.846493424447622544e+01
9.999348402667376234e-01 1.111248766595771854e-02 -2.676128843210642642e-03 -4.186470489667215023e-01 -1.110946413109920212e-02 9.999378117450217207e-01 1.141680887807712931e-03 -1.962355978934247958e+00 2.688680510357654724e-03 -1.111871062927382659e-03 9.999958209928822006e-01 8.983790977399887367e+01
9.999530167318628759e-01 9.092149003699463369e-03 -3.412553912689020742e-03 -4.251765281480967551e-01 -9.088176091349790472e-03 9.999581911512650523e-01 1.177675877353466993e-03 -1.991098201665846501e+00 3.423147326884248050e-03 -1.146601628879560320e-03 9.999935375558101081e-01 9.119221585272649122e+01
9.999576962384275625e-01 8.386192256958744859e-03 -3.825064053767002550e-03 -4.372492427253990011e-01 -8.384832901097937635e-03 9.999649636284264620e-01 3.711658870058231899e-04 -2.027982709617784263e+00 3.828072851988751756e-03 -3.390720761711749401e-04 9.999926697515872931e-01 9.256647487690267440e+01
9.999619965899581020e-01 7.696179452659343209e-03 -4.139001793910367794e-03 -4.474700822709266612e-01 -7.696617509006548931e-03 9.999705642764683544e-01 -8.996296034061602043e-05 -2.061212392198745746e+00 4.138218636510451916e-03 1.218218875667031152e-04 9.999914847060313861e-01 9.391890500819437193e+01
9.999585112368467588e-01 8.048547274544905553e-03 -4.308077555935191545e-03 -4.606776078287789788e-01 -8.051801652388978700e-03 9.999675015191796801e-01 -7.386390173669016724e-04 -2.090359394742251631e+00 4.302024252382329224e-03 7.733024343401517526e-04 9.999905019099122327e-01 9.528193875675060553e+01
9.999560967855524174e-01 8.382284839062970408e-03 -4.232083292487282856e-03 -4.728610640830999690e-01 -8.388113312192404733e-03 9.999640859975547080e-01 -1.361384558142790871e-03 -2.125263228730743581e+00 4.220551904331557892e-03 1.396830421438484968e-03 9.999901725979065681e-01 9.662609455490979826e+01
9.999495862473490870e-01 9.241239434618679638e-03 -3.974955148364588478e-03 -4.863692138814834087e-01 -9.248982375692891070e-03 9.999555539424710426e-01 -1.934042578214981069e-03 -2.160227314261185416e+00 3.956937765059512918e-03 1.970716632664941230e-03 9.999902842513539447e-01 9.796957006158399395e+01
9.999345830712219607e-01 1.086771402178078605e-02 -3.620161490049145139e-03 -5.007805115121222173e-01 -1.087462055256683408e-02 9.999392771150140691e-01 -1.893727687350583999e-03 -2.189631955115680206e+00 3.599393063801013294e-03 1.932979172812987045e-03 9.999917088490004602e-01 9.933002482611622952e+01
9.999296068116614311e-01 1.139771801463334081e-02 -3.355443583309792015e-03 -5.119835982203697622e-01 -1.139917313935757612e-02 9.999351448664652864e-01 -4.151396980410188920e-04 -2.223907555656772228e+00 3.350528445501863451e-03 4.533675402625697462e-04 9.999943410025355917e-01 1.006623751922847561e+02
9.999216297462232284e-01 1.208999255028591485e-02 -3.309520381024349048e-03 -5.259345552814060909e-01 -1.208855202022622762e-02 9.999270343611293965e-01 4.547919554144120441e-04 -2.254590491349443671e+00 3.314809392515008935e-03 -4.147410813008905453e-04 9.999944796832460625e-01 1.020143259526559945e+02
9.999246240938225450e-01 1.183861599934102164e-02 -3.313945651591788770e-03 -5.377276589952125763e-01 -1.184104278421283830e-02 9.999298469006083767e-01 -7.137767867366502780e-04 -2.290446920476108872e+00 3.305292891533173714e-03 7.529710799106522712e-04 9.999943147572956104e-01 1.033567660985737007e+02
9.999262735956083725e-01 1.174809453651092309e-02 -3.133489727751426115e-03 -5.484544210545634346e-01 -1.175809933899604927e-02 9.999259816007372015e-01 -3.193932917843470519e-03 -2.319458426772339710e+00 3.095764823288091327e-03 3.230547947015411248e-03 9.999900526671801071e-01 1.046851012809791825e+02
9.999236687169148485e-01 1.197808042056841722e-02 -3.093983405276847475e-03 -5.586401390994440996e-01 -1.199141020671345287e-02 9.999189537773041092e-01 -4.326480016091226177e-03 -2.354446471888397063e+00 3.041938337883385440e-03 4.363257339509651021e-03 9.999859182541639413e-01 1.060075939238977583e+02
9.999519050969195577e-01 9.341328272873901731e-03 -3.054080386050211145e-03 -5.684819953825922534e-01 -9.351340458279074064e-03 9.999511118281001476e-01 -3.280729848983373644e-03 -2.389948453318711419e+00 3.023315286642261953e-03 3.309138640282064444e-03 9.999900187920878203e-01 1.073504033677947263e+02
9.999740917307322619e-01 6.795892025474406864e-03 -2.456903686093354737e-03 -5.754718133431301341e-01 -6.799620109466548816e-03 9.999759595051685990e-01 -1.512342705027197066e-03 -2.421129766112714243e+00 2.446599144820444088e-03 1.529016465860510553e-03 9.999959026781198856e-01 1.086735599495764149e+02
9.999864929422099813e-01 4.969183410640821974e-03 -1.653947218510298193e-03 -5.835535550103485569e-01 -4.970837451651214343e-03 9.999873735438993272e-01 -9.980257723463529292e-04 -2.455123909905847945e+00 1.649003478891409614e-03 1.006238915899501218e-03 9.999981997409085333e-01 1.100136465496746894e+02
9.999887375713574222e-01 4.703479179856309526e-03 -9.071748176357984344e-04 -5.875036445642433103e-01 -4.705503325193130873e-03 9.999866433634340135e-01 -2.243120421223801855e-03 -2.489137338790719856e+00 8.966518296452156370e-04 2.247368682854845173e-03 9.999971388947025419e-01 1.113374938404022174e+02
9.999804411355078804e-01 6.285352650514323958e-03 -1.928473118183916693e-04 -5.958099709238638964e-01 -6.286183886318018853e-03 9.999695756331926644e-01 -4.668782818807020243e-03 -2.518800839664254720e+00 1.635386771086958999e-04 4.669908154793879496e-03 9.999891493632361295e-01 1.126517587769115210e+02
9.999572148307258601e-01 9.238332718047036901e-03 8.093268670888700746e-04 -6.017408919442169823e-01 -9.232905055584505333e-03 9.999366792029943385e-01 -6.470293894485784278e-03 -2.558505613161441428e+00 -8.690071663503402778e-04 6.462548671925491192e-03 9.999788067816571813e-01 1.139692634611243136e+02
9.999243478989424672e-01 1.208824793687881746e-02 2.368929418566284150e-03 -6.125505465233257452e-01 -1.207199885121774605e-02 9.999045396944793440e-01 -6.757064882058333617e-03 -2.590777100800188748e+00 -2.450341322284140758e-03 6.727959815027873686e-03 9.999744318163988899e-01 1.152948280769614513e+02
9.999100024083309446e-01 1.287441773460235722e-02 3.831035918765642988e-03 -6.159842835621903712e-01 -1.285535384836791403e-02 9.999053105470152580e-01 -4.959399943588203852e-03 -2.623789805393075270e+00 -3.894477108739193786e-03 4.909708796740102320e-03 9.999804332691368813e-01 1.166404189427411069e+02
9.999061601269355615e-01 1.286000967130716127e-02 4.767987979731443983e-03 -6.179575601721687406e-01 -1.284686905017692025e-02 9.999138663855374753e-01 -2.776125868320595061e-03 -2.658369754268437912e+00 -4.803230852789853837e-03 2.714617332284936877e-03 9.999848499068850760e-01 1.179641790579067191e+02
9.999098740894377668e-01 1.222480002900057719e-02 5.589562036731274448e-03 -6.147609200270720553e-01 -1.221225622414525563e-02 9.999230911400354138e-01 -2.272516614287465545e-03 -2.692013557626513176e+00 -5.616865189667354270e-03 2.204056685478947720e-03 9.999818664396359358e-01 1.192915680983859801e+02
9.998942886592462331e-01 1.298084756419379260e-02 6.584523743338835042e-03 -6.139307162394790351e-01 -1.296153864807533113e-02 9.999118469047056923e-01 -2.966371425303330513e-03 -2.723439926517768672e+00 -6.622404162198239352e-03 2.880718337188931284e-03 9.999739970150356427e-01 1.206253844059642830e+02
9.998618353031101247e-01 1.458319144494788465e-02 8.005807635412460696e-03 -6.127658348393836274e-01 -1.455660804219679853e-02 9.998886272161139344e-01 -3.368534942549023924e-03 -2.753565784970855024e+00 -8.053991780133260003e-03 3.251538469955486850e-03 9.999623549801298639e-01 1.219348344660478745e+02
9.998353749203929830e-01 1.570761632474500583e-02 9.107500885045523992e-03 -6.155375048919452530e-01 -1.567160782649919606e-02 9.998694030916732700e-01 -4.011545858537643797e-03 -2.787547458695174729e+00 -9.169274114768798459e-03 3.868162421191686639e-03 9.999505580119576464e-01 1.233043950834018716e+02
9.998035210921221161e-01 1.689413212038346976e-02 1.039047076785535456e-02 -6.119168909102419285e-01 -1.684364726686461353e-02 9.998462560830693180e-01 -4.927167217561378293e-03 -2.820887161689694000e+00 -1.047206281484844986e-02 4.751191730587236636e-03 9.999339596918286333e-01 1.246119488941004647e+02
9.997727031820378141e-01 1.803394188207955648e-02 1.139186616162481298e-02 -6.059819199716672822e-01 -1.796862784471067037e-02 9.998219340624199258e-01 -5.809839816729730523e-03 -2.856416761471155308e+00 -1.149455960906545053e-02 5.603828589879017961e-03 9.999183153196474771e-01 1.259636877884949229e+02
9.997825097350971912e-01 1.684798851260357541e-02 1.231009594250526834e-02 -5.974832289791178752e-01 -1.677508100434198582e-02 9.998415392118137346e-01 -6.001920938987707031e-03 -2.890663689950820903e+00 -1.240921226863097616e-02 5.794118380319139040e-03 9.999062980188699878e-01 1.272998369149542981e+02
9.997707247415303922e-01 1.674194756603050380e-02 1.336662558044611829e-02 -5.865486743383215851e-01 -1.667585566998764854e-02 9.998485086586137438e-01 -5.040693477447314927e-03 -2.926264287389815255e+00 -1.344893661372414083e-02 4.816643948068505439e-03 9.998980411736604346e-01 1.286215963031508807e+02
9.997830081190680618e-01 1.531592775902817540e-02 1.413610970500358416e-02 -5.738002436455431621e-01 -1.525898424514263163e-02 9.998753280274822464e-01 -4.127251584432322165e-03 -2.960611806833248316e+00 -1.419750299311603112e-02 3.910659603962253830e-03 9.998916465621059402e-01 1.299950177590586975e+02
9.997898113270470288e-01 1.452715710652632830e-02 1.448362425512952044e-02 -5.607745322911861230e-01 -1.446993225815506462e-02 9.998873872221958337e-01 -4.047915264619038507e-03 -2.995824115104534169e+00 -1.454074063879806818e-02 3.837495816394763653e-03 9.998869979125006857e-01 1.313087347592401102e+02
9.998191582000810484e-01 1.235346229334919645e-02 1.447511566848107278e-02 -5.442677632304389057e-01 -1.230147659376582860e-02 9.999178598485933822e-01 -3.674856537835042344e-03 -3.027759915230726850e+00 -1.451926696507203386e-02 3.496135317451223336e-03 9.998885618502295625e-01 1.326622180614397735e+02
9.998419376591363150e-01 1.063518267138310706e-02 1.426469644746061576e-02 -5.341853047138102051e-01 -1.058452140382329029e-02 9.999377017947732593e-01 -3.622244964079083217e-03 -3.066846772443371894e+00 -1.430227455792313848e-02 3.470696333222723397e-03 9.998917779024362185e-01 1.339999326217536293e+02
9.998646163691528033e-01 9.210584638636880317e-03 1.365309846847952667e-02 -5.191955077790825213e-01 -9.157216093162083223e-03 9.999504895425218587e-01 -3.966110934100490655e-03 -3.102670714883143166e+00 -1.368889931131680310e-02 3.840559524649952722e-03 9.998990126667132161e-01 1.353312264109398484e+02
9.998866051338504146e-01 8.432375296888682675e-03 1.249697512986500461e-02 -5.064292383630808470e-01 -8.379844433267820067e-03 9.999561463764983227e-01 -4.249631833840193315e-03 -3.138920680346000580e+00 -1.253220532219681028e-02 4.144433856464624366e-03 9.999129670369933942e-01 1.366832793961372374e+02
9.999158337120437334e-01 6.200633691519495845e-03 1.141877542229546329e-02 -4.934732416500464680e-01 -6.163049925188009842e-03 9.999757785443530445e-01 -3.323395918872473591e-03 -3.165898460646798807e+00 -1.143904694565427323e-02 3.252749340380961789e-03 9.999293693970700003e-01 1.379904225788285714e+02
9.999356863436597020e-01 4.851124725859885280e-03 1.027628515517652226e-02 -4.825633926148563124e-01 -4.820441670404661434e-03 9.999841501959431112e-01 -3.008228664680871484e-03 -3.198225822722127187e+00 -1.029065747875164590e-02 2.958505988927260556e-03 9.999427615661146129e-01 1.393323360738118879e+02
9.999484622048870897e-01 4.609326878936144747e-03 9.074464850501281349e-03 -4.727362972598316282e-01 -4.579532547560284314e-03 9.999843620672558275e-01 -3.301073828416486305e-03 -3.234266037847779440e+00 -9.089479972944946098e-03 3.259353529752777659e-03 9.999534664480481672e-01 1.406710593849060729e+02
9.999577999918300986e-01 4.744026434129793891e-03 7.900495254036540502e-03 -4.727537787964455340e-01 -4.712279701426962293e-03 9.999810696228772500e-01 -4.031763796486861548e-03 -3.273246129030695784e+00 -7.919413289953079055e-03 3.994370390653701787e-03 9.999607518768539594e-01 1.420297905600917261e+02
9.999672014295972744e-01 4.371980869876213732e-03 6.856637625217728779e-03 -4.681702204917657650e-01 -4.338759989339695429e-03 9.999791213945488089e-01 -4.852060598004847083e-03 -3.304513082318260686e+00 -6.877644291977514680e-03 4.822157496081137633e-03 9.999648125035537349e-01 1.433742896788974406e+02
9.999781288853366590e-01 3.210815486977766382e-03 5.827882821800308734e-03 -4.639348046902284639e-01 -3.170905424238633277e-03 9.999718589916856137e-01 -6.843971095140992215e-03 -3.341433647123843276e+00 -5.849631199422350263e-03 6.825346039486173376e-03 9.999596894838944650e-01 1.447035759042376526e+02
9.999875598672444132e-01 -1.304314229956178659e-03 4.869675341196759606e-03 -4.570347886813916904e-01 1.341360908504338591e-03 9.999704402279663285e-01 -7.611560161397831585e-03 -3.385737694364796102e+00 -4.859541649527262044e-03 7.618001123826394563e-03 9.999592666996656165e-01 1.460499740959955659e+02
9.999469598931957082e-01 -9.599083675203861146e-03 3.804548396131412005e-03 -4.429500312008094465e-01 9.619018178031296315e-03 9.999402341596222987e-01 -5.255851962654759478e-03 -3.415731213220412066e+00 -3.753807332240079696e-03 5.292173487028208403e-03 9.999790428963896138e-01 1.473759268916296605e+02
9.998408753847657371e-01 -1.773062615318655652e-02 2.097402800691620158e-03 -4.265499976433486662e-01 1.773906361339474755e-02 9.998346656533163568e-01 -4.074210163628221200e-03 -3.447897649894639649e+00 -2.024755196554866611e-03 4.110772535538900069e-03 9.999895932070752558e-01 1.487190500777017235e+02
9.998054041266866143e-01 -1.971928496548382842e-02 9.277488039990103210e-04 -4.199898243860582525e-01 1.972505547414618587e-02 9.997834102788234478e-01 -6.685361972902715763e-03 -3.485556905756583390e+00 -7.956539764652039489e-04 6.702364098559192643e-03 9.999773148879167461e-01 1.500468546549335258e+02
9.998387723765744806e-01 -1.791345417877021964e-02 1.448961112342538179e-03 -4.202939592960650006e-01 1.792747854283074926e-02 9.997862943631867783e-01 -1.032549546175020282e-02 -3.532193404631325251e+00 -1.263621413589228332e-03 1.034980836933351196e-02 9.999457336028557686e-01 1.513869776214973228e+02
9.998831020836680405e-01 -1.514393216160492099e-02 2.239642947721207523e-03 -4.279903528553292147e-01 1.517097791149665462e-02 9.998059000517378614e-01 -1.259600130158701654e-02 -3.567017038941584950e+00 -2.048387961369492732e-03 1.262850679458899818e-02 9.999182520402294383e-01 1.527222810797389059e+02
9.999059093804814058e-01 -1.337845310912924059e-02 3.125583673118453691e-03 -4.315685213010630461e-01 1.341678109037490463e-02 9.998311719137145115e-01 -1.258096482404101428e-02 -3.621285228215793683e+00 -2.956674756062896599e-03 1.262171704365503723e-02 9.999160645989313423e-01 1.540548665165066495e+02
9.998435012716637704e-01 -1.729475563832114440e-02 3.801725119802254645e-03 -4.302996640924612870e-01 1.733122803036101292e-02 9.998023135804364747e-01 -9.779281773456107232e-03 -3.658456128028085619e+00 -3.631774064700834474e-03 9.843642268337981713e-03 9.999450480709672906e-01 1.554285963408364637e+02
9.997207193915401691e-01 -2.326568331609480886e-02 4.217566825309838549e-03 -4.174383266055901043e-01 2.329432134595415052e-02 9.997053652799826606e-01 -6.872948329314077127e-03 -3.703338992927014406e+00 -4.056349307320601151e-03 6.969278327538158679e-03 9.999675803519373352e-01 1.567750478950287345e+02
9.996612095816014287e-01 -2.570750049078484797e-02 4.146161102449971020e-03 -4.061471477977006694e-01 2.573207550881517064e-02 9.996512910157107079e-01 -5.986727097335023569e-03 -3.745241924343816642e+00 -3.990739072336182275e-03 6.091392949753102713e-03 9.999735777398439662e-01 1.581249595519672937e+02
9.996132649902386147e-01 -2.752788563642133424e-02 4.018285264493871162e-03 -3.982536904006384604e-01 2.755060646496461374e-02 9.996044400483724557e-01 -5.711687222747599893e-03 -3.784909422235391396e+00 -3.859387830977219040e-03 5.820185740006255347e-03 9.999757131952617950e-01 1.594599258536801472e+02
9.996375347684417489e-01 -2.645628902673831037e-02 5.048393503609581966e-03 -3.986140031460362887e-01 2.648314414510566719e-02 9.996354154006584780e-01 -5.327954980535757820e-03 -3.810801665866610843e+00 -4.905515675169175825e-03 5.459723063057621284e-03 9.999731616188408667e-01 1.608221723079878416e+02
9.996949942712927140e-01 -2.394530399710799451e-02 6.096804517658975520e-03 -4.021203388094249931e-01 2.398176753220289392e-02 9.996948761281067020e-01 -5.978743206733337819e-03 -3.842844756945460016e+00 -5.951699558694048021e-03 6.123133847425277741e-03 9.999636401102534045e-01 1.621716181313886125e+02
9.997902971239925884e-01 -1.920761215098441832e-02 7.146080199300855300e-03 -4.018863388856344088e-01 1.926562439906657695e-02 9.997816338098297617e-01 -8.139004244757873721e-03 -3.886097272788906931e+00 -6.988105243739532561e-03 8.274972233496356161e-03 9.999414425009945928e-01 1.635153503699458781e+02
9.998401002359375012e-01 -1.607662732758792859e-02 7.871523324097759108e-03 -3.997112663756194340e-01 1.614568813680956894e-02 9.998313837584373864e-01 -8.789291736365324043e-03 -3.925433177231736792e+00 -7.728808915333343181e-03 8.914978901997910876e-03 9.999304905899552010e-01 1.648541871338109672e+02
9.998431722528725585e-01 -1.573398791460995511e-02 8.168687324328755689e-03 -3.962200891133733083e-01 1.579635851579392833e-02 9.998465102339957333e-01 -7.627117356591659944e-03 -3.956301110809716803e+00 -8.047340259152243117e-03 7.754958992462807413e-03 9.999376476966612692e-01 1.662155498702233274e+02
9.998551711649348306e-01 -1.503521794224751094e-02 8.014926039435736269e-03 -3.886052003346782691e-01 1.509803718832757394e-02 9.998556936473667056e-01 -7.835059636272505290e-03 -3.994256029556229937e+00 -7.895879626493488776e-03 7.954937405024904706e-03 9.999372842948476281e-01 1.675690857483847367e+02
9.998929498737708643e-01 -1.256202988601137598e-02 7.546453572347145214e-03 -3.871439982621103781e-01 1.263864336265713151e-02 9.998685728180063403e-01 -1.019099546988249706e-02 -4.035501450015351210e+00 -7.417351040904569641e-03 1.028528239891053631e-02 9.999196955052586100e-01 1.689210175881437124e+02
9.999424463366626270e-01 -8.098222986601625456e-03 7.084690015197702730e-03 -3.850827655178452047e-01 8.190782637477583492e-03 9.998805794371764533e-01 -1.313384856383179380e-02 -4.081467129366497915e+00 -6.977391496891150076e-03 1.319112127787252196e-02 9.998887498531956464e-01 1.702874621512577278e+02
9.999750775502049827e-01 -1.987374107375546040e-03 6.824088021747598369e-03 -3.861082898979230071e-01 2.085503898393477502e-03 9.998944921837119582e-01 -1.440204052943489660e-02 -4.129746540371395547e+00 -6.794653931442537140e-03 1.441591261369271765e-02 9.998730999285743160e-01 1.716427680442272390e+02
9.999740592385565341e-01 1.249529209915878607e-03 7.141141925835398953e-03 -3.891979249043104883e-01 -1.153091131513034806e-03 9.999087026661507283e-01 -1.349172057600790849e-02 -4.165194594767798186e+00 -7.157253095372915000e-03 1.348313590397739667e-02 9.998835853311803801e-01 1.730010220765951203e+02
9.999600823337013722e-01 4.385638732242375971e-03 7.828391392113545275e-03 -3.928693139310258653e-01 -4.297424362700219026e-03 9.999278831448402682e-01 -1.124900764406435230e-02 -4.208003426105568323e+00 -7.877061436792695201e-03 1.121491803257090684e-02 9.999061882598666573e-01 1.743833647088406451e+02
9.999619025142463258e-01 3.888498225123109171e-03 7.858764072093196718e-03 -3.916205801819936383e-01 -3.814284862522899274e-03 9.999486019868724096e-01 -9.435437567096355629e-03 -4.250280236429382796e+00 -7.894950198613383957e-03 9.405105015727357326e-03 9.999247079976402164e-01 1.757804187730299930e+02
9.999743953797294305e-01 1.589012003567580799e-03 7.026844622296654283e-03 -3.844905593206747185e-01 -1.530679385991461083e-03 9.999647945888637812e-01 -8.297912687574730828e-03 -4.291886574669224963e+00 -7.039684061408310774e-03 8.286947588004075355e-03 9.999409869194475498e-01 1.771749425269723304e+02
9.999846431134880032e-01 -1.730161248164840699e-03 5.331489319659583545e-03 -3.786908436123597732e-01 1.773807281257728770e-03 9.999652782448449351e-01 -8.191248814166315895e-03 -4.323357705353870983e+00 -5.317033457177989565e-03 8.200583740725764584e-03 9.999523427884399185e-01 1.785313803623534454e+02
9.999928919962493001e-01 -1.965353413432576347e-03 3.325858509573880600e-03 -3.783713686180474323e-01 2.006110270954109161e-03 9.999228202398677823e-01 -1.229368291961478038e-02 -4.374913382147201268e+00 -3.301341319200274890e-03 1.230026851604812399e-02 9.999190039379277639e-01 1.799264837285819567e+02
9.999982763022328136e-01 1.028563475887707196e-03 1.760949516921331628e-03 -3.853618642850690779e-01 -9.997404448925122002e-04 9.998672621961641749e-01 -1.628704001732447088e-02 -4.428505347889916344e+00 -1.777369574346070701e-03 1.628524972318120406e-02 9.998659118371341359e-01 1.813132744099441140e+02
9.999904401090770056e-01 4.312320011254088502e-03 1.114751831059685675e-03 -4.011082910711779026e-01 -4.292089388987499997e-03 9.998372164996179867e-01 -1.754808474265543219e-02 -4.467811669777285388e+00 -1.190144790020556103e-03 1.754312995064156652e-02 9.998455042010370164e-01 1.827044761404433757e+02
9.999664785838076053e-01 8.177852564439079888e-03 9.431861614353752050e-04 -4.106835350647543015e-01 -8.161139428368071463e-03 9.998304570082993115e-01 -1.653105956261738396e-02 -4.519400670457843106e+00 -1.078116837171901521e-03 1.652280677514900153e-02 9.998630129646298714e-01 1.840899252531905290e+02
9.999533589129989686e-01 9.640985120180160448e-03 1.029753279287332849e-03 -4.201796353281777030e-01 -9.626306935476013765e-03 9.998641573095897739e-01 -1.341000981331916947e-02 -4.563703650729560302e+00 -1.158799677529294457e-03 1.339947270610418462e-02 9.999096569401275669e-01 1.854921700384332155e+02
9.999555094571137559e-01 9.364953950546192618e-03 1.417675275457036272e-03 -4.248512312486618647e-01 -9.348424329298605021e-03 9.998935043723371496e-01 -1.124358749451861289e-02 -4.606224473496953742e+00 -1.522719648844970877e-03 1.122983690190412429e-02 9.999358894084272587e-01 1.868808502450962123e+02
9.999518243771577941e-01 9.728231969758509984e-03 1.565206873895827423e-03 -4.309450127527806873e-01 -9.711052471173757528e-03 9.998967881084365183e-01 -1.062765720089279761e-02 -4.650747704266783522e+00 -1.668331050869155353e-03 1.061194767076129898e-02 9.999424058790219449e-01 1.882860890413001584e+02
9.999663060796846192e-01 8.126934769529053915e-03 1.443200850350318106e-03 -4.328053893443102873e-01 -8.111874695003223196e-03 9.999160471707394526e-01 -1.014585439194984860e-02 -4.691142022157160696e+00 -1.525431992695782399e-03 1.013380787620590980e-02 9.999475940534672258e-01 1.896887207084098179e+02
9.999822114609363544e-01 5.840548379367496712e-03 1.487961094068928746e-03 -4.316261685487440825e-01 -5.825821501091586752e-03 9.999362971469918371e-01 -9.711323881590518473e-03 -4.736461122356605991e+00 -1.544483522443498543e-03 9.702484975382870760e-03 9.999518429692639820e-01 1.910958796661781776e+02
9.999916785976512568e-01 3.772240483129610591e-03 1.780328639524337642e-03 -4.342613632958290393e-01 -3.754318474289470523e-03 9.999437733079203916e-01 -9.960487678560272715e-03 -4.781206187276105801e+00 -1.817700843702189494e-03 9.953723152847298444e-03 9.999489145052234962e-01 1.925236733296914053e+02
9.999977391213075162e-01 7.980492590742407953e-04 2.155180860846674790e-03 -4.319610660466234320e-01 -7.782071052557784294e-04 9.999579137321120692e-01 -9.188284178812129721e-03 -4.821403061956197611e+00 -2.162320962538515166e-03 9.186588644565465978e-03 9.999555706757646822e-01 1.939272448000211284e+02
9.999916023739443549e-01 -3.319595633499562107e-03 2.557886181128025439e-03 -4.258949980463156426e-01 3.339983681074265055e-03 9.999628147017942670e-01 -8.005039489523455010e-03 -4.861446325632603482e+00 -2.531114313821690096e-03 8.013518461776494503e-03 9.999647941326349487e-01 1.953379886503886382e+02
9.999715770261838887e-01 -7.036313172184680345e-03 2.848292604219994448e-03 -4.241000876591293212e-01 7.058873884807229451e-03 9.999436261257116376e-01 -7.987116603167124587e-03 -4.900641389626324340e+00 -2.791830017818238124e-03 8.006997869239525917e-03 9.999641525766287398e-01 1.967577330340544961e+02
9.999857145848792817e-01 -4.449809485330192584e-03 3.090684167272954395e-03 -4.254754183611961227e-01 4.486792870572703200e-03 9.999176314930487974e-01 -1.206156719089080016e-02 -4.945908092435296943e+00 -3.036654722777668187e-03 1.207526214260546023e-02 9.999225868694209263e-01 1.981884749397048893e+02
9.999921566882531421e-01 2.129677509451618003e-03 3.455569045484295932e-03 -4.394559332781806660e-01 -2.070378701862333332e-03 9.998525663098013494e-01 -1.707188077399289863e-02 -4.993167615703467455e+00 -3.491313767049451528e-03 1.706458950816553549e-02 9.998484002824484795e-01 1.996249645235457422e+02
9.999285397146429055e-01 1.104248648886329252e-02 4.666286149462989252e-03 -4.526662110258630745e-01 -1.096036258004288652e-02 9.997912127366581636e-01 -1.727126696835917449e-02 -5.035615090167945951e+00 -4.855925036555842206e-03 1.721888613073266697e-02 9.998400587297592290e-01 2.010613755976347932e+02
9.998412006323180723e-01 1.678233022897000076e-02 6.060411099535560273e-03 -4.690859288692695861e-01 -1.669794608650801079e-02 9.997669694051094513e-01 -1.371449047602142993e-02 -5.075505639435008653e+00 -6.289054994000647936e-03 1.361111685604093381e-02 9.998876929545953418e-01 2.024931746829595056e+02
9.997990839399624186e-01 1.881245532971459467e-02 6.977896402849552253e-03 -4.715559337622134417e-01 -1.873128942287837287e-02 9.997586517934459183e-01 -1.151912356019362850e-02 -5.125256510863709813e+00 -7.192803856441013811e-03 1.138610682089719918e-02 9.999094152985061879e-01 2.039299327162926261e+02
9.998217681443524185e-01 1.777351189823295902e-02 6.430391376015472810e-03 -4.663843518480145223e-01 -1.770038965746182150e-02 9.997804621289297922e-01 -1.125366467227501867e-02 -5.173240073106621928e+00 -6.628885437747120829e-03 1.113784154966284898e-02 9.999161090268775531e-01 2.053722127915473266e+02
9.998835960724261618e-01 1.435871392100010469e-02 5.239390769292105732e-03 -4.567753601317966483e-01 -1.429950934476445501e-02 9.998358758501600940e-01 -1.116604215818516044e-02 -5.216537643504628896e+00 -5.398750406158907625e-03 1.108982475123300622e-02 9.999240411402682271e-01 2.068094322709572737e+02
9.999156332325547236e-01 1.234037501099789075e-02 4.156563301387233150e-03 -4.499156995409452908e-01 -1.229113016973729967e-02 9.998568327995815963e-01 -1.166974845724750610e-02 -5.265554845011598317e+00 -4.299867956856526056e-03 1.161767773520449784e-02 9.999233768246835741e-01 2.082429727148969505e+02
9.999048283579771157e-01 1.333638465288755973e-02 3.648428501404254055e-03 -4.523861963530114716e-01 -1.329001826999041611e-02 9.998346743550520221e-01 -1.244795349406026090e-02 -5.309509976626467953e+00 -3.813727269885307507e-03 1.239828330307234279e-02 9.999159805455123395e-01 2.096906274163007424e+02
9.998875492324091896e-01 1.461032053123714411e-02 3.503299098791692358e-03 -4.543369525839229817e-01 -1.456613574715551890e-02 9.998184900460456159e-01 -1.231976180623711378e-02 -5.356489212584643056e+00 -3.682550241699384178e-03 1.226735011496806263e-02 9.999180872532269504e-01 2.111395475553137260e+02
9.998780681585663910e-01 1.527463956391563772e-02 3.373753091053266658e-03 -4.595950053626620679e-01 -1.523427523931829286e-02 9.998162209942025314e-01 -1.167929933723475637e-02 -5.398640825389606768e+00 -3.551422849638313523e-03 1.162648296154870919e-02 9.999262192638475044e-01 2.126012372375394932e+02
9.998902878202808875e-01 1.452484715115400296e-02 3.048192035942754764e-03 -4.646629137108763130e-01 -1.448695456173950541e-02 9.998223030254387300e-01 -1.210205842512564363e-02 -5.452767562679378344e+00 -3.223325737000108052e-03 1.205657555134836620e-02 9.999222384739170355e-01 2.140745623291388426e+02
9.998874824212382606e-01 1.479088900230459205e-02 2.665191505655560740e-03 -4.678254202925322125e-01 -1.475449117480240671e-02 9.998046210257675037e-01 -1.319102834920949860e-02 -5.500794490714373097e+00 -2.859670949888365368e-03 1.315022361999128135e-02 9.999095639791910628e-01 2.155363347245326224e+02
9.998974372944590128e-01 1.415551953071533982e-02 2.364855965325132672e-03 -4.679292793306458753e-01 -1.412227251066566942e-02 9.998092929185682376e-01 -1.352490269101520176e-02 -5.549162492242633249e+00 -2.555750849905406331e-03 1.349012083236580603e-02 9.999058591454700329e-01 2.170071562241770664e+02
9.998933484402976468e-01 1.451940315010947363e-02 1.827826743351037902e-03 -4.710675995127175941e-01 -1.449325706569489121e-02 9.998032294059413516e-01 -1.358081832693628678e-02 -5.596807451022458579e+00 -2.024549174949304663e-03 1.355288100629879929e-02 9.999062276046455366e-01 2.184674562494475083e+02
9.998915666468932706e-01 1.466868478238171278e-02 1.596657835228574912e-03 -4.801361614159482261e-01 -1.464458602622263628e-02 9.997927456176917138e-01 -1.417738732759730481e-02 -5.651018023359514864e+00 -1.804185108240880702e-03 1.415247020233269259e-02 9.998983449921948763e-01 2.199470574290350555e+02
9.998956559659260002e-01 1.441133575158617085e-02 1.363334453438563073e-03 -4.859596036494958082e-01 -1.439021645457994221e-02 9.997932659207366957e-01 -1.439954985405972505e-02 -5.699428355643561872e+00 -1.570463492425064724e-03 1.437843092483884026e-02 9.998955157049870257e-01 2.214104523265439752e+02
9.998805846191342050e-01 1.545425077901089322e-02 9.243710543691616285e-04 -4.934101791201543907e-01 -1.543909170238396376e-02 9.997745227112684319e-01 -1.461307227815518764e-02 -5.748710904723871806e+00 -1.149891635602614702e-03 1.459705822137317109e-02 9.998929201286235191e-01 2.228888905101551927e+02
9.998838915782081171e-01 1.525839007942109138e-02 5.151339154865670639e-04 -4.979471619618665579e-01 -1.524892689867486315e-02 9.997714558951700248e-01 -1.501727287166647329e-02 -5.801587560281623368e+00 -7.440523476259113846e-04 1.500767746962207265e-02 9.998872260645985666e-01 2.243703817329515289e+02
9.998691152491383516e-01 1.620594829623221711e-02 1.051363910887466376e-04 -5.079941707107002991e-01 -1.620245279793283352e-02 9.997530141241989243e-01 -1.524515200062522523e-02 -5.855624237000688126e+00 -3.520706422343052424e-04 1.524145679937803123e-02 9.998839048250055539e-01 2.258664867029598042e+02
9.998786168876632185e-01 1.560922810101471846e-02 5.788369348090666611e-05 -5.143057480276922444e-01 -1.560651695099669715e-02 9.997622336965993339e-01 -1.526252749745084757e-02 -5.911772504471644929e+00 -2.960028501880191234e-04 1.525977452278883158e-02 9.998836437795453058e-01 2.273531694248669623e+02
9.998830013915365189e-01 1.532565385304308220e-02 1.048961192469399930e-04 -5.203476889581931664e-01 -1.532212967207300519e-02 9.997608091738104941e-01 -1.563944353310948304e-02 -5.965010400074567620e+00 -3.444531137084453189e-04 1.563600877776741976e-02 9.998778157394323518e-01 2.288459144412429112e+02
9.999009485328916869e-01 1.410503961202969926e-02 2.162902539205285694e-04 -5.275001408599623298e-01 -1.409997585654660691e-02 9.997806827447746070e-01 -1.551822115806772602e-02 -6.019866394285212863e+00 -4.350249854815657104e-04 1.551363641936800292e-02 9.998796866144453732e-01 2.303297166063491090e+02
9.999190555535171221e-01 1.275434750516075272e-02 3.412284374262900748e-04 -5.316814354994784386e-01 -1.274787147863102460e-02 9.998091520351171102e-01 -1.483886277346583085e-02 -6.075662377756868793e+00 -5.303194110292721577e-04 1.483331434859309385e-02 9.998899650863927180e-01 2.318386763954637217e+02
9.999154687615313675e-01 1.303447685286463799e-02 2.760505008355100152e-04 -5.347964110534585425e-01 -1.302901751950692744e-02 9.998080768407574537e-01 -1.466648120282657702e-02 -6.130251178187963390e+00 -4.670640669730383881e-04 1.466164837309226997e-02 9.998925286229328746e-01 2.333418047029753666e+02
9.999133962785474727e-01 1.319217525771930639e-02 2.962191385036845050e-04 -5.428818295399924221e-01 -1.318621168848443589e-02 9.998002222126084471e-01 -1.505640109278537538e-02 -6.180213374282855554e+00 -4.946812542576378008e-04 1.505119485069545716e-02 9.998867282430041747e-01 2.348309268579093896e+02
9.998949619064425587e-01 1.451163737521262743e-02 6.341797703478749141e-04 -5.477301978867018528e-01 -1.449963375259940776e-02 9.997674934587067463e-01 -1.599309289106958659e-02 -6.236798627703648457e+00 -8.660115025337975338e-04 1.598222089260209131e-02 9.998720275686170389e-01 2.363388376059253346e+02
9.998744720456752555e-01 1.583941675733823232e-02 1.040253852987722437e-03 -5.586111383029065403e-01 -1.582182924873156218e-02 9.997604460413516136e-01 -1.515866077833727399e-02 -6.287456594060190085e+00 -1.280003841794928729e-03 1.514030352721030745e-02 9.998846866736413874e-01 2.378435629023858269e+02
9.998802611627314318e-01 1.542217368848612484e-02 1.597897663255653774e-03 -5.645120785990342949e-01 -1.539966850290035161e-02 9.997942180407601853e-01 -1.324555692096982679e-02 -6.334978461981064513e+00 -1.801734750506185992e-03 1.321936968203320413e-02 9.999111259884226888e-01 2.393537369310890313e+02
9.998832951120845136e-01 1.514190252519267109e-02 2.248214427044031762e-03 -5.652545376031634650e-01 -1.511172535659412348e-02 9.998034086718288194e-01 -1.287846997777083481e-02 -6.387693971158156181e+00 -2.442667279304755468e-03 1.284299849500072921e-02 9.999146707977393245e-01 2.408762012989441814e+02
9.998674797380039392e-01 1.607553795351906317e-02 2.746409412509062502e-03 -5.684626792734253087e-01 -1.603424454234888413e-02 9.997676360646873261e-01 -1.444518099677190824e-02 -6.439447869043373629e+00 -2.977869842864129795e-03 1.439923470440045671e-02 9.998920223825653597e-01 2.423783494879031934e+02
9.998611034018245469e-01 1.634420870965457365e-02 3.403556935041866707e-03 -5.724356388606185453e-01 -1.628853596198710091e-02 9.997432561001778906e-01 -1.578592013863230892e-02 -6.493915239901076220e+00 -3.660575391069943469e-03 1.572829183445255061e-02 9.998697345078886300e-01 2.439029784242929395e+02
9.998517349430444678e-01 1.687613345429061010e-02 3.556480051103902678e-03 -5.748604733298917635e-01 -1.681877605445700544e-02 9.997376902692570733e-01 -1.558114991858261522e-02 -6.540239510266856016e+00 -3.818379959240194872e-03 1.551902778583920048e-02 9.998724154139747577e-01 2.454069265736047498e+02
9.998547229412553250e-01 1.670627199101540339e-02 3.518864137509204564e-03 -5.778267388350639688e-01 -1.665315739756357757e-02 9.997550393621911224e-01 -1.461632796696880551e-02 -6.597464375615905929e+00 -3.762064924039661053e-03 1.455561017541570287e-02 9.998871213060228635e-01 2.469322275391659787e+02
9.998525966880582594e-01 1.686740976830328545e-02 3.350360541484515790e-03 -5.780828288907239321e-01 -1.681895735162585240e-02 9.997611297066923974e-01 -1.399682831537082950e-02 -6.650866132982446999e+00 -3.585529204124708515e-03 1.393842190438065488e-02 9.998965647841036031e-01 2.484548880109072684e+02
9.998488751259495544e-01 1.713905236605209326e-02 3.072066384603508796e-03 -5.795118550613571617e-01 -1.709443501498139617e-02 9.997563897464852856e-01 -1.400172368652601550e-02 -6.702170572569633222e+00 -3.311173989571870348e-03 1.394710037841222910e-02 9.998973944882267872e-01 2.499716211062157356e+02
9.998246013004513655e-01 1.850866048428061530e-02 3.026645485852748774e-03 -5.845273863920567026e-01 -1.846475219462529252e-02 9.997328848215309982e-01 -1.394006495962867714e-02 -6.751558191535924180e+00 -3.283728545642659175e-03 1.388174179642138149e-02 9.998983945362868164e-01 2.514937421711263426e+02
9.998030944536158149e-01 1.959392109642063909e-02 3.289221602613047728e-03 -5.900988790916148474e-01 -1.954561225147144130e-02 9.997097490320059343e-01 -1.412460810702036162e-02 -6.809431610754613118e+00 -3.564901409591957233e-03 1.405754559792446977e-02 9.998949757177899578e-01 2.530239671221031017e+02
9.998008944960392608e-01 1.969908790373359891e-02 3.330092859741676931e-03 -5.918689998298178878e-01 -1.965018461540436051e-02 9.997076615208081440e-01 -1.412739935558429694e-02 -6.855987849209976837e+00 -3.607294525073890656e-03 1.405915821426093580e-02 9.998948010413136744e-01 2.545594434142993236e+02
9.998355743798920114e-01 1.786937386722851906e-02 3.239457945184856004e-03 -5.950642332879663154e-01 -1.782368065043281671e-02 9.997489216395764045e-01 -1.362145200025099458e-02 -6.910874525750419828e+00 -3.481929063427593399e-03 1.356148279329104540e-02 9.999021192734105501e-01 2.560905235425930755e+02
9.998615253106424294e-01 1.636839600642701550e-02 3.162089053176997400e-03 -5.939981710153126038e-01 -1.632624038661121754e-02 9.997837635267891043e-01 -1.292372354545767189e-02 -6.957500289773143720e+00 -3.372822630043878327e-03 1.287031904344812169e-02 9.999116285413122140e-01 2.576142545075079511e+02
9.999075760796070078e-01 1.323012389590663695e-02 3.286412494573777172e-03 -5.906064472782088792e-01 -1.318979085678826865e-02 9.998415459653069437e-01 -1.200247254945005851e-02 -7.013168035860283922e+00 -3.444562450184756198e-03 1.195802702659304155e-02 9.999227102892231933e-01 2.591442417371138731e+02
9.999226024090351883e-01 1.213982902099190395e-02 2.900654058099720253e-03 -5.873542159230293880e-01 -1.210134792331080469e-02 9.998437303310162561e-01 -1.293152035091691548e-02 -7.061318304811581292e+00 -3.057066481009708837e-03 1.289542769638797083e-02 9.999123214558702788e-01 2.606726928034065054e+02
9.999220970273162701e-01 1.218740450533041877e-02 2.875910381484378126e-03 -5.895643645911918806e-01 -1.214608561478569895e-02 9.998292351626015817e-01 -1.396887827151238257e-02 -7.118191727288229131e+00 -3.045541392309533517e-03 1.393286821976858804e-02 9.998984393262280168e-01 2.621944834372946502e+02
9.999486621878711512e-01 9.573767845755563194e-03 3.467865932379997525e-03 -5.845747612936728066e-01 -9.530894823884175984e-03 9.998810740680351694e-01 -1.217240870300747776e-02 -7.168448457619719605e+00 -3.583860904139282884e-03 1.213874147437917980e-02 9.999200475276510680e-01 2.637244521851045533e+02
9.999698638755426527e-01 6.905414094530677900e-03 3.688451640899322037e-03 -5.850706629312617535e-01 -6.865141410849800313e-03 9.999184945382040279e-01 -1.081900221696206234e-02 -7.215752113388947286e+00 -3.762729556980329727e-03 1.079336469415406209e-02 9.999348183082126251e-01 2.652784413977717577e+02
9.999764009833703726e-01 5.884065899281611806e-03 3.687277428901510317e-03 -5.812501473439736221e-01 -5.840938456954550100e-03 9.999162831685171060e-01 -1.159702325666690272e-02 -7.270171750877959305e+00 -3.755073379435754349e-03 1.157522183546246496e-02 9.999261027564644300e-01 2.668173503610602779e+02
9.999771510648052253e-01 5.578902477664007473e-03 3.949567667661529544e-03 -5.783887827520168834e-01 -5.528378580823516478e-03 9.999048287811966862e-01 -1.268693391364479790e-02 -7.321973413497317118e+00 -4.019834505029102646e-03 1.266481736495522238e-02 9.999118674871597667e-01 2.683453082616679239e+02
9.999678822960096358e-01 6.536775782168702947e-03 4.747549038765475418e-03 -5.797268451999857408e-01 -6.474355387360365352e-03 9.998945593548066446e-01 -1.304412304355524396e-02 -7.369891559682785420e+00 -4.832177903846274734e-03 1.301297505771981632e-02 9.999038013805695568e-01 2.698869179075330749e+02
9.999481510555408015e-01 8.385090554090613227e-03 5.868046013928198898e-03 -5.813698653618115664e-01 -8.307133421935418427e-03 9.998791875026042941e-01 -1.318379191665290315e-02 -7.424150589740482253e+00 -5.977746301672283435e-03 1.313437090199343418e-02 9.998960218549778345e-01 2.714375018352194502e+02
9.999278894275366314e-01 9.955845474258000552e-03 6.793333938469276606e-03 -5.806607098079590301e-01 -9.862036203604275172e-03 9.998580680757961359e-01 -1.370394474560570133e-02 -7.477907147815933797e+00 -6.928665141907730009e-03 1.363596974929825664e-02 9.998831700250782051e-01 2.729718240749966185e+02
9.999051984779070423e-01 1.144726796470826868e-02 7.721173135667022333e-03 -5.793966806149898341e-01 -1.133827184607495188e-02 9.998381222423288195e-01 -1.401417715250540853e-02 -7.528390290844390265e+00 -7.880207841978643241e-03 1.392531307582774505e-02 9.998721357535749199e-01 2.745085842027273202e+02
9.999033269996486784e-01 1.090738242199082962e-02 8.685706584923126930e-03 -5.733455797852372582e-01 -1.078166276339536864e-02 9.998389378496792546e-01 -1.439068807489049528e-02 -7.581764657616367309e+00 -8.841133275909409187e-03 1.429565849116415030e-02 9.998588744028640285e-01 2.760545489397691199e+02
9.998845857718876573e-01 1.180993791604926894e-02 9.613657706134315362e-03 -5.670265708644637304e-01 -1.166431660243229598e-02 9.998191158963848357e-01 -1.506408713169404834e-02 -7.638635093068747217e+00 -9.789679675271847903e-03 1.495022100132776741e-02 9.998404663774987933e-01 2.775928120237210805e+02
9.998808891503471186e-01 1.143088786918746748e-02 1.042274613622734200e-02 -5.576882491402891384e-01 -1.126734964649543820e-02 9.998152110133329273e-01 -1.561562007009824685e-02 -7.693217084841929676e+00 -1.059917507164404894e-02 1.549633252281820521e-02 9.998238977264969352e-01 2.791204903409970370e+02
9.998693648772055687e-01 1.149729654932161484e-02 1.140881490475150264e-02 -5.403001839385287441e-01 -1.131884195109145869e-02 9.998151233040091235e-01 -1.558416376767066125e-02 -7.750309839734043749e+00 -1.158573208375307355e-02 1.545300190230003076e-02 9.998136240916122297e-01 2.806586831740402772e+02
9.998800655580837304e-01 9.673813088977811087e-03 1.213977595298235297e-02 -5.277895092785941378e-01 -9.498316443877444920e-03 9.998513897075835821e-01 -1.443088809633914261e-02 -7.802818418221270313e+00 -1.227742179604876180e-02 1.431386006528889004e-02 9.998223273038985282e-01 2.822018726815856553e+02
9.998913913814483356e-01 8.204869616600536306e-03 1.228787122097321251e-02 -5.129765122413538769e-01 -8.028859442553014369e-03 9.998660858939197871e-01 -1.430460030382386255e-02 -7.857907181739747671e+00 -1.240344137634620883e-02 1.420439965886920002e-02 9.998223330729658631e-01 2.837266295488506103e+02
9.998923347739333556e-01 7.479556139361461659e-03 1.266820867827117038e-02 -4.950223605314183484e-01 -7.270758096329166427e-03 9.998389271608112416e-01 -1.644792423495894731e-02 -7.916383887398704466e+00 -1.278904094418196850e-02 1.635405419769679972e-02 9.997846247034002376e-01 2.852762701341413276e+02
9.998928787060858969e-01 8.270805541016140738e-03 1.212166910959532225e-02 -4.813268682490812744e-01 -8.042740756188302559e-03 9.997926202964551035e-01 -1.874330907304376861e-02 -7.975775544349721358e+00 -1.227402674693035996e-02 1.864381545190182607e-02 9.997510031544784015e-01 2.868133762107925122e+02
9.999104145364116070e-01 7.094300379038117298e-03 1.139937582320373760e-02 -4.696876317851659266e-01 -6.877813107794364562e-03 9.997980120627228962e-01 -1.891858787103108466e-02 -8.031246630939183007e+00 -1.153113699138010734e-02 1.883849642421106182e-02 9.997561987903116343e-01 2.883656903119058939e+02
9.999266200824459272e-01 5.545330827238490606e-03 1.082223622087073213e-02 -4.579290352170370948e-01 -5.340328946342633686e-03 9.998081447909296093e-01 -1.887965758838768340e-02 -8.091755408789527593e+00 -1.092470297320351051e-02 1.882048537647008218e-02 9.997633491470339084e-01 2.899239276956221829e+02
9.999373654002201572e-01 5.872965683493736391e-03 9.586664084294179225e-03 -4.422146480654313150e-01 -5.683685145326004655e-03 9.997913668838492862e-01 -1.965243667528803612e-02 -8.153744198133365373e+00 -9.699932213981269855e-03 1.959672226525266056e-02 9.997610688093657716e-01 2.914674621275824506e+02
9.999371483928782833e-01 6.533963957830173953e-03 9.172935772638874871e-03 -4.356481395792607403e-01 -6.350364281576680210e-03 9.997824048981839296e-01 -1.990279506446817823e-02 -8.215415348621801783e+00 -9.300835121234552264e-03 1.984329645480036389e-02 9.997599977519251446e-01 2.930283210943023846e+02
9.999461815976756762e-01 6.057704259962164335e-03 8.489708314145956100e-03 -4.287530726732682318e-01 -5.888679412346234376e-03 9.997873928970258950e-01 -1.979396782284224138e-02 -8.272651712304588401e+00 -8.607662115387297239e-03 1.974291294855676226e-02 9.997681950949811602e-01 2.945903634663216621e+02
9.999520065336142682e-01 6.169449674692325906e-03 7.685404535117878674e-03 -4.265150648065219041e-01 -6.018687184526641358e-03 9.997926546757169852e-01 -1.948697322568536741e-02 -8.337929032035324539e+00 -7.803893744903323167e-03 1.943978381430536487e-02 9.997807352840956119e-01 2.961566222738515535e+02
9.999598631179739128e-01 6.073915038485888131e-03 6.672708821265812586e-03 -4.157849077125503334e-01 -5.950857772308378209e-03 9.998153357322430157e-01 -1.830861704960922570e-02 -8.397874916901471920e+00 -6.782543608927033181e-03 1.826817662480311605e-02 9.998102809632131160e-01 2.977249565160526004e+02
9.999619474056468116e-01 6.445685973401079835e-03 5.975469362843859739e-03 -4.141189601516218621e-01 -6.343961848153981467e-03 9.998379250596172163e-01 -1.688807463379555021e-02 -8.454099236284163155e+00 -6.083221412451723584e-03 1.684952854462382077e-02 9.998396954478554477e-01 2.992978320297576147e+02
9.999508321618238993e-01 7.235621448344168455e-03 6.865695453979527366e-03 -4.061464796196801452e-01 -7.117758423515129287e-03 9.998301708884090866e-01 -1.703824825721575453e-02 -8.512259558792287351e+00 -6.987674033835403371e-03 1.698855104186397166e-02 9.998314337009570618e-01 3.008792417724658890e+02
9.999334322433057753e-01 8.367414347870288233e-03 8.017735299955619163e-03 -3.999300812351080370e-01 -8.226753717691317677e-03 9.998151101949487307e-01 -1.741858506180125540e-02 -8.573158257546481309e+00 -8.161860623894819436e-03 1.735147738097553641e-02 9.998163069609443676e-01 3.024545912746265799e+02
9.999405497046152114e-01 6.942229131411095829e-03 8.478213905390939373e-03 -3.878925564014704119e-01 -6.793801580605693217e-03 9.998259992674114471e-01 -1.741171622616096218e-02 -8.627802348639241004e+00 -8.597475239698889465e-03 1.735309174134718954e-02 9.998126283089151523e-01 3.040446685337121266e+02
9.999528650531842588e-01 4.517032197625350798e-03 8.663081828101239917e-03 -3.754316655964315408e-01 -4.352950528749863733e-03 9.998132200186262697e-01 -1.886628086022187553e-02 -8.689097134184216031e+00 -8.746543820016485990e-03 1.882768904216499187e-02 9.997846540117916181e-01 3.056533825045751769e+02
9.999522586229833143e-01 3.965110932753443916e-03 8.996865574759262477e-03 -3.650189253095941777e-01 -3.777549211121378897e-03 9.997778394767438126e-01 -2.076930880263522239e-02 -8.757828326350431070e+00 -9.077079925339678196e-03 2.073433620989429196e-02 9.997439846491863458e-01 3.072425217391040064e+02
9.999535399734296170e-01 3.274728476759673594e-03 9.131332247580345798e-03 -3.561860679942343566e-01 -3.072541992029745924e-03 9.997524247971313338e-01 -2.206845148535860335e-02 -8.817405981248322533e+00 -9.201198593838579715e-03 2.203937267016613591e-02 9.997149343716704717e-01 3.088604326744519994e+02
9.999664353695343344e-01 4.216679920046324803e-03 7.109168004276650993e-03 -3.466842505881111425e-01 -4.052831567485631198e-03 9.997300955065651085e-01 -2.290595946320158130e-02 -8.885773632699493163e+00 -7.203698060540362352e-03 2.287637835458471158e-02 9.997125213689332934e-01 3.104456184462476358e+02
9.999715858859952178e-01 5.878199810508860298e-03 4.845085642185972645e-03 -3.409409234683864476e-01 -5.768228663108452073e-03 9.997329911319625673e-01 -2.240656211215270172e-02 -8.950917815629885865e+00 -4.975367821186334714e-03 2.237797657558703371e-02 9.997373755337435330e-01 3.120474964600135763e+02
9.999643826479529540e-01 7.154875693628420102e-03 4.609291223181376761e-03 -3.374147684741409248e-01 -7.063187873218142177e-03 9.997834598476269541e-01 -1.960941900537158805e-02 -9.011619143937448229e+00 -4.748463964451958043e-03 1.957616723579858400e-02 9.997972672825210516e-01 3.136843133648199569e+02
9.999731484793845659e-01 5.500447589551425362e-03 4.965557541576032935e-03 -3.342706602068540311e-01 -5.418282069324478409e-03 9.998513491189292557e-01 -1.641076334364062125e-02 -9.072334672278362433e+00 -5.054950429273502056e-03 1.638342371412939910e-02 9.998531806239610020e-01 3.152920447639345980e+02
9.999759224737051477e-01 4.415422134032158212e-03 5.465717144895917458e-03 -3.270388547572730675e-01 -4.328862603348730513e-03 9.998673223407541499e-01 -1.574785972447019858e-02 -9.130574951413452212e+00 -5.534389699202052829e-03 1.572382448620307516e-02 9.998612329131841836e-01 3.169307152240055530e+02
9.999778040389151190e-01 3.813540469529955092e-03 5.573594149352059657e-03 -3.253480381391336551e-01 -3.718744275262911812e-03 9.998506283340872214e-01 -1.692014443866035611e-02 -9.194114471586020798e+00 -5.637152058852849985e-03 1.689904461679455835e-02 9.998414881676781496e-01 3.185348891353250451e+02
9.999773151893132095e-01 3.305450639994374912e-03 5.971689433133690883e-03 -3.151137864238461872e-01 -3.201653705695107436e-03 9.998457804086494649e-01 -1.730797037796758323e-02 -9.250963167567046952e+00 -6.027842799671423099e-03 1.728846101215215231e-02 9.998325525425945104e-01 3.201685456937215122e+02
9.999759035679162134e-01 3.075568014842239295e-03 6.320894408405540801e-03 -3.086018329084833645e-01 -2.968213734113175559e-03 9.998530803669514189e-01 -1.692360901064073053e-02 -9.311087411139087777e+00 -6.371878669232471613e-03 1.690444263037964301e-02 9.998369869376653174e-01 3.217776776061641613e+02
9.999736824743713504e-01 2.972921031657383209e-03 6.709584078363745388e-03 -3.032425392657880359e-01 -2.858787525272432541e-03 9.998528425326319580e-01 -1.695652290615405969e-02 -9.378338781825640069e+00 -6.758869540468545600e-03 1.693689879651257002e-02 9.998338980851764202e-01 3.234030342560174631e+02
9.999630299285369173e-01 4.741492700753688512e-03 7.258369118773231460e-03 -2.970753426317840895e-01 -4.611191697538903102e-03 9.998304872460928028e-01 -1.786455716555072903e-02 -9.441112120431537136e+00 -7.341702789631214879e-03 1.783042961169979679e-02 9.998142532602541932e-01 3.250389054556673614e+02
9.999534847434190521e-01 5.701823600465908727e-03 7.857917291199579060e-03 -2.969971513911069949e-01 -5.552591064632390536e-03 9.998069645355044388e-01 -1.888421179849253742e-02 -9.504789325240807329e+00 -7.963932496293237365e-03 1.883970425969158299e-02 9.997909825187595301e-01 3.266399789026560256e+02
9.999508427854413295e-01 4.714691064773946644e-03 8.792882336151757600e-03 -2.853526571483878116e-01 -4.562473580396171277e-03 9.998414712167429386e-01 -1.725195356100156854e-02 -9.569036721062550654e+00 -8.872681223252118499e-03 1.721099204141597616e-02 9.998126954427379864e-01 3.282680492285467153e+02
9.999559734092277052e-01 3.198091234691028892e-03 8.891467496543738538e-03 -2.772753746299710387e-01 -3.054520870911092180e-03 9.998662027655687012e-01 -1.611408679621859422e-02 -9.629711142835322590e+00 -8.941665735198776541e-03 1.608622450816756672e-02 9.998308107860190974e-01 3.298720276556393287e+02
9.999570803673860642e-01 3.156731513541186866e-03 8.781194140699919576e-03 -2.635539058347480812e-01 -3.000248519067365543e-03 9.998381944593762727e-01 -1.777655040135206477e-02 -9.696410684986050299e+00 -8.835741294423724371e-03 1.774944517985240985e-02 9.998036122672938619e-01 3.314940425468448097e+02
9.999523312371523254e-01 3.698202437634533039e-03 9.104895166943681103e-03 -2.525586518069161124e-01 -3.536597127735046763e-03 9.998377708887807858e-01 -1.770171715130000600e-02 -9.766488595166265441e+00 -9.168735606973786242e-03 1.766867646075402989e-02 9.998020448191202725e-01 3.331091609649283782e+02
9.999497345700497641e-01 5.122337381003000227e-03 8.691011877413282877e-03 -2.496033211871313551e-01 -4.948677420743348432e-03 9.997907115425376245e-01 -1.988651187232545053e-02 -9.815202196845399740e+00 -8.790910356891510138e-03 1.984250296833655822e-02 9.997646590988416015e-01 3.347116237457441343e+02
9.999347049347716565e-01 8.017093137449358628e-03 8.219462264250739642e-03 -2.459188534341250898e-01 -7.828093802230526310e-03 9.997107164617039521e-01 -2.277366330009416781e-02 -9.894281540412661613e+00 -8.399512793804807947e-03 2.270782921275886837e-02 9.997070491516372170e-01 3.363221287083168818e+02
9.999380143594477355e-01 8.621109445328361057e-03 7.134104055688505509e-03 -2.426456685622957743e-01 -8.461879970230633957e-03 9.997216317820923903e-01 -2.205664556868799572e-02 -9.959794951145582331e+00 -7.322122198581628924e-03 2.199490682727405638e-02 9.997314643056354200e-01 3.379248465403302930e+02
9.999355501623884424e-01 9.423483794785119522e-03 6.430060534388701288e-03 -2.422986012202527351e-01 -9.298494625463985322e-03 9.997731635482023371e-01 -1.919913769649504720e-02 -1.002740828287332420e+01 -6.609375265413085405e-03 1.913811046882423622e-02 9.997952019463353102e-01 3.395211728597597585e+02
9.999313473484926496e-01 1.037202040836611612e-02 5.565471088595687864e-03 -2.450760322174482253e-01 -1.027887001387976264e-02 9.998115391640548522e-01 -1.651311731544193029e-02 -1.008639724423848705e+01 -5.735547757831163836e-03 1.645478039220517330e-02 9.998483612960566980e-01 3.411366227755847831e+02
9.999342434929392454e-01 1.077246680856590658e-02 4.089080611490204971e-03 -2.487886183064472734e-01 -1.069984497781808520e-02 9.997923565199067220e-01 -1.738429455062864490e-02 -1.014825435137495546e+01 -4.275357071402034921e-03 1.733940220051973305e-02 9.998407261957427128e-01 3.427376590276629145e+02
9.999403235034551862e-01 1.067807363491013461e-02 2.566662093416524019e-03 -2.472188913781977471e-01 -1.062665332093873718e-02 9.997584843045209668e-01 -1.927451137787914576e-02 -1.021886047197997271e+01 -2.771713720069879892e-03 1.924608787426841661e-02 9.998111424237604572e-01 3.443512561038836566e+02
9.999585283820018322e-01 9.165051985227797363e-03 4.544851163706084855e-04 -2.474723494256458600e-01 -9.155184069461795929e-03 9.997909309745400819e-01 -1.832316858160225326e-02 -1.028017271181696302e+01 -6.221820900312448159e-04 1.831825221205668486e-02 9.998322214951173015e-01 3.459515340808917472e+02
9.999717687070667216e-01 7.589551719739510982e-03 -3.564383786711508508e-04 -2.492370373885588741e-01 -7.594610815705304420e-03 9.998197941890382134e-01 -1.744033661376618791e-02 -1.034722898950562531e+01 2.241502113441778629e-04 1.744255507057772270e-02 9.998480507487540470e-01 3.475425130578341850e+02
9.999731428164927438e-01 7.401916041174601626e-03 -4.409197971499838374e-04 -2.561956688842900176e-01 -7.408805574043292146e-03 9.998021436427652064e-01 -1.849998104621572437e-02 -1.041029794452399493e+01 3.040374848058402784e-04 1.850275326613502400e-02 9.998289741480654857e-01 3.491313871262159410e+02
9.999746554608688331e-01 7.151304058057203830e-03 -9.053352936520436042e-04 -2.627822180718029088e-01 -7.167603054846661756e-03 9.997848964218438717e-01 -1.950015836599126862e-02 -1.047842548866900891e+01 7.658285352212451181e-04 1.950615430530924788e-02 9.998096579260593586e-01 3.507214787607011317e+02
9.999780571863466916e-01 6.679880053688397497e-03 -7.364546911010804364e-04 -2.717832163478759444e-01 -6.693212639144774899e-03 9.997804594185885074e-01 -1.989231123593611719e-02 -1.054082982584722572e+01 6.035546565498341003e-04 1.989680541032176272e-02 9.998020740073528811e-01 3.523322356429058004e+02
9.999818766448206331e-01 6.060170630262079645e-03 -8.970465006282091116e-04 -2.754934757806479229e-01 -6.076856161741786035e-03 9.997834398982711201e-01 -1.994031584392779582e-02 -1.060871594473863766e+01 7.761504687079945905e-04 1.994540632041019029e-02 9.998009898769827375e-01 3.539193127612349485e+02
9.999860695025314383e-01 5.322374915096243081e-03 -9.069709128228997316e-04 -2.795814782777156782e-01 -5.339895635484596254e-03 9.997752660880627751e-01 -2.055177514850136528e-02 -1.067998927366222262e+01 7.975220273378954552e-04 2.055633008771730677e-02 9.997886017016400784e-01 3.555046035353221896e+02
9.999865901741670227e-01 5.240257651463365793e-03 -8.100971273499578016e-04 -2.875461105348605662e-01 -5.256263016815122813e-03 9.997620997715732649e-01 -2.120359077747850998e-02 -1.074939377839472776e+01 6.989331580307540622e-04 2.120756537501693878e-02 9.997750762067447727e-01 3.570910088383969310e+02
9.999881438714890436e-01 4.894831299496032670e-03 -1.025286148247972744e-03 -2.932252323609495503e-01 -4.915443383311749771e-03 9.997646411385580079e-01 -2.116559744649788855e-02 -1.081546653396341107e+01 9.215814305963076179e-04 2.117038682697952937e-02 9.997756857436963518e-01 3.586718169430490093e+02
9.999893886584070302e-01 4.704923085244690391e-03 -6.226808548630090702e-04 -3.064976697973773589e-01 -4.717482842064450559e-03 9.997479278528556002e-01 -2.198428739177155089e-02 -1.087496682092653444e+01 5.192290991991543826e-04 2.198699202434200098e-02 9.997583520179980088e-01 3.602609584378906789e+02
9.999932509167772654e-01 3.764227821964082066e-03 -7.981090647724814035e-04 -3.044513783051028821e-01 -3.781525321531112489e-03 9.997312887262462811e-01 -2.290288071443777329e-02 -1.095016794834807072e+01 7.118180349509034121e-04 2.290574594401241504e-02 9.997376079561327566e-01 3.618445733959795803e+02
9.999991377686613392e-01 1.512512673413967529e-03 -8.645647172777661113e-04 -3.095568947308429686e-01 -1.531094525129397419e-03 9.997596111815213460e-01 -2.190596252598308452e-02 -1.101065916059194016e+01 8.313608295141158800e-04 2.190727029152208724e-02 9.997598945450664187e-01 3.634303369805584794e+02
1.000000459286300547e+00 -4.131075201847019679e-04 -4.727076941927890806e-04 -3.171252626933727670e-01 4.032346504098794737e-04 9.997866427157703351e-01 -2.068829745096885039e-02 -1.108558884949004941e+01 4.812925987597572964e-04 2.068812022875391940e-02 9.997860961758511245e-01 3.650246202970594709e+02
1.000000393160174639e+00 -3.020211147268947872e-04 -6.651845032460633987e-04 -3.161581962271385882e-01 2.872622372534947791e-04 9.997571133410195765e-01 -2.207131781225202607e-02 -1.116293021018352150e+01 6.718338908701918964e-04 2.207113614921727210e-02 9.997564138886023688e-01 3.666368223203345451e+02
9.999997153345060452e-01 1.378089885936029275e-03 1.112347879834152353e-05 -3.256628205333883530e-01 -1.377488822378802272e-03 9.997434789131783850e-01 -2.264063182709897745e-02 -1.122963231970727627e+01 -4.217528926252548765e-05 2.264061409047560258e-02 9.997439053704605394e-01 3.682274819360481501e+02
9.999967869282314625e-01 2.785398448514146089e-03 2.227117640153756666e-05 -3.301135083666477676e-01 -2.784224055060102818e-03 9.997510498500806753e-01 -2.217225382845953996e-02 -1.129420317492972181e+01 -8.387893034778052994e-05 2.217212489788412955e-02 9.997544027042769565e-01 3.698214406376272905e+02
9.999930903272954419e-01 3.749978809345327901e-03 1.049139925178491474e-03 -3.373944337167801288e-01 -3.726537369661980965e-03 9.997622306867247621e-01 -2.152028365932711143e-02 -1.136235879246711811e+01 -1.129445916374499041e-03 2.151623577932275724e-02 9.997681024940938688e-01 3.714241209005857058e+02
9.999924989499217043e-01 3.895099368344324183e-03 1.087501948099014277e-03 -3.372558974309998181e-01 -3.870671276953658799e-03 9.997594033964478655e-01 -2.162600076795689885e-02 -1.142827492938699052e+01 -1.171331897603261531e-03 2.162164229805411952e-02 9.997657850877501584e-01 3.730098689220540678e+02
9.999920594830588039e-01 3.931140618712625039e-03 1.334376488406605272e-03 -3.432607838250671395e-01 -3.899782072360152667e-03 9.997345749067265697e-01 -2.273995945995273271e-02 -1.150669944343356477e+01 -1.423273553295552026e-03 2.273458722324348674e-02 9.997407706076514300e-01 3.746191945021848255e+02
9.999894597209544322e-01 4.262151684768174936e-03 2.066981233009795339e-03 -3.463825409556119395e-01 -4.213241172572442829e-03 9.997246695390106241e-01 -2.311643006924358340e-02 -1.157368706599631203e+01 -2.164794377159330943e-03 2.310748907302643748e-02 9.997308931813911892e-01 3.762284382310272122e+02
9.999874995402469047e-01 4.740764177588815791e-03 1.972543902955692201e-03 -3.487377370478524918e-01 -4.694107459908354769e-03 9.997246887804634996e-01 -2.302281033938718274e-02 -1.164251225247083354e+01 -2.081003045776314269e-03 2.301327489478929150e-02 9.997332486748529146e-01 3.778288603443774036e+02
9.999779201701123332e-01 6.125420149971881612e-03 2.830688534910589388e-03 -3.508694618452546932e-01 -6.058582697356008732e-03 9.997167927619567962e-01 -2.304715304753140320e-02 -1.170961924260701537e+01 -2.970916108807939750e-03 2.302951039052784921e-02 9.997306282451364767e-01 3.794318250185924626e+02
9.999746874019102005e-01 6.782156986316462653e-03 2.451137568542223651e-03 -3.586546790164774623e-01 -6.725332182968602607e-03 9.997251190609102167e-01 -2.249448075812048378e-02 -1.177020270265909474e+01 -2.602880871730947534e-03 2.247744415589725958e-02 9.997442232300371989e-01 3.810294308428508998e+02
9.999656717617465551e-01 7.835329623273760979e-03 2.941132462168020816e-03 -3.563167147340505769e-01 -7.765357271477159838e-03 9.997038765952719341e-01 -2.309574930232437262e-02 -1.183955180545223840e+01 -3.121074873287208330e-03 2.307213702526524773e-02 9.997291957812993735e-01 3.826274843516645774e+02
9.999532935501217468e-01 9.049346203027858193e-03 3.592977196782133793e-03 -3.604700641970451369e-01 -8.960585672891270559e-03 9.996726117848051540e-01 -2.399866088447724297e-02 -1.191554730292645026e+01 -3.808821238288280162e-03 2.396536438765067487e-02 9.997058001301688535e-01 3.842321427236787486e+02
9.999476526865733739e-01 9.563234824685426169e-03 3.824985581670777880e-03 -3.542901928731444494e-01 -9.467066290169225129e-03 9.996577752568532871e-01 -2.441863897603705619e-02 -1.199865630426367602e+01 -4.057046944052587756e-03 2.438116971957472734e-02 9.996947698970509721e-01 3.858623157791888048e+02
9.999332622350040056e-01 1.067581688651792447e-02 4.570963342526565207e-03 -3.573588232196319159e-01 -1.056372303283012112e-02 9.996597044069224225e-01 -2.388409047554284487e-02 -1.206769885436949785e+01 -4.824239024803785025e-03 2.383423180915505979e-02 9.997045538091252626e-01 3.874716680690622752e+02
9.999255438765143333e-01 1.139182119042983499e-02 4.531845615823160318e-03 -3.620967010038796396e-01 -1.128118449632835134e-02 9.996554216043477270e-01 -2.373484236589550045e-02 -1.213924588614240996e+01 -4.800514831170516611e-03 2.368197517886022618e-02 9.997082913834822726e-01 3.890892321137122849e+02
9.999045657870296866e-01 1.303428323585070769e-02 4.730455503260442597e-03 -3.621621486275687363e-01 -1.291790390830427522e-02 9.996327936204130182e-01 -2.385332919324889209e-02 -1.220756667734901058e+01 -5.039477284460972678e-03 2.378996901002178657e-02 9.997045513220335078e-01 3.906928032475547639e+02
9.999002942561246998e-01 1.302072895313346156e-02 5.592442727489133590e-03 -3.599863323023722028e-01 -1.288522313792922480e-02 9.996387402542769030e-01 -2.362071401617581515e-02 -1.227665416990711478e+01 -5.897827152791821313e-03 2.354632196869588939e-02 9.997056248016134017e-01 3.923171374284155490e+02
