0.014533
0.061865
0.05939
0.060526
0.058106
0.057915
0.057363
0.067107
0.064513
0.068189
0.067735
0.062928
0.068974
0.067879
0.068314
0.067626
0.066795
0.065701
0.065122
0.071273
0.071116
0.068204
0.069255
0.064587
0.066637
0.064734
0.071172
0.067202
0.067533
0.063287
0.065881
0.065979
0.065463
0.063196
0.061815
0.063403
0.066889
0.068199
0.06743
0.067201
0.064302
0.07628
0.067293
0.069703
0.066604
0.062572
0.06502
0.062019
0.059864
0.05962
0.063627
0.061359
0.05985
0.059621
0.056225
0.057797
0.056533
0.055322
0.054515
0.055211
0.05468
0.054396
0.05557
0.052535
0.053405
0.052943
0.058254
0.054533
0.05593
0.053737
0.05628
0.054784
0.058126
0.061096
0.058262
0.056162
0.057706
0.057701
0.066507
0.062135
0.062784
0.060807
0.062426
0.061273
0.063137
0.06154
0.062382
0.060635
0.059721
0.059289
0.062948
0.061904
0.062766
0.06163
0.05913
0.058034
0.056997
0.058763
0.058874
0.057069
0.056749
0.058157
0.055958
0.060952
0.06043
0.057847
0.059957
0.058422
0.05866
0.057551
0.058672
0.056964
0.057369
0.055339
0.056808
0.058389
0.057061
0.064652
0.060245
0.058206
0.058108
0.05494
0.054206
0.052559
0.051995
0.051683
0.049908
0.047522
0.049663
0.049432
0.050094
0.052121
0.051818
0.063443
0.053175
0.054001
0.056917
0.050336
0.051959
0.051887
0.055537
0.053657
0.055306
0.055634
0.058313
0.068031
0.062839
0.061653
0.062365
0.063359
0.064062
0.059799
0.058752
0.058708
0.061705
0.059566
0.060935
0.06046
0.057846
0.057434
0.059043
0.060854
0.057461
0.066233
0.063113
0.059645
0.060301
0.061607
0.059531
0.060993
0.060377
0.064888
0.060064
0.058415
0.058084
0.059504
0.056762
0.064443
0.059127
0.059364
0.056231
0.063725
0.060167
0.059709
0.057415
0.056955
0.056144
0.056858
0.055058
0.060564
0.057353
0.057955
0.057227
0.059703
0.057143
0.059008
0.070442
0.062329
0.065421
0.064016
0.067208
0.063862
0.064013
0.06239
0.06632
0.065193
0.066008
0.06444
0.074269
0.07232
0.067781
0.066889
0.064832
0.066334
0.061984
0.068949
0.065015
0.063714
0.065381
0.07066
0.078848
0.073095
0.071264
0.068022
0.067199
0.065851
0.066631
0.067419
0.068151
0.074743
0.068597
0.081135
0.075176
0.072813
0.072418
0.069296
0.06932
0.068281
0.071087
0.071691
0.071843
0.073107
0.069514
0.072133
0.082321
0.075046
0.074751
0.074543
0.077396
0.072234
0.071409
0.072549
0.071129
0.07446
0.069023
0.071545
0.071767
0.069713
0.076142
0.072061
0.069334
0.068465
0.066868
0.066091
0.064188
0.073004
0.066535
0.069984
0.067223
0.063566
0.063356
