0.0000 -0.0000 -0.0000 0.0000 0.0000 -0.0000 0.0000 1.0000
0.1045 -0.0140 -0.0282 1.1990 0.0001 -0.0003 -0.0004 1.0000
0.2078 -0.0279 -0.0561 2.3842 0.0001 -0.0007 -0.0007 1.0000
0.3116 -0.0418 -0.0841 3.5756 0.0002 -0.0010 -0.0011 1.0000
0.4155 -0.0557 -0.1121 4.7673 0.0003 -0.0014 -0.0014 1.0000
0.5196 -0.0697 -0.1402 5.9623 0.0003 -0.0017 -0.0018 1.0000
0.6234 -0.0836 -0.1682 7.1528 0.0004 -0.0020 -0.0021 1.0000
0.7273 -0.0976 -0.1963 8.3454 0.0005 -0.0024 -0.0025 1.0000
0.8312 -0.1115 -0.2243 9.5368 0.0005 -0.0027 -0.0029 1.0000
0.9350 -0.1254 -0.2523 10.7283 0.0006 -0.0031 -0.0032 1.0000
1.0389 -0.1394 -0.2804 11.9198 0.0007 -0.0034 -0.0036 1.0000
1.1428 -0.1533 -0.3084 13.1119 0.0007 -0.0038 -0.0039 1.0000
1.2466 -0.1671 -0.3363 14.3035 0.0008 -0.0041 -0.0042 1.0000
1.3506 -0.1818 -0.3654 15.4966 0.0009 -0.0046 -0.0051 1.0000
1.4544 -0.1951 -0.3924 16.6876 0.0009 -0.0048 -0.0050 1.0000
1.5583 -0.2082 -0.4192 17.8810 0.0008 -0.0051 -0.0047 1.0000
1.6622 -0.2221 -0.4451 19.0766 0.0005 -0.0053 -0.0045 1.0000
1.7661 -0.2373 -0.4715 20.2702 0.0010 -0.0057 -0.0046 1.0000
1.8701 -0.2532 -0.4978 21.4647 0.0015 -0.0059 -0.0045 1.0000
1.9739 -0.2708 -0.5247 22.6588 0.0012 -0.0063 -0.0048 1.0000
2.0779 -0.2888 -0.5527 23.8530 0.0012 -0.0067 -0.0049 1.0000
2.1818 -0.3071 -0.5812 25.0468 0.0016 -0.0071 -0.0049 1.0000
2.2857 -0.3274 -0.6070 26.2431 0.0014 -0.0075 -0.0051 1.0000
2.3896 -0.3472 -0.6329 27.4417 0.0003 -0.0079 -0.0046 1.0000
2.4935 -0.3678 -0.6566 28.6371 0.0002 -0.0084 -0.0043 1.0000
2.5974 -0.3892 -0.6824 29.8283 0.0009 -0.0088 -0.0040 1.0000
2.7014 -0.4113 -0.7087 31.0279 0.0013 -0.0093 -0.0037 0.9999
2.8061 -0.4357 -0.7356 32.2319 0.0013 -0.0096 -0.0039 0.9999
2.9093 -0.4597 -0.7633 33.4202 0.0010 -0.0100 -0.0037 0.9999
3.0131 -0.4847 -0.7916 34.6148 0.0009 -0.0103 -0.0036 0.9999
3.1171 -0.5098 -0.8183 35.8126 0.0008 -0.0105 -0.0032 0.9999
3.2210 -0.5367 -0.8458 37.0093 0.0008 -0.0108 -0.0032 0.9999
3.3250 -0.5627 -0.8735 38.2069 0.0006 -0.0109 -0.0028 0.9999
3.4290 -0.5905 -0.9001 39.4055 -0.0000 -0.0109 -0.0029 0.9999
3.5331 -0.6182 -0.9269 40.6024 -0.0005 -0.0108 -0.0031 0.9999
3.6369 -0.6466 -0.9531 41.7987 -0.0003 -0.0108 -0.0035 0.9999
3.7409 -0.6757 -0.9776 42.9959 -0.0002 -0.0107 -0.0039 0.9999
3.8449 -0.7080 -1.0004 44.1956 -0.0010 -0.0105 -0.0054 0.9999
3.9489 -0.7359 -1.0204 45.3956 -0.0025 -0.0097 -0.0055 0.9999
4.0527 -0.7617 -1.0374 46.5961 -0.0039 -0.0088 -0.0058 0.9999
4.1567 -0.7844 -1.0512 47.8015 -0.0055 -0.0079 -0.0059 0.9999
4.2607 -0.8050 -1.0641 49.0045 -0.0066 -0.0073 -0.0058 0.9999
4.3646 -0.8220 -1.0739 50.2035 -0.0057 -0.0066 -0.0049 0.9999
4.4686 -0.8403 -1.0853 51.4046 -0.0046 -0.0060 -0.0052 1.0000
4.5726 -0.8595 -1.0983 52.6058 -0.0045 -0.0056 -0.0057 1.0000
4.6765 -0.8754 -1.1126 53.8113 -0.0043 -0.0056 -0.0053 1.0000
4.7804 -0.8929 -1.1279 55.0152 -0.0039 -0.0060 -0.0049 1.0000
4.8842 -0.9119 -1.1432 56.2203 -0.0039 -0.0067 -0.0050 1.0000
4.9881 -0.9332 -1.1607 57.4278 -0.0046 -0.0075 -0.0050 0.9999
5.0920 -0.9562 -1.1757 58.6326 -0.0048 -0.0080 -0.0050 0.9999
5.1960 -0.9814 -1.1903 59.8386 -0.0047 -0.0084 -0.0055 0.9999
5.2999 -1.0067 -1.2056 61.0421 -0.0046 -0.0088 -0.0057 0.9999
5.4037 -1.0311 -1.2213 62.2456 -0.0044 -0.0088 -0.0054 0.9999
5.5078 -1.0539 -1.2375 63.4475 -0.0039 -0.0089 -0.0047 0.9999
5.6116 -1.0785 -1.2517 64.6475 -0.0043 -0.0091 -0.0045 0.9999
5.7155 -1.1032 -1.2671 65.8504 -0.0054 -0.0092 -0.0045 0.9999
5.8195 -1.1295 -1.2811 67.0476 -0.0047 -0.0094 -0.0047 0.9999
5.9234 -1.1577 -1.2939 68.2411 -0.0039 -0.0094 -0.0055 0.9999
6.0274 -1.1869 -1.3094 69.4353 -0.0039 -0.0095 -0.0066 0.9999
6.1313 -1.2153 -1.3247 70.6262 -0.0040 -0.0094 -0.0075 0.9999
6.2352 -1.2432 -1.3395 71.8160 -0.0043 -0.0093 -0.0083 0.9999
6.3391 -1.2686 -1.3557 73.0022 -0.0047 -0.0089 -0.0085 0.9999
6.4431 -1.2928 -1.3715 74.1875 -0.0050 -0.0078 -0.0093 0.9999
6.5471 -1.3103 -1.3901 75.3655 -0.0047 -0.0065 -0.0090 0.9999
6.6511 -1.3201 -1.4075 76.5408 -0.0019 -0.0053 -0.0073 1.0000
6.7551 -1.3309 -1.4271 77.7163 -0.0011 -0.0041 -0.0076 1.0000
6.8591 -1.3379 -1.4488 78.8946 -0.0030 -0.0027 -0.0072 1.0000
6.9631 -1.3409 -1.4685 80.0684 -0.0040 -0.0010 -0.0073 1.0000
7.0671 -1.3423 -1.4858 81.2345 -0.0029 0.0010 -0.0075 1.0000
7.1711 -1.3357 -1.5061 82.3991 -0.0016 0.0027 -0.0071 1.0000
7.2751 -1.3239 -1.5303 83.5580 0.0003 0.0044 -0.0064 1.0000
7.3791 -1.3093 -1.5555 84.7175 0.0009 0.0061 -0.0059 1.0000
7.4831 -1.2930 -1.5806 85.8770 -0.0001 0.0079 -0.0058 1.0000
7.5871 -1.2731 -1.6051 87.0311 -0.0005 0.0098 -0.0064 0.9999
7.6911 -1.2471 -1.6307 88.1838 0.0006 0.0116 -0.0062 0.9999
7.7951 -1.2167 -1.6562 89.3334 0.0019 0.0133 -0.0060 0.9999
7.8991 -1.1827 -1.6832 90.4834 0.0021 0.0149 -0.0061 0.9999
8.0031 -1.1441 -1.7104 91.6366 0.0015 0.0164 -0.0054 0.9999
8.1071 -1.1018 -1.7361 92.7913 0.0008 0.0178 -0.0050 0.9998
8.2111 -1.0560 -1.7607 93.9471 -0.0001 0.0191 -0.0046 0.9998
8.3151 -1.0061 -1.7851 95.1026 -0.0007 0.0203 -0.0041 0.9998
8.4191 -0.9540 -1.8095 96.2554 0.0004 0.0215 -0.0034 0.9998
8.5231 -0.8975 -1.8349 97.4132 0.0022 0.0226 -0.0027 0.9997
8.6271 -0.8410 -1.8619 98.5722 0.0038 0.0236 -0.0028 0.9997
8.7311 -0.7820 -1.8916 99.7397 0.0043 0.0244 -0.0028 0.9997
8.8351 -0.7234 -1.9225 100.9141 0.0040 0.0247 -0.0029 0.9997
8.9391 -0.6655 -1.9530 102.0947 0.0029 0.0244 -0.0030 0.9997
9.0431 -0.6077 -1.9831 103.2788 0.0021 0.0237 -0.0027 0.9997
9.1471 -0.5506 -2.0129 104.4700 0.0018 0.0227 -0.0028 0.9997
9.2511 -0.4977 -2.0411 105.6679 0.0015 0.0214 -0.0029 0.9998
9.3550 -0.4483 -2.0697 106.8672 0.0015 0.0199 -0.0032 0.9998
9.4590 -0.4054 -2.0983 108.0719 0.0017 0.0180 -0.0039 0.9998
9.5630 -0.3651 -2.1270 109.2786 0.0016 0.0161 -0.0040 0.9999
9.6669 -0.3291 -2.1569 110.4916 0.0010 0.0140 -0.0043 0.9999
9.7709 -0.2985 -2.1857 111.7073 0.0006 0.0119 -0.0044 0.9999
9.8748 -0.2727 -2.2134 112.9237 0.0002 0.0096 -0.0045 0.9999
9.9788 -0.2538 -2.2401 114.1425 0.0001 0.0073 -0.0047 1.0000
10.0828 -0.2416 -2.2678 115.3628 0.0001 0.0048 -0.0051 1.0000
10.1866 -0.2341 -2.2968 116.5860 0.0003 0.0023 -0.0053 1.0000
10.2906 -0.2326 -2.3276 117.8116 0.0005 -0.0000 -0.0058 1.0000
10.3946 -0.2373 -2.3580 119.0399 0.0007 -0.0019 -0.0067 1.0000
10.4986 -0.2464 -2.3881 120.2714 0.0006 -0.0029 -0.0079 1.0000
10.6026 -0.2562 -2.4174 121.5013 0.0007 -0.0034 -0.0084 1.0000
10.7067 -0.2697 -2.4446 122.7424 0.0005 -0.0039 -0.0094 0.9999
10.8108 -0.2836 -2.4715 123.9829 -0.0001 -0.0045 -0.0101 0.9999
10.9147 -0.2970 -2.4989 125.2241 -0.0000 -0.0048 -0.0101 0.9999
11.0188 -0.3168 -2.5216 126.4702 -0.0009 -0.0053 -0.0118 0.9999
11.1227 -0.3361 -2.5433 127.7202 -0.0023 -0.0056 -0.0126 0.9999
11.2267 -0.3532 -2.5613 128.9699 -0.0026 -0.0060 -0.0121 0.9999
11.3308 -0.3704 -2.5781 130.2201 -0.0016 -0.0062 -0.0119 0.9999
11.4346 -0.3845 -2.5962 131.4756 -0.0020 -0.0066 -0.0106 0.9999
11.5386 -0.3976 -2.6148 132.7335 -0.0030 -0.0071 -0.0094 0.9999
11.6426 -0.4134 -2.6314 133.9959 -0.0039 -0.0073 -0.0080 0.9999
11.7466 -0.4299 -2.6461 135.2593 -0.0048 -0.0074 -0.0071 0.9999
11.8506 -0.4439 -2.6601 136.5226 -0.0039 -0.0074 -0.0049 1.0000
11.9546 -0.4571 -2.6760 137.7895 -0.0030 -0.0074 -0.0036 1.0000
12.0585 -0.4721 -2.6932 139.0568 -0.0030 -0.0073 -0.0028 1.0000
12.1625 -0.4908 -2.7113 140.3306 -0.0032 -0.0072 -0.0028 1.0000
12.2665 -0.5100 -2.7281 141.6060 -0.0041 -0.0068 -0.0030 1.0000
12.3704 -0.5317 -2.7441 142.8802 -0.0050 -0.0065 -0.0043 1.0000
12.4744 -0.5501 -2.7595 144.1530 -0.0046 -0.0062 -0.0043 1.0000
12.5784 -0.5681 -2.7754 145.4241 -0.0033 -0.0060 -0.0045 1.0000
12.6822 -0.5862 -2.7948 146.6940 -0.0022 -0.0058 -0.0045 1.0000
12.7863 -0.6016 -2.8189 147.9611 -0.0002 -0.0056 -0.0039 1.0000
12.8902 -0.6184 -2.8445 149.2270 0.0016 -0.0054 -0.0040 1.0000
12.9941 -0.6344 -2.8751 150.4924 0.0021 -0.0053 -0.0038 1.0000
13.0981 -0.6493 -2.9088 151.7562 0.0019 -0.0053 -0.0037 1.0000
13.2021 -0.6669 -2.9397 153.0248 0.0018 -0.0053 -0.0041 1.0000
13.3060 -0.6842 -2.9699 154.2883 0.0012 -0.0054 -0.0045 1.0000
13.4100 -0.7035 -2.9976 155.5533 0.0009 -0.0056 -0.0047 1.0000
13.5140 -0.7212 -3.0249 156.8169 0.0010 -0.0058 -0.0048 1.0000
13.6179 -0.7401 -3.0517 158.0778 0.0009 -0.0062 -0.0050 1.0000
13.7219 -0.7581 -3.0793 159.3422 0.0004 -0.0065 -0.0047 1.0000
13.8257 -0.7785 -3.1073 160.6037 0.0002 -0.0068 -0.0052 1.0000
13.9298 -0.7990 -3.1353 161.8641 0.0007 -0.0071 -0.0053 1.0000
14.0337 -0.8210 -3.1623 163.1262 0.0012 -0.0075 -0.0055 1.0000
14.1378 -0.8448 -3.1912 164.3903 0.0012 -0.0079 -0.0059 1.0000
14.2416 -0.8676 -3.2218 165.6519 0.0016 -0.0082 -0.0058 0.9999
14.3456 -0.8916 -3.2523 166.9143 0.0022 -0.0086 -0.0059 0.9999
14.4497 -0.9159 -3.2827 168.1765 0.0021 -0.0089 -0.0060 0.9999
14.5536 -0.9418 -3.3140 169.4414 0.0014 -0.0093 -0.0062 0.9999
14.6575 -0.9683 -3.3446 170.7047 0.0011 -0.0096 -0.0062 0.9999
14.7615 -0.9958 -3.3738 171.9707 0.0010 -0.0099 -0.0064 0.9999
14.8654 -1.0243 -3.4024 173.2343 0.0008 -0.0103 -0.0066 0.9999
14.9694 -1.0536 -3.4319 174.4983 0.0012 -0.0106 -0.0067 0.9999
15.0732 -1.0832 -3.4612 175.7590 0.0015 -0.0108 -0.0072 0.9999
15.1773 -1.1120 -3.4919 177.0264 0.0013 -0.0110 -0.0073 0.9999
15.2813 -1.1409 -3.5235 178.2891 0.0017 -0.0112 -0.0073 0.9999
15.3851 -1.1675 -3.5554 179.5492 0.0027 -0.0112 -0.0067 0.9999
15.4891 -1.1934 -3.5871 180.8107 0.0025 -0.0114 -0.0052 0.9999
15.5931 -1.2209 -3.6172 182.0722 0.0009 -0.0115 -0.0051 0.9999
15.6970 -1.2498 -3.6447 183.3367 -0.0017 -0.0116 -0.0050 0.9999
15.8010 -1.2803 -3.6691 184.5934 -0.0013 -0.0117 -0.0052 0.9999
15.9050 -1.3119 -3.6942 185.8431 0.0002 -0.0116 -0.0060 0.9999
16.0090 -1.3428 -3.7224 187.0923 0.0013 -0.0117 -0.0062 0.9999
16.1129 -1.3715 -3.7527 188.3388 0.0013 -0.0118 -0.0060 0.9999
16.2169 -1.4009 -3.7819 189.5856 0.0005 -0.0118 -0.0060 0.9999
16.3209 -1.4299 -3.8110 190.8308 -0.0005 -0.0117 -0.0060 0.9999
16.4249 -1.4569 -3.8398 192.0697 -0.0010 -0.0114 -0.0057 0.9999
16.5289 -1.4823 -3.8689 193.3035 -0.0008 -0.0107 -0.0057 0.9999
16.6329 -1.5044 -3.8976 194.5344 0.0001 -0.0100 -0.0050 0.9999
16.7368 -1.5254 -3.9293 195.7610 0.0008 -0.0094 -0.0050 0.9999
16.8408 -1.5433 -3.9621 196.9816 0.0012 -0.0087 -0.0046 1.0000
16.9448 -1.5613 -3.9945 198.1987 0.0008 -0.0081 -0.0046 1.0000
17.0488 -1.5773 -4.0254 199.4115 -0.0003 -0.0074 -0.0045 1.0000
17.1528 -1.5932 -4.0557 200.6192 -0.0005 -0.0068 -0.0048 1.0000
17.2568 -1.6071 -4.0845 201.8207 -0.0004 -0.0063 -0.0047 1.0000
17.3607 -1.6196 -4.1126 203.0155 -0.0005 -0.0058 -0.0049 1.0000
17.4648 -1.6299 -4.1422 204.2033 -0.0007 -0.0052 -0.0050 1.0000
17.5688 -1.6397 -4.1690 205.3821 -0.0006 -0.0048 -0.0050 1.0000
17.6728 -1.6491 -4.1962 206.5525 -0.0006 -0.0044 -0.0051 1.0000
17.7768 -1.6560 -4.2235 207.7094 -0.0007 -0.0041 -0.0045 1.0000
17.8806 -1.6632 -4.2502 208.8522 -0.0010 -0.0040 -0.0044 1.0000
17.9846 -1.6705 -4.2770 209.9818 -0.0017 -0.0041 -0.0041 1.0000
18.0886 -1.6809 -4.3018 211.0937 -0.0017 -0.0045 -0.0043 1.0000
18.1926 -1.6926 -4.3269 212.1907 -0.0012 -0.0047 -0.0044 1.0000
18.2966 -1.7054 -4.3516 213.2749 -0.0007 -0.0049 -0.0046 1.0000
18.4006 -1.7177 -4.3768 214.3453 -0.0006 -0.0052 -0.0045 1.0000
18.5046 -1.7306 -4.4021 215.4046 -0.0007 -0.0057 -0.0043 1.0000
18.6085 -1.7442 -4.4269 216.4482 -0.0011 -0.0065 -0.0041 1.0000
18.7125 -1.7581 -4.4505 217.4854 -0.0018 -0.0075 -0.0035 1.0000
18.8165 -1.7760 -4.4725 218.5077 -0.0029 -0.0086 -0.0036 1.0000
18.9205 -1.7965 -4.4942 219.5114 -0.0029 -0.0097 -0.0037 0.9999
19.0246 -1.8202 -4.5131 220.4950 -0.0026 -0.0111 -0.0039 0.9999
19.1286 -1.8445 -4.5325 221.4612 -0.0026 -0.0124 -0.0040 0.9999
19.2326 -1.8716 -4.5533 222.4026 -0.0030 -0.0139 -0.0042 0.9999
19.3365 -1.9005 -4.5743 223.3228 -0.0029 -0.0154 -0.0044 0.9999
19.4405 -1.9311 -4.5942 224.2192 -0.0026 -0.0169 -0.0044 0.9998
19.5446 -1.9632 -4.6139 225.0932 -0.0024 -0.0185 -0.0043 0.9998
19.6486 -1.9993 -4.6343 225.9462 -0.0023 -0.0201 -0.0049 0.9998
19.7526 -2.0361 -4.6555 226.7758 -0.0018 -0.0216 -0.0050 0.9998
19.8566 -2.0761 -4.6741 227.5885 -0.0019 -0.0228 -0.0060 0.9997
19.9608 -2.1140 -4.6923 228.3820 -0.0020 -0.0232 -0.0064 0.9997
20.0649 -2.1494 -4.7106 229.1590 -0.0025 -0.0231 -0.0064 0.9997
20.1689 -2.1828 -4.7290 229.9166 -0.0030 -0.0228 -0.0064 0.9997
20.2730 -2.2152 -4.7466 230.6577 -0.0027 -0.0226 -0.0063 0.9997
20.3770 -2.2479 -4.7625 231.3882 -0.0017 -0.0225 -0.0066 0.9997
20.4811 -2.2788 -4.7789 232.1156 -0.0006 -0.0221 -0.0066 0.9997
20.5853 -2.3091 -4.7957 232.8383 0.0001 -0.0215 -0.0067 0.9997
20.6893 -2.3386 -4.8132 233.5600 0.0003 -0.0208 -0.0070 0.9998
20.7934 -2.3648 -4.8305 234.2776 0.0004 -0.0199 -0.0067 0.9998
20.8975 -2.3896 -4.8480 234.9915 0.0004 -0.0190 -0.0067 0.9998
21.0015 -2.4147 -4.8649 235.7021 0.0004 -0.0180 -0.0067 0.9998
21.1056 -2.4372 -4.8816 236.4085 0.0006 -0.0169 -0.0066 0.9998
21.2096 -2.4583 -4.8969 237.1116 0.0004 -0.0155 -0.0066 0.9999
21.3138 -2.4752 -4.9121 237.8114 0.0002 -0.0139 -0.0062 0.9999
21.4178 -2.4892 -4.9296 238.5076 -0.0001 -0.0124 -0.0056 0.9999
21.5219 -2.5015 -4.9476 239.1999 -0.0002 -0.0109 -0.0055 0.9999
21.6260 -2.5119 -4.9656 239.8878 -0.0000 -0.0094 -0.0053 0.9999
21.7300 -2.5203 -4.9817 240.5753 0.0002 -0.0080 -0.0052 1.0000
21.8341 -2.5282 -4.9982 241.2639 0.0007 -0.0065 -0.0057 1.0000
21.9383 -2.5344 -5.0157 241.9573 0.0010 -0.0051 -0.0056 1.0000
22.0423 -2.5383 -5.0320 242.6535 0.0005 -0.0037 -0.0057 1.0000
22.1464 -2.5434 -5.0482 243.3559 0.0002 -0.0024 -0.0059 1.0000
22.2505 -2.5456 -5.0643 244.0590 0.0003 -0.0012 -0.0058 1.0000
22.3545 -2.5469 -5.0803 244.7634 0.0009 -0.0001 -0.0057 1.0000
22.4587 -2.5466 -5.0948 245.4715 0.0022 0.0008 -0.0058 1.0000
22.5628 -2.5456 -5.1090 246.1863 0.0030 0.0013 -0.0054 1.0000
22.6668 -2.5437 -5.1261 246.9081 0.0034 0.0014 -0.0054 1.0000
22.7708 -2.5421 -5.1452 247.6359 0.0035 0.0014 -0.0050 1.0000
22.8748 -2.5419 -5.1646 248.3695 0.0036 0.0015 -0.0055 1.0000
22.9789 -2.5422 -5.1854 249.1114 0.0039 0.0017 -0.0059 1.0000
23.0829 -2.5409 -5.2060 249.8573 0.0049 0.0018 -0.0055 1.0000
23.1869 -2.5354 -5.2274 250.6100 0.0058 0.0020 -0.0036 1.0000
23.2909 -2.5293 -5.2463 251.3708 0.0063 0.0021 -0.0020 1.0000
23.3950 -2.5295 -5.2639 252.1450 0.0048 0.0024 -0.0028 1.0000
23.4990 -2.5344 -5.2830 252.9289 0.0017 0.0028 -0.0050 1.0000
23.6030 -2.5317 -5.3002 253.7160 -0.0006 0.0032 -0.0049 1.0000
23.7072 -2.5228 -5.3162 254.5107 0.0003 0.0041 -0.0041 1.0000
23.8111 -2.5169 -5.3288 255.3056 0.0035 0.0061 -0.0047 1.0000
23.9153 -2.5089 -5.3453 256.1119 0.0058 0.0081 -0.0057 0.9999
24.0193 -2.4959 -5.3644 256.9296 0.0057 0.0097 -0.0065 0.9999
24.1233 -2.4764 -5.3858 257.7578 0.0044 0.0113 -0.0058 0.9999
24.2274 -2.4519 -5.4069 258.5928 0.0029 0.0128 -0.0043 0.9999
24.3314 -2.4263 -5.4250 259.4295 0.0020 0.0141 -0.0030 0.9999
24.4355 -2.4018 -5.4453 260.2685 0.0017 0.0157 -0.0029 0.9999
24.5395 -2.3775 -5.4674 261.1028 0.0027 0.0170 -0.0040 0.9998
24.6436 -2.3479 -5.4885 261.9398 0.0039 0.0182 -0.0042 0.9998
24.7476 -2.3156 -5.5096 262.7787 0.0041 0.0195 -0.0044 0.9998
24.8518 -2.2827 -5.5333 263.6212 0.0031 0.0209 -0.0049 0.9998
24.9558 -2.2493 -5.5576 264.4631 0.0021 0.0226 -0.0056 0.9997
25.0598 -2.2117 -5.5802 265.3026 0.0021 0.0240 -0.0059 0.9997
25.1638 -2.1690 -5.6016 266.1456 0.0025 0.0253 -0.0058 0.9997
25.2678 -2.1206 -5.6228 266.9886 0.0027 0.0266 -0.0050 0.9996
25.3718 -2.0709 -5.6424 267.8345 0.0024 0.0275 -0.0035 0.9996
25.4758 -2.0202 -5.6623 268.6821 0.0024 0.0279 -0.0028 0.9996
25.5798 -1.9723 -5.6839 269.5293 0.0024 0.0282 -0.0024 0.9996
25.6838 -1.9238 -5.7059 270.3816 0.0023 0.0285 -0.0024 0.9996
25.7876 -1.8757 -5.7270 271.2341 0.0021 0.0285 -0.0024 0.9996
25.8916 -1.8295 -5.7502 272.0891 0.0018 0.0282 -0.0026 0.9996
25.9955 -1.7833 -5.7731 272.9432 0.0022 0.0276 -0.0024 0.9996
26.0995 -1.7412 -5.7938 273.7954 0.0026 0.0268 -0.0025 0.9996
26.2035 -1.7008 -5.8149 274.6511 0.0031 0.0260 -0.0029 0.9997
26.3074 -1.6607 -5.8359 275.5035 0.0031 0.0253 -0.0034 0.9997
26.4114 -1.6227 -5.8582 276.3544 0.0032 0.0245 -0.0040 0.9997
26.5153 -1.5856 -5.8797 277.2037 0.0029 0.0234 -0.0042 0.9997
26.6193 -1.5506 -5.9011 278.0516 0.0022 0.0220 -0.0042 0.9997
26.7231 -1.5179 -5.9219 278.8967 0.0011 0.0200 -0.0035 0.9998
26.8271 -1.4893 -5.9419 279.7354 0.0001 0.0176 -0.0029 0.9998
26.9311 -1.4662 -5.9608 280.5687 -0.0006 0.0152 -0.0027 0.9999
27.0351 -1.4478 -5.9780 281.3897 -0.0009 0.0129 -0.0025 0.9999
27.1391 -1.4319 -5.9944 282.2031 -0.0013 0.0106 -0.0022 0.9999
27.2433 -1.4191 -6.0108 283.0036 -0.0014 0.0082 -0.0017 1.0000
27.3473 -1.4121 -6.0267 283.7879 -0.0013 0.0062 -0.0015 1.0000
27.4514 -1.4113 -6.0402 284.5553 -0.0012 0.0042 -0.0017 1.0000
27.5554 -1.4143 -6.0540 285.3052 -0.0013 0.0023 -0.0019 1.0000
27.6594 -1.4178 -6.0692 286.0359 -0.0013 0.0004 -0.0018 1.0000
27.7634 -1.4234 -6.0851 286.7440 -0.0010 -0.0017 -0.0013 1.0000
27.8674 -1.4358 -6.1014 287.4331 -0.0002 -0.0042 -0.0019 1.0000
27.9714 -1.4544 -6.1175 288.1005 0.0007 -0.0073 -0.0027 1.0000
28.0754 -1.4776 -6.1326 288.7511 0.0016 -0.0114 -0.0032 0.9999
28.1793 -1.5064 -6.1494 289.3890 0.0021 -0.0166 -0.0031 0.9999
28.2833 -1.5456 -6.1670 290.0173 0.0022 -0.0233 -0.0034 0.9997
28.3870 -1.5972 -6.1825 290.6281 0.0018 -0.0314 -0.0038 0.9995
28.4909 -1.6650 -6.1970 291.2300 0.0014 -0.0412 -0.0052 0.9991
28.5948 -1.7424 -6.2102 291.8062 0.0015 -0.0524 -0.0061 0.9986
28.6985 -1.8345 -6.2242 292.3790 0.0016 -0.0650 -0.0068 0.9979
28.8023 -1.9430 -6.2370 292.9374 0.0014 -0.0789 -0.0076 0.9969
28.9060 -2.0680 -6.2479 293.4679 0.0009 -0.0941 -0.0083 0.9955
29.0098 -2.2095 -6.2577 293.9981 -0.0001 -0.1111 -0.0082 0.9938
29.1135 -2.3679 -6.2711 294.5121 -0.0010 -0.1293 -0.0083 0.9916
29.2173 -2.5434 -6.2853 294.9879 -0.0022 -0.1484 -0.0089 0.9889
29.3210 -2.7394 -6.2976 295.4667 -0.0033 -0.1684 -0.0095 0.9857
29.4246 -2.9490 -6.3079 295.9018 -0.0044 -0.1891 -0.0098 0.9819
29.5284 -3.1785 -6.3146 296.3492 -0.0053 -0.2104 -0.0096 0.9776
29.6322 -3.4256 -6.3210 296.7828 -0.0060 -0.2327 -0.0093 0.9725
29.7358 -3.6873 -6.3282 297.1641 -0.0067 -0.2559 -0.0089 0.9666
29.8395 -3.9690 -6.3328 297.5634 -0.0075 -0.2798 -0.0082 0.9600
29.9433 -4.2686 -6.3370 297.9439 -0.0086 -0.3044 -0.0080 0.9525
30.0471 -4.5863 -6.3394 298.2617 -0.0089 -0.3294 -0.0086 0.9441
30.1509 -4.9227 -6.3452 298.5997 -0.0093 -0.3550 -0.0080 0.9348
30.2546 -5.2703 -6.3478 298.8694 -0.0108 -0.3812 -0.0069 0.9244
30.3584 -5.6356 -6.3440 299.1672 -0.0137 -0.4086 -0.0051 0.9126
30.4620 -6.0144 -6.3400 299.4337 -0.0158 -0.4367 -0.0041 0.8995
30.5658 -6.4044 -6.3323 299.6092 -0.0169 -0.4649 -0.0052 0.8852
30.6695 -6.8089 -6.3313 299.8050 -0.0171 -0.4924 -0.0086 0.8702
30.7734 -7.2164 -6.3261 299.9751 -0.0171 -0.5195 -0.0110 0.8542
30.8771 -7.6201 -6.3156 300.0619 -0.0173 -0.5462 -0.0119 0.8374
30.9809 -8.0272 -6.3046 300.1811 -0.0182 -0.5720 -0.0122 0.8200
31.0848 -8.4362 -6.2923 300.2200 -0.0200 -0.5970 -0.0127 0.8019
31.1886 -8.8498 -6.2829 300.2873 -0.0216 -0.6213 -0.0136 0.7832
31.2924 -9.2703 -6.2712 300.3291 -0.0234 -0.6457 -0.0140 0.7631
31.3963 -9.6962 -6.2570 300.2840 -0.0243 -0.6699 -0.0155 0.7419
31.5002 -10.1360 -6.2425 300.2712 -0.0263 -0.6936 -0.0170 0.7197
31.6039 -10.5813 -6.2243 300.2293 0.0286 0.7169 0.0191 -0.6963
31.7078 -11.0311 -6.1995 300.0970 0.0311 0.7399 0.0211 -0.6717
31.8117 -11.4879 -6.1783 299.9941 0.0332 0.7620 0.0233 -0.6464
31.9155 -11.9432 -6.1502 299.7982 0.0357 0.7831 0.0248 -0.6204
32.0194 -12.4029 -6.1235 299.6328 0.0378 0.8032 0.0256 -0.5939
32.1233 -12.8598 -6.0948 299.4338 0.0391 0.8221 0.0259 -0.5674
32.2273 -13.3109 -6.0638 299.1429 0.0398 0.8399 0.0255 -0.5406
32.3313 -13.7634 -6.0284 298.8742 0.0401 0.8563 0.0252 -0.5143
32.4354 -14.2125 -5.9898 298.5219 0.0403 0.8713 0.0249 -0.4884
32.5395 -14.6631 -5.9501 298.1811 0.0405 0.8846 0.0249 -0.4640
32.6438 -15.1162 -5.9135 297.8016 0.0408 0.8961 0.0256 -0.4413
32.7480 -15.5692 -5.8720 297.3601 0.0425 0.9064 0.0260 -0.4195
32.8522 -16.0243 -5.8309 296.9179 0.0464 0.9164 0.0260 -0.3967
32.9564 -16.4706 -5.7835 296.4013 0.0494 0.9260 0.0266 -0.3733
33.0605 -16.9039 -5.7377 295.8766 0.0507 0.9348 0.0268 -0.3504
33.1648 -17.3224 -5.6924 295.2843 0.0495 0.9430 0.0257 -0.3281
33.2690 -17.7292 -5.6455 294.6844 0.0489 0.9503 0.0236 -0.3066
33.3731 -18.1234 -5.5963 294.0467 0.0471 0.9569 0.0216 -0.2857
33.4774 -18.5053 -5.5508 293.3496 0.0464 0.9629 0.0196 -0.2652
33.5816 -18.8720 -5.5094 292.6362 0.0455 0.9682 0.0197 -0.2450
33.6858 -19.2138 -5.4729 291.8625 0.0440 0.9733 0.0198 -0.2244
33.7900 -19.5385 -5.4355 291.0794 0.0439 0.9778 0.0192 -0.2039
33.8942 -19.8455 -5.3972 290.2408 0.0451 0.9819 0.0191 -0.1832
33.9983 -20.1292 -5.3647 289.3905 0.0472 0.9854 0.0190 -0.1627
34.1025 -20.3818 -5.3305 288.5047 0.0475 0.9884 0.0200 -0.1428
34.2067 -20.6125 -5.2961 287.5677 0.0492 0.9909 0.0204 -0.1235
34.3108 -20.8115 -5.2650 286.6208 0.0492 0.9931 0.0207 -0.1049
34.4149 -20.9774 -5.2319 285.6322 0.0487 0.9948 0.0187 -0.0874
34.5190 -21.1166 -5.1982 284.6297 0.0484 0.9962 0.0172 -0.0705
34.6233 -21.2269 -5.1696 283.5931 0.0482 0.9972 0.0173 -0.0546
34.7274 -21.3070 -5.1433 282.5205 0.0475 0.9980 0.0173 -0.0390
34.8317 -21.3587 -5.1182 281.4312 0.0471 0.9984 0.0170 -0.0245
34.9358 -21.3836 -5.0921 280.3112 0.0475 0.9987 0.0165 -0.0112
35.0400 -21.3772 -5.0686 279.1733 0.0461 0.9988 0.0173 0.0014
35.1442 -21.3456 -5.0442 278.0075 0.0454 0.9987 0.0177 0.0132
35.2484 -21.2898 -5.0215 276.8295 0.0442 0.9986 0.0174 0.0234
35.3526 -21.2092 -5.0014 275.6388 0.0419 0.9985 0.0161 0.0317
35.4569 -21.1119 -4.9832 274.4313 0.0395 0.9984 0.0155 0.0380
35.5613 -21.0019 -4.9654 273.2075 0.0372 0.9983 0.0162 0.0420
35.6655 -20.8862 -4.9469 271.9630 0.0354 0.9983 0.0171 0.0439
35.7698 -20.7768 -4.9275 270.7050 0.0345 0.9983 0.0163 0.0441
35.8742 -20.6659 -4.9061 269.4279 0.0334 0.9984 0.0156 0.0431
35.9783 -20.5552 -4.8834 268.1360 0.0330 0.9984 0.0161 0.0419
36.0825 -20.4476 -4.8618 266.8306 0.0325 0.9985 0.0165 0.0406
36.1867 -20.3459 -4.8385 265.5097 0.0323 0.9986 0.0169 0.0387
36.2909 -20.2497 -4.8177 264.1794 0.0314 0.9987 0.0177 0.0361
36.3950 -20.1563 -4.7995 262.8481 0.0312 0.9988 0.0188 0.0333
36.4992 -20.0709 -4.7803 261.5173 0.0308 0.9989 0.0197 0.0307
36.6031 -19.9933 -4.7605 260.1902 0.0307 0.9989 0.0198 0.0282
36.7073 -19.9213 -4.7386 258.8499 0.0301 0.9990 0.0195 0.0256
36.8113 -19.8553 -4.7180 257.5113 0.0292 0.9991 0.0191 0.0228
36.9153 -19.7968 -4.6963 256.1702 0.0288 0.9992 0.0188 0.0201
37.0193 -19.7459 -4.6737 254.8239 0.0285 0.9992 0.0200 0.0175
37.1233 -19.7034 -4.6484 253.4746 0.0287 0.9992 0.0217 0.0151
37.2273 -19.6682 -4.6186 252.1232 0.0291 0.9993 0.0217 0.0128
37.3312 -19.6393 -4.5868 250.7731 0.0297 0.9993 0.0213 0.0109
37.4352 -19.6137 -4.5564 249.4162 0.0298 0.9993 0.0210 0.0094
37.5390 -19.5903 -4.5292 248.0644 0.0299 0.9993 0.0194 0.0081
37.6429 -19.5693 -4.5014 246.7060 0.0297 0.9994 0.0181 0.0069
37.7468 -19.5513 -4.4738 245.3382 0.0292 0.9994 0.0193 0.0057
37.8505 -19.5380 -4.4450 243.9698 0.0297 0.9993 0.0205 0.0048
37.9544 -19.5267 -4.4113 242.5957 0.0298 0.9993 0.0203 0.0043
38.0581 -19.5138 -4.3783 241.2224 0.0304 0.9993 0.0205 0.0042
38.1620 -19.5032 -4.3461 239.8385 0.0305 0.9993 0.0205 0.0044
38.2658 -19.4932 -4.3170 238.4577 0.0314 0.9993 0.0198 0.0045
38.3695 -19.4810 -4.2864 237.0732 0.0321 0.9993 0.0189 0.0049
38.4733 -19.4667 -4.2557 235.6839 0.0329 0.9993 0.0191 0.0054
38.5770 -19.4501 -4.2238 234.2911 0.0332 0.9992 0.0208 0.0059
38.6808 -19.4304 -4.1867 232.8928 0.0326 0.9992 0.0213 0.0065
38.7846 -19.4066 -4.1529 231.4922 0.0320 0.9992 0.0216 0.0069
38.8884 -19.3813 -4.1211 230.0914 0.0310 0.9993 0.0215 0.0073
38.9922 -19.3556 -4.0914 228.6877 0.0303 0.9993 0.0212 0.0076
39.0959 -19.3324 -4.0611 227.2832 0.0304 0.9993 0.0206 0.0077
39.1996 -19.3094 -4.0312 225.8709 0.0304 0.9993 0.0196 0.0078
39.3034 -19.2882 -4.0034 224.4541 0.0309 0.9993 0.0200 0.0078
39.4073 -19.2653 -3.9752 223.0339 0.0308 0.9993 0.0205 0.0080
39.5110 -19.2410 -3.9456 221.6106 0.0309 0.9993 0.0208 0.0080
39.6148 -19.2149 -3.9158 220.1863 0.0303 0.9993 0.0212 0.0080
39.7185 -19.1907 -3.8845 218.7565 0.0307 0.9993 0.0213 0.0079
39.8222 -19.1647 -3.8519 217.3282 0.0305 0.9993 0.0205 0.0080
39.9259 -19.1405 -3.8167 215.8915 0.0313 0.9993 0.0210 0.0080
40.0297 -19.1149 -3.7838 214.4523 0.0315 0.9992 0.0218 0.0080
40.1334 -19.0840 -3.7445 213.0109 0.0316 0.9992 0.0215 0.0081
40.2370 -19.0532 -3.7067 211.5703 0.0319 0.9993 0.0202 0.0081
40.3408 -19.0221 -3.6702 210.1235 0.0320 0.9993 0.0200 0.0080
40.4445 -18.9904 -3.6342 208.6722 0.0317 0.9993 0.0206 0.0080
40.5483 -18.9602 -3.5967 207.2186 0.0318 0.9993 0.0195 0.0080
40.6520 -18.9279 -3.5592 205.7582 0.0313 0.9993 0.0200 0.0081
40.7558 -18.8961 -3.5248 204.2948 0.0307 0.9993 0.0213 0.0080
40.8595 -18.8648 -3.4876 202.8318 0.0306 0.9993 0.0212 0.0080
40.9633 -18.8371 -3.4530 201.3684 0.0311 0.9993 0.0211 0.0080
41.0670 -18.8090 -3.4192 199.9091 0.0313 0.9993 0.0206 0.0080
41.1708 -18.7808 -3.3848 198.4404 0.0315 0.9992 0.0217 0.0078
41.2745 -18.7519 -3.3506 196.9762 0.0312 0.9992 0.0231 0.0074
41.3783 -18.7236 -3.3139 195.5153 0.0307 0.9992 0.0233 0.0069
41.4821 -18.6972 -3.2764 194.0556 0.0303 0.9993 0.0232 0.0064
41.5859 -18.6712 -3.2415 192.6001 0.0297 0.9993 0.0235 0.0060
41.6897 -18.6480 -3.2050 191.1441 0.0298 0.9993 0.0232 0.0055
41.7935 -18.6285 -3.1706 189.6915 0.0303 0.9993 0.0227 0.0050
41.8973 -18.6104 -3.1383 188.2429 0.0306 0.9993 0.0225 0.0048
42.0010 -18.5941 -3.1077 186.7945 0.0305 0.9993 0.0229 0.0045
42.1048 -18.5769 -3.0758 185.3525 0.0304 0.9993 0.0225 0.0041
42.2085 -18.5605 -3.0442 183.9085 0.0303 0.9993 0.0230 0.0038
42.3123 -18.5460 -3.0111 182.4687 0.0302 0.9993 0.0238 0.0035
42.4160 -18.5334 -2.9773 181.0316 0.0302 0.9992 0.0242 0.0029
42.5199 -18.5231 -2.9422 179.6010 0.0302 0.9993 0.0235 0.0019
42.6237 -18.5152 -2.9083 178.1753 0.0300 0.9993 0.0230 0.0009
42.7274 -18.5107 -2.8735 176.7507 0.0303 0.9993 0.0238 -0.0001
42.8312 -18.5102 -2.8387 175.3373 0.0307 0.9992 0.0247 -0.0011
42.9349 -18.5133 -2.8032 173.9296 0.0312 0.9992 0.0243 -0.0022
43.0387 -18.5183 -2.7696 172.5375 0.0313 0.9992 0.0243 -0.0032
43.1424 -18.5267 -2.7360 171.1562 0.0314 0.9992 0.0250 -0.0042
43.2462 -18.5371 -2.7014 169.7919 0.0314 0.9992 0.0258 -0.0053
43.3499 -18.5517 -2.6669 168.4471 0.0318 0.9991 0.0265 -0.0063
43.4537 -18.5681 -2.6335 167.1265 0.0319 0.9991 0.0260 -0.0072
43.5574 -18.5870 -2.5992 165.8218 0.0323 0.9991 0.0261 -0.0080
43.6610 -18.6050 -2.5659 164.5390 0.0319 0.9991 0.0276 -0.0086
43.7648 -18.6254 -2.5336 163.2792 0.0321 0.9991 0.0276 -0.0088
43.8685 -18.6444 -2.5028 162.0471 0.0319 0.9991 0.0266 -0.0088
43.9723 -18.6621 -2.4739 160.8371 0.0315 0.9991 0.0263 -0.0088
44.0759 -18.6821 -2.4476 159.6532 0.0320 0.9991 0.0264 -0.0087
44.1797 -18.7004 -2.4222 158.4929 0.0321 0.9991 0.0264 -0.0085
44.2833 -18.7172 -2.3969 157.3598 0.0319 0.9991 0.0269 -0.0083
44.3870 -18.7334 -2.3708 156.2503 0.0321 0.9991 0.0278 -0.0080
44.4908 -18.7489 -2.3474 155.1689 0.0318 0.9991 0.0283 -0.0078
44.5945 -18.7623 -2.3226 154.1173 0.0312 0.9991 0.0278 -0.0075
44.6983 -18.7779 -2.2974 153.0881 0.0315 0.9991 0.0273 -0.0073
44.8022 -18.7924 -2.2745 152.0873 0.0317 0.9991 0.0268 -0.0070
44.9059 -18.8044 -2.2523 151.1111 0.0312 0.9991 0.0269 -0.0068
45.0098 -18.8164 -2.2302 150.1621 0.0316 0.9991 0.0274 -0.0065
45.1135 -18.8274 -2.2099 149.2397 0.0315 0.9991 0.0277 -0.0063
45.2174 -18.8377 -2.1878 148.3393 0.0317 0.9991 0.0278 -0.0061
45.3212 -18.8475 -2.1648 147.4612 0.0318 0.9991 0.0279 -0.0057
45.4250 -18.8548 -2.1442 146.5989 0.0311 0.9991 0.0277 -0.0054
45.5289 -18.8628 -2.1235 145.7538 0.0316 0.9991 0.0266 -0.0052
45.6328 -18.8738 -2.1009 144.9223 0.0331 0.9991 0.0254 -0.0051
45.7367 -18.8824 -2.0783 144.1037 0.0338 0.9991 0.0249 -0.0049
45.8405 -18.8863 -2.0594 143.3024 0.0332 0.9991 0.0251 -0.0050
45.9444 -18.8920 -2.0421 142.5198 0.0333 0.9991 0.0249 -0.0048
46.0484 -18.9013 -2.0230 141.7522 0.0344 0.9991 0.0240 -0.0047
46.1524 -18.9087 -2.0051 140.9929 0.0347 0.9991 0.0236 -0.0048
46.2563 -18.9135 -1.9894 140.2422 0.0345 0.9991 0.0240 -0.0050
46.3603 -18.9195 -1.9746 139.4994 0.0345 0.9991 0.0244 -0.0053
46.4643 -18.9268 -1.9605 138.7654 0.0349 0.9991 0.0242 -0.0055
46.5683 -18.9351 -1.9444 138.0440 0.0356 0.9991 0.0237 -0.0058
46.6723 -18.9444 -1.9282 137.3298 0.0362 0.9991 0.0232 -0.0060
46.7763 -18.9546 -1.9150 136.6214 0.0369 0.9991 0.0222 -0.0061
46.8803 -18.9643 -1.9053 135.9170 0.0371 0.9991 0.0211 -0.0063
46.9843 -18.9737 -1.8953 135.2161 0.0376 0.9991 0.0199 -0.0066
47.0883 -18.9791 -1.8813 134.5169 0.0369 0.9991 0.0188 -0.0069
47.1923 -18.9831 -1.8679 133.8197 0.0360 0.9992 0.0181 -0.0071
47.2963 -18.9910 -1.8549 133.1238 0.0364 0.9991 0.0187 -0.0073
47.4003 -19.0039 -1.8390 132.4286 0.0380 0.9990 0.0201 -0.0075
47.5044 -19.0082 -1.8291 131.7402 0.0362 0.9991 0.0201 -0.0077
47.6084 -19.0074 -1.8236 131.0599 0.0332 0.9992 0.0190 -0.0079
47.7124 -19.0117 -1.8135 130.3774 0.0319 0.9993 0.0168 -0.0077
47.8164 -19.0266 -1.8000 129.6926 0.0338 0.9993 0.0126 -0.0076
47.9204 -19.0298 -1.7904 128.9952 0.0319 0.9994 0.0117 -0.0076
48.0244 -19.0297 -1.7832 128.2867 0.0294 0.9995 0.0128 -0.0073
48.1284 -19.0329 -1.7736 127.5639 0.0279 0.9995 0.0144 -0.0069
48.2324 -19.0369 -1.7623 126.8317 0.0271 0.9995 0.0159 -0.0060
48.3364 -19.0409 -1.7517 126.0904 0.0271 0.9995 0.0165 -0.0051
48.4404 -19.0431 -1.7395 125.3386 0.0270 0.9995 0.0161 -0.0036
48.5444 -19.0406 -1.7219 124.5754 0.0266 0.9995 0.0151 -0.0018
48.6484 -19.0340 -1.7050 123.7928 0.0256 0.9996 0.0151 -0.0003
48.7524 -19.0261 -1.6891 122.9911 0.0249 0.9995 0.0167 0.0014
48.8564 -19.0174 -1.6716 122.1724 0.0250 0.9995 0.0192 0.0031
48.9604 -19.0079 -1.6514 121.3372 0.0258 0.9994 0.0206 0.0048
49.0645 -18.9955 -1.6305 120.4889 0.0265 0.9994 0.0209 0.0067
49.1685 -18.9811 -1.6068 119.6223 0.0274 0.9994 0.0201 0.0085
49.2725 -18.9624 -1.5839 118.7404 0.0281 0.9994 0.0189 0.0106
49.3765 -18.9409 -1.5624 117.8410 0.0292 0.9993 0.0183 0.0125
49.4805 -18.9125 -1.5394 116.9209 0.0299 0.9993 0.0185 0.0145
49.5845 -18.8816 -1.5186 115.9843 0.0306 0.9992 0.0195 0.0165
49.6885 -18.8457 -1.4957 115.0276 0.0313 0.9991 0.0207 0.0187
49.7925 -18.8074 -1.4727 114.0573 0.0328 0.9990 0.0205 0.0207
49.8965 -18.7626 -1.4496 113.0721 0.0336 0.9990 0.0195 0.0229
50.0005 -18.7110 -1.4258 112.0705 0.0342 0.9989 0.0178 0.0250
50.1046 -18.6547 -1.4028 111.0501 0.0346 0.9989 0.0170 0.0269
50.2085 -18.5927 -1.3821 110.0104 0.0346 0.9989 0.0171 0.0283
50.3125 -18.5266 -1.3626 108.9547 0.0346 0.9988 0.0169 0.0293
50.4165 -18.4584 -1.3433 107.8847 0.0341 0.9989 0.0157 0.0297
50.5205 -18.3897 -1.3261 106.7965 0.0339 0.9989 0.0142 0.0299
50.6247 -18.3238 -1.3076 105.6929 0.0349 0.9989 0.0126 0.0298
50.7287 -18.2568 -1.2881 104.5622 0.0356 0.9988 0.0141 0.0295
50.8327 -18.1872 -1.2691 103.4111 0.0354 0.9988 0.0175 0.0294
50.9368 -18.1174 -1.2447 102.2464 0.0357 0.9988 0.0186 0.0292
51.0408 -18.0450 -1.2200 101.0740 0.0353 0.9988 0.0174 0.0289
51.1448 -17.9720 -1.1957 99.8817 0.0348 0.9988 0.0166 0.0285
51.2488 -17.8976 -1.1729 98.6718 0.0341 0.9989 0.0169 0.0283
51.3528 -17.8250 -1.1512 97.4478 0.0341 0.9989 0.0165 0.0281
51.4568 -17.7537 -1.1268 96.2086 0.0345 0.9989 0.0161 0.0278
51.5608 -17.6842 -1.1025 94.9527 0.0347 0.9989 0.0176 0.0272
51.6648 -17.6127 -1.0775 93.6775 0.0340 0.9989 0.0189 0.0264
51.7688 -17.5437 -1.0500 92.3932 0.0338 0.9989 0.0178 0.0254
51.8728 -17.4771 -1.0223 91.0903 0.0334 0.9990 0.0179 0.0242
51.9768 -17.4100 -0.9990 89.7748 0.0318 0.9991 0.0176 0.0230
52.0808 -17.3507 -0.9753 88.4541 0.0329 0.9991 0.0127 0.0214
52.1847 -17.2933 -0.9585 87.1097 0.0328 0.9992 0.0106 0.0201
52.2887 -17.2397 -0.9441 85.7375 0.0329 0.9992 0.0146 0.0187
52.3927 -17.1883 -0.9218 84.3517 0.0325 0.9992 0.0180 0.0174
52.4967 -17.1385 -0.8926 82.9564 0.0321 0.9992 0.0183 0.0161
52.6007 -17.0909 -0.8621 81.5532 0.0316 0.9992 0.0173 0.0149
52.7045 -17.0483 -0.8331 80.1265 0.0316 0.9993 0.0169 0.0137
52.8085 -17.0091 -0.8054 78.6838 0.0320 0.9993 0.0171 0.0126
52.9124 -16.9736 -0.7771 77.2278 0.0329 0.9992 0.0172 0.0117
53.0164 -16.9389 -0.7479 75.7575 0.0330 0.9992 0.0181 0.0107
53.1203 -16.9054 -0.7188 74.2844 0.0326 0.9992 0.0192 0.0096
53.2242 -16.8736 -0.6886 72.8087 0.0320 0.9992 0.0207 0.0086
53.3280 -16.8449 -0.6589 71.3345 0.0315 0.9992 0.0225 0.0075
53.4319 -16.8211 -0.6267 69.8619 0.0317 0.9992 0.0230 0.0067
53.5358 -16.7985 -0.5936 68.3940 0.0318 0.9992 0.0223 0.0060
53.6397 -16.7792 -0.5618 66.9246 0.0320 0.9992 0.0219 0.0054
53.7434 -16.7602 -0.5300 65.4569 0.0321 0.9992 0.0220 0.0049
53.8473 -16.7413 -0.4983 63.9872 0.0316 0.9992 0.0225 0.0045
53.9512 -16.7237 -0.4662 62.5225 0.0315 0.9992 0.0223 0.0042
54.0549 -16.7074 -0.4342 61.0593 0.0316 0.9993 0.0210 0.0039
54.1588 -16.6926 -0.4029 59.5885 0.0320 0.9993 0.0214 0.0037
54.2625 -16.6773 -0.3697 58.1185 0.0322 0.9992 0.0236 0.0037
54.3663 -16.6607 -0.3319 56.6510 0.0323 0.9992 0.0251 0.0037
54.4702 -16.6429 -0.2928 55.1885 0.0321 0.9992 0.0248 0.0041
54.5739 -16.6229 -0.2553 53.7352 0.0322 0.9992 0.0230 0.0046
54.6777 -16.6009 -0.2239 52.2770 0.0317 0.9993 0.0212 0.0050
54.7815 -16.5778 -0.1951 50.8207 0.0316 0.9993 0.0208 0.0054
54.8853 -16.5545 -0.1668 49.3668 0.0312 0.9993 0.0216 0.0058
54.9892 -16.5315 -0.1361 47.9114 0.0318 0.9992 0.0230 0.0061
55.0929 -16.5059 -0.1019 46.4611 0.0315 0.9992 0.0247 0.0064
55.1968 -16.4782 -0.0668 45.0138 0.0307 0.9992 0.0247 0.0066
55.3005 -16.4517 -0.0339 43.5757 0.0307 0.9993 0.0224 0.0066
55.4044 -16.4253 -0.0043 42.1370 0.0305 0.9993 0.0207 0.0064
55.5082 -16.4018 0.0227 40.6979 0.0309 0.9993 0.0210 0.0061
55.6119 -16.3800 0.0514 39.2618 0.0315 0.9992 0.0225 0.0060
55.7158 -16.3568 0.0806 37.8248 0.0312 0.9992 0.0232 0.0058
55.8195 -16.3325 0.1118 36.3968 0.0306 0.9993 0.0225 0.0055
55.9233 -16.3076 0.1414 34.9700 0.0297 0.9993 0.0222 0.0052
56.0272 -16.2847 0.1707 33.5444 0.0293 0.9993 0.0218 0.0049
56.1309 -16.2640 0.1999 32.1247 0.0297 0.9993 0.0213 0.0048
56.2347 -16.2461 0.2280 30.7078 0.0306 0.9993 0.0212 0.0047
56.3384 -16.2299 0.2573 29.2847 0.0319 0.9992 0.0219 0.0046
56.4423 -16.2128 0.2860 27.8676 0.0321 0.9992 0.0224 0.0046
56.5460 -16.1949 0.3157 26.4574 0.0321 0.9992 0.0218 0.0046
56.6498 -16.1748 0.3455 25.0502 0.0313 0.9993 0.0217 0.0044
56.7535 -16.1536 0.3744 23.6461 0.0303 0.9993 0.0218 0.0042
56.8573 -16.1341 0.4041 22.2484 0.0298 0.9993 0.0217 0.0041
56.9611 -16.1162 0.4324 20.8566 0.0297 0.9993 0.0224 0.0040
57.0648 -16.1004 0.4616 19.4726 0.0302 0.9993 0.0225 0.0039
57.1685 -16.0866 0.4927 18.0884 0.0308 0.9993 0.0229 0.0038
57.2723 -16.0726 0.5237 16.7084 0.0310 0.9992 0.0234 0.0038
57.3762 -16.0573 0.5539 15.3330 0.0308 0.9993 0.0222 0.0036
57.4799 -16.0404 0.5822 13.9623 0.0298 0.9994 0.0200 0.0033
57.5837 -16.0196 0.6052 12.5950 0.0277 0.9994 0.0189 0.0033
57.6874 -15.9999 0.6278 11.2215 0.0261 0.9995 0.0198 0.0034
57.7912 -15.9818 0.6536 9.8530 0.0256 0.9994 0.0213 0.0035
57.8949 -15.9675 0.6822 8.4874 0.0262 0.9994 0.0220 0.0035
57.9987 -15.9576 0.7127 7.1228 0.0283 0.9993 0.0234 0.0037
58.1024 -15.9496 0.7443 5.7638 0.0306 0.9992 0.0241 0.0038
58.2062 -15.9388 0.7787 4.4003 0.0319 0.9992 0.0237 0.0038
58.3100 -15.9259 0.8126 3.0389 0.0326 0.9992 0.0226 0.0039
58.4138 -15.9092 0.8447 1.6761 0.0322 0.9992 0.0213 0.0037
58.5175 -15.8896 0.8754 0.3089 0.0311 0.9993 0.0210 0.0036
58.6214 -15.8712 0.9045 -1.0632 0.0303 0.9993 0.0212 0.0035
58.7252 -15.8540 0.9333 -2.4365 0.0299 0.9993 0.0210 0.0034
58.8291 -15.8384 0.9601 -3.8136 0.0300 0.9993 0.0201 0.0033
58.9328 -15.8232 0.9871 -5.1923 0.0297 0.9994 0.0198 0.0032
59.0365 -15.8082 1.0141 -6.5765 0.0296 0.9994 0.0202 0.0032
59.1404 -15.7912 1.0420 -7.9660 0.0290 0.9994 0.0200 0.0032
59.2442 -15.7739 1.0707 -9.3571 0.0280 0.9994 0.0200 0.0029
59.3480 -15.7559 1.1006 -10.7552 0.0268 0.9994 0.0214 0.0028
59.4518 -15.7385 1.1297 -12.1499 0.0259 0.9994 0.0215 0.0027
59.5556 -15.7223 1.1599 -13.5475 0.0257 0.9995 0.0199 0.0025
59.6594 -15.7058 1.1887 -14.9510 0.0251 0.9995 0.0194 0.0026
59.7632 -15.6909 1.2146 -16.3591 0.0250 0.9995 0.0200 0.0027
59.8669 -15.6752 1.2389 -17.7644 0.0244 0.9995 0.0190 0.0028
59.9708 -15.6595 1.2584 -19.1735 0.0239 0.9996 0.0170 0.0029
60.0746 -15.6435 1.2791 -20.5842 0.0236 0.9996 0.0166 0.0030
60.1783 -15.6299 1.2982 -22.0039 0.0240 0.9996 0.0177 0.0031
60.2822 -15.6178 1.3201 -23.4244 0.0255 0.9995 0.0180 0.0034
60.3859 -15.6060 1.3425 -24.8450 0.0264 0.9995 0.0176 0.0036
60.4897 -15.5903 1.3625 -26.2678 0.0262 0.9995 0.0178 0.0038
60.5934 -15.5733 1.3817 -27.6880 0.0259 0.9995 0.0168 0.0038
60.6972 -15.5540 1.4013 -29.1154 0.0254 0.9995 0.0170 0.0039
60.8010 -15.5368 1.4238 -30.5478 0.0252 0.9995 0.0192 0.0041
60.9048 -15.5214 1.4506 -31.9731 0.0264 0.9995 0.0195 0.0044
61.0085 -15.5077 1.4745 -33.3961 0.0277 0.9994 0.0187 0.0049
61.1123 -15.4933 1.4969 -34.8200 0.0287 0.9994 0.0190 0.0052
61.2162 -15.4766 1.5196 -36.2445 0.0294 0.9994 0.0196 0.0054
61.3199 -15.4609 1.5428 -37.6656 0.0304 0.9993 0.0198 0.0055
61.4237 -15.4441 1.5668 -39.0822 0.0315 0.9993 0.0200 0.0056
61.5275 -15.4267 1.5937 -40.4990 0.0324 0.9992 0.0208 0.0058
61.6313 -15.4093 1.6211 -41.9139 0.0333 0.9992 0.0212 0.0058
61.7351 -15.3925 1.6473 -43.3226 0.0345 0.9992 0.0196 0.0059
61.8388 -15.3752 1.6702 -44.7247 0.0357 0.9992 0.0171 0.0060
61.9425 -15.3570 1.6898 -46.1304 0.0360 0.9992 0.0166 0.0061
62.0464 -15.3378 1.7103 -47.5380 0.0361 0.9992 0.0181 0.0061
62.1502 -15.3171 1.7336 -48.9440 0.0358 0.9992 0.0185 0.0061
62.2539 -15.2972 1.7578 -50.3466 0.0356 0.9992 0.0180 0.0060
62.3577 -15.2770 1.7833 -51.7485 0.0357 0.9992 0.0178 0.0060
62.4616 -15.2568 1.8087 -53.1527 0.0354 0.9992 0.0186 0.0060
62.5653 -15.2375 1.8340 -54.5479 0.0357 0.9992 0.0175 0.0057
62.6690 -15.2177 1.8596 -55.9495 0.0352 0.9992 0.0170 0.0053
62.7729 -15.1995 1.8830 -57.3521 0.0350 0.9992 0.0176 0.0047
62.8767 -15.1841 1.9059 -58.7514 0.0355 0.9992 0.0177 0.0044
62.9806 -15.1701 1.9278 -60.1507 0.0360 0.9992 0.0169 0.0039
63.0843 -15.1570 1.9492 -61.5494 0.0358 0.9992 0.0168 0.0035
63.1882 -15.1423 1.9696 -62.9515 0.0355 0.9992 0.0174 0.0031
63.2919 -15.1280 1.9900 -64.3508 0.0351 0.9992 0.0176 0.0027
63.3958 -15.1134 2.0103 -65.7507 0.0345 0.9992 0.0178 0.0023
63.4995 -15.1012 2.0316 -67.1465 0.0345 0.9992 0.0178 0.0020
63.6034 -15.0914 2.0524 -68.5388 0.0345 0.9992 0.0179 0.0018
63.7072 -15.0830 2.0712 -69.9346 0.0349 0.9992 0.0175 0.0018
63.8111 -15.0745 2.0874 -71.3233 0.0352 0.9992 0.0161 0.0019
63.9148 -15.0644 2.1028 -72.7084 0.0352 0.9993 0.0159 0.0021
64.0187 -15.0538 2.1171 -74.0953 0.0356 0.9992 0.0166 0.0023
64.1224 -15.0432 2.1307 -75.4762 0.0364 0.9992 0.0175 0.0027
64.2262 -15.0308 2.1466 -76.8564 0.0369 0.9991 0.0187 0.0032
64.3300 -15.0168 2.1635 -78.2265 0.0372 0.9991 0.0184 0.0038
64.4338 -14.9983 2.1798 -79.5932 0.0372 0.9992 0.0166 0.0041
64.5376 -14.9793 2.1912 -80.9536 0.0362 0.9992 0.0152 0.0043
64.6414 -14.9596 2.2009 -82.3173 0.0356 0.9992 0.0159 0.0044
64.7453 -14.9413 2.2144 -83.6805 0.0356 0.9992 0.0183 0.0044
64.8491 -14.9247 2.2325 -85.0349 0.0359 0.9992 0.0196 0.0044
64.9529 -14.9082 2.2509 -86.3840 0.0362 0.9991 0.0195 0.0043
65.0567 -14.8919 2.2686 -87.7267 0.0362 0.9992 0.0187 0.0042
65.1606 -14.8740 2.2824 -89.0704 0.0359 0.9992 0.0178 0.0037
65.2643 -14.8566 2.2970 -90.4080 0.0353 0.9992 0.0173 0.0033
65.3680 -14.8392 2.3112 -91.7411 0.0348 0.9992 0.0177 0.0028
65.4719 -14.8243 2.3269 -93.0767 0.0346 0.9992 0.0186 0.0025
65.5757 -14.8108 2.3415 -94.4004 0.0346 0.9992 0.0180 0.0021
65.6794 -14.7980 2.3579 -95.7244 0.0346 0.9992 0.0174 0.0018
65.7832 -14.7870 2.3742 -97.0455 0.0347 0.9992 0.0181 0.0014
65.8869 -14.7760 2.3898 -98.3634 0.0344 0.9992 0.0188 0.0011
65.9908 -14.7670 2.4078 -99.6766 0.0344 0.9992 0.0186 0.0006
66.0945 -14.7585 2.4269 -100.9838 0.0346 0.9992 0.0188 0.0002
66.1983 -14.7518 2.4444 -102.2903 0.0346 0.9992 0.0186 -0.0002
66.3021 -14.7441 2.4627 -103.5926 0.0345 0.9992 0.0186 -0.0005
66.4060 -14.7396 2.4804 -104.8920 0.0347 0.9992 0.0185 -0.0008
66.5097 -14.7343 2.4983 -106.1858 0.0344 0.9992 0.0183 -0.0012
66.6134 -14.7307 2.5149 -107.4728 0.0343 0.9993 0.0177 -0.0016
66.7173 -14.7282 2.5307 -108.7629 0.0345 0.9993 0.0170 -0.0018
66.8210 -14.7273 2.5474 -110.0459 0.0347 0.9992 0.0174 -0.0020
66.9248 -14.7256 2.5637 -111.3291 0.0346 0.9992 0.0190 -0.0020
67.0287 -14.7248 2.5822 -112.6054 0.0350 0.9992 0.0183 -0.0019
67.1324 -14.7215 2.6004 -113.8771 0.0347 0.9992 0.0177 -0.0018
67.2363 -14.7196 2.6172 -115.1477 0.0351 0.9992 0.0181 -0.0018
67.3401 -14.7178 2.6342 -116.4111 0.0355 0.9992 0.0183 -0.0017
67.4438 -14.7158 2.6509 -117.6691 0.0356 0.9992 0.0188 -0.0015
67.5477 -14.7128 2.6678 -118.9238 0.0354 0.9992 0.0193 -0.0014
67.6516 -14.7098 2.6857 -120.1734 0.0356 0.9992 0.0190 -0.0013
67.7553 -14.7057 2.7039 -121.4141 0.0353 0.9992 0.0190 -0.0013
67.8591 -14.7029 2.7199 -122.6449 0.0354 0.9992 0.0189 -0.0014
67.9629 -14.7005 2.7359 -123.8671 0.0351 0.9992 0.0186 -0.0017
68.0668 -14.6988 2.7515 -125.0815 0.0346 0.9992 0.0189 -0.0023
68.1706 -14.6983 2.7678 -126.2871 0.0341 0.9992 0.0194 -0.0029
68.2744 -14.6985 2.7848 -127.4852 0.0334 0.9992 0.0199 -0.0035
68.3782 -14.7012 2.8014 -128.6704 0.0331 0.9993 0.0194 -0.0042
68.4821 -14.7061 2.8175 -129.8453 0.0332 0.9993 0.0185 -0.0048
68.5859 -14.7123 2.8332 -131.0089 0.0335 0.9993 0.0183 -0.0051
68.6897 -14.7190 2.8487 -132.1621 0.0339 0.9992 0.0193 -0.0051
68.7936 -14.7249 2.8640 -133.2996 0.0342 0.9992 0.0205 -0.0050
68.8974 -14.7333 2.8803 -134.4174 0.0352 0.9991 0.0209 -0.0050
69.0012 -14.7431 2.8952 -135.5140 0.0362 0.9991 0.0205 -0.0050
69.1051 -14.7462 2.9132 -136.5942 0.0353 0.9991 0.0210 -0.0052
69.2089 -14.7523 2.9289 -137.6542 0.0353 0.9991 0.0226 -0.0052
69.3128 -14.7585 2.9467 -138.6869 0.0354 0.9991 0.0225 -0.0058
69.4168 -14.7647 2.9648 -139.6957 0.0347 0.9991 0.0217 -0.0068
69.5207 -14.7736 2.9795 -140.6763 0.0345 0.9991 0.0219 -0.0075
69.6246 -14.7849 2.9933 -141.6311 0.0350 0.9991 0.0222 -0.0081
69.7284 -14.7974 3.0068 -142.5562 0.0356 0.9991 0.0224 -0.0084
69.8323 -14.8085 3.0200 -143.4522 0.0360 0.9991 0.0224 -0.0082
69.9363 -14.8180 3.0328 -144.3211 0.0369 0.9990 0.0221 -0.0073
70.0401 -14.8233 3.0447 -145.1550 0.0388 0.9990 0.0214 -0.0044
70.1439 -14.8188 3.0557 -145.9633 0.0410 0.9989 0.0211 0.0013
70.2476 -14.7976 3.0656 -146.7445 0.0430 0.9988 0.0208 0.0102
70.3512 -14.7546 3.0720 -147.4992 0.0437 0.9986 0.0211 0.0214
70.4548 -14.6882 3.0791 -148.2245 0.0435 0.9982 0.0224 0.0341
70.5586 -14.5993 3.0860 -148.9260 0.0428 0.9976 0.0240 0.0484
70.6622 -14.4920 3.0888 -149.5947 0.0426 0.9968 0.0241 0.0639
70.7658 -14.3642 3.0878 -150.2250 0.0432 0.9955 0.0229 0.0816
70.8694 -14.2131 3.0893 -150.8335 0.0442 0.9936 0.0209 0.1020
70.9731 -14.0365 3.0908 -151.4162 0.0448 0.9911 0.0191 0.1242
71.0767 -13.8334 3.0866 -151.9504 0.0447 0.9878 0.0181 0.1481
71.1803 -13.6085 3.0767 -152.4769 0.0453 0.9835 0.0177 0.1741
71.2839 -13.3604 3.0609 -152.9502 0.0462 0.9782 0.0171 0.2019
71.3877 -13.0824 3.0468 -153.4240 0.0460 0.9717 0.0160 0.2311
71.4913 -12.7772 3.0323 -153.8743 0.0457 0.9641 0.0153 0.2612
71.5951 -12.4465 3.0152 -154.2672 0.0453 0.9552 0.0146 0.2920
71.6988 -12.0933 2.9929 -154.6664 0.0454 0.9450 0.0142 0.3235
71.8024 -11.7166 2.9692 -155.0328 0.0446 0.9335 0.0137 0.3554
71.9062 -11.3181 2.9472 -155.3310 0.0441 0.9204 0.0135 0.3884
72.0098 -10.9011 2.9264 -155.6301 0.0430 0.9058 0.0132 0.4214
72.1137 -10.4659 2.9016 -155.8564 0.0404 0.8902 0.0125 0.4536
72.2174 -10.0204 2.8728 -156.0826 0.0382 0.8738 0.0114 0.4847
72.3213 -9.5671 2.8446 -156.2778 0.0366 0.8563 0.0099 0.5152
72.4252 -9.1063 2.8157 -156.4059 0.0360 0.8377 0.0090 0.5449
72.5291 -8.6420 2.7872 -156.5389 0.0365 0.8182 0.0080 0.5738
72.6329 -8.1744 2.7555 -156.6351 0.0367 0.7978 0.0060 0.6018
72.7369 -7.6994 2.7227 -156.6631 0.0363 0.7765 0.0041 0.6291
72.8408 -7.2215 2.6903 -156.6903 0.0342 0.7541 0.0028 0.6559
72.9448 -6.7342 2.6650 -156.6510 0.0314 0.7306 0.0042 0.6821
73.0488 -6.2432 2.6413 -156.6171 0.0286 0.7059 0.0073 0.7077
73.1528 -5.7512 2.6152 -156.5444 0.0243 0.6804 0.0101 0.7324
73.2567 -5.2619 2.5933 -156.3936 0.0192 0.6539 0.0123 0.7563
73.3607 -4.7790 2.5694 -156.2439 0.0144 0.6262 0.0132 0.7794
73.4646 -4.3054 2.5529 -156.0244 0.0125 0.5975 0.0138 0.8016
73.5686 -3.8383 2.5424 -155.8078 0.0118 0.5679 0.0140 0.8229
73.6726 -3.3753 2.5348 -155.5541 0.0102 0.5376 0.0153 0.8430
73.7764 -2.9224 2.5307 -155.2209 0.0081 0.5067 0.0168 0.8619
73.8804 -2.4806 2.5226 -154.8906 0.0061 0.4752 0.0178 0.8797
73.9844 -2.0580 2.5104 -154.4839 0.0043 0.4435 0.0174 0.8961
74.0884 -1.6539 2.4998 -154.0795 0.0040 0.4123 0.0161 0.9109
74.1926 -1.2685 2.4931 -153.6401 0.0055 0.3813 0.0154 0.9243
74.2966 -0.8984 2.4870 -153.1409 0.0074 0.3508 0.0157 0.9363
74.4007 -0.5511 2.4788 -152.6325 0.0077 0.3205 0.0156 0.9471
74.5048 -0.2261 2.4672 -152.0606 0.0064 0.2899 0.0155 0.9569
74.6088 0.0623 2.4569 -151.4836 0.0046 0.2583 0.0146 0.9659
74.7128 0.3235 2.4463 -150.8797 0.0041 0.2263 0.0151 0.9739
74.8169 0.5524 2.4332 -150.2166 0.0029 0.1947 0.0144 0.9807
74.9211 0.7485 2.4222 -149.5497 0.0020 0.1654 0.0136 0.9861
75.0252 0.9129 2.4106 -148.8380 0.0021 0.1388 0.0106 0.9903
75.1296 1.0482 2.4029 -148.1125 0.0025 0.1152 0.0075 0.9933
75.2338 1.1632 2.3934 -147.3483 0.0026 0.0944 0.0047 0.9955
75.3382 1.2651 2.3835 -146.5668 0.0020 0.0762 0.0045 0.9971
75.4426 1.3485 2.3719 -145.7604 0.0011 0.0593 0.0043 0.9982
75.5469 1.4077 2.3595 -144.9267 0.0005 0.0440 0.0038 0.9990
75.6513 1.4448 2.3469 -144.0738 0.0005 0.0306 0.0022 0.9995
75.7557 1.4635 2.3327 -143.1977 0.0007 0.0196 -0.0003 0.9998
75.8602 1.4697 2.3200 -142.3032 0.0013 0.0116 -0.0029 0.9999
75.9647 1.4687 2.3059 -141.3867 0.0019 0.0068 -0.0054 1.0000
76.0692 1.4713 2.2910 -140.4509 0.0019 0.0049 -0.0072 1.0000
76.1737 1.4800 2.2747 -139.4923 0.0015 0.0044 -0.0076 1.0000
76.2781 1.4893 2.2602 -138.5154 0.0009 0.0039 -0.0070 1.0000
76.3825 1.4994 2.2467 -137.5181 0.0004 0.0033 -0.0067 1.0000
76.4868 1.5048 2.2340 -136.5045 0.0005 0.0025 -0.0059 1.0000
76.5911 1.5054 2.2202 -135.4735 0.0008 0.0013 -0.0061 1.0000
76.6953 1.5045 2.2057 -134.4219 0.0004 0.0003 -0.0059 1.0000
76.7994 1.5033 2.1902 -133.3518 -0.0009 -0.0006 -0.0059 1.0000
76.9036 1.5016 2.1761 -132.2648 -0.0015 -0.0015 -0.0051 1.0000
77.0077 1.4986 2.1596 -131.1603 -0.0007 -0.0023 -0.0049 1.0000
77.1118 1.4916 2.1445 -130.0390 0.0001 -0.0029 -0.0045 1.0000
77.2159 1.4824 2.1281 -128.8996 0.0002 -0.0035 -0.0044 1.0000
77.3201 1.4700 2.1112 -127.7441 0.0002 -0.0039 -0.0049 1.0000
77.4241 1.4584 2.0926 -126.5764 0.0006 -0.0041 -0.0051 1.0000
77.5282 1.4477 2.0738 -125.3883 0.0011 -0.0041 -0.0051 1.0000
77.6322 1.4367 2.0536 -124.1850 0.0007 -0.0037 -0.0054 1.0000
77.7362 1.4264 2.0327 -122.9654 0.0005 -0.0033 -0.0054 1.0000
77.8402 1.4180 2.0099 -121.7344 0.0013 -0.0025 -0.0057 1.0000
77.9442 1.4132 1.9844 -120.4917 0.0032 -0.0016 -0.0058 1.0000
78.0481 1.4104 1.9567 -119.2315 0.0045 -0.0007 -0.0055 1.0000
78.1521 1.4074 1.9273 -117.9509 0.0047 -0.0002 -0.0047 1.0000
78.2559 1.4058 1.8970 -116.6572 0.0043 -0.0003 -0.0042 1.0000
78.3598 1.4027 1.8643 -115.3483 0.0043 -0.0008 -0.0036 1.0000
78.4637 1.3967 1.8321 -114.0291 0.0058 -0.0014 -0.0037 1.0000
78.5676 1.3850 1.8002 -112.6950 0.0065 -0.0027 -0.0037 1.0000
78.6713 1.3697 1.7675 -111.3405 0.0059 -0.0042 -0.0039 1.0000
78.7752 1.3518 1.7343 -109.9726 0.0050 -0.0055 -0.0036 1.0000
78.8791 1.3305 1.7004 -108.5928 0.0051 -0.0062 -0.0041 1.0000
78.9829 1.3083 1.6685 -107.2003 0.0057 -0.0068 -0.0039 1.0000
79.0868 1.2848 1.6359 -105.7911 0.0060 -0.0074 -0.0035 0.9999
79.1907 1.2596 1.6017 -104.3679 0.0067 -0.0078 -0.0035 0.9999
79.2944 1.2303 1.5653 -102.9321 0.0068 -0.0084 -0.0044 0.9999
79.3983 1.2022 1.5300 -101.4787 0.0061 -0.0085 -0.0042 0.9999
79.5022 1.1701 1.4959 -100.0076 0.0047 -0.0083 -0.0052 0.9999
79.6061 1.1421 1.4633 -98.5291 0.0036 -0.0080 -0.0053 0.9999
79.7099 1.1155 1.4362 -97.0260 0.0025 -0.0079 -0.0048 1.0000
79.8138 1.0893 1.4107 -95.5157 -0.0006 -0.0077 -0.0051 1.0000
79.9176 1.0630 1.3907 -94.0023 -0.0034 -0.0075 -0.0053 1.0000
80.0215 1.0366 1.3747 -92.4914 -0.0048 -0.0075 -0.0056 0.9999
80.1252 1.0091 1.3614 -90.9823 -0.0059 -0.0076 -0.0065 0.9999
80.2289 0.9847 1.3485 -89.4761 -0.0063 -0.0076 -0.0062 0.9999
80.3328 0.9616 1.3334 -87.9732 -0.0054 -0.0078 -0.0060 0.9999
80.4367 0.9400 1.3165 -86.4669 -0.0041 -0.0076 -0.0056 0.9999
80.5404 0.9191 1.2983 -84.9672 -0.0040 -0.0071 -0.0053 1.0000
80.6443 0.8995 1.2828 -83.4544 -0.0054 -0.0066 -0.0054 0.9999
80.7481 0.8834 1.2682 -81.9495 -0.0053 -0.0063 -0.0045 1.0000
80.8520 0.8680 1.2527 -80.4455 -0.0045 -0.0061 -0.0044 1.0000
80.9557 0.8520 1.2348 -78.9424 -0.0044 -0.0058 -0.0043 1.0000
81.0594 0.8382 1.2197 -77.4396 -0.0055 -0.0055 -0.0040 1.0000
81.1632 0.8256 1.2080 -75.9344 -0.0066 -0.0052 -0.0035 1.0000
81.2669 0.8134 1.1992 -74.4320 -0.0074 -0.0052 -0.0033 1.0000
81.3707 0.8003 1.1894 -72.9364 -0.0069 -0.0054 -0.0030 1.0000
81.4746 0.7850 1.1769 -71.4434 -0.0047 -0.0057 -0.0032 1.0000
81.5783 0.7640 1.1606 -69.9560 -0.0034 -0.0061 -0.0048 1.0000
81.6821 0.7450 1.1443 -68.4626 -0.0044 -0.0063 -0.0054 1.0000
81.7859 0.7252 1.1283 -66.9713 -0.0052 -0.0064 -0.0060 0.9999
81.8897 0.7108 1.1119 -65.4891 -0.0038 -0.0067 -0.0046 1.0000
81.9934 0.6946 1.0961 -64.0052 -0.0041 -0.0071 -0.0040 1.0000
82.0973 0.6777 1.0806 -62.5255 -0.0058 -0.0075 -0.0035 0.9999
82.2011 0.6588 1.0675 -61.0454 -0.0050 -0.0080 -0.0031 1.0000
82.3048 0.6370 1.0492 -59.5756 -0.0029 -0.0087 -0.0029 1.0000
82.4086 0.6135 1.0310 -58.1035 -0.0033 -0.0093 -0.0026 0.9999
82.5124 0.5857 1.0157 -56.6276 -0.0058 -0.0099 -0.0026 0.9999
82.6162 0.5571 1.0058 -55.1606 -0.0058 -0.0106 -0.0024 0.9999
82.7200 0.5254 0.9957 -53.6980 -0.0052 -0.0110 -0.0027 0.9999
82.8238 0.4907 0.9847 -52.2367 -0.0053 -0.0110 -0.0033 0.9999
82.9276 0.4561 0.9710 -50.7785 -0.0054 -0.0110 -0.0039 0.9999
83.0314 0.4235 0.9559 -49.3229 -0.0051 -0.0111 -0.0040 0.9999
83.1352 0.3929 0.9392 -47.8694 -0.0047 -0.0111 -0.0038 0.9999
83.2389 0.3622 0.9230 -46.4180 -0.0048 -0.0109 -0.0035 0.9999
83.3428 0.3336 0.9070 -44.9684 -0.0048 -0.0106 -0.0030 0.9999
83.4466 0.3070 0.8911 -43.5256 -0.0048 -0.0103 -0.0022 0.9999
83.5504 0.2806 0.8755 -42.0791 -0.0056 -0.0099 -0.0019 0.9999
83.6543 0.2544 0.8594 -40.6366 -0.0057 -0.0095 -0.0020 0.9999
83.7582 0.2281 0.8436 -39.1972 -0.0050 -0.0092 -0.0022 0.9999
83.8621 0.2030 0.8253 -37.7625 -0.0040 -0.0087 -0.0025 1.0000
83.9660 0.1778 0.8063 -36.3280 -0.0037 -0.0083 -0.0031 1.0000
84.0699 0.1537 0.7865 -34.8951 -0.0049 -0.0079 -0.0040 0.9999
84.1737 0.1327 0.7683 -33.4638 -0.0057 -0.0074 -0.0044 0.9999
84.2777 0.1134 0.7522 -32.0360 -0.0056 -0.0068 -0.0046 1.0000
84.3816 0.0975 0.7353 -30.6140 -0.0048 -0.0062 -0.0047 1.0000
84.4854 0.0848 0.7169 -29.1940 -0.0036 -0.0055 -0.0042 1.0000
84.5893 0.0722 0.6981 -27.7775 -0.0041 -0.0048 -0.0043 1.0000
84.6932 0.0606 0.6786 -26.3560 -0.0051 -0.0041 -0.0046 1.0000
84.7971 0.0526 0.6587 -24.9477 -0.0028 -0.0034 -0.0045 1.0000
84.9009 0.0439 0.6329 -23.5434 0.0001 -0.0028 -0.0055 1.0000
85.0048 0.0372 0.6022 -22.1399 0.0012 -0.0022 -0.0061 1.0000
85.1087 0.0323 0.5654 -20.7384 0.0018 -0.0017 -0.0059 1.0000
85.2125 0.0293 0.5296 -19.3406 0.0018 -0.0013 -0.0057 1.0000
85.3163 0.0267 0.4947 -17.9437 0.0010 -0.0011 -0.0054 1.0000
85.4202 0.0252 0.4625 -16.5503 -0.0001 -0.0010 -0.0049 1.0000
85.5240 0.0242 0.4313 -15.1661 -0.0002 -0.0008 -0.0043 1.0000
85.6278 0.0235 0.3988 -13.7826 0.0008 -0.0010 -0.0039 1.0000
85.7316 0.0216 0.3670 -12.4038 0.0012 -0.0013 -0.0035 1.0000
85.8353 0.0153 0.3344 -11.0274 0.0006 -0.0018 -0.0041 1.0000
85.9391 0.0090 0.3016 -9.6547 0.0002 -0.0025 -0.0041 1.0000
86.0428 -0.0005 0.2716 -8.2851 0.0001 -0.0031 -0.0044 1.0000
86.1467 -0.0098 0.2415 -6.9141 -0.0006 -0.0037 -0.0042 1.0000
86.2505 -0.0204 0.2108 -5.5480 0.0003 -0.0042 -0.0039 1.0000
86.3542 -0.0311 0.1813 -4.1833 0.0012 -0.0044 -0.0034 1.0000
86.4581 -0.0444 0.1473 -2.8185 0.0016 -0.0045 -0.0036 1.0000
86.5618 -0.0579 0.1135 -1.4563 0.0014 -0.0047 -0.0038 1.0000
86.6657 -0.0729 0.0782 -0.0907 0.0009 -0.0049 -0.0041 1.0000
86.7695 -0.0886 0.0459 1.2694 0.0014 -0.0049 -0.0045 1.0000
86.8732 -0.1032 0.0118 2.6290 0.0014 -0.0051 -0.0047 1.0000
86.9770 -0.1176 -0.0202 3.9880 0.0011 -0.0052 -0.0048 1.0000
87.0807 -0.1319 -0.0535 5.3441 0.0012 -0.0052 -0.0050 1.0000
87.1846 -0.1459 -0.0881 6.7044 0.0014 -0.0053 -0.0048 1.0000
87.2883 -0.1602 -0.1222 8.0598 0.0017 -0.0054 -0.0048 1.0000
87.3921 -0.1751 -0.1546 9.4159 0.0011 -0.0054 -0.0047 1.0000
87.4958 -0.1926 -0.1870 10.7711 0.0005 -0.0054 -0.0056 1.0000
87.5997 -0.2082 -0.2207 12.1232 0.0007 -0.0054 -0.0055 1.0000
87.7035 -0.2231 -0.2534 13.4773 0.0011 -0.0053 -0.0055 1.0000
87.8073 -0.2355 -0.2892 14.8303 0.0011 -0.0052 -0.0053 1.0000
87.9111 -0.2482 -0.3237 16.1809 0.0011 -0.0053 -0.0054 1.0000
88.0149 -0.2589 -0.3583 17.5336 0.0007 -0.0052 -0.0049 1.0000
88.1187 -0.2709 -0.3936 18.8831 0.0005 -0.0051 -0.0048 1.0000
88.2226 -0.2834 -0.4285 20.2333 0.0008 -0.0051 -0.0049 1.0000
88.3263 -0.2952 -0.4630 21.5802 0.0013 -0.0051 -0.0047 1.0000
88.4302 -0.3095 -0.4966 22.9265 0.0011 -0.0053 -0.0051 1.0000
88.5341 -0.3234 -0.5315 24.2731 0.0010 -0.0055 -0.0050 1.0000
88.6378 -0.3381 -0.5652 25.6135 0.0011 -0.0058 -0.0051 1.0000
88.7416 -0.3535 -0.5992 26.9549 0.0004 -0.0060 -0.0050 1.0000
88.8454 -0.3675 -0.6308 28.2931 -0.0003 -0.0061 -0.0045 1.0000
88.9492 -0.3837 -0.6611 29.6238 0.0001 -0.0060 -0.0045 1.0000
89.0529 -0.3977 -0.6926 30.9509 0.0006 -0.0058 -0.0041 1.0000
89.1568 -0.4140 -0.7240 32.2825 0.0007 -0.0057 -0.0044 1.0000
89.2606 -0.4270 -0.7567 33.6065 0.0004 -0.0054 -0.0041 1.0000
89.3643 -0.4398 -0.7887 34.9269 0.0001 -0.0051 -0.0037 1.0000
89.4681 -0.4515 -0.8206 36.2434 0.0002 -0.0049 -0.0036 1.0000
89.5718 -0.4615 -0.8517 37.5550 0.0001 -0.0048 -0.0030 1.0000
89.6756 -0.4719 -0.8825 38.8665 -0.0003 -0.0047 -0.0025 1.0000
89.7793 -0.4839 -0.9115 40.1738 -0.0009 -0.0049 -0.0023 1.0000
89.8832 -0.4975 -0.9404 41.4802 -0.0011 -0.0054 -0.0022 1.0000
89.9869 -0.5125 -0.9686 42.7785 -0.0009 -0.0060 -0.0024 1.0000
90.0907 -0.5346 -0.9957 44.0760 -0.0015 -0.0065 -0.0038 1.0000
90.1945 -0.5552 -1.0193 45.3732 -0.0032 -0.0069 -0.0040 1.0000
90.2983 -0.5783 -1.0385 46.6701 -0.0050 -0.0072 -0.0045 1.0000
90.4021 -0.6000 -1.0536 47.9611 -0.0067 -0.0076 -0.0046 0.9999
90.5059 -0.6231 -1.0665 49.2494 -0.0075 -0.0081 -0.0048 0.9999
90.6097 -0.6456 -1.0758 50.5276 -0.0064 -0.0086 -0.0039 0.9999
90.7136 -0.6740 -1.0873 51.8104 -0.0054 -0.0091 -0.0046 0.9999
90.8173 -0.7021 -1.1007 53.0872 -0.0051 -0.0096 -0.0049 0.9999
90.9211 -0.7311 -1.1158 54.3609 -0.0051 -0.0102 -0.0053 0.9999
91.0248 -0.7625 -1.1304 55.6295 -0.0045 -0.0107 -0.0054 0.9999
91.1287 -0.7943 -1.1448 56.9016 -0.0049 -0.0113 -0.0056 0.9999
91.2325 -0.8269 -1.1599 58.1709 -0.0053 -0.0118 -0.0055 0.9999
91.3362 -0.8598 -1.1747 59.4341 -0.0053 -0.0122 -0.0056 0.9999
91.4399 -0.8951 -1.1888 60.6946 -0.0051 -0.0125 -0.0058 0.9999
91.5437 -0.9283 -1.2039 61.9493 -0.0049 -0.0127 -0.0055 0.9999
91.6476 -0.9622 -1.2188 63.2074 -0.0045 -0.0131 -0.0047 0.9999
91.7512 -0.9962 -1.2341 64.4584 -0.0045 -0.0135 -0.0043 0.9999
91.8551 -1.0318 -1.2505 65.7102 -0.0054 -0.0139 -0.0043 0.9999
91.9588 -1.0687 -1.2678 66.9537 -0.0049 -0.0141 -0.0045 0.9999
92.0626 -1.1074 -1.2846 68.1914 -0.0040 -0.0143 -0.0054 0.9999
92.1663 -1.1483 -1.3030 69.4331 -0.0042 -0.0143 -0.0065 0.9999
92.2701 -1.1882 -1.3212 70.6688 -0.0042 -0.0141 -0.0078 0.9999
92.3738 -1.2271 -1.3381 71.9003 -0.0043 -0.0136 -0.0088 0.9999
92.4776 -1.2614 -1.3547 73.1272 -0.0052 -0.0126 -0.0089 0.9999
92.5813 -1.2935 -1.3706 74.3411 -0.0059 -0.0118 -0.0094 0.9999
92.6851 -1.3182 -1.3878 75.5436 -0.0058 -0.0111 -0.0083 0.9999
92.7888 -1.3371 -1.4063 76.7228 -0.0034 -0.0102 -0.0067 0.9999
92.8926 -1.3594 -1.4243 77.8869 -0.0036 -0.0091 -0.0074 0.9999
92.9963 -1.3780 -1.4433 79.0374 -0.0063 -0.0077 -0.0073 0.9999
93.1002 -1.3923 -1.4598 80.1599 -0.0065 -0.0062 -0.0077 0.9999
93.2040 -1.4030 -1.4756 81.2677 -0.0047 -0.0043 -0.0079 0.9999
93.3078 -1.4073 -1.4955 82.3668 -0.0021 -0.0028 -0.0074 1.0000
93.4116 -1.4066 -1.5185 83.4619 0.0007 -0.0014 -0.0065 1.0000
93.5155 -1.4026 -1.5422 84.5575 0.0017 -0.0002 -0.0056 1.0000
93.6192 -1.3973 -1.5661 85.6552 0.0006 0.0007 -0.0049 1.0000
93.7231 -1.3941 -1.5872 86.7511 -0.0006 0.0013 -0.0051 1.0000
93.8268 -1.3913 -1.6081 87.8365 -0.0002 0.0018 -0.0052 1.0000
93.9307 -1.3856 -1.6300 88.9192 0.0010 0.0022 -0.0052 1.0000
94.0346 -1.3802 -1.6547 89.9981 0.0014 0.0027 -0.0054 1.0000
94.1385 -1.3724 -1.6810 91.0757 0.0004 0.0030 -0.0053 1.0000
94.2423 -1.3638 -1.7053 92.1496 -0.0004 0.0029 -0.0046 1.0000
94.3462 -1.3561 -1.7262 93.2186 -0.0008 0.0028 -0.0041 1.0000
94.4501 -1.3489 -1.7477 94.2821 -0.0013 0.0021 -0.0032 1.0000
94.5540 -1.3431 -1.7691 95.3447 -0.0014 0.0006 -0.0021 1.0000
94.6577 -1.3413 -1.7906 96.3985 -0.0004 -0.0013 -0.0010 1.0000
94.7616 -1.3464 -1.8125 97.4521 0.0014 -0.0031 -0.0008 1.0000
94.8655 -1.3580 -1.8350 98.5080 0.0033 -0.0050 -0.0012 1.0000
94.9693 -1.3751 -1.8619 99.5701 0.0039 -0.0072 -0.0017 1.0000
95.0732 -1.3974 -1.8877 100.6364 0.0033 -0.0099 -0.0018 0.9999
95.1770 -1.4267 -1.9133 101.7103 0.0024 -0.0130 -0.0022 0.9999
95.2808 -1.4631 -1.9392 102.7874 0.0018 -0.0165 -0.0021 0.9999
95.3847 -1.5078 -1.9644 103.8682 0.0017 -0.0202 -0.0024 0.9998
95.4886 -1.5618 -1.9882 104.9566 0.0011 -0.0233 -0.0033 0.9997
95.5925 -1.6227 -2.0110 106.0502 0.0004 -0.0254 -0.0051 0.9997
95.6963 -1.6862 -2.0344 107.1475 0.0007 -0.0261 -0.0071 0.9996
95.8003 -1.7488 -2.0567 108.2514 0.0012 -0.0253 -0.0094 0.9996
95.9043 -1.8060 -2.0798 109.3616 0.0017 -0.0232 -0.0114 0.9997
96.0085 -1.8557 -2.1021 110.4821 0.0015 -0.0204 -0.0126 0.9997
96.1124 -1.8970 -2.1231 111.6084 0.0008 -0.0171 -0.0134 0.9998
96.2166 -1.9281 -2.1452 112.7436 0.0006 -0.0130 -0.0139 0.9998
96.3206 -1.9491 -2.1664 113.8811 0.0011 -0.0084 -0.0145 0.9999
96.4247 -1.9587 -2.1879 115.0263 0.0016 -0.0035 -0.0148 0.9999
96.5287 -1.9561 -2.2103 116.1788 0.0017 0.0012 -0.0144 0.9999
96.6328 -1.9401 -2.2358 117.3414 0.0022 0.0060 -0.0139 0.9999
96.7368 -1.9132 -2.2611 118.5076 0.0027 0.0107 -0.0129 0.9999
96.8408 -1.8763 -2.2870 119.6839 0.0026 0.0148 -0.0123 0.9998
96.9449 -1.8331 -2.3121 120.8659 0.0020 0.0183 -0.0121 0.9998
97.0487 -1.7814 -2.3381 122.0560 0.0016 0.0213 -0.0121 0.9997
97.1527 -1.7251 -2.3627 123.2581 0.0013 0.0240 -0.0128 0.9996
97.2566 -1.6660 -2.3876 124.4659 0.0010 0.0263 -0.0141 0.9996
97.3606 -1.6021 -2.4109 125.6836 0.0008 0.0282 -0.0155 0.9995
97.4645 -1.5290 -2.4323 126.9096 0.0001 0.0298 -0.0152 0.9994
97.5683 -1.4542 -2.4558 128.1428 -0.0001 0.0305 -0.0152 0.9994
97.6722 -1.3749 -2.4806 129.3864 0.0022 0.0306 -0.0141 0.9994
97.7761 -1.2926 -2.5044 130.6411 0.0027 0.0301 -0.0119 0.9995
97.8798 -1.2128 -2.5304 131.9105 0.0011 0.0290 -0.0099 0.9995
97.9836 -1.1353 -2.5526 133.1888 0.0005 0.0273 -0.0076 0.9996
98.0875 -1.0635 -2.5719 134.4809 -0.0007 0.0248 -0.0054 0.9997
98.1911 -0.9983 -2.5937 135.7808 -0.0010 0.0216 -0.0030 0.9998
98.2948 -0.9420 -2.6139 137.0887 -0.0002 0.0183 -0.0010 0.9998
98.3987 -0.8958 -2.6337 138.4140 -0.0003 0.0150 0.0002 0.9999
98.5025 -0.8601 -2.6540 139.7491 -0.0007 0.0118 0.0006 0.9999
98.6062 -0.8327 -2.6749 141.0912 -0.0013 0.0090 0.0004 1.0000
98.7100 -0.8166 -2.6933 142.4513 -0.0023 0.0064 -0.0005 1.0000
98.8138 -0.8082 -2.7117 143.8175 -0.0019 0.0037 -0.0010 1.0000
98.9176 -0.8063 -2.7290 145.1909 -0.0004 0.0011 -0.0015 1.0000
99.0213 -0.8108 -2.7510 146.5742 0.0006 -0.0013 -0.0020 1.0000
99.1251 -0.8182 -2.7795 147.9621 0.0028 -0.0032 -0.0021 1.0000
99.2290 -0.8311 -2.8110 149.3663 0.0046 -0.0043 -0.0027 1.0000
99.3327 -0.8465 -2.8467 150.7791 0.0050 -0.0051 -0.0031 1.0000
99.4366 -0.8637 -2.8844 152.2017 0.0047 -0.0059 -0.0034 1.0000
99.5403 -0.8819 -2.9227 153.6297 0.0042 -0.0067 -0.0036 1.0000
99.6441 -0.9031 -2.9595 155.0655 0.0033 -0.0074 -0.0040 1.0000
99.7480 -0.9252 -2.9955 156.5082 0.0027 -0.0081 -0.0040 1.0000
99.8517 -0.9506 -3.0303 157.9490 0.0020 -0.0090 -0.0044 0.9999
99.9555 -0.9765 -3.0649 159.3917 0.0009 -0.0099 -0.0042 0.9999
100.0592 -1.0073 -3.0967 160.8317 0.0002 -0.0108 -0.0046 0.9999
100.1630 -1.0394 -3.1295 162.2714 0.0006 -0.0116 -0.0049 0.9999
100.2668 -1.0756 -3.1620 163.7088 0.0011 -0.0123 -0.0055 0.9999
100.3706 -1.1127 -3.1970 165.1447 0.0014 -0.0127 -0.0058 0.9999
100.4744 -1.1510 -3.2321 166.5807 0.0022 -0.0128 -0.0063 0.9999
100.5782 -1.1889 -3.2679 168.0142 0.0024 -0.0127 -0.0068 0.9999
100.6820 -1.2256 -3.3033 169.4545 0.0014 -0.0125 -0.0069 0.9999
100.7857 -1.2625 -3.3378 170.8876 0.0006 -0.0123 -0.0070 0.9999
100.8896 -1.2976 -3.3717 172.3194 0.0004 -0.0120 -0.0071 0.9999
100.9933 -1.3332 -3.4056 173.7467 0.0003 -0.0116 -0.0076 0.9999
101.0972 -1.3663 -3.4404 175.1688 0.0007 -0.0111 -0.0080 0.9999
101.2010 -1.3985 -3.4754 176.5929 0.0008 -0.0105 -0.0084 0.9999
101.3047 -1.4275 -3.5117 178.0112 0.0013 -0.0098 -0.0083 0.9999
101.4085 -1.4534 -3.5471 179.4251 0.0022 -0.0091 -0.0076 0.9999
101.5123 -1.4763 -3.5836 180.8386 0.0021 -0.0084 -0.0064 0.9999
101.6161 -1.4982 -3.6197 182.2502 0.0008 -0.0078 -0.0057 1.0000
101.7198 -1.5189 -3.6525 183.6608 -0.0014 -0.0070 -0.0054 1.0000
101.8236 -1.5397 -3.6801 185.0616 -0.0009 -0.0062 -0.0059 1.0000
101.9273 -1.5592 -3.7081 186.4556 0.0006 -0.0054 -0.0065 1.0000
102.0311 -1.5761 -3.7421 187.8484 0.0013 -0.0048 -0.0066 1.0000
102.1348 -1.5903 -3.7777 189.2418 0.0013 -0.0042 -0.0065 1.0000
102.2387 -1.6031 -3.8117 190.6344 0.0002 -0.0038 -0.0061 1.0000
102.3425 -1.6133 -3.8437 192.0206 -0.0007 -0.0037 -0.0053 1.0000
102.4462 -1.6238 -3.8751 193.4008 -0.0004 -0.0037 -0.0046 1.0000
102.5500 -1.6339 -3.9059 194.7764 0.0004 -0.0038 -0.0038 1.0000
102.6537 -1.6455 -3.9389 196.1509 0.0012 -0.0040 -0.0038 1.0000
102.7576 -1.6574 -3.9736 197.5229 0.0015 -0.0041 -0.0036 1.0000
102.8613 -1.6699 -4.0091 198.8896 0.0009 -0.0041 -0.0040 1.0000
102.9651 -1.6823 -4.0428 200.2547 0.0001 -0.0042 -0.0041 1.0000
103.0688 -1.6949 -4.0749 201.6110 -0.0000 -0.0044 -0.0042 1.0000
103.1726 -1.7060 -4.1069 202.9698 -0.0002 -0.0044 -0.0043 1.0000
103.2765 -1.7174 -4.1399 204.3226 -0.0002 -0.0044 -0.0047 1.0000
103.3802 -1.7276 -4.1719 205.6689 0.0001 -0.0045 -0.0047 1.0000
103.4840 -1.7378 -4.2048 207.0122 0.0003 -0.0046 -0.0045 1.0000
103.5877 -1.7464 -4.2388 208.3506 0.0007 -0.0046 -0.0043 1.0000
103.6916 -1.7572 -4.2710 209.6908 0.0003 -0.0047 -0.0043 1.0000
103.7954 -1.7684 -4.3038 211.0251 -0.0001 -0.0048 -0.0046 1.0000
103.8991 -1.7800 -4.3355 212.3505 0.0001 -0.0049 -0.0044 1.0000
104.0027 -1.7925 -4.3660 213.6668 0.0000 -0.0052 -0.0043 1.0000
104.1065 -1.8027 -4.3974 214.9667 -0.0007 -0.0057 -0.0037 1.0000
104.2102 -1.8150 -4.4286 216.2478 -0.0017 -0.0065 -0.0036 1.0000
104.3140 -1.8267 -4.4583 217.5072 -0.0028 -0.0072 -0.0031 1.0000
104.4178 -1.8425 -4.4869 218.7426 -0.0041 -0.0079 -0.0034 1.0000
104.5216 -1.8597 -4.5150 219.9508 -0.0041 -0.0087 -0.0039 0.9999
104.6253 -1.8779 -4.5405 221.1287 -0.0036 -0.0094 -0.0040 0.9999
104.7292 -1.8952 -4.5693 222.2852 -0.0038 -0.0105 -0.0037 0.9999
104.8330 -1.9172 -4.5983 223.4108 -0.0037 -0.0122 -0.0037 0.9999
104.9367 -1.9417 -4.6252 224.5051 -0.0034 -0.0141 -0.0033 0.9999
105.0405 -1.9720 -4.6518 225.5672 -0.0033 -0.0158 -0.0038 0.9999
105.1443 -2.0046 -4.6795 226.6035 -0.0031 -0.0173 -0.0041 0.9998
105.2481 -2.0402 -4.7063 227.6035 -0.0033 -0.0183 -0.0052 0.9998
105.3520 -2.0738 -4.7310 228.5742 -0.0039 -0.0190 -0.0052 0.9998
105.4558 -2.1060 -4.7554 229.5125 -0.0048 -0.0197 -0.0052 0.9998
105.5596 -2.1396 -4.7781 230.4146 -0.0050 -0.0204 -0.0051 0.9998
105.6635 -2.1742 -4.7992 231.2868 -0.0050 -0.0213 -0.0053 0.9997
105.7673 -2.2079 -4.8184 232.1263 -0.0047 -0.0223 -0.0050 0.9997
105.8712 -2.2437 -4.8386 232.9333 -0.0039 -0.0232 -0.0056 0.9997
105.9752 -2.2801 -4.8604 233.7189 -0.0027 -0.0235 -0.0063 0.9997
106.0791 -2.3150 -4.8816 234.4921 -0.0007 -0.0228 -0.0071 0.9997
106.1831 -2.3469 -4.9031 235.2654 0.0010 -0.0210 -0.0080 0.9997
106.2871 -2.3726 -4.9237 236.0372 0.0015 -0.0186 -0.0079 0.9998
106.3911 -2.3912 -4.9431 236.8075 0.0012 -0.0164 -0.0071 0.9998
106.4951 -2.4063 -4.9617 237.5762 0.0006 -0.0144 -0.0062 0.9999
106.5991 -2.4215 -4.9796 238.3384 0.0001 -0.0122 -0.0056 0.9999
106.7031 -2.4382 -4.9978 239.1021 -0.0000 -0.0100 -0.0056 0.9999
106.8071 -2.4492 -5.0161 239.8593 0.0001 -0.0077 -0.0054 1.0000
106.9111 -2.4575 -5.0329 240.6138 0.0001 -0.0056 -0.0055 1.0000
107.0151 -2.4648 -5.0490 241.3652 -0.0001 -0.0037 -0.0055 1.0000
107.1190 -2.4711 -5.0640 242.1130 -0.0006 -0.0019 -0.0054 1.0000
107.2230 -2.4779 -5.0768 242.8585 -0.0013 -0.0003 -0.0055 1.0000
107.3270 -2.4812 -5.0905 243.6012 -0.0015 0.0006 -0.0051 1.0000
107.4310 -2.4859 -5.1037 244.3383 -0.0010 0.0012 -0.0049 1.0000
107.5350 -2.4876 -5.1187 245.0752 0.0004 0.0016 -0.0050 1.0000
107.6390 -2.4932 -5.1318 245.8164 0.0023 0.0020 -0.0054 1.0000
107.7428 -2.4947 -5.1474 246.5623 0.0034 0.0022 -0.0054 1.0000
107.8468 -2.4973 -5.1644 247.3157 0.0034 0.0020 -0.0050 1.0000
107.9508 -2.4986 -5.1826 248.0723 0.0032 0.0017 -0.0047 1.0000
108.0548 -2.5031 -5.1993 248.8329 0.0031 0.0014 -0.0052 1.0000
108.1588 -2.5065 -5.2182 249.5991 0.0038 0.0011 -0.0054 1.0000
108.2629 -2.5085 -5.2378 250.3665 0.0050 0.0013 -0.0046 1.0000
108.3668 -2.5056 -5.2568 251.1395 0.0059 0.0017 -0.0032 1.0000
108.4708 -2.5035 -5.2731 251.9216 0.0049 0.0023 -0.0026 1.0000
108.5748 -2.5085 -5.2892 252.7116 0.0019 0.0027 -0.0047 1.0000
108.6788 -2.5071 -5.3069 253.5088 -0.0011 0.0034 -0.0048 1.0000
108.7829 -2.4989 -5.3215 254.3037 -0.0010 0.0044 -0.0038 1.0000
108.8870 -2.4920 -5.3362 255.0990 0.0021 0.0060 -0.0040 1.0000
108.9910 -2.4856 -5.3511 255.9000 0.0045 0.0075 -0.0048 1.0000
109.0950 -2.4758 -5.3702 256.7068 0.0049 0.0087 -0.0056 0.9999
109.1990 -2.4616 -5.3927 257.5259 0.0041 0.0098 -0.0056 0.9999
109.3030 -2.4421 -5.4142 258.3481 0.0029 0.0109 -0.0044 0.9999
109.4070 -2.4188 -5.4324 259.1759 0.0022 0.0117 -0.0026 0.9999
109.5110 -2.3981 -5.4516 260.0072 0.0026 0.0128 -0.0023 0.9999
109.6150 -2.3794 -5.4724 260.8436 0.0037 0.0137 -0.0033 0.9999
109.7190 -2.3572 -5.4930 261.6878 0.0054 0.0144 -0.0040 0.9999
109.8230 -2.3316 -5.5135 262.5408 0.0064 0.0152 -0.0041 0.9999
109.9270 -2.3052 -5.5362 263.4078 0.0056 0.0162 -0.0045 0.9998
110.0310 -2.2784 -5.5608 264.2827 0.0046 0.0173 -0.0051 0.9998
110.1350 -2.2489 -5.5850 265.1670 0.0044 0.0180 -0.0053 0.9998
110.2390 -2.2170 -5.6083 266.0593 0.0046 0.0182 -0.0053 0.9998
110.3430 -2.1810 -5.6328 266.9604 0.0047 0.0183 -0.0042 0.9998
110.4470 -2.1446 -5.6578 267.8693 0.0042 0.0183 -0.0035 0.9998
110.5510 -2.1071 -5.6846 268.7872 0.0041 0.0185 -0.0030 0.9998
110.6550 -2.0730 -5.7105 269.7117 0.0038 0.0185 -0.0026 0.9998
110.7590 -2.0399 -5.7355 270.6435 0.0034 0.0184 -0.0023 0.9998
110.8628 -2.0081 -5.7600 271.5780 0.0025 0.0183 -0.0026 0.9998
110.9668 -1.9772 -5.7869 272.5156 0.0021 0.0178 -0.0025 0.9998
111.0708 -1.9486 -5.8130 273.4511 0.0023 0.0170 -0.0025 0.9999
111.1748 -1.9237 -5.8375 274.3868 0.0028 0.0158 -0.0027 0.9999
111.2788 -1.9033 -5.8628 275.3220 0.0031 0.0145 -0.0034 0.9999
111.3827 -1.8863 -5.8890 276.2556 0.0032 0.0132 -0.0042 0.9999
111.4867 -1.8720 -5.9146 277.1894 0.0029 0.0118 -0.0048 0.9999
111.5907 -1.8602 -5.9401 278.1217 0.0022 0.0105 -0.0053 0.9999
111.6947 -1.8502 -5.9652 279.0549 0.0012 0.0093 -0.0053 0.9999
111.7986 -1.8411 -5.9893 279.9822 0.0005 0.0082 -0.0054 1.0000
111.9026 -1.8349 -6.0118 280.9067 0.0002 0.0071 -0.0055 1.0000
112.0066 -1.8295 -6.0332 281.8284 0.0000 0.0062 -0.0057 1.0000
112.1106 -1.8244 -6.0542 282.7472 0.0001 0.0054 -0.0053 1.0000
112.2146 -1.8204 -6.0760 283.6626 0.0003 0.0046 -0.0052 1.0000
112.3186 -1.8192 -6.0973 284.5738 0.0004 0.0039 -0.0052 1.0000
112.4226 -1.8201 -6.1184 285.4729 0.0000 0.0032 -0.0056 1.0000
112.5266 -1.8213 -6.1401 286.3559 -0.0005 0.0025 -0.0055 1.0000
112.6306 -1.8247 -6.1630 287.2165 -0.0003 0.0021 -0.0061 1.0000
112.7346 -1.8311 -6.1860 288.0602 0.0008 0.0018 -0.0074 1.0000
112.8386 -1.8358 -6.2090 288.8905 0.0023 0.0017 -0.0086 1.0000
112.9426 -1.8386 -6.2327 289.7169 0.0034 0.0016 -0.0095 0.9999
113.0466 -1.8416 -6.2578 290.5416 0.0037 0.0018 -0.0103 0.9999
113.1506 -1.8438 -6.2816 291.3657 0.0040 0.0021 -0.0113 0.9999
113.2546 -1.8441 -6.3054 292.1857 0.0044 0.0025 -0.0119 0.9999
113.3586 -1.8432 -6.3323 293.0004 0.0049 0.0033 -0.0129 0.9999
113.4626 -1.8402 -6.3607 293.8122 0.0051 0.0041 -0.0135 0.9999
113.5666 -1.8362 -6.3874 294.6199 0.0045 0.0047 -0.0139 0.9999
113.6706 -1.8298 -6.4144 295.4284 0.0035 0.0051 -0.0137 0.9999
113.7746 -1.8238 -6.4403 296.2317 0.0024 0.0051 -0.0131 0.9999
113.8785 -1.8179 -6.4642 297.0309 0.0014 0.0044 -0.0125 0.9999
113.9825 -1.8147 -6.4862 297.8283 0.0006 0.0037 -0.0121 0.9999
114.0863 -1.8120 -6.5065 298.6243 0.0002 0.0029 -0.0117 0.9999
114.1903 -1.8095 -6.5248 299.4226 -0.0004 0.0022 -0.0111 0.9999
114.2943 -1.8076 -6.5416 300.2232 -0.0006 0.0012 -0.0102 0.9999
