0.0000 -0.0000 0.0000 0.0000 0.0000 -0.0000 -0.0000 1.0000
0.1045 -0.0074 -0.0338 1.1926 0.0001 0.0009 -0.0001 1.0000
0.2078 -0.0041 -0.0493 2.3893 0.0000 0.0017 -0.0002 1.0000
0.3116 -0.0050 -0.0729 3.5857 -0.0000 0.0022 -0.0001 1.0000
0.4155 -0.0097 -0.0953 4.8006 -0.0000 0.0028 -0.0000 1.0000
0.5196 -0.0103 -0.1127 5.9909 0.0000 0.0031 0.0001 1.0000
0.6234 -0.0082 -0.1443 7.1954 0.0003 0.0035 0.0000 1.0000
0.7273 -0.0050 -0.1609 8.3773 0.0004 0.0039 0.0000 1.0000
0.8312 -0.0047 -0.1917 9.6040 -0.0000 0.0040 0.0000 1.0000
0.9350 -0.0041 -0.2115 10.8244 -0.0003 0.0034 -0.0000 1.0000
1.0389 -0.0089 -0.2406 12.0068 -0.0003 0.0025 0.0005 1.0000
1.1428 -0.0124 -0.2640 13.1878 -0.0001 0.0014 0.0007 1.0000
1.2466 -0.0180 -0.2881 14.3796 -0.0001 0.0009 0.0006 1.0000
1.3506 -0.0300 -0.3105 15.5618 -0.0001 0.0005 0.0000 1.0000
1.4544 -0.0431 -0.3345 16.7746 -0.0001 0.0003 0.0001 1.0000
1.5583 -0.0338 -0.3615 17.9804 -0.0003 0.0001 0.0003 1.0000
1.6622 -0.0414 -0.3848 19.1695 -0.0004 -0.0003 0.0004 1.0000
1.7661 -0.0589 -0.4098 20.3800 -0.0000 -0.0004 0.0004 1.0000
1.8701 -0.0592 -0.4355 21.5777 0.0004 -0.0008 0.0004 1.0000
1.9739 -0.0772 -0.4617 22.7711 0.0002 -0.0012 0.0002 1.0000
2.0779 -0.0915 -0.4823 23.9736 0.0003 -0.0015 0.0003 1.0000
2.1818 -0.1032 -0.5087 25.1687 0.0004 -0.0021 0.0001 1.0000
2.2857 -0.1212 -0.5351 26.3619 0.0002 -0.0024 0.0000 1.0000
2.3896 -0.1208 -0.5594 27.5743 -0.0006 -0.0029 0.0006 1.0000
2.4935 -0.1340 -0.5909 28.7706 -0.0007 -0.0032 0.0009 1.0000
2.5974 -0.1518 -0.6142 29.9861 -0.0004 -0.0035 0.0009 1.0000
2.7014 -0.1696 -0.6347 31.1762 -0.0000 -0.0041 0.0011 1.0000
2.8061 -0.1879 -0.6594 32.3708 0.0001 -0.0043 0.0008 1.0000
2.9093 -0.1991 -0.6805 33.5667 -0.0001 -0.0047 0.0011 1.0000
3.0131 -0.2219 -0.7073 34.7708 -0.0002 -0.0049 0.0011 1.0000
3.1171 -0.2330 -0.7382 35.9667 -0.0003 -0.0052 0.0014 1.0000
3.2210 -0.2631 -0.7614 37.1493 -0.0002 -0.0055 0.0012 1.0000
3.3250 -0.2942 -0.7888 38.3536 -0.0005 -0.0054 0.0015 1.0000
3.4290 -0.2998 -0.8058 39.5571 -0.0010 -0.0055 0.0014 1.0000
3.5331 -0.3210 -0.8329 40.7591 -0.0014 -0.0055 0.0014 1.0000
3.6369 -0.3420 -0.8511 41.9669 -0.0012 -0.0052 0.0012 1.0000
3.7409 -0.3601 -0.8754 43.1754 -0.0012 -0.0053 0.0008 1.0000
3.8449 -0.3831 -0.8858 44.3674 -0.0020 -0.0050 -0.0002 1.0000
3.9489 -0.4135 -0.9099 45.5771 -0.0034 -0.0043 -0.0002 1.0000
4.0527 -0.4341 -0.9230 46.7771 -0.0048 -0.0035 -0.0007 1.0000
4.1567 -0.4393 -0.9329 47.9778 -0.0065 -0.0025 -0.0008 1.0000
4.2607 -0.4609 -0.9437 49.1851 -0.0072 -0.0020 -0.0006 1.0000
4.3646 -0.4582 -0.9571 50.3982 -0.0067 -0.0012 -0.0003 1.0000
4.4686 -0.4978 -0.9624 51.5989 -0.0058 -0.0005 -0.0005 1.0000
4.5726 -0.4892 -0.9596 52.7891 -0.0055 -0.0001 -0.0004 1.0000
4.6765 -0.5091 -0.9841 54.0128 -0.0054 -0.0000 -0.0003 1.0000
4.7804 -0.5042 -1.0018 55.2046 -0.0050 -0.0005 -0.0002 1.0000
4.8842 -0.5201 -1.0024 56.4123 -0.0049 -0.0013 -0.0002 1.0000
4.9881 -0.5351 -1.0161 57.6199 -0.0055 -0.0020 0.0001 1.0000
5.0920 -0.5413 -1.0301 58.8354 -0.0057 -0.0026 0.0001 1.0000
5.1960 -0.5591 -1.0382 60.0493 -0.0056 -0.0028 -0.0000 1.0000
5.2999 -0.5798 -1.0483 61.2459 -0.0056 -0.0032 -0.0003 1.0000
5.4037 -0.5777 -1.0575 62.4462 -0.0054 -0.0032 -0.0001 1.0000
5.5078 -0.5848 -1.0811 63.6566 -0.0051 -0.0033 0.0001 1.0000
5.6116 -0.6022 -1.0923 64.8610 -0.0054 -0.0035 0.0001 1.0000
5.7155 -0.6146 -1.1002 66.0578 -0.0061 -0.0036 0.0006 1.0000
5.8195 -0.6330 -1.1226 67.2639 -0.0056 -0.0037 0.0001 1.0000
5.9234 -0.6380 -1.1422 68.4688 -0.0050 -0.0038 -0.0007 1.0000
6.0274 -0.6722 -1.1432 69.6612 -0.0051 -0.0037 -0.0010 1.0000
6.1313 -0.6899 -1.1594 70.8514 -0.0052 -0.0037 -0.0014 1.0000
6.2352 -0.7183 -1.1618 72.0599 -0.0052 -0.0035 -0.0021 1.0000
6.3391 -0.7189 -1.1892 73.2306 -0.0058 -0.0030 -0.0031 1.0000
6.4431 -0.7523 -1.1844 74.4229 -0.0060 -0.0020 -0.0035 1.0000
6.5471 -0.7552 -1.1941 75.5950 -0.0054 -0.0007 -0.0031 1.0000
6.6511 -0.7635 -1.2350 76.7813 -0.0029 0.0004 -0.0017 1.0000
6.7551 -0.7596 -1.2379 77.9530 -0.0025 0.0019 -0.0021 1.0000
6.8591 -0.7520 -1.2545 79.1120 -0.0040 0.0033 -0.0018 1.0000
6.9631 -0.7552 -1.2805 80.3224 -0.0047 0.0049 -0.0016 1.0000
7.0671 -0.7475 -1.2793 81.5004 -0.0040 0.0070 -0.0019 1.0000
7.1711 -0.7377 -1.3069 82.6544 -0.0028 0.0086 -0.0017 1.0000
7.2751 -0.7329 -1.3312 83.8127 -0.0009 0.0104 -0.0014 0.9999
7.3791 -0.7030 -1.3559 84.9902 -0.0005 0.0118 -0.0009 0.9999
7.4831 -0.6671 -1.3817 86.1399 -0.0012 0.0137 -0.0009 0.9999
7.5871 -0.6403 -1.3972 87.3002 -0.0014 0.0157 -0.0012 0.9999
7.6911 -0.6082 -1.4265 88.4583 -0.0006 0.0176 -0.0012 0.9998
7.7951 -0.5798 -1.4512 89.6298 0.0005 0.0192 -0.0012 0.9998
7.8991 -0.5441 -1.4671 90.7575 0.0007 0.0208 -0.0012 0.9998
8.0031 -0.4915 -1.4999 91.9249 0.0003 0.0222 -0.0006 0.9998
8.1071 -0.4412 -1.5277 93.0823 -0.0003 0.0237 -0.0004 0.9997
8.2111 -0.3907 -1.5441 94.2373 -0.0011 0.0249 0.0002 0.9997
8.3151 -0.3288 -1.5652 95.4106 -0.0016 0.0261 0.0009 0.9997
8.4191 -0.2714 -1.5890 96.5245 -0.0009 0.0274 0.0014 0.9996
8.5231 -0.2083 -1.6157 97.7120 0.0010 0.0283 0.0022 0.9996
8.6271 -0.1522 -1.6364 98.8785 0.0023 0.0295 0.0019 0.9996
8.7311 -0.0926 -1.6576 100.0378 0.0028 0.0302 0.0020 0.9995
8.8351 -0.0249 -1.6886 101.2282 0.0026 0.0307 0.0018 0.9995
8.9391 0.0284 -1.7101 102.3950 0.0019 0.0301 0.0018 0.9995
9.0431 0.1027 -1.7411 103.5924 0.0013 0.0295 0.0020 0.9996
9.1471 0.1641 -1.7639 104.7861 0.0008 0.0287 0.0019 0.9996
9.2511 0.2296 -1.7889 105.9790 0.0006 0.0273 0.0018 0.9996
9.3550 0.2778 -1.8086 107.1827 0.0005 0.0259 0.0015 0.9997
9.4590 0.3349 -1.8282 108.3875 0.0007 0.0240 0.0011 0.9997
9.5630 0.3807 -1.8546 109.5890 0.0006 0.0221 0.0011 0.9998
9.6669 0.4239 -1.8735 110.8223 0.0001 0.0200 0.0009 0.9998
9.7709 0.4586 -1.8997 112.0286 -0.0003 0.0178 0.0007 0.9998
9.8748 0.4789 -1.9202 113.2630 -0.0006 0.0157 0.0007 0.9999
9.9788 0.5086 -1.9464 114.4673 -0.0008 0.0132 0.0004 0.9999
10.0828 0.5169 -1.9687 115.6878 -0.0008 0.0108 -0.0000 0.9999
10.1866 0.5273 -1.9876 116.9211 -0.0006 0.0084 -0.0002 1.0000
10.2906 0.5307 -2.0115 118.1474 -0.0005 0.0060 -0.0005 1.0000
10.3946 0.5376 -2.0341 119.3767 -0.0004 0.0043 -0.0012 1.0000
10.4986 0.5325 -2.0521 120.6034 -0.0004 0.0032 -0.0027 1.0000
10.6026 0.5249 -2.0824 121.8568 -0.0004 0.0026 -0.0032 1.0000
10.7067 0.5227 -2.1040 123.1023 -0.0004 0.0021 -0.0040 1.0000
10.8108 0.5170 -2.1216 124.3432 -0.0008 0.0015 -0.0047 1.0000
10.9147 0.5107 -2.1528 125.5858 -0.0010 0.0013 -0.0050 1.0000
11.0188 0.5026 -2.1720 126.8352 -0.0019 0.0008 -0.0066 1.0000
11.1227 0.4973 -2.1640 128.0809 -0.0033 0.0005 -0.0073 1.0000
11.2267 0.4870 -2.2067 129.3269 -0.0035 0.0004 -0.0066 1.0000
11.3308 0.4796 -2.2209 130.5868 -0.0029 -0.0000 -0.0069 1.0000
11.4346 0.4750 -2.2338 131.8468 -0.0032 -0.0002 -0.0057 1.0000
11.5386 0.4632 -2.2541 133.1055 -0.0040 -0.0009 -0.0040 1.0000
11.6426 0.4693 -2.2681 134.3861 -0.0049 -0.0010 -0.0028 1.0000
11.7466 0.4624 -2.2749 135.6430 -0.0054 -0.0010 -0.0015 1.0000
11.8506 0.4528 -2.3004 136.9076 -0.0047 -0.0011 0.0002 1.0000
11.9546 0.4568 -2.3088 138.1698 -0.0041 -0.0009 0.0010 1.0000
12.0585 0.4514 -2.3314 139.4478 -0.0041 -0.0009 0.0021 1.0000
12.1625 0.4326 -2.3365 140.7374 -0.0042 -0.0007 0.0021 1.0000
12.2665 0.4281 -2.3512 142.0163 -0.0050 -0.0003 0.0021 1.0000
12.3704 0.4172 -2.3520 143.2807 -0.0058 -0.0000 0.0013 1.0000
12.4744 0.3981 -2.3786 144.5536 -0.0053 0.0005 0.0012 1.0000
12.5784 0.4038 -2.3842 145.8281 -0.0042 0.0007 0.0006 1.0000
12.6822 0.3900 -2.4060 147.1160 -0.0032 0.0007 0.0009 1.0000
12.7863 0.3758 -2.4374 148.3969 -0.0012 0.0011 0.0012 1.0000
12.8902 0.3734 -2.4558 149.6576 0.0005 0.0011 0.0010 1.0000
12.9941 0.3750 -2.4854 150.9118 0.0010 0.0012 0.0012 1.0000
13.0981 0.3587 -2.5149 152.1955 0.0009 0.0013 0.0014 1.0000
13.2021 0.3618 -2.5381 153.4734 0.0008 0.0011 0.0011 1.0000
13.3060 0.3537 -2.5661 154.7361 0.0002 0.0013 0.0010 1.0000
13.4100 0.3484 -2.5929 156.0005 0.0000 0.0009 0.0008 1.0000
13.5140 0.3440 -2.6197 157.2727 0.0002 0.0006 0.0005 1.0000
13.6179 0.3331 -2.6443 158.5332 0.0000 0.0005 0.0004 1.0000
13.7219 0.3384 -2.6770 159.7901 -0.0005 0.0000 0.0006 1.0000
13.8257 0.3318 -2.6956 161.0636 -0.0007 -0.0001 0.0003 1.0000
13.9298 0.3234 -2.7278 162.3396 -0.0003 -0.0006 0.0002 1.0000
14.0337 0.3057 -2.7509 163.5801 0.0000 -0.0009 -0.0000 1.0000
14.1378 0.2934 -2.7650 164.8518 0.0003 -0.0011 -0.0003 1.0000
14.2416 0.2954 -2.7997 166.1303 0.0005 -0.0015 -0.0004 1.0000
14.3456 0.2626 -2.8342 167.3836 0.0010 -0.0017 -0.0007 1.0000
14.4497 0.2541 -2.8565 168.6533 0.0010 -0.0021 -0.0007 1.0000
14.5536 0.2469 -2.8839 169.9276 0.0005 -0.0025 -0.0006 1.0000
14.6575 0.2350 -2.9105 171.1950 0.0002 -0.0030 -0.0008 1.0000
14.7615 0.2275 -2.9364 172.4746 0.0000 -0.0034 -0.0009 1.0000
14.8654 0.1968 -2.9663 173.7186 -0.0001 -0.0034 -0.0010 1.0000
14.9694 0.1720 -2.9945 174.9786 0.0002 -0.0039 -0.0014 1.0000
15.0732 0.1601 -3.0175 176.2578 0.0004 -0.0040 -0.0017 1.0000
15.1773 0.1355 -3.0379 177.5128 0.0003 -0.0041 -0.0017 1.0000
15.2813 0.1169 -3.0670 178.7898 0.0006 -0.0044 -0.0016 1.0000
15.3851 0.1058 -3.0998 180.0442 0.0012 -0.0043 -0.0014 1.0000
15.4891 0.0911 -3.1425 181.2892 0.0013 -0.0042 0.0002 1.0000
15.5931 0.0650 -3.1612 182.5740 -0.0003 -0.0046 0.0001 1.0000
15.6970 0.0483 -3.1789 183.8506 -0.0024 -0.0046 0.0009 1.0000
15.8010 0.0197 -3.2032 185.1028 -0.0023 -0.0048 0.0006 1.0000
15.9050 0.0116 -3.2304 186.3596 -0.0009 -0.0045 -0.0003 1.0000
16.0090 -0.0165 -3.2556 187.6018 0.0001 -0.0047 -0.0007 1.0000
16.1129 -0.0326 -3.2809 188.8559 0.0001 -0.0049 -0.0004 1.0000
16.2169 -0.0486 -3.3076 190.0991 -0.0003 -0.0047 -0.0005 1.0000
16.3209 -0.0775 -3.3227 191.3520 -0.0013 -0.0047 -0.0004 1.0000
16.4249 -0.0864 -3.3582 192.5887 -0.0018 -0.0042 -0.0001 1.0000
16.5289 -0.1009 -3.3707 193.8115 -0.0017 -0.0039 -0.0001 1.0000
16.6329 -0.1113 -3.4098 195.0587 -0.0010 -0.0031 0.0002 1.0000
16.7368 -0.1344 -3.4293 196.2838 -0.0003 -0.0022 -0.0001 1.0000
16.8408 -0.1475 -3.4623 197.5088 -0.0001 -0.0018 0.0006 1.0000
16.9448 -0.1609 -3.4840 198.7374 -0.0004 -0.0010 0.0005 1.0000
17.0488 -0.1691 -3.5083 199.9531 -0.0011 -0.0004 0.0007 1.0000
17.1528 -0.1737 -3.5386 201.1530 -0.0014 0.0001 0.0004 1.0000
17.2568 -0.1840 -3.5643 202.3678 -0.0013 0.0008 0.0003 1.0000
17.3607 -0.1876 -3.5911 203.5676 -0.0014 0.0012 0.0001 1.0000
17.4648 -0.1944 -3.6141 204.7512 -0.0016 0.0018 0.0002 1.0000
17.5688 -0.1966 -3.6412 205.9339 -0.0016 0.0022 -0.0001 1.0000
17.6728 -0.1952 -3.6591 207.0982 -0.0016 0.0027 0.0001 1.0000
17.7768 -0.1904 -3.6916 208.2726 -0.0017 0.0031 0.0004 1.0000
17.8806 -0.1962 -3.7064 209.4128 -0.0019 0.0031 0.0005 1.0000
17.9846 -0.1978 -3.7310 210.5370 -0.0024 0.0031 0.0010 1.0000
18.0886 -0.1929 -3.7471 211.6447 -0.0025 0.0025 0.0008 1.0000
18.1926 -0.1912 -3.7775 212.7463 -0.0022 0.0024 0.0007 1.0000
18.2966 -0.1938 -3.7924 213.8278 -0.0018 0.0023 0.0006 1.0000
18.4006 -0.2012 -3.8153 214.9080 -0.0018 0.0019 0.0006 1.0000
18.5046 -0.1961 -3.8457 215.9783 -0.0018 0.0014 0.0009 1.0000
18.6085 -0.1986 -3.8654 217.0307 -0.0020 0.0004 0.0009 1.0000
18.7125 -0.2028 -3.8966 218.0683 -0.0027 -0.0005 0.0013 1.0000
18.8165 -0.2169 -3.9073 219.1110 -0.0036 -0.0014 0.0016 1.0000
18.9205 -0.2354 -3.9308 220.1060 -0.0037 -0.0026 0.0014 1.0000
19.0246 -0.2592 -3.9468 221.0869 -0.0035 -0.0039 0.0012 1.0000
19.1286 -0.2703 -3.9623 222.0569 -0.0036 -0.0053 0.0011 1.0000
19.2326 -0.2894 -3.9801 222.9898 -0.0038 -0.0067 0.0010 1.0000
19.3365 -0.3057 -3.9970 223.9247 -0.0037 -0.0081 0.0008 1.0000
19.4405 -0.3331 -4.0177 224.8137 -0.0036 -0.0098 0.0008 0.9999
19.5446 -0.3559 -4.0364 225.6954 -0.0034 -0.0113 0.0009 0.9999
19.6486 -0.3951 -4.0489 226.5427 -0.0033 -0.0131 0.0004 0.9999
19.7526 -0.4302 -4.0680 227.3842 -0.0029 -0.0145 0.0003 0.9999
19.8566 -0.4631 -4.0834 228.2020 -0.0028 -0.0156 -0.0005 0.9999
19.9608 -0.4906 -4.1007 228.9937 -0.0030 -0.0161 -0.0008 0.9999
20.0649 -0.5245 -4.1182 229.7740 -0.0034 -0.0159 -0.0008 0.9999
20.1689 -0.5534 -4.1315 230.5342 -0.0038 -0.0158 -0.0009 0.9999
20.2730 -0.5838 -4.1469 231.2849 -0.0037 -0.0156 -0.0007 0.9999
20.3770 -0.6155 -4.1605 232.0072 -0.0028 -0.0153 -0.0011 0.9999
20.4811 -0.6315 -4.1714 232.7381 -0.0019 -0.0151 -0.0012 0.9999
20.5853 -0.6604 -4.1950 233.4639 -0.0012 -0.0142 -0.0011 0.9999
20.6893 -0.6835 -4.2024 234.1877 -0.0010 -0.0136 -0.0015 0.9999
20.7934 -0.7057 -4.2207 234.9352 -0.0009 -0.0129 -0.0014 0.9999
20.8975 -0.7166 -4.2359 235.6342 -0.0008 -0.0119 -0.0013 0.9999
21.0015 -0.7462 -4.2499 236.3383 -0.0007 -0.0110 -0.0012 0.9999
21.1056 -0.7681 -4.2677 237.0451 -0.0006 -0.0097 -0.0013 1.0000
21.2096 -0.7858 -4.2774 237.7493 -0.0008 -0.0084 -0.0012 1.0000
21.3138 -0.7927 -4.2917 238.4451 -0.0009 -0.0069 -0.0009 1.0000
21.4178 -0.8063 -4.3106 239.1674 -0.0012 -0.0053 -0.0003 1.0000
21.5219 -0.8121 -4.3261 239.8486 -0.0012 -0.0039 -0.0000 1.0000
21.6260 -0.8240 -4.3391 240.5415 -0.0011 -0.0023 0.0001 1.0000
21.7300 -0.8222 -4.3502 241.2251 -0.0010 -0.0008 0.0002 1.0000
21.8341 -0.8249 -4.3539 241.9129 -0.0007 0.0005 0.0000 1.0000
21.9383 -0.8239 -4.3727 242.6234 -0.0004 0.0021 -0.0002 1.0000
22.0423 -0.8180 -4.3868 243.3068 -0.0008 0.0034 -0.0001 1.0000
22.1464 -0.8215 -4.3949 244.0204 -0.0010 0.0048 -0.0001 1.0000
22.2505 -0.8056 -4.4138 244.7172 -0.0010 0.0059 -0.0000 1.0000
22.3545 -0.8051 -4.4241 245.4360 -0.0005 0.0070 -0.0001 1.0000
22.4587 -0.8009 -4.4463 246.1519 0.0008 0.0079 -0.0003 1.0000
22.5628 -0.7946 -4.4592 246.8562 0.0016 0.0084 0.0003 1.0000
22.6668 -0.7746 -4.4657 247.5789 0.0018 0.0085 0.0001 1.0000
22.7708 -0.7693 -4.4910 248.2977 0.0021 0.0087 0.0005 1.0000
22.8748 -0.7658 -4.5036 249.0527 0.0022 0.0088 0.0002 1.0000
22.9789 -0.7584 -4.5103 249.7787 0.0025 0.0089 -0.0001 1.0000
23.0829 -0.7455 -4.5351 250.5213 0.0033 0.0090 0.0000 1.0000
23.1869 -0.7334 -4.5636 251.2785 0.0046 0.0093 0.0020 0.9999
23.2909 -0.7153 -4.5922 252.0416 0.0048 0.0093 0.0027 0.9999
23.3950 -0.7135 -4.6045 252.8136 0.0033 0.0097 0.0027 0.9999
23.4990 -0.7064 -4.5978 253.5946 0.0003 0.0098 0.0006 1.0000
23.6030 -0.6757 -4.6171 254.3942 -0.0018 0.0102 0.0012 0.9999
23.7072 -0.6582 -4.6331 255.1941 -0.0009 0.0113 0.0020 0.9999
23.8111 -0.6385 -4.6551 255.9660 0.0022 0.0132 0.0008 0.9999
23.9153 -0.6368 -4.6628 256.7905 0.0043 0.0155 -0.0004 0.9999
24.0193 -0.6159 -4.6821 257.6101 0.0042 0.0169 -0.0010 0.9998
24.1233 -0.5852 -4.6963 258.4492 0.0031 0.0185 -0.0002 0.9998
24.2274 -0.5530 -4.7152 259.2679 0.0015 0.0200 0.0016 0.9998
24.3314 -0.5153 -4.7365 260.1022 0.0007 0.0213 0.0028 0.9998
24.4355 -0.4794 -4.7520 260.9600 0.0003 0.0230 0.0030 0.9997
24.5395 -0.4454 -4.7655 261.7888 0.0013 0.0243 0.0020 0.9997
24.6436 -0.4195 -4.7899 262.6059 0.0023 0.0255 0.0016 0.9997
24.7476 -0.3668 -4.8089 263.4846 0.0026 0.0265 0.0012 0.9996
24.8518 -0.3287 -4.8206 264.3154 0.0016 0.0280 0.0010 0.9996
24.9558 -0.2772 -4.8374 265.1632 0.0007 0.0296 0.0007 0.9996
25.0598 -0.2405 -4.8609 265.9777 0.0007 0.0311 0.0001 0.9995
25.1638 -0.1816 -4.8789 266.8257 0.0009 0.0323 0.0001 0.9995
25.2678 -0.1258 -4.9058 267.6901 0.0011 0.0335 0.0007 0.9994
25.3718 -0.0641 -4.9222 268.5450 0.0009 0.0345 0.0020 0.9994
25.4758 -0.0093 -4.9422 269.3819 0.0008 0.0348 0.0029 0.9994
25.5798 0.0397 -4.9662 270.2354 0.0008 0.0351 0.0031 0.9994
25.6838 0.1024 -4.9743 271.0993 0.0007 0.0354 0.0034 0.9994
25.7876 0.1499 -4.9868 271.9439 0.0005 0.0353 0.0034 0.9994
25.8916 0.1977 -5.0012 272.8006 0.0002 0.0350 0.0034 0.9994
25.9955 0.2648 -5.0306 273.6741 0.0006 0.0344 0.0031 0.9994
26.0995 0.3174 -5.0480 274.5252 0.0010 0.0335 0.0031 0.9994
26.2035 0.3583 -5.0735 275.3666 0.0013 0.0328 0.0024 0.9995
26.3074 0.4148 -5.0825 276.2169 0.0014 0.0322 0.0023 0.9995
26.4114 0.4596 -5.1100 277.0698 0.0015 0.0312 0.0016 0.9995
26.5153 0.5090 -5.1250 277.9442 0.0014 0.0301 0.0015 0.9995
26.6193 0.5467 -5.1453 278.7750 0.0007 0.0287 0.0016 0.9996
26.7231 0.5842 -5.1701 279.6394 -0.0005 0.0266 0.0021 0.9996
26.8271 0.6204 -5.1959 280.4798 -0.0015 0.0244 0.0029 0.9997
26.9311 0.6514 -5.2117 281.2922 -0.0022 0.0221 0.0031 0.9997
27.0351 0.6766 -5.2304 282.1307 -0.0024 0.0195 0.0032 0.9998
27.1391 0.6994 -5.2456 282.9474 -0.0027 0.0173 0.0031 0.9998
27.2433 0.7121 -5.2579 283.7350 -0.0028 0.0148 0.0039 0.9999
27.3473 0.7404 -5.2784 284.5365 -0.0027 0.0127 0.0039 0.9999
27.4514 0.7391 -5.2898 285.2905 -0.0026 0.0108 0.0037 0.9999
27.5554 0.7386 -5.2987 286.0371 -0.0026 0.0089 0.0035 1.0000
27.6594 0.7422 -5.3155 286.7855 -0.0027 0.0069 0.0037 1.0000
27.7634 0.7560 -5.3358 287.4926 -0.0023 0.0047 0.0042 1.0000
27.8674 0.7383 -5.3466 288.1714 -0.0017 0.0024 0.0038 1.0000
27.9714 0.7399 -5.3698 288.8389 -0.0007 -0.0006 0.0027 1.0000
28.0754 0.7187 -5.3766 289.5043 0.0002 -0.0048 0.0025 1.0000
28.1793 0.6961 -5.3984 290.1447 0.0007 -0.0101 0.0025 0.9999
28.2833 0.6568 -5.4141 290.7555 0.0008 -0.0167 0.0024 0.9999
28.3870 0.6006 -5.4309 291.3596 0.0006 -0.0249 0.0020 0.9997
28.4909 0.5460 -5.4410 291.9861 0.0003 -0.0347 0.0010 0.9994
28.5948 0.4805 -5.4494 292.5533 0.0005 -0.0461 0.0002 0.9989
28.6985 0.3798 -5.4644 293.1238 0.0005 -0.0587 -0.0005 0.9983
28.8023 0.2782 -5.4772 293.6835 0.0005 -0.0726 -0.0012 0.9974
28.9060 0.1639 -5.4812 294.2142 0.0001 -0.0881 -0.0016 0.9961
29.0098 0.0255 -5.5019 294.7512 -0.0007 -0.1051 -0.0018 0.9945
29.1135 -0.1379 -5.5180 295.2663 -0.0014 -0.1232 -0.0019 0.9924
29.2173 -0.2962 -5.5276 295.7323 -0.0025 -0.1425 -0.0024 0.9898
29.3210 -0.5077 -5.5355 296.2165 -0.0034 -0.1624 -0.0031 0.9867
29.4246 -0.7015 -5.5422 296.6595 -0.0045 -0.1832 -0.0034 0.9831
29.5284 -0.9425 -5.5579 297.1175 -0.0054 -0.2046 -0.0034 0.9788
29.6322 -1.1779 -5.5558 297.5467 -0.0058 -0.2270 -0.0032 0.9739
29.7358 -1.4200 -5.5684 297.9188 -0.0064 -0.2502 -0.0029 0.9682
29.8395 -1.7339 -5.5760 298.3342 -0.0072 -0.2741 -0.0025 0.9617
29.9433 -2.0487 -5.5754 298.7055 -0.0080 -0.2987 -0.0021 0.9543
30.0471 -2.3259 -5.5714 299.0126 -0.0081 -0.3236 -0.0026 0.9462
30.1509 -2.6832 -5.5770 299.3777 -0.0084 -0.3494 -0.0023 0.9369
30.2546 -3.0142 -5.5722 299.6363 -0.0099 -0.3757 -0.0009 0.9267
30.3584 -3.4054 -5.5848 299.9497 -0.0125 -0.4033 0.0006 0.9150
30.4620 -3.7727 -5.5910 300.1922 -0.0145 -0.4316 0.0016 0.9019
30.5658 -4.1226 -5.5904 300.3590 -0.0154 -0.4597 0.0004 0.8880
30.6695 -4.5637 -5.5772 300.5695 -0.0151 -0.4876 -0.0027 0.8729
30.7734 -4.9670 -5.5595 300.7107 -0.0147 -0.5149 -0.0046 0.8571
30.8771 -5.3155 -5.5715 300.8052 -0.0151 -0.5414 -0.0061 0.8406
30.9809 -5.7661 -5.5590 300.9361 -0.0158 -0.5676 -0.0066 0.8231
31.0848 -6.1301 -5.5626 301.0002 -0.0172 -0.5925 -0.0070 0.8054
31.1886 -6.5847 -5.5398 301.0604 -0.0187 -0.6174 -0.0077 0.7864
31.2924 -6.9999 -5.5609 301.0935 -0.0204 -0.6419 -0.0085 0.7665
31.3963 -7.3712 -5.5294 301.0735 -0.0211 -0.6660 -0.0099 0.7456
31.5002 -7.8719 -5.5249 301.0465 -0.0228 -0.6902 -0.0115 0.7232
31.6039 -8.2973 -5.5021 300.9817 0.0250 0.7137 0.0137 -0.6999
31.7078 -8.6820 -5.4940 300.8887 0.0270 0.7367 0.0155 -0.6755
31.8117 -9.1914 -5.4639 300.7414 0.0291 0.7591 0.0179 -0.6501
31.9155 -9.6041 -5.4451 300.6260 0.0315 0.7803 0.0196 -0.6244
32.0194 -10.1029 -5.4263 300.4043 0.0336 0.8008 0.0208 -0.5976
32.1233 -10.5463 -5.3959 300.1744 0.0347 0.8198 0.0210 -0.5712
32.2273 -10.9519 -5.3749 299.9429 0.0352 0.8376 0.0208 -0.5448
32.3313 -11.4305 -5.3404 299.6529 0.0354 0.8542 0.0206 -0.5184
32.4354 -11.8438 -5.3108 299.3616 0.0355 0.8690 0.0206 -0.4931
32.5395 -12.3217 -5.2843 298.9705 0.0355 0.8825 0.0208 -0.4686
32.6438 -12.7784 -5.2377 298.5938 0.0358 0.8940 0.0214 -0.4461
32.7480 -13.2304 -5.1944 298.1836 0.0378 0.9045 0.0218 -0.4243
32.8522 -13.7022 -5.1769 297.7029 0.0413 0.9146 0.0222 -0.4015
32.9564 -14.1296 -5.1395 297.2413 0.0442 0.9243 0.0228 -0.3783
33.0605 -14.5887 -5.0907 296.6869 0.0457 0.9332 0.0230 -0.3556
33.1648 -14.9837 -5.0416 296.1462 0.0445 0.9414 0.0221 -0.3337
33.2690 -15.4158 -5.0264 295.5107 0.0434 0.9487 0.0203 -0.3125
33.3731 -15.8163 -4.9627 294.8685 0.0414 0.9555 0.0182 -0.2916
33.4774 -16.1888 -4.9602 294.2188 0.0405 0.9615 0.0166 -0.2714
33.5816 -16.5760 -4.9012 293.4674 0.0398 0.9670 0.0166 -0.2513
33.6858 -16.9260 -4.8611 292.7176 0.0388 0.9721 0.0169 -0.2308
33.7900 -17.2569 -4.8427 291.9204 0.0380 0.9767 0.0164 -0.2108
33.8942 -17.5693 -4.8042 291.0980 0.0395 0.9809 0.0163 -0.1900
33.9983 -17.8664 -4.7952 290.2335 0.0413 0.9845 0.0164 -0.1698
34.1025 -18.1175 -4.7410 289.3491 0.0416 0.9877 0.0174 -0.1500
34.2067 -18.3690 -4.7097 288.4090 0.0437 0.9903 0.0180 -0.1305
34.3108 -18.5692 -4.6681 287.4642 0.0438 0.9926 0.0182 -0.1119
34.4149 -18.7511 -4.6464 286.4995 0.0427 0.9945 0.0164 -0.0944
34.5190 -18.8804 -4.6262 285.4708 0.0425 0.9959 0.0153 -0.0778
34.6233 -19.0034 -4.5981 284.4253 0.0423 0.9971 0.0153 -0.0617
34.7274 -19.0962 -4.5614 283.3724 0.0414 0.9980 0.0154 -0.0461
34.8317 -19.1523 -4.5357 282.2881 0.0413 0.9985 0.0150 -0.0317
34.9358 -19.1984 -4.5153 281.1418 0.0412 0.9989 0.0148 -0.0183
35.0400 -19.1919 -4.4919 280.0226 0.0401 0.9991 0.0154 -0.0059
35.1442 -19.1729 -4.4649 278.8428 0.0393 0.9991 0.0161 0.0062
35.2484 -19.1165 -4.4461 277.6625 0.0382 0.9990 0.0158 0.0165
35.3526 -19.0534 -4.4335 276.4690 0.0357 0.9989 0.0146 0.0249
35.4569 -18.9619 -4.4128 275.2406 0.0331 0.9989 0.0139 0.0312
35.5613 -18.8603 -4.3962 274.0282 0.0309 0.9988 0.0149 0.0351
35.6655 -18.7515 -4.3751 272.7642 0.0294 0.9988 0.0156 0.0367
35.7698 -18.6404 -4.3587 271.5041 0.0286 0.9988 0.0150 0.0372
35.8742 -18.5344 -4.3364 270.2271 0.0273 0.9989 0.0142 0.0362
35.9783 -18.4357 -4.3192 268.9314 0.0271 0.9989 0.0146 0.0349
36.0825 -18.3401 -4.2977 267.6175 0.0267 0.9990 0.0150 0.0337
36.1867 -18.2444 -4.2811 266.2801 0.0261 0.9990 0.0153 0.0317
36.2909 -18.1535 -4.2614 264.9610 0.0254 0.9991 0.0162 0.0292
36.3950 -18.0778 -4.2398 263.6050 0.0253 0.9992 0.0173 0.0261
36.4992 -17.9962 -4.2195 262.2685 0.0252 0.9992 0.0182 0.0238
36.6031 -17.9322 -4.2007 260.9247 0.0251 0.9993 0.0183 0.0213
36.7073 -17.8622 -4.1832 259.5933 0.0243 0.9994 0.0180 0.0185
36.8113 -17.8172 -4.1552 258.2524 0.0238 0.9994 0.0176 0.0160
36.9153 -17.7677 -4.1355 256.9046 0.0234 0.9995 0.0174 0.0131
37.0193 -17.7326 -4.1115 255.5396 0.0231 0.9995 0.0183 0.0106
37.1233 -17.7049 -4.0791 254.2089 0.0237 0.9995 0.0200 0.0082
37.2273 -17.6786 -4.0645 252.8428 0.0236 0.9995 0.0200 0.0059
37.3312 -17.6540 -4.0375 251.5037 0.0242 0.9995 0.0197 0.0042
37.4352 -17.6492 -4.0072 250.1361 0.0242 0.9995 0.0195 0.0027
37.5390 -17.6210 -3.9909 248.7846 0.0244 0.9995 0.0178 0.0015
37.6429 -17.6128 -3.9770 247.4386 0.0240 0.9996 0.0168 0.0003
37.7468 -17.6096 -3.9412 246.0465 0.0240 0.9996 0.0175 -0.0010
37.8505 -17.6115 -3.9205 244.6715 0.0243 0.9995 0.0185 -0.0016
37.9544 -17.6020 -3.8970 243.2941 0.0243 0.9995 0.0186 -0.0022
38.0581 -17.5965 -3.8740 241.9279 0.0248 0.9995 0.0188 -0.0023
38.1620 -17.6094 -3.8417 240.5469 0.0250 0.9995 0.0188 -0.0020
38.2658 -17.6045 -3.8199 239.1701 0.0260 0.9995 0.0181 -0.0017
38.3695 -17.6020 -3.7951 237.7930 0.0267 0.9995 0.0171 -0.0013
38.4733 -17.5975 -3.7764 236.4034 0.0271 0.9995 0.0175 -0.0009
38.5770 -17.5854 -3.7473 234.9962 0.0276 0.9994 0.0191 -0.0005
38.6808 -17.5732 -3.7251 233.6134 0.0273 0.9994 0.0195 0.0002
38.7846 -17.5620 -3.6893 232.2140 0.0266 0.9995 0.0198 0.0005
38.8884 -17.5613 -3.6663 230.8220 0.0260 0.9995 0.0197 0.0009
38.9922 -17.5333 -3.6323 229.4200 0.0251 0.9995 0.0196 0.0013
39.0959 -17.5284 -3.6137 227.9881 0.0253 0.9995 0.0189 0.0013
39.1996 -17.5099 -3.5873 226.5819 0.0251 0.9995 0.0181 0.0014
39.3034 -17.4970 -3.5597 225.1640 0.0256 0.9995 0.0183 0.0015
39.4073 -17.4848 -3.5394 223.7465 0.0255 0.9995 0.0187 0.0015
39.5110 -17.4656 -3.5182 222.3235 0.0255 0.9995 0.0190 0.0016
39.6148 -17.4500 -3.4804 220.9143 0.0250 0.9995 0.0193 0.0019
39.7185 -17.4461 -3.4601 219.4326 0.0254 0.9995 0.0194 0.0013
39.8222 -17.4244 -3.4294 218.0273 0.0250 0.9995 0.0188 0.0017
39.9259 -17.4202 -3.4123 216.5746 0.0255 0.9995 0.0191 0.0017
40.0297 -17.4082 -3.3706 215.1302 0.0260 0.9995 0.0198 0.0018
40.1334 -17.3950 -3.3449 213.6998 0.0263 0.9995 0.0196 0.0018
40.2370 -17.3824 -3.3310 212.2455 0.0263 0.9995 0.0184 0.0016
40.3408 -17.3626 -3.3001 210.7943 0.0261 0.9995 0.0183 0.0018
40.4445 -17.3482 -3.2665 209.3437 0.0265 0.9995 0.0185 0.0015
40.5483 -17.3321 -3.2513 207.8964 0.0259 0.9995 0.0177 0.0016
40.6520 -17.3156 -3.2322 206.4319 0.0256 0.9995 0.0183 0.0017
40.7558 -17.3089 -3.1894 204.9391 0.0254 0.9995 0.0193 0.0016
40.8595 -17.2881 -3.1655 203.4845 0.0252 0.9995 0.0193 0.0017
40.9633 -17.2758 -3.1376 202.0230 0.0257 0.9995 0.0192 0.0017
41.0670 -17.2530 -3.1157 200.5488 0.0257 0.9995 0.0189 0.0016
41.1708 -17.2429 -3.0973 199.0734 0.0259 0.9995 0.0198 0.0015
41.2745 -17.2271 -3.0619 197.6054 0.0258 0.9994 0.0210 0.0009
41.3783 -17.2234 -3.0334 196.1467 0.0256 0.9994 0.0213 0.0006
41.4821 -17.2053 -3.0019 194.6901 0.0251 0.9995 0.0212 0.0001
41.5859 -17.1921 -2.9708 193.2087 0.0244 0.9995 0.0213 -0.0004
41.6897 -17.1827 -2.9357 191.7580 0.0246 0.9995 0.0212 -0.0009
41.7935 -17.1871 -2.9160 190.3004 0.0249 0.9995 0.0207 -0.0013
41.8973 -17.1777 -2.8889 188.8492 0.0248 0.9995 0.0206 -0.0016
42.0010 -17.1792 -2.8553 187.4035 0.0250 0.9995 0.0208 -0.0018
42.1048 -17.1822 -2.8365 185.9410 0.0246 0.9995 0.0206 -0.0023
42.2085 -17.1678 -2.8043 184.5140 0.0247 0.9995 0.0210 -0.0026
42.3123 -17.1731 -2.7704 183.0654 0.0248 0.9995 0.0217 -0.0028
42.4160 -17.1617 -2.7434 181.6085 0.0249 0.9994 0.0220 -0.0035
42.5199 -17.1640 -2.7171 180.1869 0.0245 0.9995 0.0215 -0.0044
42.6237 -17.1695 -2.6895 178.7681 0.0244 0.9995 0.0210 -0.0055
42.7274 -17.1861 -2.6570 177.3232 0.0246 0.9994 0.0216 -0.0066
42.8312 -17.2091 -2.6256 175.9070 0.0253 0.9994 0.0226 -0.0075
42.9349 -17.2159 -2.5981 174.4946 0.0257 0.9994 0.0222 -0.0086
43.0387 -17.2377 -2.5678 173.1141 0.0255 0.9994 0.0222 -0.0095
43.1424 -17.2676 -2.5464 171.7356 0.0258 0.9994 0.0229 -0.0105
43.2462 -17.2836 -2.5122 170.3490 0.0257 0.9993 0.0234 -0.0118
43.3499 -17.3034 -2.4852 169.0398 0.0263 0.9993 0.0241 -0.0128
43.4537 -17.3327 -2.4595 167.7134 0.0261 0.9993 0.0239 -0.0136
43.5574 -17.3591 -2.4365 166.3677 0.0263 0.9993 0.0240 -0.0144
43.6610 -17.3939 -2.4097 165.1025 0.0262 0.9992 0.0251 -0.0148
43.7648 -17.4136 -2.3737 163.8207 0.0265 0.9992 0.0251 -0.0153
43.8685 -17.4384 -2.3515 162.6073 0.0263 0.9992 0.0245 -0.0152
43.9723 -17.4752 -2.3124 161.3998 0.0257 0.9993 0.0241 -0.0152
44.0759 -17.5100 -2.2989 160.1800 0.0262 0.9992 0.0242 -0.0151
44.1797 -17.5364 -2.2800 159.0635 0.0261 0.9993 0.0243 -0.0149
44.2833 -17.5606 -2.2507 157.9208 0.0261 0.9992 0.0246 -0.0148
44.3870 -17.5931 -2.2290 156.7866 0.0262 0.9992 0.0254 -0.0145
44.4908 -17.6198 -2.2040 155.7217 0.0261 0.9992 0.0258 -0.0141
44.5945 -17.6369 -2.1803 154.6607 0.0257 0.9992 0.0255 -0.0140
44.6983 -17.6597 -2.1578 153.6681 0.0257 0.9993 0.0251 -0.0139
44.8022 -17.6894 -2.1415 152.6490 0.0258 0.9993 0.0246 -0.0137
44.9059 -17.7056 -2.1105 151.6603 0.0253 0.9993 0.0245 -0.0135
45.0098 -17.7193 -2.1049 150.7159 0.0256 0.9993 0.0251 -0.0133
45.1135 -17.7382 -2.0879 149.8060 0.0254 0.9993 0.0252 -0.0130
45.2174 -17.7585 -2.0663 148.8812 0.0257 0.9993 0.0254 -0.0128
45.3212 -17.7778 -2.0486 148.0092 0.0257 0.9993 0.0256 -0.0124
45.4250 -17.7923 -2.0160 147.1470 0.0253 0.9993 0.0254 -0.0122
45.5289 -17.8063 -2.0009 146.3026 0.0255 0.9993 0.0245 -0.0120
45.6328 -17.8216 -1.9792 145.4658 0.0272 0.9993 0.0232 -0.0119
45.7367 -17.8409 -1.9729 144.6354 0.0275 0.9993 0.0230 -0.0116
45.8405 -17.8482 -1.9486 143.8454 0.0273 0.9993 0.0231 -0.0116
45.9444 -17.8643 -1.9310 143.0544 0.0273 0.9993 0.0228 -0.0115
46.0484 -17.8744 -1.9182 142.2975 0.0284 0.9993 0.0219 -0.0113
46.1524 -17.8999 -1.8999 141.5211 0.0287 0.9993 0.0216 -0.0113
46.2563 -17.9125 -1.8891 140.7704 0.0285 0.9993 0.0220 -0.0117
46.3603 -17.9261 -1.8701 140.0283 0.0285 0.9993 0.0222 -0.0118
46.4643 -17.9415 -1.8652 139.2970 0.0289 0.9993 0.0221 -0.0122
46.5683 -17.9426 -1.8475 138.5685 0.0294 0.9993 0.0217 -0.0123
46.6723 -17.9586 -1.8355 137.8537 0.0301 0.9992 0.0212 -0.0125
46.7763 -17.9788 -1.8236 137.1392 0.0306 0.9992 0.0202 -0.0126
46.8803 -17.9904 -1.8112 136.4285 0.0310 0.9993 0.0191 -0.0127
46.9843 -18.0027 -1.7989 135.7299 0.0316 0.9993 0.0180 -0.0131
47.0883 -18.0195 -1.7868 135.0301 0.0309 0.9993 0.0169 -0.0132
47.1923 -18.0244 -1.7761 134.3242 0.0300 0.9993 0.0162 -0.0135
47.2963 -18.0426 -1.7575 133.6133 0.0301 0.9993 0.0164 -0.0136
47.4003 -18.0696 -1.7735 132.9223 0.0320 0.9992 0.0181 -0.0139
47.5044 -18.0731 -1.7673 132.2327 0.0302 0.9993 0.0180 -0.0140
47.6084 -18.0791 -1.7484 131.5639 0.0275 0.9994 0.0170 -0.0142
47.7124 -18.0850 -1.7223 130.8808 0.0264 0.9995 0.0144 -0.0140
47.8164 -18.1127 -1.7365 130.1824 0.0278 0.9995 0.0110 -0.0139
47.9204 -18.1273 -1.7216 129.4786 0.0260 0.9995 0.0099 -0.0139
48.0244 -18.1373 -1.7171 128.7610 0.0234 0.9996 0.0108 -0.0136
48.1284 -18.1415 -1.7076 128.0356 0.0222 0.9996 0.0125 -0.0130
48.2324 -18.1547 -1.7041 127.3125 0.0213 0.9996 0.0141 -0.0124
48.3364 -18.1576 -1.7000 126.5571 0.0213 0.9996 0.0145 -0.0114
48.4404 -18.1581 -1.6952 125.8216 0.0215 0.9996 0.0140 -0.0099
48.5444 -18.1699 -1.6790 125.0521 0.0208 0.9997 0.0133 -0.0083
48.6484 -18.1706 -1.6670 124.2730 0.0197 0.9997 0.0133 -0.0066
48.7524 -18.1705 -1.6521 123.4693 0.0192 0.9997 0.0149 -0.0049
48.8564 -18.1588 -1.6358 122.6426 0.0194 0.9997 0.0173 -0.0032
48.9604 -18.1617 -1.6306 121.8083 0.0202 0.9996 0.0187 -0.0016
49.0645 -18.1635 -1.6108 120.9687 0.0206 0.9996 0.0189 0.0003
49.1685 -18.1557 -1.5909 120.0982 0.0214 0.9996 0.0184 0.0023
49.2725 -18.1263 -1.5740 119.2122 0.0221 0.9996 0.0171 0.0043
49.3765 -18.1170 -1.5618 118.3073 0.0232 0.9996 0.0166 0.0062
49.4805 -18.0990 -1.5350 117.3804 0.0237 0.9995 0.0168 0.0083
49.5845 -18.0722 -1.5121 116.4380 0.0244 0.9995 0.0178 0.0102
49.6885 -18.0508 -1.4879 115.4925 0.0254 0.9994 0.0189 0.0125
49.7925 -18.0114 -1.4752 114.5215 0.0268 0.9994 0.0188 0.0145
49.8965 -17.9742 -1.4528 113.5360 0.0275 0.9993 0.0179 0.0165
50.0005 -17.9287 -1.4289 112.5283 0.0279 0.9993 0.0162 0.0187
50.1046 -17.8812 -1.4122 111.4977 0.0284 0.9993 0.0155 0.0205
50.2085 -17.8282 -1.3908 110.4681 0.0283 0.9992 0.0156 0.0220
50.3125 -17.7693 -1.3682 109.3965 0.0285 0.9992 0.0152 0.0230
50.4165 -17.7128 -1.3534 108.3299 0.0281 0.9992 0.0142 0.0232
50.5205 -17.6577 -1.3421 107.2413 0.0278 0.9993 0.0124 0.0235
50.6247 -17.5925 -1.3410 106.1234 0.0282 0.9993 0.0113 0.0231
50.7287 -17.5340 -1.3086 104.9941 0.0292 0.9992 0.0126 0.0230
50.8327 -17.4799 -1.2838 103.8379 0.0296 0.9992 0.0158 0.0230
50.9368 -17.4216 -1.2720 102.6742 0.0300 0.9992 0.0169 0.0226
51.0408 -17.3609 -1.2510 101.5094 0.0294 0.9992 0.0159 0.0225
51.1448 -17.3038 -1.2330 100.3033 0.0287 0.9992 0.0152 0.0219
51.2488 -17.2252 -1.2032 99.0879 0.0282 0.9992 0.0153 0.0219
51.3528 -17.1672 -1.1878 97.8737 0.0283 0.9993 0.0149 0.0216
51.4568 -17.1075 -1.1669 96.6086 0.0282 0.9993 0.0146 0.0213
51.5608 -17.0627 -1.1476 95.3660 0.0286 0.9992 0.0158 0.0209
51.6648 -16.9915 -1.1179 94.0773 0.0286 0.9992 0.0168 0.0200
51.7688 -16.9307 -1.1022 92.7996 0.0278 0.9993 0.0163 0.0191
51.8728 -16.8751 -1.0679 91.4846 0.0275 0.9993 0.0163 0.0180
51.9768 -16.8175 -1.0284 90.1507 0.0273 0.9994 0.0157 0.0166
52.0808 -16.7762 -1.0430 88.8343 0.0266 0.9995 0.0111 0.0153
52.1847 -16.7131 -1.0245 87.4799 0.0261 0.9995 0.0093 0.0139
52.2887 -16.6906 -0.9983 86.1094 0.0266 0.9995 0.0129 0.0128
52.3927 -16.6451 -0.9797 84.7239 0.0271 0.9994 0.0163 0.0115
52.4967 -16.6026 -0.9523 83.3206 0.0264 0.9995 0.0166 0.0099
52.6007 -16.5516 -0.9147 81.9064 0.0260 0.9995 0.0159 0.0089
52.7045 -16.5232 -0.8876 80.4657 0.0260 0.9995 0.0154 0.0078
52.8085 -16.4978 -0.8651 79.0452 0.0262 0.9995 0.0155 0.0068
52.9124 -16.4797 -0.8493 77.5729 0.0265 0.9995 0.0156 0.0059
53.0164 -16.4540 -0.8173 76.0913 0.0269 0.9995 0.0164 0.0048
53.1203 -16.4212 -0.7953 74.6352 0.0269 0.9995 0.0174 0.0039
53.2242 -16.4089 -0.7554 73.1440 0.0265 0.9995 0.0189 0.0027
53.3280 -16.3832 -0.7165 71.6630 0.0261 0.9994 0.0207 0.0018
53.4319 -16.3788 -0.6991 70.1914 0.0263 0.9994 0.0213 0.0010
53.5358 -16.3730 -0.6776 68.7127 0.0259 0.9995 0.0206 0.0003
53.6397 -16.3698 -0.6491 67.2542 0.0261 0.9995 0.0203 -0.0002
53.7434 -16.3509 -0.6192 65.7840 0.0263 0.9994 0.0203 -0.0007
53.8473 -16.3423 -0.5836 64.2965 0.0259 0.9995 0.0206 -0.0011
53.9512 -16.3324 -0.5561 62.8401 0.0259 0.9995 0.0204 -0.0013
54.0549 -16.3198 -0.5435 61.3610 0.0255 0.9995 0.0194 -0.0016
54.1588 -16.3275 -0.5162 59.9057 0.0256 0.9995 0.0197 -0.0017
54.2625 -16.3270 -0.4819 58.4287 0.0259 0.9994 0.0219 -0.0017
54.3663 -16.3215 -0.4511 56.9493 0.0265 0.9994 0.0233 -0.0019
54.4702 -16.3254 -0.4135 55.4927 0.0262 0.9994 0.0229 -0.0014
54.5739 -16.3192 -0.3809 54.0207 0.0261 0.9994 0.0213 -0.0010
54.6777 -16.3095 -0.3553 52.5504 0.0253 0.9995 0.0196 -0.0005
54.7815 -16.3004 -0.3247 51.1228 0.0254 0.9995 0.0193 -0.0000
54.8853 -16.2844 -0.3068 49.6503 0.0250 0.9995 0.0199 0.0002
54.9892 -16.2814 -0.2827 48.1999 0.0256 0.9994 0.0211 0.0008
55.0929 -16.2771 -0.2530 46.7569 0.0252 0.9994 0.0230 0.0010
55.1968 -16.2616 -0.2158 45.2903 0.0247 0.9994 0.0229 0.0011
55.3005 -16.2355 -0.1821 43.8387 0.0248 0.9995 0.0208 0.0011
55.4044 -16.2228 -0.1488 42.3880 0.0247 0.9995 0.0194 0.0008
55.5082 -16.2142 -0.1282 40.9357 0.0249 0.9995 0.0194 0.0009
55.6119 -16.2113 -0.1058 39.5081 0.0254 0.9995 0.0208 0.0008
55.7158 -16.1983 -0.0782 38.0569 0.0255 0.9994 0.0213 0.0005
55.8195 -16.1773 -0.0485 36.6504 0.0247 0.9995 0.0208 0.0001
55.9233 -16.1723 -0.0180 35.2272 0.0236 0.9995 0.0205 -0.0001
56.0272 -16.1621 0.0143 33.7822 0.0234 0.9995 0.0202 -0.0004
56.1309 -16.1506 0.0371 32.3767 0.0236 0.9995 0.0197 -0.0006
56.2347 -16.1493 0.0622 30.9324 0.0242 0.9995 0.0196 -0.0006
56.3384 -16.1438 0.0730 29.5108 0.0254 0.9995 0.0202 -0.0007
56.4423 -16.1432 0.0982 28.0933 0.0257 0.9995 0.0206 -0.0008
56.5460 -16.1424 0.1303 26.6740 0.0258 0.9995 0.0202 -0.0008
56.6498 -16.1232 0.1603 25.2723 0.0249 0.9995 0.0200 -0.0009
56.7535 -16.1177 0.1865 23.8750 0.0243 0.9995 0.0201 -0.0011
56.8573 -16.1120 0.2084 22.4556 0.0239 0.9995 0.0200 -0.0013
56.9611 -16.0905 0.2347 21.0627 0.0237 0.9995 0.0206 -0.0013
57.0648 -16.0928 0.2598 19.6654 0.0241 0.9995 0.0208 -0.0015
57.1685 -16.0953 0.2837 18.2815 0.0247 0.9995 0.0212 -0.0014
57.2723 -16.0899 0.3069 16.9044 0.0248 0.9995 0.0215 -0.0015
57.3762 -16.0854 0.3395 15.5147 0.0248 0.9995 0.0206 -0.0017
57.4799 -16.0780 0.3563 14.1475 0.0236 0.9996 0.0184 -0.0018
57.5837 -16.0617 0.3779 12.7537 0.0216 0.9996 0.0173 -0.0019
57.6874 -16.0588 0.4102 11.3830 0.0205 0.9996 0.0181 -0.0018
57.7912 -16.0462 0.4321 10.0152 0.0201 0.9996 0.0193 -0.0015
57.8949 -16.0568 0.4520 8.6424 0.0206 0.9996 0.0203 -0.0017
57.9987 -16.0501 0.4817 7.2772 0.0226 0.9995 0.0216 -0.0015
58.1024 -16.0545 0.5084 5.9160 0.0249 0.9994 0.0225 -0.0014
58.2062 -16.0483 0.5289 4.5537 0.0258 0.9994 0.0220 -0.0015
58.3100 -16.0518 0.5578 3.1970 0.0262 0.9994 0.0209 -0.0014
58.4138 -16.0385 0.5905 1.8267 0.0260 0.9995 0.0198 -0.0016
58.5175 -16.0376 0.6278 0.4564 0.0251 0.9995 0.0195 -0.0015
58.6214 -16.0289 0.6550 -0.9214 0.0246 0.9995 0.0196 -0.0016
58.7252 -16.0275 0.6850 -2.2928 0.0243 0.9995 0.0194 -0.0019
58.8291 -16.0204 0.7106 -3.6810 0.0244 0.9995 0.0187 -0.0018
58.9328 -16.0130 0.7390 -5.0568 0.0242 0.9995 0.0185 -0.0019
59.0365 -16.0156 0.7642 -6.4511 0.0241 0.9995 0.0186 -0.0020
59.1404 -16.0094 0.7920 -7.8401 0.0238 0.9995 0.0185 -0.0019
59.2442 -16.0015 0.8174 -9.2498 0.0231 0.9996 0.0186 -0.0022
59.3480 -15.9883 0.8503 -10.6343 0.0222 0.9996 0.0196 -0.0021
59.4518 -15.9939 0.8710 -12.0322 0.0217 0.9996 0.0198 -0.0022
59.5556 -15.9695 0.8954 -13.4363 0.0203 0.9996 0.0185 -0.0025
59.6594 -15.9739 0.9256 -14.8450 0.0198 0.9996 0.0179 -0.0022
59.7632 -15.9732 0.9435 -16.2523 0.0199 0.9996 0.0182 -0.0022
59.8669 -15.9621 0.9691 -17.6637 0.0195 0.9997 0.0175 -0.0022
59.9708 -15.9624 0.9927 -19.0783 0.0189 0.9997 0.0157 -0.0019
60.0746 -15.9601 1.0087 -20.4974 0.0186 0.9997 0.0153 -0.0020
60.1783 -15.9470 1.0254 -21.9367 0.0192 0.9997 0.0160 -0.0017
60.2822 -15.9508 1.0356 -23.3456 0.0201 0.9997 0.0164 -0.0015
60.3859 -15.9473 1.0417 -24.7630 0.0206 0.9997 0.0161 -0.0012
60.4897 -15.9484 1.0877 -26.1895 0.0209 0.9997 0.0161 -0.0009
60.5934 -15.9387 1.0910 -27.6194 0.0205 0.9997 0.0154 -0.0010
60.6972 -15.9202 1.1280 -29.0553 0.0201 0.9997 0.0157 -0.0009
60.8010 -15.9288 1.1417 -30.4796 0.0204 0.9996 0.0174 -0.0004
60.9048 -15.9300 1.1478 -31.8857 0.0208 0.9996 0.0178 -0.0003
61.0085 -15.9163 1.1652 -33.3456 0.0217 0.9996 0.0173 0.0001
61.1123 -15.9072 1.1901 -34.7546 0.0229 0.9996 0.0175 0.0005
61.2162 -15.9096 1.2111 -36.1738 0.0239 0.9996 0.0180 0.0005
61.3199 -15.8880 1.2248 -37.6218 0.0245 0.9995 0.0181 0.0007
61.4237 -15.8861 1.2438 -39.0262 0.0255 0.9995 0.0184 0.0008
61.5275 -15.8756 1.2697 -40.4642 0.0264 0.9995 0.0190 0.0011
61.6313 -15.8622 1.2973 -41.8837 0.0277 0.9994 0.0195 0.0012
61.7351 -15.8554 1.3080 -43.2798 0.0287 0.9994 0.0179 0.0012
61.8388 -15.8347 1.3235 -44.6850 0.0295 0.9994 0.0157 0.0014
61.9425 -15.8313 1.3382 -46.0889 0.0297 0.9994 0.0152 0.0015
62.0464 -15.8237 1.3483 -47.5131 0.0300 0.9994 0.0163 0.0015
62.1502 -15.8097 1.3773 -48.9168 0.0299 0.9994 0.0167 0.0016
62.2539 -15.7966 1.3948 -50.3225 0.0296 0.9994 0.0164 0.0015
62.3577 -15.7832 1.4118 -51.7315 0.0295 0.9994 0.0163 0.0016
62.4616 -15.7715 1.4293 -53.1285 0.0296 0.9994 0.0168 0.0016
62.5653 -15.7506 1.4409 -54.5263 0.0295 0.9994 0.0160 0.0012
62.6690 -15.7438 1.4626 -55.9400 0.0290 0.9995 0.0157 0.0008
62.7729 -15.7280 1.4794 -57.3457 0.0292 0.9994 0.0161 0.0004
62.8767 -15.7209 1.4933 -58.7543 0.0293 0.9994 0.0161 -0.0002
62.9806 -15.7211 1.5032 -60.1561 0.0294 0.9994 0.0155 -0.0004
63.0843 -15.7132 1.5165 -61.5622 0.0292 0.9995 0.0154 -0.0010
63.1882 -15.7040 1.5274 -62.9650 0.0291 0.9995 0.0158 -0.0012
63.2919 -15.6908 1.5455 -64.3679 0.0287 0.9995 0.0159 -0.0017
63.3958 -15.6833 1.5644 -65.7722 0.0285 0.9995 0.0161 -0.0022
63.4995 -15.6878 1.5721 -67.1627 0.0283 0.9995 0.0162 -0.0024
63.6034 -15.6814 1.5932 -68.5705 0.0283 0.9995 0.0163 -0.0025
63.7072 -15.6754 1.5968 -69.9672 0.0284 0.9995 0.0159 -0.0025
63.8111 -15.6712 1.6116 -71.3600 0.0287 0.9995 0.0147 -0.0024
63.9148 -15.6734 1.6260 -72.7512 0.0287 0.9995 0.0145 -0.0023
64.0187 -15.6814 1.6293 -74.1318 0.0291 0.9995 0.0150 -0.0020
64.1224 -15.6797 1.6434 -75.5177 0.0300 0.9994 0.0158 -0.0017
64.2262 -15.6704 1.6665 -76.9024 0.0306 0.9994 0.0169 -0.0012
64.3300 -15.6776 1.6706 -78.2912 0.0313 0.9994 0.0168 -0.0005
64.4338 -15.6733 1.6820 -79.6444 0.0306 0.9994 0.0152 -0.0003
64.5376 -15.6591 1.6975 -81.0018 0.0300 0.9995 0.0139 -0.0000
64.6414 -15.6546 1.7163 -82.3840 0.0297 0.9995 0.0145 -0.0000
64.7453 -15.6373 1.7210 -83.7427 0.0300 0.9994 0.0167 -0.0001
64.8491 -15.6292 1.7415 -85.0973 0.0301 0.9994 0.0179 0.0001
64.9529 -15.6291 1.7575 -86.4364 0.0303 0.9994 0.0180 -0.0001
65.0567 -15.6243 1.7694 -87.8116 0.0300 0.9994 0.0173 -0.0003
65.1606 -15.6066 1.7919 -89.1361 0.0300 0.9994 0.0165 -0.0006
65.2643 -15.6055 1.7979 -90.4966 0.0291 0.9995 0.0159 -0.0011
65.3680 -15.5898 1.8137 -91.8411 0.0287 0.9995 0.0163 -0.0015
65.4719 -15.5849 1.8282 -93.1585 0.0287 0.9994 0.0170 -0.0019
65.5757 -15.5869 1.8420 -94.4847 0.0286 0.9995 0.0165 -0.0024
65.6794 -15.5817 1.8594 -95.8130 0.0286 0.9995 0.0161 -0.0026
65.7832 -15.5866 1.8757 -97.1306 0.0285 0.9995 0.0165 -0.0029
65.8869 -15.5850 1.8840 -98.4534 0.0285 0.9994 0.0171 -0.0033
65.9908 -15.5946 1.9073 -99.7797 0.0285 0.9994 0.0170 -0.0037
66.0945 -15.5944 1.9165 -101.0824 0.0285 0.9994 0.0171 -0.0042
66.1983 -15.5986 1.9333 -102.3899 0.0284 0.9994 0.0171 -0.0044
66.3021 -15.6048 1.9499 -103.6876 0.0282 0.9994 0.0171 -0.0048
66.4060 -15.6046 1.9608 -105.0068 0.0284 0.9994 0.0171 -0.0051
66.5097 -15.6183 1.9829 -106.2951 0.0281 0.9995 0.0168 -0.0053
66.6134 -15.6171 1.9946 -107.5817 0.0281 0.9995 0.0164 -0.0056
66.7173 -15.6250 1.9988 -108.8885 0.0280 0.9995 0.0156 -0.0061
66.8210 -15.6263 2.0163 -110.1797 0.0281 0.9995 0.0159 -0.0061
66.9248 -15.6395 2.0245 -111.4648 0.0282 0.9994 0.0171 -0.0062
67.0287 -15.6395 2.0339 -112.7202 0.0282 0.9994 0.0167 -0.0061
67.1324 -15.6574 2.0567 -114.0006 0.0280 0.9995 0.0163 -0.0059
67.2363 -15.6644 2.0694 -115.2919 0.0283 0.9994 0.0166 -0.0060
67.3401 -15.6775 2.0811 -116.5368 0.0286 0.9994 0.0166 -0.0058
67.4438 -15.6796 2.0916 -117.8030 0.0289 0.9994 0.0170 -0.0058
67.5477 -15.6906 2.1122 -119.0582 0.0290 0.9994 0.0175 -0.0054
67.6516 -15.6959 2.1260 -120.3254 0.0292 0.9994 0.0172 -0.0053
67.7553 -15.6969 2.1495 -121.5717 0.0291 0.9994 0.0173 -0.0056
67.8591 -15.7036 2.1611 -122.7840 0.0290 0.9994 0.0172 -0.0056
67.9629 -15.7135 2.1724 -124.0190 0.0288 0.9994 0.0171 -0.0059
68.0668 -15.7236 2.1874 -125.2359 0.0284 0.9994 0.0174 -0.0065
68.1706 -15.7257 2.1983 -126.4462 0.0279 0.9994 0.0179 -0.0069
68.2744 -15.7222 2.2167 -127.6416 0.0275 0.9994 0.0181 -0.0077
68.3782 -15.7520 2.2264 -128.8179 0.0270 0.9994 0.0177 -0.0083
68.4821 -15.7464 2.2306 -129.9984 0.0269 0.9995 0.0169 -0.0088
68.5859 -15.7685 2.2442 -131.1698 0.0270 0.9995 0.0168 -0.0091
68.6897 -15.7848 2.2497 -132.3274 0.0272 0.9994 0.0176 -0.0090
68.7936 -15.8036 2.2605 -133.4687 0.0274 0.9994 0.0186 -0.0090
68.8974 -15.8218 2.2793 -134.5743 0.0283 0.9994 0.0188 -0.0090
69.0012 -15.8223 2.2818 -135.6839 0.0295 0.9993 0.0187 -0.0090
69.1051 -15.8400 2.3041 -136.7684 0.0285 0.9994 0.0191 -0.0091
69.2089 -15.8507 2.3161 -137.8240 0.0291 0.9993 0.0204 -0.0093
69.3128 -15.8531 2.3287 -138.8868 0.0291 0.9993 0.0206 -0.0098
69.4168 -15.8761 2.3466 -139.8921 0.0281 0.9993 0.0200 -0.0107
69.5207 -15.8822 2.3608 -140.8674 0.0280 0.9993 0.0200 -0.0114
69.6246 -15.9077 2.3727 -141.8182 0.0285 0.9993 0.0203 -0.0120
69.7284 -15.9244 2.3862 -142.7630 0.0289 0.9993 0.0205 -0.0123
69.8323 -15.9399 2.3911 -143.6447 0.0292 0.9993 0.0205 -0.0121
69.9363 -15.9751 2.4011 -144.5358 0.0300 0.9993 0.0203 -0.0111
70.0401 -15.9940 2.4088 -145.3686 0.0320 0.9993 0.0196 -0.0081
70.1439 -15.9862 2.4123 -146.1853 0.0341 0.9992 0.0193 -0.0023
70.2476 -15.9591 2.4122 -146.9672 0.0358 0.9992 0.0191 0.0065
70.3512 -15.9348 2.4179 -147.7172 0.0364 0.9990 0.0194 0.0178
70.4548 -15.8780 2.4258 -148.4364 0.0363 0.9987 0.0208 0.0307
70.5586 -15.7927 2.4357 -149.1424 0.0356 0.9981 0.0225 0.0449
70.6622 -15.6880 2.4358 -149.8140 0.0356 0.9973 0.0226 0.0604
70.7658 -15.5616 2.4306 -150.4323 0.0362 0.9960 0.0216 0.0784
70.8694 -15.3997 2.4314 -151.0547 0.0371 0.9942 0.0197 0.0988
70.9731 -15.2322 2.4356 -151.6295 0.0378 0.9918 0.0182 0.1211
71.0767 -15.0439 2.4416 -152.1500 0.0377 0.9885 0.0174 0.1454
71.1803 -14.8074 2.4330 -152.6930 0.0381 0.9844 0.0171 0.1711
71.2839 -14.5885 2.4072 -153.1667 0.0388 0.9790 0.0168 0.1994
71.3877 -14.2801 2.4093 -153.6402 0.0389 0.9727 0.0158 0.2284
71.4913 -13.9771 2.4024 -154.0842 0.0389 0.9651 0.0151 0.2585
71.5951 -13.6876 2.3996 -154.4608 0.0386 0.9562 0.0147 0.2896
71.6988 -13.2993 2.3682 -154.8649 0.0385 0.9462 0.0145 0.3209
71.8024 -12.9346 2.3645 -155.2171 0.0380 0.9348 0.0140 0.3530
71.9062 -12.5889 2.3420 -155.5076 0.0374 0.9216 0.0142 0.3861
72.0098 -12.1283 2.3200 -155.8117 0.0362 0.9071 0.0142 0.4191
72.1137 -11.7487 2.3136 -156.0274 0.0337 0.8916 0.0138 0.4515
72.2174 -11.2595 2.2889 -156.2519 0.0314 0.8751 0.0128 0.4827
72.3213 -10.8138 2.2741 -156.4475 0.0301 0.8577 0.0116 0.5131
72.4252 -10.4121 2.2574 -156.5683 0.0300 0.8393 0.0108 0.5428
72.5291 -9.9059 2.2162 -156.7019 0.0301 0.8196 0.0101 0.5720
72.6329 -9.4316 2.1987 -156.7851 0.0302 0.7993 0.0085 0.6001
72.7369 -9.0157 2.1731 -156.8199 0.0296 0.7782 0.0069 0.6273
72.8408 -8.4865 2.1500 -156.8500 0.0277 0.7557 0.0059 0.6543
72.9448 -8.0682 2.1525 -156.7772 0.0255 0.7323 0.0072 0.6805
73.0488 -7.5253 2.1099 -156.7859 0.0223 0.7075 0.0107 0.7062
73.1528 -7.0368 2.1028 -156.6867 0.0182 0.6821 0.0135 0.7309
73.2567 -6.6038 2.0854 -156.5560 0.0136 0.6558 0.0158 0.7546
73.3607 -6.0593 2.0833 -156.3969 0.0097 0.6280 0.0166 0.7780
73.4646 -5.6597 2.0658 -156.1915 0.0075 0.5996 0.0178 0.8001
73.5686 -5.1334 2.0537 -155.9692 0.0066 0.5699 0.0181 0.8215
73.6726 -4.6736 2.0381 -155.6859 0.0052 0.5399 0.0196 0.8415
73.7764 -4.2879 2.0575 -155.4134 0.0034 0.5093 0.0213 0.8603
73.8804 -3.7855 2.0348 -155.0453 0.0014 0.4776 0.0224 0.8783
73.9844 -3.4335 2.0425 -154.6889 0.0004 0.4465 0.0221 0.8945
74.0884 -2.9713 2.0418 -154.2575 0.0002 0.4148 0.0214 0.9097
74.1926 -2.6000 2.0430 -153.8247 0.0017 0.3842 0.0212 0.9230
74.2966 -2.2596 2.0168 -153.3652 0.0033 0.3543 0.0213 0.9349
74.4007 -1.8824 2.0152 -152.8209 0.0037 0.3238 0.0213 0.9459
74.5048 -1.5719 2.0165 -152.3122 0.0030 0.2936 0.0211 0.9557
74.6088 -1.2613 2.0266 -151.6888 0.0018 0.2620 0.0207 0.9648
74.7128 -1.0036 1.9943 -151.0726 0.0013 0.2302 0.0206 0.9729
74.8169 -0.7859 2.0045 -150.4786 0.0002 0.1989 0.0205 0.9798
74.9211 -0.5768 1.9910 -149.8072 -0.0004 0.1700 0.0197 0.9853
75.0252 -0.3974 1.9863 -149.1030 -0.0002 0.1432 0.0170 0.9895
75.1296 -0.2691 1.9762 -148.3776 0.0003 0.1201 0.0137 0.9927
75.2338 -0.1259 1.9789 -147.6119 0.0006 0.0995 0.0107 0.9950
75.3382 -0.0349 1.9680 -146.8199 0.0001 0.0815 0.0107 0.9966
75.4426 0.0494 1.9645 -146.0193 -0.0007 0.0646 0.0110 0.9979
75.5469 0.1422 1.9551 -145.1807 -0.0010 0.0492 0.0105 0.9987
75.6513 0.1620 1.9454 -144.3367 -0.0012 0.0362 0.0087 0.9993
75.7557 0.1995 1.9338 -143.4830 -0.0008 0.0250 0.0058 0.9997
75.8602 0.1995 1.9237 -142.5717 -0.0003 0.0170 0.0036 0.9998
75.9647 0.2101 1.9165 -141.6636 0.0004 0.0125 0.0007 0.9999
76.0692 0.2240 1.9094 -140.7302 0.0003 0.0104 -0.0009 0.9999
76.1737 0.2313 1.9019 -139.7467 0.0001 0.0099 -0.0012 1.0000
76.2781 0.2341 1.8861 -138.7662 -0.0006 0.0092 -0.0004 1.0000
76.3825 0.2287 1.8868 -137.7775 -0.0009 0.0086 -0.0000 1.0000
76.4868 0.2614 1.8638 -136.7325 -0.0008 0.0078 0.0007 1.0000
76.5911 0.2588 1.8579 -135.7197 -0.0007 0.0065 0.0001 1.0000
76.6953 0.2781 1.8393 -134.6747 -0.0012 0.0057 0.0003 1.0000
76.7994 0.2641 1.8475 -133.5833 -0.0023 0.0046 0.0007 1.0000
76.9036 0.2785 1.8345 -132.5105 -0.0028 0.0038 0.0013 1.0000
77.0077 0.2730 1.8212 -131.4056 -0.0021 0.0030 0.0010 1.0000
77.1118 0.2921 1.8099 -130.2945 -0.0015 0.0024 0.0012 1.0000
77.2159 0.2822 1.8019 -129.1228 -0.0014 0.0019 0.0014 1.0000
77.3201 0.2738 1.7946 -127.9732 -0.0012 0.0016 0.0011 1.0000
77.4241 0.2717 1.7769 -126.7912 -0.0008 0.0014 0.0008 1.0000
77.5282 0.2604 1.7632 -125.6067 -0.0004 0.0013 0.0008 1.0000
77.6322 0.2500 1.7539 -124.4059 -0.0008 0.0018 0.0007 1.0000
77.7362 0.2708 1.7397 -123.1646 -0.0010 0.0023 0.0006 1.0000
77.8402 0.2730 1.7271 -121.9357 -0.0002 0.0031 0.0005 1.0000
77.9442 0.2580 1.7058 -120.6804 0.0016 0.0043 0.0004 1.0000
78.0481 0.2641 1.6881 -119.4275 0.0028 0.0048 0.0004 1.0000
78.1521 0.2809 1.6591 -118.1205 0.0032 0.0054 0.0010 1.0000
78.2559 0.2846 1.6475 -116.8434 0.0029 0.0055 0.0022 1.0000
78.3598 0.2869 1.6160 -115.5216 0.0029 0.0050 0.0025 1.0000
78.4637 0.2835 1.5856 -114.1841 0.0042 0.0045 0.0022 1.0000
78.5676 0.2811 1.5604 -112.8613 0.0048 0.0033 0.0024 1.0000
78.6713 0.2913 1.5306 -111.5150 0.0045 0.0019 0.0021 1.0000
78.7752 0.2879 1.4974 -110.1452 0.0037 0.0006 0.0024 1.0000
78.8791 0.2721 1.4680 -108.7591 0.0039 -0.0002 0.0022 1.0000
78.9829 0.2646 1.4456 -107.3581 0.0042 -0.0008 0.0022 1.0000
79.0868 0.2393 1.4063 -105.9315 0.0046 -0.0010 0.0026 1.0000
79.1907 0.2322 1.3791 -104.5083 0.0052 -0.0017 0.0023 1.0000
79.2944 0.2230 1.3570 -103.0867 0.0053 -0.0019 0.0018 1.0000
79.3983 0.2117 1.3041 -101.6202 0.0048 -0.0021 0.0017 1.0000
79.5022 0.1849 1.2902 -100.1415 0.0035 -0.0019 0.0010 1.0000
79.6061 0.1749 1.2487 -98.6440 0.0025 -0.0017 0.0011 1.0000
79.7099 0.1546 1.2204 -97.1508 0.0010 -0.0015 0.0010 1.0000
79.8138 0.1440 1.2026 -95.6354 -0.0018 -0.0013 0.0012 1.0000
79.9176 0.1520 1.1934 -94.1343 -0.0047 -0.0013 0.0009 1.0000
80.0215 0.1297 1.1721 -92.6105 -0.0060 -0.0013 0.0005 1.0000
80.1252 0.1053 1.1681 -91.1002 -0.0070 -0.0012 -0.0003 1.0000
80.2289 0.0919 1.1544 -89.5840 -0.0072 -0.0013 0.0000 1.0000
80.3328 0.0756 1.1394 -88.0931 -0.0065 -0.0014 0.0001 1.0000
80.4367 0.0643 1.1129 -86.5902 -0.0054 -0.0010 -0.0003 1.0000
80.5404 0.0615 1.0994 -85.0794 -0.0053 -0.0007 -0.0001 1.0000
80.6443 0.0423 1.0993 -83.5674 -0.0064 -0.0001 0.0004 1.0000
80.7481 0.0271 1.0801 -82.0619 -0.0063 0.0002 0.0014 1.0000
80.8520 0.0367 1.0614 -80.5377 -0.0056 0.0004 0.0007 1.0000
80.9557 0.0237 1.0520 -79.0460 -0.0056 0.0008 0.0011 1.0000
81.0594 0.0138 1.0374 -77.5553 -0.0064 0.0012 0.0015 1.0000
81.1632 -0.0000 1.0251 -76.0389 -0.0075 0.0015 0.0022 1.0000
81.2669 0.0040 1.0194 -74.5228 -0.0081 0.0014 0.0026 1.0000
81.3707 -0.0045 1.0098 -73.0308 -0.0079 0.0013 0.0029 1.0000
81.4746 -0.0118 0.9869 -71.5306 -0.0057 0.0012 0.0027 1.0000
81.5783 -0.0154 0.9791 -70.0516 -0.0045 0.0007 0.0009 1.0000
81.6821 -0.0262 0.9571 -68.5558 -0.0052 0.0005 0.0007 1.0000
81.7859 -0.0422 0.9524 -67.0632 -0.0057 0.0006 0.0005 1.0000
81.8897 -0.0375 0.9228 -65.5902 -0.0048 0.0002 0.0010 1.0000
81.9934 -0.0446 0.9141 -64.0864 -0.0052 -0.0001 0.0011 1.0000
82.0973 -0.0514 0.8855 -62.5937 -0.0063 -0.0005 0.0022 1.0000
82.2011 -0.0497 0.8807 -61.1145 -0.0057 -0.0010 0.0022 1.0000
82.3048 -0.0832 0.8615 -59.6468 -0.0041 -0.0015 0.0024 1.0000
82.4086 -0.0900 0.8404 -58.1721 -0.0043 -0.0023 0.0024 1.0000
82.5124 -0.1134 0.8317 -56.6980 -0.0066 -0.0030 0.0028 1.0000
82.6162 -0.1310 0.8125 -55.2291 -0.0067 -0.0034 0.0030 1.0000
82.7200 -0.1423 0.8071 -53.7687 -0.0063 -0.0041 0.0027 1.0000
82.8238 -0.1643 0.7992 -52.2905 -0.0061 -0.0039 0.0024 1.0000
82.9276 -0.1941 0.7846 -50.8300 -0.0061 -0.0042 0.0021 1.0000
83.0314 -0.2082 0.7692 -49.3835 -0.0059 -0.0042 0.0018 1.0000
83.1352 -0.2263 0.7492 -47.9282 -0.0057 -0.0040 0.0019 1.0000
83.2389 -0.2509 0.7375 -46.4832 -0.0057 -0.0039 0.0019 1.0000
83.3428 -0.2703 0.7196 -45.0302 -0.0057 -0.0037 0.0022 1.0000
83.4466 -0.2944 0.6917 -43.5606 -0.0058 -0.0033 0.0025 1.0000
83.5504 -0.3150 0.6834 -42.1261 -0.0065 -0.0031 0.0032 1.0000
83.6543 -0.3286 0.6696 -40.6667 -0.0066 -0.0025 0.0035 1.0000
83.7582 -0.3434 0.6558 -39.2407 -0.0060 -0.0022 0.0030 1.0000
83.8621 -0.3497 0.6388 -37.8076 -0.0052 -0.0018 0.0028 1.0000
83.9660 -0.3657 0.6124 -36.3585 -0.0049 -0.0012 0.0021 1.0000
84.0699 -0.3814 0.6061 -34.9179 -0.0058 -0.0009 0.0017 1.0000
84.1737 -0.3951 0.5932 -33.4627 -0.0066 -0.0003 0.0016 1.0000
84.2777 -0.4043 0.5838 -32.0618 -0.0066 0.0002 0.0014 1.0000
84.3816 -0.4212 0.5729 -30.6406 -0.0060 0.0009 0.0013 1.0000
84.4854 -0.4218 0.5473 -29.1896 -0.0047 0.0017 0.0014 1.0000
84.5893 -0.4292 0.5349 -27.7756 -0.0051 0.0022 0.0011 1.0000
84.6932 -0.4165 0.5187 -26.3513 -0.0058 0.0031 0.0011 1.0000
84.7971 -0.4273 0.4950 -24.9510 -0.0038 0.0038 0.0007 1.0000
84.9009 -0.4398 0.4761 -23.5307 -0.0011 0.0045 0.0000 1.0000
85.0048 -0.4183 0.4515 -22.1111 -0.0000 0.0050 -0.0006 1.0000
85.1087 -0.4148 0.4159 -20.7342 0.0005 0.0055 -0.0004 1.0000
85.2125 -0.4099 0.3821 -19.3271 0.0006 0.0058 -0.0005 1.0000
85.3163 -0.4023 0.3518 -17.9172 -0.0001 0.0062 -0.0001 1.0000
85.4202 -0.3952 0.3197 -16.5334 -0.0010 0.0061 0.0003 1.0000
85.5240 -0.3871 0.2911 -15.1369 -0.0012 0.0063 0.0010 1.0000
85.6278 -0.3735 0.2593 -13.7597 -0.0005 0.0061 0.0010 1.0000
85.7316 -0.3664 0.2260 -12.3717 0.0000 0.0057 0.0015 1.0000
85.8353 -0.3620 0.2063 -10.9910 -0.0004 0.0053 0.0010 1.0000
85.9391 -0.3549 0.1663 -9.6337 -0.0007 0.0046 0.0012 1.0000
86.0428 -0.3504 0.1477 -8.2501 -0.0010 0.0040 0.0007 1.0000
86.1467 -0.3458 0.1160 -6.8756 -0.0014 0.0036 0.0009 1.0000
86.2505 -0.3484 0.0882 -5.5028 -0.0009 0.0029 0.0011 1.0000
86.3542 -0.3542 0.0668 -4.1250 -0.0001 0.0029 0.0014 1.0000
86.4581 -0.3470 0.0363 -2.7707 0.0002 0.0027 0.0014 1.0000
86.5618 -0.3593 0.0133 -1.4073 0.0001 0.0025 0.0014 1.0000
86.6657 -0.3627 -0.0066 -0.0248 -0.0001 0.0025 0.0014 1.0000
86.7695 -0.3664 -0.0432 1.3421 0.0001 0.0022 0.0009 1.0000
86.8732 -0.3648 -0.0620 2.7170 0.0000 0.0022 0.0009 1.0000
86.9770 -0.3718 -0.0953 4.0728 -0.0001 0.0020 0.0008 1.0000
87.0807 -0.3659 -0.1172 5.4277 -0.0001 0.0018 0.0007 1.0000
87.1846 -0.3689 -0.1548 6.7942 -0.0000 0.0018 0.0008 1.0000
87.2883 -0.3716 -0.1791 8.1550 0.0002 0.0015 0.0007 1.0000
87.3921 -0.3802 -0.2171 9.5043 -0.0003 0.0017 0.0004 1.0000
87.4958 -0.3886 -0.2306 10.8754 -0.0007 0.0018 -0.0000 1.0000
87.5997 -0.3921 -0.2713 12.2180 -0.0005 0.0017 0.0000 1.0000
87.7035 -0.3927 -0.2978 13.5899 -0.0003 0.0020 -0.0001 1.0000
87.8073 -0.3976 -0.3251 14.9403 -0.0003 0.0018 -0.0000 1.0000
87.9111 -0.3993 -0.3436 16.2788 -0.0003 0.0018 -0.0001 1.0000
88.0149 -0.4016 -0.3837 17.6488 -0.0005 0.0020 0.0003 1.0000
88.1187 -0.4018 -0.4049 18.9997 -0.0007 0.0019 0.0003 1.0000
88.2226 -0.4016 -0.4325 20.3490 -0.0005 0.0019 0.0003 1.0000
88.3263 -0.4027 -0.4618 21.7160 -0.0001 0.0020 0.0002 1.0000
88.4302 -0.4074 -0.4937 23.0589 -0.0003 0.0017 -0.0001 1.0000
88.5341 -0.4134 -0.5171 24.4133 -0.0002 0.0016 0.0002 1.0000
88.6378 -0.4187 -0.5503 25.7477 -0.0002 0.0013 0.0002 1.0000
88.7416 -0.4325 -0.5770 27.0968 -0.0008 0.0011 0.0001 1.0000
88.8454 -0.4313 -0.6050 28.4410 -0.0014 0.0010 0.0008 1.0000
88.9492 -0.4294 -0.6357 29.7765 -0.0012 0.0010 0.0005 1.0000
89.0529 -0.4275 -0.6642 31.1133 -0.0009 0.0012 0.0008 1.0000
89.1568 -0.4330 -0.6862 32.4445 -0.0007 0.0015 0.0004 1.0000
89.2606 -0.4454 -0.7095 33.7595 -0.0010 0.0017 0.0008 1.0000
89.3643 -0.4573 -0.7419 35.1004 -0.0012 0.0020 0.0011 1.0000
89.4681 -0.4542 -0.7706 36.4104 -0.0013 0.0021 0.0011 1.0000
89.5718 -0.4457 -0.7950 37.7200 -0.0013 0.0022 0.0016 1.0000
89.6756 -0.4415 -0.8279 39.0497 -0.0017 0.0024 0.0019 1.0000
89.7793 -0.4475 -0.8438 40.3546 -0.0022 0.0021 0.0025 1.0000
89.8832 -0.4481 -0.8715 41.6561 -0.0023 0.0017 0.0025 1.0000
89.9869 -0.4531 -0.8977 42.9648 -0.0022 0.0010 0.0022 1.0000
90.0907 -0.4619 -0.9061 44.2562 -0.0028 0.0005 0.0013 1.0000
90.1945 -0.4674 -0.9368 45.5825 -0.0043 0.0004 0.0012 1.0000
90.2983 -0.4825 -0.9496 46.8376 -0.0060 -0.0001 0.0007 1.0000
90.4021 -0.4930 -0.9585 48.1418 -0.0079 -0.0006 0.0004 1.0000
90.5059 -0.5091 -0.9751 49.4381 -0.0084 -0.0009 0.0006 1.0000
90.6097 -0.5021 -0.9882 50.7277 -0.0077 -0.0015 0.0007 1.0000
90.7136 -0.5313 -0.9868 52.0090 -0.0069 -0.0018 0.0004 1.0000
90.8173 -0.5427 -0.9953 53.2808 -0.0067 -0.0024 0.0001 1.0000
90.9211 -0.5571 -1.0048 54.5721 -0.0065 -0.0030 0.0002 1.0000
91.0248 -0.5840 -1.0185 55.8502 -0.0059 -0.0035 -0.0001 1.0000
91.1287 -0.6005 -1.0298 57.0833 -0.0063 -0.0041 -0.0001 1.0000
91.2325 -0.6226 -1.0407 58.3703 -0.0065 -0.0046 -0.0000 1.0000
91.3362 -0.6352 -1.0582 59.6294 -0.0065 -0.0047 -0.0001 1.0000
91.4399 -0.6618 -1.0662 60.9026 -0.0063 -0.0052 -0.0003 1.0000
91.5437 -0.6681 -1.0776 62.1430 -0.0062 -0.0054 -0.0001 1.0000
91.6476 -0.6912 -1.0962 63.4150 -0.0057 -0.0056 0.0003 1.0000
91.7512 -0.7113 -1.1121 64.6471 -0.0058 -0.0060 0.0003 1.0000
91.8551 -0.7290 -1.1191 65.9288 -0.0064 -0.0064 0.0006 1.0000
91.9588 -0.7659 -1.1342 67.1547 -0.0062 -0.0065 0.0005 1.0000
92.0626 -0.7743 -1.1555 68.4116 -0.0055 -0.0066 -0.0005 1.0000
92.1663 -0.8105 -1.1549 69.6531 -0.0055 -0.0065 -0.0009 1.0000
92.2701 -0.8403 -1.1723 70.8875 -0.0055 -0.0065 -0.0016 1.0000
92.3738 -0.8655 -1.1872 72.1291 -0.0056 -0.0060 -0.0033 1.0000
92.4776 -0.8812 -1.2039 73.3717 -0.0063 -0.0051 -0.0034 1.0000
92.5813 -0.9068 -1.2017 74.5870 -0.0072 -0.0044 -0.0035 1.0000
92.6851 -0.9300 -1.2217 75.7753 -0.0067 -0.0034 -0.0027 1.0000
92.7888 -0.9415 -1.2575 76.9614 -0.0048 -0.0025 -0.0012 1.0000
92.8926 -0.9500 -1.2584 78.1362 -0.0050 -0.0014 -0.0019 1.0000
92.9963 -0.9603 -1.2585 79.2771 -0.0072 0.0000 -0.0015 1.0000
93.1002 -0.9669 -1.2804 80.3941 -0.0077 0.0014 -0.0017 1.0000
93.2040 -0.9629 -1.2892 81.5330 -0.0057 0.0033 -0.0019 1.0000
93.3078 -0.9743 -1.3110 82.6276 -0.0034 0.0047 -0.0017 1.0000
93.4116 -0.9563 -1.3498 83.7029 -0.0007 0.0063 -0.0016 1.0000
93.5155 -0.9404 -1.3743 84.8059 0.0002 0.0076 -0.0011 1.0000
93.6192 -0.9283 -1.3920 85.9259 -0.0008 0.0083 0.0002 1.0000
93.7231 -0.9142 -1.4083 87.0150 -0.0017 0.0090 0.0003 1.0000
93.8268 -0.9010 -1.4243 88.1066 -0.0013 0.0094 0.0001 1.0000
93.9307 -0.8932 -1.4556 89.1901 -0.0004 0.0100 -0.0000 1.0000
94.0346 -0.8682 -1.4685 90.2668 -0.0002 0.0104 -0.0001 0.9999
94.1385 -0.8525 -1.4920 91.3437 -0.0008 0.0105 0.0000 0.9999
94.2423 -0.8458 -1.5210 92.4128 -0.0015 0.0106 0.0003 0.9999
94.3462 -0.8177 -1.5451 93.4943 -0.0020 0.0103 0.0007 0.9999
94.4501 -0.8021 -1.5619 94.5659 -0.0025 0.0097 0.0019 0.9999
94.5540 -0.7799 -1.5863 95.6237 -0.0026 0.0083 0.0027 1.0000
94.6577 -0.7606 -1.6053 96.6675 -0.0016 0.0064 0.0036 1.0000
94.7616 -0.7614 -1.6279 97.7097 0.0001 0.0046 0.0037 1.0000
94.8655 -0.7708 -1.6401 98.7805 0.0020 0.0027 0.0038 1.0000
94.9693 -0.7798 -1.6639 99.8672 0.0025 0.0003 0.0034 1.0000
95.0732 -0.7975 -1.6906 100.9555 0.0020 -0.0022 0.0033 1.0000
95.1770 -0.8251 -1.7079 102.0254 0.0013 -0.0055 0.0033 1.0000
95.2808 -0.8456 -1.7391 103.1140 0.0009 -0.0090 0.0032 1.0000
95.3847 -0.8744 -1.7575 104.1865 0.0007 -0.0125 0.0029 0.9999
95.4886 -0.9226 -1.7809 105.2683 0.0002 -0.0158 0.0020 0.9999
95.5925 -0.9718 -1.7925 106.3539 -0.0008 -0.0179 0.0002 0.9998
95.6963 -1.0294 -1.8193 107.4436 -0.0006 -0.0184 -0.0017 0.9998
95.8003 -1.0851 -1.8270 108.5714 0.0000 -0.0177 -0.0040 0.9998
95.9043 -1.1393 -1.8420 109.6968 0.0005 -0.0154 -0.0057 0.9999
96.0085 -1.1695 -1.8625 110.8090 0.0003 -0.0126 -0.0070 0.9999
96.1124 -1.2134 -1.8851 111.9502 -0.0003 -0.0095 -0.0078 0.9999
96.2166 -1.2363 -1.9060 113.0981 -0.0006 -0.0051 -0.0080 1.0000
96.3206 -1.2460 -1.9246 114.2350 -0.0003 -0.0007 -0.0086 1.0000
96.4247 -1.2518 -1.9407 115.3942 0.0001 0.0044 -0.0089 1.0000
96.5287 -1.2226 -1.9634 116.5334 0.0003 0.0089 -0.0086 0.9999
96.6328 -1.2038 -1.9834 117.7004 0.0007 0.0137 -0.0083 0.9999
96.7368 -1.1689 -2.0239 118.8862 0.0010 0.0186 -0.0077 0.9998
96.8408 -1.0996 -2.0355 120.0582 0.0010 0.0225 -0.0071 0.9997
96.9449 -1.0531 -2.0624 121.2594 0.0006 0.0261 -0.0069 0.9996
97.0487 -0.9958 -2.0847 122.4403 0.0003 0.0288 -0.0068 0.9996
97.1527 -0.9311 -2.1000 123.6475 -0.0000 0.0315 -0.0073 0.9995
97.2566 -0.8678 -2.1181 124.8569 -0.0004 0.0340 -0.0085 0.9994
97.3606 -0.7979 -2.1266 126.0749 -0.0005 0.0357 -0.0098 0.9993
97.4645 -0.7055 -2.1510 127.2953 -0.0012 0.0374 -0.0095 0.9993
97.5683 -0.6206 -2.1659 128.5362 -0.0011 0.0379 -0.0094 0.9992
97.6722 -0.5404 -2.1942 129.7873 0.0006 0.0380 -0.0087 0.9992
97.7761 -0.4534 -2.2166 131.0338 0.0010 0.0375 -0.0066 0.9993
97.8798 -0.3562 -2.2252 132.3013 -0.0001 0.0364 -0.0044 0.9993
97.9836 -0.2547 -2.2557 133.6001 -0.0011 0.0348 -0.0023 0.9994
98.0875 -0.1754 -2.2629 134.8787 -0.0022 0.0321 0.0000 0.9995
98.1911 -0.0997 -2.2818 136.1779 -0.0024 0.0290 0.0025 0.9996
98.2948 -0.0274 -2.3014 137.4911 -0.0017 0.0257 0.0041 0.9997
98.3987 0.0239 -2.3138 138.8061 -0.0017 0.0223 0.0053 0.9997
98.5025 0.0686 -2.3303 140.1330 -0.0019 0.0192 0.0056 0.9998
98.6062 0.1004 -2.3479 141.4830 -0.0025 0.0166 0.0055 0.9998
98.7100 0.1383 -2.3569 142.8582 -0.0034 0.0138 0.0048 0.9999
98.8138 0.1575 -2.3630 144.2195 -0.0030 0.0113 0.0045 0.9999
98.9176 0.1637 -2.3879 145.5900 -0.0017 0.0087 0.0038 1.0000
99.0213 0.1715 -2.3917 146.9809 -0.0007 0.0062 0.0033 1.0000
99.1251 0.1715 -2.4312 148.3572 0.0014 0.0045 0.0031 1.0000
99.2290 0.1797 -2.4569 149.7904 0.0033 0.0030 0.0021 1.0000
99.3327 0.1789 -2.4798 151.2183 0.0037 0.0022 0.0022 1.0000
99.4366 0.1721 -2.5155 152.6488 0.0035 0.0015 0.0019 1.0000
99.5403 0.1604 -2.5469 154.0693 0.0029 0.0005 0.0017 1.0000
99.6441 0.1528 -2.5804 155.5207 0.0022 -0.0000 0.0015 1.0000
99.7480 0.1539 -2.6114 156.9654 0.0015 -0.0009 0.0015 1.0000
99.8517 0.1325 -2.6417 158.4208 0.0010 -0.0017 0.0010 1.0000
99.9555 0.1189 -2.6707 159.8651 -0.0001 -0.0025 0.0012 1.0000
100.0592 0.0955 -2.6951 161.2976 -0.0007 -0.0035 0.0010 1.0000
100.1630 0.0740 -2.7236 162.7451 -0.0005 -0.0042 0.0007 1.0000
100.2668 0.0443 -2.7532 164.1791 -0.0001 -0.0050 0.0001 1.0000
100.3706 0.0364 -2.7770 165.6249 0.0003 -0.0055 -0.0001 1.0000
100.4744 -0.0046 -2.8165 167.0677 0.0009 -0.0054 -0.0008 1.0000
100.5782 -0.0313 -2.8448 168.5130 0.0012 -0.0054 -0.0013 1.0000
100.6820 -0.0505 -2.8754 169.9607 0.0003 -0.0055 -0.0013 1.0000
100.7857 -0.0745 -2.9082 171.3957 -0.0003 -0.0050 -0.0011 1.0000
100.8896 -0.0923 -2.9401 172.8252 -0.0006 -0.0049 -0.0016 1.0000
100.9933 -0.1306 -2.9620 174.2408 -0.0008 -0.0043 -0.0018 1.0000
101.0972 -0.1436 -3.0023 175.6874 -0.0005 -0.0041 -0.0023 1.0000
101.2010 -0.1716 -3.0230 177.1022 -0.0003 -0.0033 -0.0027 1.0000
101.3047 -0.1890 -3.0509 178.5187 -0.0000 -0.0025 -0.0026 1.0000
101.4085 -0.1929 -3.0849 179.9345 0.0009 -0.0018 -0.0021 1.0000
101.5123 -0.2051 -3.1310 181.3684 0.0010 -0.0012 -0.0008 1.0000
101.6161 -0.2270 -3.1728 182.7780 -0.0004 -0.0004 -0.0006 1.0000
101.7198 -0.2215 -3.1701 184.2022 -0.0025 0.0002 0.0002 1.0000
101.8236 -0.2369 -3.2078 185.5951 -0.0021 0.0012 -0.0003 1.0000
101.9273 -0.2246 -3.2383 186.9925 -0.0006 0.0019 -0.0012 1.0000
102.0311 -0.2397 -3.2630 188.3950 0.0001 0.0024 -0.0011 1.0000
102.1348 -0.2543 -3.2936 189.7901 -0.0001 0.0033 -0.0010 1.0000
102.2387 -0.2433 -3.3253 191.1868 -0.0008 0.0035 -0.0007 1.0000
102.3425 -0.2345 -3.3528 192.5793 -0.0016 0.0036 0.0001 1.0000
102.4462 -0.2409 -3.3760 193.9543 -0.0015 0.0038 0.0007 1.0000
102.5500 -0.2420 -3.4085 195.3243 -0.0008 0.0037 0.0013 1.0000
102.6537 -0.2353 -3.4380 196.7246 -0.0002 0.0036 0.0013 1.0000
102.7576 -0.2226 -3.4714 198.0728 0.0001 0.0033 0.0014 1.0000
102.8613 -0.2274 -3.4911 199.4512 -0.0003 0.0033 0.0012 1.0000
102.9651 -0.2317 -3.5250 200.8371 -0.0009 0.0033 0.0014 1.0000
103.0688 -0.2376 -3.5553 202.1987 -0.0011 0.0031 0.0010 1.0000
103.1726 -0.2384 -3.5753 203.5510 -0.0012 0.0030 0.0010 1.0000
103.2765 -0.2382 -3.6100 204.9140 -0.0012 0.0032 0.0007 1.0000
103.3802 -0.2387 -3.6320 206.2633 -0.0010 0.0031 0.0005 1.0000
103.4840 -0.2271 -3.6581 207.6187 -0.0009 0.0031 0.0006 1.0000
103.5877 -0.2257 -3.6912 208.9487 -0.0007 0.0029 0.0006 1.0000
103.6916 -0.2294 -3.7191 210.3021 -0.0009 0.0029 0.0006 1.0000
103.7954 -0.2290 -3.7456 211.6284 -0.0011 0.0028 0.0004 1.0000
103.8991 -0.2256 -3.7719 212.9620 -0.0009 0.0027 0.0005 1.0000
104.0027 -0.2309 -3.8027 214.2934 -0.0010 0.0025 0.0006 1.0000
104.1065 -0.2211 -3.8351 215.5925 -0.0016 0.0017 0.0011 1.0000
104.2102 -0.2353 -3.8563 216.8751 -0.0026 0.0010 0.0013 1.0000
104.3140 -0.2361 -3.8913 218.1458 -0.0038 0.0003 0.0018 1.0000
104.4178 -0.2542 -3.9051 219.3707 -0.0048 -0.0004 0.0016 1.0000
104.5216 -0.2650 -3.9303 220.5773 -0.0049 -0.0011 0.0013 1.0000
104.6253 -0.2737 -3.9543 221.7693 -0.0046 -0.0017 0.0011 1.0000
104.7292 -0.2881 -3.9725 222.9236 -0.0046 -0.0029 0.0012 1.0000
104.8330 -0.3068 -3.9962 224.0642 -0.0046 -0.0044 0.0011 1.0000
104.9367 -0.3262 -4.0189 225.1698 -0.0043 -0.0065 0.0014 1.0000
105.0405 -0.3572 -4.0359 226.2161 -0.0042 -0.0081 0.0011 1.0000
105.1443 -0.3784 -4.0598 227.2472 -0.0041 -0.0096 0.0009 0.9999
105.2481 -0.4157 -4.0778 228.2602 -0.0041 -0.0108 -0.0001 0.9999
105.3520 -0.4484 -4.1038 229.2290 -0.0047 -0.0114 -0.0001 0.9999
105.4558 -0.4768 -4.1222 230.1863 -0.0055 -0.0120 0.0000 0.9999
105.5596 -0.5036 -4.1430 231.0721 -0.0057 -0.0128 -0.0002 0.9999
105.6635 -0.5323 -4.1530 231.9508 -0.0058 -0.0137 -0.0002 0.9999
105.7673 -0.5634 -4.1736 232.7945 -0.0056 -0.0148 0.0001 0.9999
105.8712 -0.6033 -4.1864 233.5890 -0.0049 -0.0156 -0.0005 0.9999
105.9752 -0.6400 -4.2031 234.3792 -0.0036 -0.0157 -0.0012 0.9999
106.0791 -0.6647 -4.2176 235.1484 -0.0017 -0.0154 -0.0018 0.9999
106.1831 -0.6983 -4.2383 235.9281 -0.0002 -0.0134 -0.0028 0.9999
106.2871 -0.7095 -4.2587 236.7252 0.0005 -0.0112 -0.0028 0.9999
106.3911 -0.7320 -4.2773 237.4880 0.0001 -0.0090 -0.0020 1.0000
106.4951 -0.7339 -4.2905 238.2609 -0.0004 -0.0071 -0.0013 1.0000
106.5991 -0.7573 -4.3100 239.0116 -0.0010 -0.0048 -0.0004 1.0000
106.7031 -0.7669 -4.3233 239.7699 -0.0011 -0.0024 -0.0004 1.0000
106.8071 -0.7710 -4.3383 240.5350 -0.0010 -0.0003 -0.0002 1.0000
106.9111 -0.7684 -4.3499 241.2948 -0.0010 0.0015 -0.0002 1.0000
107.0151 -0.7637 -4.3652 242.0414 -0.0013 0.0036 -0.0002 1.0000
107.1190 -0.7470 -4.3793 242.8036 -0.0016 0.0051 -0.0002 1.0000
107.2230 -0.7450 -4.3921 243.5723 -0.0022 0.0065 -0.0000 1.0000
107.3270 -0.7467 -4.4097 244.2995 -0.0025 0.0074 0.0003 1.0000
107.4310 -0.7334 -4.4245 245.0317 -0.0021 0.0078 0.0005 1.0000
107.5350 -0.7232 -4.4359 245.7893 -0.0009 0.0081 0.0004 1.0000
107.6390 -0.7191 -4.4492 246.5246 0.0009 0.0085 -0.0001 1.0000
107.7428 -0.7157 -4.4686 247.2844 0.0020 0.0087 -0.0001 1.0000
107.8468 -0.7046 -4.4817 248.0286 0.0020 0.0084 0.0004 1.0000
107.9508 -0.6972 -4.5036 248.7906 0.0018 0.0081 0.0007 1.0000
108.0548 -0.6877 -4.5064 249.5562 0.0018 0.0079 0.0004 1.0000
108.1588 -0.6866 -4.5233 250.3200 0.0024 0.0076 0.0004 1.0000
108.2629 -0.6732 -4.5585 251.0801 0.0037 0.0078 0.0007 1.0000
108.3668 -0.6589 -4.5794 251.8288 0.0044 0.0080 0.0021 1.0000
108.4708 -0.6450 -4.6134 252.6485 0.0033 0.0086 0.0024 1.0000
108.5748 -0.6462 -4.6024 253.4379 0.0005 0.0089 0.0007 1.0000
108.6788 -0.6341 -4.6170 254.2197 -0.0023 0.0096 0.0008 1.0000
108.7829 -0.6102 -4.6352 255.0234 -0.0022 0.0106 0.0021 0.9999
108.8870 -0.6010 -4.6553 255.8055 0.0008 0.0123 0.0014 0.9999
108.9910 -0.5759 -4.6739 256.6151 0.0031 0.0138 0.0003 0.9999
109.0950 -0.5660 -4.6830 257.4323 0.0035 0.0151 -0.0004 0.9999
109.1990 -0.5351 -4.7045 258.2497 0.0027 0.0161 -0.0002 0.9999
109.3030 -0.5134 -4.7163 259.0817 0.0016 0.0171 0.0011 0.9999
109.4070 -0.4803 -4.7382 259.9184 0.0009 0.0179 0.0030 0.9998
109.5110 -0.4462 -4.7588 260.7355 0.0013 0.0187 0.0032 0.9998
109.6150 -0.4335 -4.7641 261.5871 0.0024 0.0200 0.0024 0.9998
109.7190 -0.3931 -4.7931 262.4399 0.0041 0.0206 0.0013 0.9998
109.8230 -0.3585 -4.8118 263.3123 0.0049 0.0213 0.0010 0.9998
109.9270 -0.3473 -4.8255 264.1745 0.0042 0.0224 0.0012 0.9997
110.0310 -0.3010 -4.8427 265.0387 0.0033 0.0233 0.0007 0.9997
110.1350 -0.2675 -4.8638 265.9149 0.0031 0.0241 0.0006 0.9997
110.2390 -0.2348 -4.8884 266.8159 0.0032 0.0242 0.0005 0.9997
110.3430 -0.1882 -4.9094 267.7172 0.0032 0.0243 0.0013 0.9997
110.4470 -0.1449 -4.9271 268.6178 0.0029 0.0241 0.0019 0.9997
110.5510 -0.1055 -4.9513 269.5486 0.0027 0.0243 0.0024 0.9997
110.6550 -0.0628 -4.9688 270.4576 0.0024 0.0244 0.0029 0.9997
110.7590 -0.0231 -4.9914 271.3971 0.0021 0.0242 0.0031 0.9997
110.8628 0.0130 -5.0073 272.3385 0.0012 0.0242 0.0030 0.9997
110.9668 0.0679 -5.0364 273.2858 0.0008 0.0237 0.0030 0.9997
111.0708 0.1065 -5.0573 274.2155 0.0009 0.0227 0.0029 0.9997
111.1748 0.1389 -5.0708 275.1542 0.0013 0.0218 0.0028 0.9998
111.2788 0.1647 -5.0855 276.1025 0.0016 0.0205 0.0021 0.9998
111.3827 0.1858 -5.1202 277.0402 0.0018 0.0192 0.0013 0.9998
111.4867 0.2173 -5.1360 277.9819 0.0015 0.0178 0.0008 0.9998
111.5907 0.2421 -5.1603 278.9038 0.0010 0.0166 0.0002 0.9999
111.6947 0.2644 -5.1868 279.8476 -0.0001 0.0154 0.0002 0.9999
111.7986 0.2832 -5.2084 280.7709 -0.0008 0.0143 0.0002 0.9999
111.9026 0.3036 -5.2328 281.7093 -0.0011 0.0133 -0.0000 0.9999
112.0066 0.3131 -5.2447 282.6116 -0.0012 0.0123 -0.0002 0.9999
112.1106 0.3284 -5.2689 283.5219 -0.0012 0.0116 0.0002 0.9999
112.2146 0.3392 -5.2831 284.4619 -0.0010 0.0109 0.0004 0.9999
112.3186 0.3561 -5.3054 285.3789 -0.0009 0.0101 0.0003 0.9999
112.4226 0.3672 -5.3200 286.2697 -0.0012 0.0094 -0.0001 1.0000
112.5266 0.3712 -5.3477 287.1786 -0.0017 0.0089 -0.0001 1.0000
112.6306 0.3788 -5.3627 288.0143 -0.0015 0.0083 -0.0005 1.0000
112.7346 0.3802 -5.3727 288.8558 -0.0005 0.0082 -0.0015 1.0000
112.8386 0.3917 -5.3992 289.6797 0.0009 0.0079 -0.0030 1.0000
112.9426 0.3937 -5.4212 290.5318 0.0021 0.0078 -0.0039 1.0000
113.0466 0.3932 -5.4424 291.3366 0.0025 0.0080 -0.0044 1.0000
113.1506 0.3954 -5.4564 292.1598 0.0028 0.0083 -0.0052 0.9999
113.2546 0.4038 -5.4742 292.9875 0.0032 0.0088 -0.0055 0.9999
113.3586 0.4162 -5.4966 293.7968 0.0036 0.0093 -0.0064 0.9999
113.4626 0.4208 -5.5202 294.6152 0.0038 0.0101 -0.0072 0.9999
113.5666 0.4293 -5.5437 295.4283 0.0032 0.0107 -0.0075 0.9999
113.6706 0.4433 -5.5769 296.2383 0.0024 0.0111 -0.0075 0.9999
113.7746 0.4555 -5.6007 297.0517 0.0012 0.0111 -0.0070 0.9999
113.8785 0.4742 -5.6185 297.8250 0.0002 0.0104 -0.0065 0.9999
113.9825 0.4850 -5.6417 298.6347 -0.0006 0.0096 -0.0062 0.9999
114.0863 0.4931 -5.6608 299.4377 -0.0010 0.0090 -0.0060 0.9999
114.1903 0.5024 -5.6761 300.2258 -0.0015 0.0082 -0.0056 0.9999
114.2943 0.5104 -5.6952 301.0381 -0.0018 0.0074 -0.0047 1.0000
