0.02227
0.104848
0.114926
0.112676
0.109013
0.111187
0.112785
0.113707
0.11809
0.112189
0.111332
0.113827
0.115805
0.112444
0.117332
0.126291
0.118663
0.126069
0.122715
0.116128
0.113852
0.129335
0.117349
0.113526
0.114451
0.126581
0.119343
0.114189
0.118062
0.118799
0.122629
0.119036
0.114952
0.123985
0.116117
0.116286
0.116927
0.123152
0.120104
0.123251
0.122909
0.120634
0.121038
0.116781
0.122399
0.121626
0.121075
0.115037
0.112908
0.12207
0.120749
0.119952
0.119582
0.124164
0.125882
0.12035
0.120034
0.1083
0.114011
0.11371
0.115521
0.116078
0.11507
0.109786
0.114128
0.116906
0.115144
0.117222
0.119215
0.118895
0.115695
0.125392
0.115664
0.122132
0.117422
0.114043
0.11125
0.121821
0.119859
0.112951
0.120548
0.124487
0.122465
0.123664
0.121864
0.125363
0.119153
0.120209
0.117513
0.122049
0.117056
0.123577
0.118528
0.125068
0.121379
0.123436
0.123031
0.123369
0.122475
0.121136
0.111611
0.114356
0.114579
0.118053
0.112245
0.115619
0.11411
0.121143
0.112904
0.113409
0.112111
0.11269
0.112168
0.112486
0.11568
0.110773
0.120555
0.11817
0.116732
0.114268
0.115732
0.111122
0.112738
0.114716
0.114786
0.116804
0.111849
0.114882
0.116162
0.118048
0.111106
0.113857
0.113461
0.114384
0.113364
0.110976
0.113505
0.111602
0.110585
0.111989
0.109473
0.111583
0.109931
0.107618
0.113897
0.119943
0.116946
0.120176
0.120707
0.112158
0.122671
0.118184
0.120308
0.117994
0.122962
0.142098
0.125486
0.129571
0.132737
0.133118
0.128139
0.12689
0.127532
0.124438
0.125427
0.120779
0.119566
0.11918
0.121416
0.118876
0.116187
0.12002
0.116266
0.11499
0.1166
0.122154
0.12692
0.116758
0.119234
0.122684
0.123306
0.131283
0.13399
0.133167
0.132288
0.12728
0.129837
0.129974
0.130779
0.130248
0.127138
0.131168
0.131792
0.131453
0.129094
0.133476
0.128283
0.13168
0.128384
0.141013
0.146412
0.142945
0.142413
0.138584
0.144251
0.137954
0.132058
0.138428
0.125816
0.130816
0.131924
0.134682
0.137036
0.127814
0.131615
0.134746
0.128509
0.130316
0.129894
0.122848
0.125185
0.126824
0.124673
0.127139
0.120922
0.12892
0.124816
0.125865
0.135134
0.131172
0.127436
0.131365
0.134849
0.138429
0.132727
0.140759
0.132442
0.136341
0.134553
0.12968
0.12562
0.129229
0.132211
0.126137
0.129945
0.134466
0.127505
0.128625
0.132315
0.131786
0.131635
0.127307
0.129407
0.123703
0.134079
0.131551
0.130937
0.128681
0.130816
0.130616
0.133849
0.142437
0.127932
0.130194
0.131578
0.130511
0.134433
0.13078
0.12901
0.130451
0.129118
0.128791
0.130117
0.127702
0.13203
0.130667
0.130273
0.125842
0.125715
0.125289
0.123994
0.120663
0.126551
0.123884
0.124451
0.124553
0.122178
0.126317
0.119166
0.117059
0.126902
0.127108
0.126051
0.121938
0.126419
0.126026
0.124153
0.124875
0.123346
0.122258
0.121649
0.124207
0.120908
0.124177
0.122272
0.124868
0.1232
0.127518
0.136693
0.135606
0.137447
0.141168
0.138061
0.133166
0.13453
0.137546
0.132057
0.126424
0.127425
0.129631
0.127647
0.125729
0.12635
0.123896
0.129897
0.129609
0.132259
0.129374
0.1294
0.130156
0.130919
0.128848
0.130464
0.131245
0.128986
0.12867
0.132804
0.140864
0.143895
0.141828
0.144512
0.141102
0.142137
0.139972
0.14001
0.139298
0.137954
0.133603
0.131275
0.132268
0.137267
0.134243
0.133618
0.130846
0.129916
0.136361
0.139752
0.144468
0.143134
0.143036
0.145629
0.145443
0.143227
0.135918
0.137223
0.142911
0.134656
0.140133
0.139653
0.140273
0.13847
0.138884
0.136736
0.140209
0.140448
0.131953
0.132258
0.134705
0.142813
0.149551
0.147029
0.151171
0.15354
0.148953
0.148832
0.150722
0.149001
0.148235
0.145532
0.140948
0.142444
0.143249
0.13801
0.145027
0.142403
0.138849
0.136398
0.141366
0.135265
0.137931
0.136779
0.140385
0.139768
0.136481
0.133827
0.141112
0.14396
0.144646
0.14201
0.14099
0.143646
0.142481
0.132818
0.139654
0.135501
0.130447
0.130278
0.133478
0.12655
0.125397
0.12686
0.124098
0.119364
0.123701
0.116105
0.122452
0.11967
0.121576
0.127832
0.124913
0.12553
0.122419
0.129474
0.121528
0.123625
0.122079
0.117305
0.126226
0.123487
0.126129
0.12232
0.116921
0.118345
0.116695
0.115126
0.115553
0.118954
0.115864
0.112949
0.115653
0.111691
0.11089
0.115146
0.113131
0.121533
0.111565
0.11339
0.11591
0.116265
0.109258
0.109463
0.110602
0.11478
0.112713
0.107879
0.114396
0.115145
0.112886
0.112211
0.111988
0.110246
0.112522
0.11238
0.115698
0.113586
0.114364
0.113454
0.108318
0.109877
0.110496
0.110567
0.110875
0.114086
0.111136
0.112297
0.108688
0.11788
0.112261
0.1108
0.109688
0.10769
0.111324
0.11306
0.124149
0.120324
0.1181
0.116161
0.114576
0.115548
0.116213
0.11827
0.121717
0.114839
0.118431
0.11775
0.113332
0.122566
0.127401
0.128474
0.124874
0.120764
0.120704
0.124389
0.119871
0.128786
0.12306
0.127276
0.125545
0.122182
0.122046
0.122193
0.133018
0.118847
0.120417
0.11773
0.120106
0.123995
0.121966
0.134644
0.122878
0.119498
0.114562
0.118399
0.114096
0.122982
0.110434
0.110946
0.113503
0.114715
0.141792
0.138868
0.139386
0.140753
0.144822
0.142679
0.145497
0.145072
0.140562
0.146272
0.146654
0.147326
0.140281
0.136397
0.141039
0.14021
0.138448
0.139258
0.139595
0.143233
0.144985
0.144024
0.141485
0.145931
0.142538
0.14318
0.141343
0.140335
0.139185
0.131576
0.135696
0.142002
0.147209
0.145456
0.145268
0.143487
0.142127
0.141441
0.134458
0.139539
0.138782
0.136255
0.131737
0.134302
0.13954
0.144069
0.139723
0.140404
0.139709
0.136483
0.134588
0.136325
0.138132
0.137144
0.132896
0.135633
0.130273
0.134665
0.135785
0.133202
0.13455
0.141225
0.145983
0.142611
0.147343
0.143617
0.143183
0.144472
0.144194
0.148153
0.148435
0.141196
0.145172
0.13921
0.141937
0.141729
0.142131
0.139577
0.138577
0.13705
0.142371
0.14007
0.142931
0.145712
0.135427
0.139344
0.138318
0.142223
0.1376
0.139902
0.147671
0.144511
0.147664
0.150064
0.143069
0.143001
0.14393
0.141775
0.142192
0.14384
0.143359
0.143389
0.142479
0.146272
0.150343
0.14773
0.144291
0.148566
0.14283
0.143064
0.140328
0.13919
0.142168
0.142393
0.145139
0.148579
0.142325
0.147715
0.143662
0.143961
0.140868
0.142052
0.148145
0.151509
0.145166
0.148947
0.145627
0.146254
0.143246
0.150016
0.142573
0.139471
0.147854
0.145825
0.144725
0.149432
0.142066
0.14335
0.150836
0.1479
0.148648
0.150976
0.14579
0.145221
0.146802
0.151207
0.149643
0.146882
0.147383
0.146608
0.146236
0.14727
0.150492
0.150134
0.146043
0.150514
0.146125
0.149954
0.147345
0.150079
0.151045
0.149385
0.149812
0.144314
0.147332
0.153748
0.150446
0.150211
0.144886
0.15019
0.151564
0.147176
0.151606
0.148955
0.144272
0.145329
0.144686
0.145278
0.146476
0.147379
0.145494
0.145618
0.145486
0.147016
0.146084
0.147334
0.145628
0.147108
0.148339
0.147151
0.148837
0.141439
0.145914
0.147122
0.133519
0.145247
0.142943
0.144154
0.147808
0.150424
0.15133
0.144404
0.146526
0.146273
0.145377
0.144945
0.147839
0.145976
0.14297
0.143893
0.144255
0.140902
0.1398
0.140838
0.143512
0.142198
0.14003
0.146922
0.141775
0.147449
0.149978
0.146608
0.148705
0.145063
0.143295
0.144855
0.136136
0.144173
0.148999
0.144022
0.140869
0.138443
0.144146
0.141467
0.138622
0.143401
0.140693
0.142585
0.14371
0.138813
0.142821
0.138876
0.14052
0.138118
0.144986
0.141592
0.146863
0.140032
0.138745
0.138453
0.139682
0.144111
0.142906
0.14171
0.143633
0.144569
0.142228
0.145552
0.138961
0.139955
0.150505
0.152135
0.149873
0.153602
0.150752
0.150345
0.15391
0.151597
0.148087
0.142206
0.154382
0.151404
0.153912
0.150822
0.151088
0.151257
0.14979
0.148207
0.147492
0.155134
0.150451
0.150074
0.154095
0.152115
0.14345
0.151385
0.148388
0.14397
0.152522
0.149001
0.150841
0.14879
0.151939
0.147317
0.145003
0.143487
0.149445
0.152225
0.150008
0.154853
0.148745
0.147993
0.148668
0.15155
0.140957
0.14329
0.149322
0.153168
0.149898
0.149345
0.143631
0.148145
0.153197
0.149036
0.14675
0.146655
0.142833
0.150508
0.150328
0.148643
0.142598
0.141439
0.150001
0.148183
0.14427
0.147497
0.150523
0.152756
0.150966
0.147314
0.148094
0.149468
0.149805
0.14596
0.151778
0.15028
0.147162
0.145135
0.147185
0.14693
0.151594
0.14791
0.144145
0.148313
0.144821
0.152934
0.143291
0.147995
0.150262
0.144354
0.150735
0.149529
0.153209
0.141664
0.150336
0.14942
0.142898
0.14331
0.14527
0.140765
0.141286
0.146203
0.146277
0.146764
0.137212
0.140349
0.134029
0.136929
0.134986
0.132803
0.135675
0.136942
0.132815
0.130632
0.124568
0.126199
0.132166
0.126753
0.128336
0.128037
0.124442
0.126968
0.12451
0.127378
0.128707
0.134224
0.133019
0.135708
0.130803
0.130747
0.130888
0.132622
0.128829
0.131274
0.127837
0.124344
0.122633
0.126038
0.12796
0.129927
0.126866
0.125194
0.12049
0.124889
0.124999
0.123952
0.121507
0.119474
0.123886
0.117196
0.119458
0.126768
0.126509
0.130761
0.132153
0.128823
0.127454
0.128111
0.124581
0.119213
0.119986
0.119975
0.11992
0.125016
0.137004
0.134755
0.125241
0.125775
0.130183
0.146424
0.136989
0.132462
0.131181
0.135791
0.140511
0.134947
0.144294
0.137219
0.142226
0.145595
0.142478
0.146149
0.143155
0.155935
0.151335
0.143366
0.142595
0.143246
0.146328
0.154863
0.151409
0.153981
0.151067
0.145179
0.142225
0.16207
0.146938
0.151391
0.142392
0.141775
0.14537
0.147116
0.160118
0.147011
0.152824
0.141719
0.164257
0.157442
0.158748
0.158068
0.159883
0.153912
0.168084
0.159336
0.15995
0.148407
0.155085
0.152783
0.151419
0.189907
0.174773
0.173833
0.171489
0.163614
0.163024
0.160521
0.15694
0.158518
0.15709
0.154831
0.156553
0.149071
0.152239
0.141164
0.180021
0.158118
0.153337
0.147669
0.14687
0.14543
0.143312
0.141036
0.145992
0.141187
0.140274
0.146797
0.143531
0.178742
0.160031
0.154261
0.15575
0.151398
0.149382
0.147833
0.151801
0.158016
0.152245
0.151421
0.154785
0.155438
0.177682
0.157081
0.158652
0.15057
0.173834
0.153161
0.157668
0.154466
0.155213
0.147023
0.154939
0.160142
0.150119
0.147657
0.170333
0.157387
0.161102
0.157576
0.155698
0.166877
0.164362
0.155323
0.162894
0.161953
0.16305
0.170091
0.15525
0.162915
0.163656
0.183128
0.1687
0.166133
0.163625
0.16267
0.171604
0.16524
0.163779
0.160775
0.155702
0.162322
0.158992
0.172826
0.162172
0.157299
0.153417
0.148925
0.170842
0.15496
0.149949
0.154335
0.153112
0.145155
0.161766
0.153594
0.151622
0.153352
0.146007
0.148784
0.145637
0.160496
0.137829
0.142355
0.139824
0.157383
0.144875
0.143038
0.140222
0.139145
0.136175
0.140777
0.129019
0.135635
0.139701
0.156706
0.143615
0.149191
0.144758
0.140279
0.138485
0.138237
0.13805
0.134848
0.134085
0.13551
0.133409
0.135084
0.135397
0.137452
0.136798
0.138788
0.153637
0.140092
0.142152
0.138987
0.127821
0.133968
0.12842
0.137396
0.131461
0.129544
0.129523
0.125466
0.129342
0.125292
0.129157
0.13444
0.127488
0.121265
0.122851
0.139377
0.122613
0.120297
0.118624
0.114757
0.113515
0.108599
0.113469
0.124169
0.121158
0.12092
0.117332
0.120234
0.120429
0.12239
0.140351
0.125367
0.120775
0.124362
0.121335
0.119322
0.119122
0.121941
0.120725
0.130056
0.12487
0.129074
0.154054
0.142174
0.13514
0.139116
0.139692
0.136907
0.138442
0.145758
0.138261
0.134811
0.137052
0.135496
0.1345
0.149286
0.142221
0.139008
0.14384
0.145424
0.147281
0.142223
0.150359
0.148686
0.147782
0.148305
0.137259
0.149576
0.160121
0.15333
0.144471
0.149414
0.141254
0.139646
0.166655
0.148299
0.14422
0.146836
0.146619
0.143459
0.146014
0.16505
0.156964
0.156215
0.154787
0.148931
0.154234
0.150763
0.161266
0.156626
0.154277
0.153749
0.150863
0.151698
0.15592
0.162294
0.157683
0.156987
0.149272
0.153551
0.156072
0.153249
0.168179
0.152023
0.154365
0.153649
0.155133
0.148084
0.161198
0.16285
0.167692
0.16167
0.163844
0.158683
0.162523
0.174456
0.157653
0.158622
0.160605
0.156355
0.158405
0.157833
0.177926
0.164883
0.162606
0.165761
0.162142
0.165302
0.165302
0.172227
0.168723
0.171642
0.170852
0.168038
0.174683
0.171007
0.185911
0.170977
0.172409
0.171994
0.172381
0.172122
0.174052
0.173221
0.158442
0.168126
0.170532
0.174715
0.17354
0.17162
0.171028
0.167807
0.165066
0.178812
0.166164
0.170699
0.171701
0.173357
0.16506
0.164281
0.178142
0.167
0.167186
0.164462
0.168153
0.156605
0.184122
0.162692
0.158368
0.151284
0.148876
0.158347
0.155583
0.166584
0.164315
0.162609
0.156487
0.151089
0.175708
0.171034
0.166955
0.161915
0.163012
0.163672
0.161751
0.171437
0.168814
0.168688
0.167309
0.164953
0.19465
0.177345
0.174465
0.175328
0.16196
0.159558
0.156628
0.17495
0.161375
0.161829
0.163705
0.155005
0.166092
0.163673
0.18001
0.162424
0.162288
0.159564
0.159759
0.156839
0.177287
0.162145
0.166928
0.15346
0.16037
0.156812
0.170312
0.162785
0.15487
0.151287
0.154221
0.152687
0.172406
0.161694
0.161797
0.16172
0.151645
0.150006
0.173625
0.152892
0.151155
0.149579
0.142124
0.148619
0.161704
0.154671
0.146821
0.150375
0.142955
0.165667
0.149955
0.15227
0.149523
0.142003
0.145324
0.146431
0.154568
0.155481
0.139261
0.146403
0.148592
0.151354
0.162438
0.155975
0.15093
0.145387
0.145107
0.142535
0.142305
0.158803
0.156605
0.154173
0.15574
0.14937
0.15623
0.161838
0.15399
0.155621
0.157195
0.152841
0.158295
0.154807
0.15073
0.148131
0.15477
0.157951
0.15944
0.162319
0.159352
0.158655
0.16392
0.168462
0.160367
0.158732
0.157971
0.157305
0.155573
0.16348
0.157637
0.149937
0.159018
0.157583
0.158301
0.160891
0.156544
0.157486
0.154067
0.149717
0.159182
0.157632
0.157009
0.145862
0.151299
0.148082
0.145651
0.146552
0.158044
0.150936
0.14411
0.149014
0.14839
0.145952
0.144527
0.15171
0.161988
0.154912
0.146414
0.151938
0.155061
0.15648
0.149017
0.150564
0.166511
0.157325
0.153417
0.167593
0.166246
0.166189
0.163167
0.166994
0.155812
0.160693
0.166778
0.168526
0.17237
0.168906
0.164195
0.165473
0.159768
0.169028
0.161169
0.162495
0.161347
0.150843
0.160254
0.169268
0.163328
0.156789
0.15751
0.156195
0.151152
0.15252
0.169243
0.157798
0.156846
0.151236
0.145687
0.157585
0.170191
0.158137
0.159257
0.14757
0.151469
0.145052
0.149927
0.141156
0.157707
0.14811
0.143138
0.144134
0.144599
0.164411
0.147726
0.148597
0.144977
0.144954
0.142708
0.140695
0.14775
0.144504
0.145302
0.143248
0.145523
0.173539
0.151584
0.145038
0.146066
0.147104
0.146821
0.158483
0.152482
0.148353
0.149906
0.149153
0.145024
0.144216
0.160059
0.148279
0.145627
0.141024
0.144166
0.144196
0.167266
0.160179
0.160901
0.146049
0.14704
0.146939
0.151027
0.14435
0.156019
0.153101
0.152481
0.152549
0.150222
0.148605
0.170518
0.154157
0.154794
0.151345
0.144798
0.147077
0.150955
0.144091
0.146871
0.149214
0.145563
0.139736
0.138845
0.141118
0.140129
0.152154
0.148968
0.14088
0.14298
0.160815
0.147339
0.146367
0.143041
0.143656
0.142198
0.137408
0.147748
0.139299
0.133183
0.140854
0.141546
0.141141
0.151371
0.142231
0.142558
0.136738
0.134392
0.133691
0.137301
0.152337
0.143725
0.1397
0.14367
0.142471
0.145322
0.13931
0.15173
0.144415
0.143897
0.140686
0.140212
0.144655
0.16229
0.147156
0.145815
0.148564
0.150694
0.139664
0.144479
0.148665
0.143933
0.136542
0.137499
0.136777
0.158018
0.143663
0.146204
0.145798
0.139355
0.142407
0.149245
0.148842
0.144457
0.146276
0.146365
0.137119
0.163789
0.153557
0.150541
0.149362
0.148349
0.139523
0.155482
0.147629
0.150058
0.141939
0.147107
0.146477
0.160266
0.14514
0.139922
0.147609
0.143264
0.140012
0.158263
0.153739
0.1524
0.148058
0.151254
0.149148
0.145301
0.163159
0.150945
0.152185
0.154456
0.150028
0.149299
0.161621
0.156004
0.161652
0.152732
0.153216
0.149844
0.167837
0.157668
0.156697
0.147028
0.148742
0.150224
0.172602
0.160444
0.160314
0.157538
0.153075
0.154619
0.155902
0.150301
0.161561
0.155979
0.158187
0.150674
0.153232
0.156501
0.157146
0.151406
0.162098
0.153062
0.147001
0.160108
0.158529
0.156103
0.154562
0.154151
0.163686
0.157135
0.144852
0.149835
0.148134
0.157227
0.154274
0.163672
0.156332
0.154595
0.149929
0.153933
0.153636
0.155732
0.146563
0.160266
0.152825
0.146291
0.146705
0.141108
0.175667
0.145955
0.147049
0.143149
0.140757
0.143845
0.158969
0.146048
0.147108
0.144908
0.169696
0.159029
0.157818
0.146474
0.148829
0.149218
0.146239
0.147579
0.15681
0.15377
0.151831
0.148117
0.17224
0.158892
0.151815
0.146972
0.140381
0.158988
0.147345
0.148783
0.148898
0.153163
0.149675
0.160712
0.152161
0.151845
0.149101
0.164585
0.161057
0.151766
0.153597
0.155587
0.16411
0.156706
0.158338
0.151668
0.151086
0.14765
0.145663
0.146187
0.149599
0.154386
0.150221
0.148775
0.145345
0.146891
0.188136
0.16178
0.156058
0.155891
0.151397
0.150662
0.144679
0.156055
0.149043
0.143712
0.150351
0.145475
0.14553
0.14401
0.147485
0.151918
0.146996
0.143424
0.149369
0.139101
0.137333
0.137029
0.147292
0.146753
0.146787
0.144622
0.153957
0.139894
0.144627
0.14459
0.144261
0.149698
0.146783
0.149172
0.141456
0.142144
0.15989
0.151319
0.145859
0.143945
0.138954
0.156579
0.148975
0.14225
0.141185
0.137213
0.154366
0.145285
0.137351
0.138753
0.125597
0.128163
0.141253
0.133801
0.135511
0.132732
0.13351
0.130972
0.141257
0.130846
0.132864
0.132258
0.148083
0.13247
0.132413
0.128797
0.130662
0.141732
0.137534
0.12909
0.13447
0.131349
0.131163
0.135141
0.131408
0.13302
0.132906
0.143239
0.137041
0.135193
0.136844
0.133018
0.126563
0.142857
0.140352
0.136632
0.130165
0.132571
0.133952
0.132269
0.144807
0.134787
0.131438
0.131224
0.141475
0.13408
0.133737
0.132365
0.131857
0.143762
0.138849
0.135896
0.136773
0.133192
0.145769
0.140493
0.131923
0.140523
0.136068
0.142582
0.140488
0.136983
0.132667
0.134244
0.141188
0.137546
0.135086
0.134536
0.128591
0.127686
0.145304
0.13611
0.137464
0.130039
0.145536
0.143037
0.13065
0.132555
0.132355
0.135326
0.133904
0.130538
0.132481
0.128341
0.139007
0.133539
0.125433
0.127412
0.120582
0.142107
0.139543
0.136378
0.130516
0.13179
0.142029
0.132138
0.125494
0.127153
0.13962
0.134049
0.130586
0.127521
0.138985
0.131625
0.133256
0.143334
0.145601
0.148246
0.140933
0.143161
0.147572
0.151156
0.151824
0.146744
0.151989
0.149874
0.166037
0.15891
0.158443
0.158967
0.18091
0.168508
0.167185
0.164512
0.160235
0.174828
0.164903
0.156143
0.155228
0.158006
0.174216
0.161875
0.159256
0.161041
0.168037
0.177002
0.164882
0.162222
0.161154
0.146303
0.154726
0.174528
0.149414
0.143893
0.150829
0.14679
0.14341
0.153229
0.143055
0.186879
0.163369
0.16108
0.159395
0.154779
0.157464
0.152175
0.150583
0.150983
0.149388
0.151478
0.149379
0.152083
0.161226
0.194299
0.167588
0.170098
0.159855
0.166338
0.163155
0.15685
0.159978
0.156063
0.150108
0.158343
0.155963
0.158054
0.146457
0.155466
0.152019
0.188285
0.157973
0.153977
0.158768
0.157848
0.156478
0.151942
0.156843
0.16086
0.152997
0.150655
0.152348
0.155096
0.152101
0.145995
0.148154
0.166926
0.157143
0.155583
0.148901
0.146823
0.149957
0.144366
0.156555
0.151945
0.152904
0.148144
0.151538
0.148686
0.16049
0.144039
0.148749
0.144176
0.140726
0.137245
0.162912
0.14895
0.14743
0.150843
0.145073
0.135982
0.162016
0.144086
0.14054
0.144578
0.144026
0.159686
0.149778
0.15319
0.147641
0.146398
0.138194
0.139023
0.155323
0.146898
0.146208
0.14319
0.144603
0.144983
0.168581
0.151251
0.151405
0.147984
0.147739
0.176262
0.161705
0.160868
0.159427
0.161995
0.160256
0.177443
0.159748
0.161801
0.161677
0.15564
0.174941
0.168864
0.162859
0.159322
0.157483
0.168768
0.159722
0.156033
0.154698
0.152595
0.166117
0.15037
0.155035
0.148744
0.164705
0.158048
0.150802
0.151305
0.148833
0.145303
0.156647
0.153135
0.151458
0.146397
0.145884
0.167102
0.141936
0.153896
0.144528
0.142725
0.144974
0.153636
0.147916
0.140427
0.139474
0.133618
0.142366
0.132819
0.147816
0.135157
0.137703
0.13544
0.158478
0.146774
0.144839
0.144729
0.1397
0.149435
0.144817
0.139582
0.143431
0.136144
0.155874
0.141549
0.142032
0.137032
0.137269
0.156836
0.144732
0.140661
0.13349
0.153985
0.147745
0.145874
0.146605
0.145886
0.154509
0.142047
0.14783
0.143884
0.158854
0.149125
0.152902
0.149893
0.150099
0.145853
0.159849
0.15059
0.146459
0.146323
0.166953
0.156304
0.156329
0.151335
0.143496
0.151168
0.152675
0.153176
0.151088
0.147369
0.162572
0.152309
0.147357
0.147816
0.147222
0.163624
0.155387
0.151386
0.149002
0.145411
0.163842
0.159642
0.149231
0.145248
0.147966
0.164563
0.152106
0.152199
0.154583
0.153902
0.145643
0.163061
0.153
0.149897
0.151711
0.148573
0.15052
0.168503
0.156038
0.146185
0.14703
0.172957
0.153318
0.146425
0.151059
0.151217
0.152564
0.142326
0.164876
0.147329
0.151706
0.153394
0.153594
0.14909
0.173063
0.152798
0.147293
0.149866
0.140728
0.159585
0.147783
0.144897
0.147793
0.146142
0.150258
0.148712
0.152787
0.14069
0.140675
0.14103
0.165014
0.148648
0.145296
0.137196
0.156053
0.145063
0.149978
0.142278
0.142124
0.15594
0.146356
0.151285
0.144412
0.139384
0.152467
0.151476
0.143174
0.147087
0.168731
0.154146
0.145572
0.154613
0.151834
0.14619
0.163768
0.146639
0.148741
0.148637
0.146293
0.142748
0.142507
0.158229
0.149348
0.141874
0.162501
0.149757
0.152514
0.146262
0.143624
0.144262
0.145515
0.152662
0.145594
0.150142
0.150499
0.151129
0.149649
0.191961
0.169625
0.163591
0.158697
0.151024
0.152725
0.149255
0.148705
0.145632
0.143224
0.148762
0.144104
0.140487
0.150292
0.174013
0.160345
0.156379
0.155858
0.153048
0.152399
0.14977
0.141281
0.146322
0.142077
0.142637
0.136595
0.144011
0.139293
0.141841
0.173511
0.149707
0.144296
0.148114
0.146844
0.140933
0.143196
0.138412
0.143049
0.139993
0.137966
0.141456
0.145494
0.170402
0.159483
0.159293
0.151326
0.148937
0.147736
0.145442
0.149088
0.144906
0.141685
0.146395
0.151308
0.177683
0.159757
0.154876
0.1559
0.153713
0.1512
0.143468
0.139342
0.142604
0.140333
0.130499
0.135893
0.137132
0.135164
0.137717
0.124624
0.127284
0.136439
0.12028
0.117554
0.139137
0.120907
0.121663
0.11224
0.11224
0.109019
0.10598
0.106842
0.125684
0.112412
0.113076
0.10725
0.107209
0.105709
0.105505
0.104306
0.102719
0.103394
0.12706
0.109318
0.106356
0.106261
0.10688
0.100393
0.095258
0.095361
0.095752
0.101904
0.09641
0.095405
0.088396
0.105591
0.094492
0.088186
0.085595
0.08836
0.083772
0.081672
0.0834
0.089687
0.086008
0.081736
0.076316
0.081754
0.077735
0.084379
0.082519
0.080232
0.079499
0.076724
0.073773
0.083525
0.075574
0.076202
0.074064
0.071914
0.072265
0.068676
0.078691
0.071007
0.071429
0.078684
0.073018
0.074837
0.077348
0.072307
0.075021
0.078749
0.076803
0.075846
0.076075
0.076421
0.076111
0.075015
0.094835
0.088658
0.081516
0.085071
0.080732
0.0777
0.07892
0.088232
0.085901
0.083861
0.084444
0.082524
0.096291
0.088267
0.087042
0.090205
0.085314
0.092657
0.097014
0.092483
0.088626
0.094245
0.093614
0.098182
0.092653
0.097538
0.094848
0.093002
0.09433
0.108389
0.098509
0.099955
0.093398
0.09073
0.086209
0.098721
0.093927
0.088943
0.08806
0.081406
0.075603
0.077598
0.078757
0.076579
0.073325
0.070877
0.075105
0.077105
0.07784
0.072401
0.071392
0.077912
0.077781
0.092541
0.089641
0.08712
0.085378
0.082985
0.084691
0.084694
0.081205
0.096298
0.092076
0.086076
0.084345
0.078064
0.078399
0.077617
0.078834
0.083223
0.088109
0.093814
0.091179
0.090496
0.087739
0.086974
0.085095
0.080819
0.077176
0.072257
0.0733
0.080412
0.085691
0.082316
0.079071
0.07248
0.067596
0.062488
0.068604
0.079254
0.087805
0.085951
0.084965
0.083315
0.084241
0.08663
0.084413
0.089675
0.088523
0.086426
0.081469
0.081391
0.082261
0.081372
0.09156
0.088215
0.086587
0.082874
0.093057
0.096427
0.092717
0.093323
0.092874
0.090322
0.096382
0.096062
0.094785
0.091213
0.100677
0.091686
0.088577
0.085226
0.095566
0.093739
0.085724
0.087931
0.09338
0.091426
0.087656
0.090524
0.084515
0.092253
0.090219
0.0871
0.082132
0.07819
0.087786
0.080486
0.084356
0.084465
0.087198
0.097132
0.09996
0.09937
0.091321
0.093023
0.094942
0.093138
0.093167
0.095128
0.103689
0.099662
0.098825
0.096465
0.095904
0.093961
0.097299
0.092538
0.088976
0.100217
0.095413
0.087783
0.088897
0.086164
0.080421
0.081623
0.082622
0.081821
0.07623
0.07749
0.077285
0.075133
0.077394
0.083054
0.075035
0.072448
0.07818
0.07574
0.073411
0.072807
0.069896
0.071099
0.069851
0.070919
0.069575
0.067289
0.075514
0.072442
0.067757
0.067764
0.064586
0.065591
0.063073
0.058899
0.059043
0.058024
0.058628
0.06149
0.056844
0.053401
0.053909
0.05187
0.058938
0.053516
0.054099
0.05297
0.055755
0.054796
0.053228
0.051132
0.058737
0.054446
0.053334
0.054351
0.061095
0.057022
0.05557
0.056126
0.055151
0.05442
0.054735
0.053598
0.05656
0.055231
0.056285
0.066808
0.061392
0.059134
0.057732
0.058541
0.054532
0.053419
0.057151
0.054633
0.052804
0.053933
0.054217
0.054521
0.058738
0.054969
0.053961
0.052398
0.058719
0.05564
0.054211
0.051989
0.052458
0.050213
0.057761
0.053102
0.05171
0.050019
0.051963
0.050146
0.061155
0.054292
0.053962
0.054015
0.05189
0.051893
0.05189
0.053256
0.052004
0.05216
0.053078
0.054391
0.065428
0.058269
0.057578
0.05907
0.058181
0.05636
0.056653
0.059025
0.058379
0.060432
0.056882
0.05652
0.059207
0.064012
0.072424
0.064515
0.062811
0.065276
0.063751
0.061481
0.062776
0.06653
0.067392
0.06641
0.063542
0.064008
0.062814
0.066102
0.0707
0.069713
0.069306
0.066566
0.077055
0.077405
0.076912
0.077541
0.075233
0.080399
0.081392
0.080132
0.086678
0.088268
0.088798
0.089182
0.099787
0.103528
0.104385
0.103147
0.099792
0.096162
0.096121
0.093773
0.093427
0.098458
0.113153
0.10544
0.10309
0.102684
0.106679
0.106297
0.103055
0.098034
0.096169
0.094663
0.094924
0.095023
0.087056
0.089616
0.107718
0.099768
0.096352
0.092897
0.091552
0.088299
0.082881
0.082676
0.083903
0.077681
0.077323
0.077166
0.075472
0.076143
0.07781
0.09174
0.08782
0.086627
0.088566
0.08706
0.089076
0.084681
0.083632
0.087523
0.084342
0.08708
0.086426
0.081258
0.079642
0.083383
0.089769
0.087929
0.091664
0.093786
0.090993
0.108835
0.099681
0.102678
0.101279
0.098288
0.099528
0.095494
0.095709
0.0939
0.100407
0.098596
0.095923
0.099581
0.108374
0.102232
0.100952
0.100585
0.097231
0.097313
0.094638
0.089071
0.097933
0.093415
0.089971
0.087354
0.087597
0.084345
0.090044
0.085713
0.083188
0.078193
0.080037
0.078882
0.081778
0.078814
0.080997
0.082917
0.079366
0.07582
0.0931
0.086546
0.083728
0.078571
0.082006
0.076638
0.076671
0.074746
0.072324
0.076968
0.080179
0.076177
0.075938
0.075304
0.085391
0.080383
0.080909
0.078219
0.077826
0.073618
0.070028
0.079119
0.076325
0.072899
0.071293
0.068274
0.081908
0.072893
0.073443
0.068874
0.067346
0.076402
0.068177
0.067288
0.067527
0.065281
0.063122
0.071228
0.066262
0.064861
0.064504
0.063953
0.068938
0.065554
0.070644
0.069901
0.065777
0.077739
0.073422
0.069492
0.070539
0.068799
0.068326
0.067756
0.065487
0.072647
0.071524
0.067961
0.06873
0.069841
0.070103
0.067633
0.084538
0.073924
0.073314
0.073131
0.070889
0.075218
0.078932
0.077722
0.075558
0.078299
0.08026
0.089433
0.084698
0.082869
0.087035
0.083086
0.079001
0.082441
0.083007
0.079583
0.084992
0.085276
0.097471
0.088714
0.090418
0.086761
0.08492
0.08339
0.084505
0.084074
0.078556
0.079428
0.081075
0.081805
0.084447
0.086075
0.086215
0.100153
0.091681
0.089211
0.090807
0.090082
0.091351
0.096955
0.091055
0.093971
0.093133
0.092747
0.097037
0.093904
0.119183
0.109257
0.105015
0.10757
0.106735
0.105614
0.105793
0.110837
0.104922
0.108934
0.107278
0.126934
0.119078
0.118271
0.114053
0.11212
0.113994
0.124342
0.120797
0.129644
0.126143
0.124003
0.121809
0.117798
0.120284
0.114802
0.110514
0.113988
0.115263
0.114882
0.128746
0.120563
0.120875
0.117993
0.11484
0.110934
0.107979
0.114786
0.122987
0.13374
0.116828
0.10612
0.099716
0.101393
0.098148
0.096092
0.103242
0.099125
0.096105
0.096216
0.09558
0.087441
0.088097
0.092172
0.103705
0.094381
0.094248
0.092604
0.087914
0.091244
0.086264
0.080484
0.077596
0.0824
0.078164
0.072478
0.087924
0.079149
0.07587
0.073821
0.07105
0.069474
0.069068
0.073804
0.077252
0.072755
0.073147
0.083375
0.07541
0.070348
0.075455
0.071464
0.083055
0.080177
0.075233
0.081747
0.084222
0.085598
0.093277
0.089951
0.085073
0.079662
0.081352
0.08129
0.082872
0.085031
0.078778
0.078573
0.076735
0.081346
0.082093
0.084984
0.079696
0.077414
0.076229
0.083824
0.081405
0.080602
0.077197
0.076594
0.08
0.079627
0.083169
0.082582
0.07902
0.076616
0.076991
0.085207
0.078074
0.080532
0.076549
0.077113
0.0787
0.075631
0.088413
0.084687
0.086123
0.083456
0.083686
0.088276
0.094511
0.092157
0.091065
0.087464
0.090446
0.091316
0.088184
0.099021
0.093981
0.095451
0.09316
0.0941
0.111017
0.105952
0.104322
0.102039
0.098746
0.112954
0.110416
0.102962
0.102719
0.104252
0.10804
0.11068
0.107895
0.101899
0.098466
0.100051
0.096702
0.110239
0.106061
0.101756
0.102961
0.119032
0.105657
0.108332
0.105912
0.104811
0.100035
0.103766
0.111155
0.108119
0.110281
0.108199
0.108959
0.110119
0.10651
0.117989
0.113041
0.111699
0.11193
0.1101
0.112177
0.120602
0.11525
0.110536
0.108678
0.108232
0.115486
0.115943
0.121304
0.124646
0.120667
0.123111
0.116792
0.118292
0.114024
0.112559
0.117817
0.109011
0.106476
0.107579
0.112411
0.114208
0.134944
0.11643
0.109089
0.11365
0.110582
0.110358
0.103908
0.103758
0.103021
0.101051
0.09414
0.098808
0.102012
0.103095
0.1006
0.104186
0.104271
0.101472
0.102498
0.099532
0.125811
0.108242
0.108004
0.108749
0.107551
0.105723
0.102365
0.095166
0.099373
0.098135
0.101042
0.103199
0.098916
0.107255
0.101609
0.099774
0.11696
0.108224
0.104123
0.102866
0.099869
0.102062
0.100479
0.101353
0.099037
0.099976
0.099618
0.099609
0.10156
0.099825
0.099226
0.09875
0.093608
0.107831
0.100714
0.10115
0.09778
0.098758
0.098249
0.095417
0.09602
0.096335
0.093543
0.094615
0.092193
0.092051
0.095798
0.095665
0.097026
0.096246
0.095244
0.094754
0.094131
0.093225
0.088399
0.089944
0.089429
0.088797
0.087387
0.088086
0.088048
0.088944
0.087227
0.083057
0.085365
0.083174
0.0829
0.085028
0.081295
0.076496
0.076773
0.077586
0.075372
0.073817
0.07344
0.075118
0.077362
0.07843
0.079879
0.079478
0.080035
0.084975
0.077509
0.080421
0.080041
0.079347
0.079767
0.078048
0.074254
0.075292
0.077333
0.075783
0.0769
0.078195
0.078568
0.078047
0.071187
0.074306
0.072969
0.082184
0.076174
0.078677
0.072385
0.075725
0.085664
0.085379
0.081587
0.080973
0.081188
0.079019
0.07765
0.077893
0.084341
0.084057
0.08247
0.085345
0.085714
0.082246
0.083363
0.079723
0.087064
0.086402
0.083825
0.084739
0.087335
0.084781
0.080823
0.084361
0.086665
0.086075
0.088813
0.089153
0.08496
0.085534
0.086798
0.091551
0.088574
0.088245
0.084933
0.082942
0.089468
0.085932
0.091023
0.088522
0.089528
0.086172
0.091094
0.08295
0.083777
0.087008
0.085807
0.083449
0.083553
0.080128
0.082474
0.092002
0.088233
0.084564
0.083906
0.081729
0.079713
0.081309
0.085379
0.083161
0.078315
0.076672
0.076195
0.077995
0.086304
0.078512
0.077331
0.075219
0.076274
0.076161
0.08543
0.077867
0.078235
0.074775
0.075094
0.07472
0.074988
0.080122
0.076967
0.076792
0.074922
0.075602
0.075541
0.085671
0.081204
0.085098
0.078982
0.0791
0.080299
0.083286
0.088697
0.084384
0.082168
0.081027
0.083333
0.083198
0.089426
0.08645
0.085688
0.088338
0.085894
0.080211
0.086817
0.091072
0.084161
0.084774
0.08497
0.087286
0.08834
0.08354
0.091172
0.083203
0.088115
0.090248
0.09138
0.091364
0.097348
0.094566
0.093643
0.093992
0.092815
0.090784
0.091831
0.096523
0.091926
0.091441
0.088596
0.08849
0.087422
0.087236
0.082415
0.085881
0.090891
0.089422
0.10644
0.096642
0.095058
0.091555
0.09059
0.094171
0.098617
0.089207
0.092921
0.094607
0.09264
0.095449
0.108358
0.105654
0.105471
0.101751
0.099981
0.103178
0.100714
0.100324
0.100792
0.100263
0.098171
0.103501
0.102914
0.100358
0.093592
0.096738
0.10597
0.099952
0.100685
0.097428
0.097458
0.097418
0.099774
0.096018
0.096896
0.096788
0.096766
0.097981
0.099607
0.099352
0.098597
0.096322
0.095693
0.105213
0.103221
0.100647
0.099232
0.10152
0.099339
0.102027
0.10129
0.096006
0.102499
0.100916
0.102955
0.108397
0.103271
0.101198
0.100352
0.103205
0.102913
0.105457
0.102592
0.103917
0.106223
0.104563
0.098152
0.097637
0.098458
0.100802
0.101898
0.098539
0.102605
0.098695
0.100493
0.102528
0.101341
0.099757
0.100113
0.10451
0.101899
0.098639
0.101784
0.101708
0.101872
0.106071
0.101933
0.098073
0.100454
0.101655
0.104207
0.104639
0.101103
0.098027
0.09885
0.096965
0.093674
0.099864
0.098085
0.094802
0.092255
0.093628
0.094502
0.08884
0.088345
0.088083
0.082695
0.076587
0.073217
0.07352
0.072344
0.080285
0.07046
0.072277
0.077857
0.079178
0.079547
0.079961
0.082035
0.083799
0.095098
0.086086
0.085273
0.08306
0.085517
0.086606
0.080248
0.079664
0.078441
0.079938
0.080189
0.082245
0.078704
0.082272
0.083767
0.086073
0.082314
0.090798
0.086763
0.086378
0.08777
0.089663
0.092732
0.095629
0.088281
0.086544
0.090905
0.089871
0.087083
0.089014
0.089492
0.088863
0.082852
0.09134
0.090658
0.092147
0.097408
0.095305
0.090806
0.09482
0.092018
0.094263
0.087808
0.09256
0.092279
0.091943
0.090694
0.093343
0.092886
0.09208
0.090819
0.092788
0.092057
0.088949
0.093179
0.090282
0.09403
0.088989
0.086781
0.094046
0.096111
0.0936
0.095166
0.092979
0.092514
0.096948
0.095214
0.096879
0.0949
0.093452
0.095804
0.094324
0.089776
0.092386
0.093714
0.091332
0.089708
0.092078
0.088364
0.094016
0.092515
0.087937
0.088105
0.091729
0.091299
0.096146
0.09429
0.095941
0.089222
0.090913
0.094465
0.093585
0.093456
0.093569
0.088626
0.090097
0.093501
0.090443
0.094639
0.092444
0.087777
0.092455
0.088773
0.088851
0.09163
0.09009
0.091154
0.089495
0.091606
0.093718
0.09328
0.091642
0.091512
0.095669
0.092515
0.091434
0.090651
0.090444
0.089841
0.091374
0.090937
0.101416
0.099451
0.10322
0.098715
0.100864
0.096759
0.101548
0.102044
0.10245
0.103765
0.105504
0.100124
0.101747
0.102969
0.103776
0.098767
0.099154
0.096553
0.100633
0.101266
0.100902
0.097002
0.099876
0.095012
0.09994
0.096811
0.096992
0.098756
0.097851
0.096486
0.101742
0.101126
0.101087
0.101059
0.097996
0.098349
0.099366
0.101594
0.100362
0.099391
0.101897
0.099847
0.102379
0.100114
0.100829
0.092765
0.102115
0.102216
0.102601
0.103538
0.097938
0.100728
0.1044
0.103307
0.103047
0.103968
0.10388
0.100441
0.102448
0.104652
0.103221
0.104954
0.103938
0.100548
0.103594
0.102779
0.102122
0.103425
0.103709
0.101637
0.101426
0.106283
0.103173
0.104466
0.105374
0.098707
0.09917
0.102257
0.102954
0.105277
0.103332
0.101893
0.104892
0.105087
0.100951
0.102638
0.102683
0.106221
0.104211
0.103972
0.10194
0.101986
0.101297
0.100044
0.100116
0.10119
0.096202
0.101281
0.097249
0.095846
0.100696
0.098446
0.10033
0.101335
0.096595
0.098215
0.097194
0.098936
0.099272
0.095363
0.095326
0.092781
0.097216
0.093435
0.096622
0.095038
0.09367
0.087058
0.083701
0.087519
0.089728
0.086023
0.084711
0.085838
0.082098
0.08001
0.076821
0.07373
0.073297
0.069394
0.071958
0.065777
0.069253
0.074968
0.07926
0.097123
0.093744
0.094866
0.090589
0.093356
0.096135
0.098279
0.101088
0.111947
0.110886
0.112326
0.11176
0.109791
0.102928
0.102832
0.104466
0.105114
0.106827
0.097313
0.118648
0.10707
0.105005
0.10339
0.103026
0.105313
0.099264
0.105003
0.106895
0.101836
0.115544
0.10645
0.10743
0.104746
0.105271
0.096044
0.105526
0.099416
0.098526
0.096108
0.096938
0.093782
0.104973
0.09749
0.096368
0.093935
0.10576
0.098065
0.098137
0.096636
0.092799
0.099277
0.106984
0.098676
0.096144
0.08761
0.093827
0.098318
0.094559
0.093428
0.097401
0.097648
0.09933
0.095763
0.092334
0.087825
0.084604
0.083642
0.084551
0.086318
0.083599
0.088433
0.086773
0.0908
0.087772
0.089706
0.097555
0.096935
0.09717
0.093256
0.088286
0.087057
0.085786
0.085461
0.082342
0.09378
0.089607
0.08643
0.084378
0.080694
0.087748
0.087683
0.087533
0.083423
0.077267
0.091
0.084382
0.076075
0.080096
0.084395
0.079967
0.076128
0.074815
0.076016
0.078408
0.077249
0.076319
0.074097
0.083573
0.080857
0.078629
0.079277
0.072967
0.076929
0.08276
0.080611
0.079227
0.077623
0.089977
0.083563
0.082341
0.081832
0.083668
0.077307
0.087832
0.08691
0.087371
0.086105
0.083063
0.0961
0.092377
0.084363
0.083991
0.087267
0.085503
0.085862
0.096094
0.092554
0.088376
0.090426
0.084568
0.087043
0.091439
0.086493
0.09087
0.088267
0.087201
0.087279
0.08864
0.089796
0.088404
0.087547
0.089624
0.085864
0.090563
0.088395
0.085655
0.086708
0.08647
0.090327
0.087955
0.090432
0.088105
0.098197
0.092762
0.093253
0.090963
0.092044
0.0903
0.083806
0.08734
0.091728
0.082677
0.081445
0.080082
0.081603
0.080257
0.078277
0.084471
0.078826
0.076386
0.078654
0.071666
0.075548
0.074248
0.06969
0.078465
0.074928
0.074768
0.072417
0.075255
0.074107
0.077217
0.077361
0.078907
0.078045
0.079428
0.078981
0.083209
0.07756
0.081669
0.082335
0.078735
0.079547
0.076095
0.077497
0.077956
0.077835
0.075187
0.076915
0.074084
0.075992
0.072083
0.076673
0.070969
0.075497
0.072192
0.074227
0.072686
0.073667
0.071612
0.072615
0.073141
0.075597
0.075802
0.075828
0.073684
0.073195
0.072134
0.073137
0.073652
0.072396
0.069755
0.071974
0.074365
0.081863
0.082607
0.080304
0.079079
0.08216
0.079866
0.080133
0.079132
0.079274
0.076782
0.076304
0.078401
0.075579
0.07762
0.077331
0.076101
0.075105
0.077302
0.075733
0.075228
0.077694
0.079317
0.075038
0.077974
0.07626
0.075599
0.075711
0.075503
0.073379
0.076796
0.076867
0.076282
0.07441
0.077939
0.077502
0.076277
0.078188
0.083304
0.090118
0.09058
0.091438
0.091894
0.090682
0.091202
0.092868
0.095482
0.093122
0.089922
0.090308
0.090066
0.091616
0.090578
0.091377
0.091692
0.091087
0.097703
0.098439
0.098713
0.098065
0.099474
0.09619
0.095962
0.090589
0.092891
0.090031
0.096204
0.09767
0.101373
0.098632
0.094461
0.104742
0.104396
0.099989
0.098906
0.098669
0.103598
0.115645
0.105831
0.109616
0.102633
0.100093
0.101502
0.116111
0.106105
0.100307
0.099159
0.092674
0.091694
0.104788
0.093011
0.090378
0.102639
0.096962
0.095519
0.093897
0.092907
0.098174
0.093718
0.094423
0.093095
0.102578
0.100018
0.102957
0.100631
0.099015
0.10664
0.102894
0.103395
0.098875
0.098383
0.109032
0.101037
0.104677
0.102681
0.101083
0.106474
0.101968
0.099254
0.098461
0.110633
0.10008
0.098382
0.097938
0.099453
0.099214
0.094621
0.101709
0.098858
0.094102
0.096566
0.092801
0.098598
0.106287
0.100121
0.097376
0.097048
0.097252
0.092867
0.093205
0.097013
0.094554
0.095009
0.094009
0.091138
0.093505
0.108399
0.094984
0.097022
0.092858
0.090632
0.091498
0.088209
0.0951
0.093494
0.090987
0.092178
0.088637
0.09498
0.090364
0.094528
0.089396
0.092602
0.093465
0.092006
0.087478
0.088318
0.093486
0.09011
0.087994
0.089935
0.086384
0.082349
0.088567
0.090256
0.088106
0.089902
0.089727
0.086245
0.082485
0.085915
0.095154
0.087969
0.084466
0.081417
0.088152
0.084296
0.08788
0.084871
0.085546
0.082581
0.080604
0.077502
0.078545
0.090945
0.07611
0.080283
0.079757
0.07683
0.0771
0.08638
0.079335
0.077611
0.076119
0.077542
0.076306
0.075208
0.079926
0.078671
0.075736
0.075209
0.073574
0.084611
0.076612
0.072982
0.072531
0.072454
0.076361
0.075826
0.075064
0.076956
0.074519
0.081776
0.074953
0.077431
0.077873
0.077791
0.074172
0.083094
0.076922
0.077876
0.074697
0.086066
0.082431
0.083428
0.079893
0.074188
0.080584
0.080084
0.07663
0.073098
0.070252
0.07044
0.073823
0.068551
0.064132
0.06242
0.072758
0.063571
0.063164
0.062218
0.060499
0.059887
0.053957
0.06014
0.058887
0.059147
0.056806
0.057476
0.055598
0.070659
0.063906
0.062537
0.060697
0.063665
0.059928
0.062764
0.063241
0.065656
0.068686
0.068115
0.068954
0.070928
0.074315
0.079683
0.076072
0.073327
0.072576
0.071399
0.071325
0.075897
0.078786
0.077086
0.078332
0.077591
0.080728
0.088577
0.087458
0.09286
0.093004
0.106537
0.104614
0.104064
0.105276
0.10473
0.105608
0.099776
0.103949
0.113875
0.106423
0.103408
0.106826
0.10361
0.132007
0.121373
0.118574
0.114686
0.108337
0.110637
0.110347
0.113237
0.116242
0.11263
0.12981
0.122318
0.120277
0.123236
0.118339
0.112961
0.116352
0.110122
0.105021
0.108661
0.116
0.111331
0.108277
0.101371
0.100477
0.105123
0.101893
0.097981
0.094892
0.093925
0.093469
0.09697
0.089989
0.101965
0.098079
0.091592
0.091397
0.088267
0.083683
0.086643
0.080157
0.080281
0.080096
0.07739
0.086746
0.081949
0.079759
0.07868
0.074842
0.073281
0.073159
0.076171
0.074057
0.073559
0.073271
0.071182
0.069363
0.068697
0.069877
0.070635
0.072291
0.074377
0.074753
0.076141
0.075887
0.086228
0.082505
0.0776
0.076924
0.080285
0.076935
0.081991
0.080493
0.075226
0.071018
0.073612
0.06661
0.077208
0.071355
0.072573
0.077839
0.072248
0.069004
0.065203
0.061311
0.059482
0.060449
0.062075
0.058176
0.057041
0.057712
0.055183
0.065281
0.055693
0.054781
0.055203
0.055528
0.055018
0.061792
0.055687
0.052567
0.051806
0.05304
0.049382
0.058139
0.052625
0.052398
0.052443
0.051531
0.058638
0.051981
0.053888
0.053848
0.050053
0.049426
0.055245
0.050832
0.051728
0.049402
0.051246
0.053029
0.063133
0.056036
0.056692
0.052387
0.052279
0.052729
0.053629
0.055236
0.055209
0.055771
0.057568
0.065874
0.057491
0.061604
0.060227
0.05773
0.062366
0.0616
0.058548
0.063526
0.064947
0.060376
0.059806
0.067024
0.065644
0.061519
0.062427
0.06173
0.062688
0.059547
0.066814
0.064825
0.060474
0.059977
0.063306
0.061651
0.068439
0.064606
0.061714
0.060884
0.061923
0.06884
0.064545
0.065647
0.066232
0.063337
0.065448
0.065352
0.063232
0.069814
0.069202
0.068605
0.066386
0.080847
0.073991
0.075582
0.075974
0.074049
0.078029
0.075121
0.088173
0.085446
0.084382
0.084363
0.080336
0.080918
0.085666
0.085076
0.083609
0.084138
0.080852
0.086591
0.085435
0.089328
0.082228
0.076863
0.083701
0.076937
0.081609
0.071571
0.071623
0.07527
0.077519
0.077191
0.084102
0.073111
0.078494
0.078025
0.076821
0.077515
0.072331
0.069118
0.072096
0.069985
0.06289
0.065581
0.067962
0.083495
0.072551
0.075284
0.076078
0.081348
0.076517
0.076269
0.076818
0.078137
0.080877
0.079135
0.083374
0.097916
0.093655
0.101198
0.097285
0.09562
0.097555
0.094234
0.094088
0.096388
0.094191
0.093378
0.094307
0.093269
0.112208
0.098435
0.100247
0.090632
0.091721
0.09324
0.09117
0.093744
0.087969
0.088437
0.089564
0.087657
0.087717
0.083062
0.084224
0.084765
0.081938
0.077103
0.074674
0.077264
0.073956
0.071213
0.074005
0.076215
0.069796
0.067417
0.068377
0.065265
0.069286
0.064797
0.061658
0.059669
0.059056
0.064996
0.062813
0.058849
0.057709
0.064726
0.060378
0.057404
0.056243
0.054507
0.053621
0.056383
0.058665
0.052987
0.052305
0.052393
0.053551
0.058955
0.05494
0.052629
0.049253
0.058802
0.053913
0.051334
0.053721
0.050397
0.048525
0.050431
0.05033
0.051773
0.04941
0.05064
0.049267
0.050328
0.056449
0.053553
0.050604
0.051052
0.050413
0.04982
0.054471
0.050954
0.050011
0.048212
0.048346
0.049492
0.049679
0.050648
0.060351
0.05583
0.053877
0.051644
0.051448
0.052734
0.049706
0.053574
0.053333
0.050015
0.050873
0.055582
0.064652
0.059628
0.05951
0.058602
0.058056
0.055077
0.053392
0.052929
0.055274
0.05349
0.051519
0.051659
0.052537
0.051848
0.052068
0.064717
0.055639
0.05649
0.054071
0.053452
0.051877
0.050579
0.048691
0.048781
0.047537
0.049339
0.049927
0.048673
0.061527
0.052375
0.052403
0.050331
0.051911
0.04885
0.050495
0.050999
0.053689
0.057039
0.056756
0.064231
0.06167
0.062231
0.059996
0.057291
0.059396
0.058383
0.060465
0.057443
0.057078
0.05719
0.062246
0.073026
0.065865
0.068929
0.06651
0.063145
0.0648
0.064084
0.066413
0.064204
0.063407
0.067794
0.069041
0.06647
0.06586
0.068449
0.066693
0.062511
0.070017
0.068918
0.069522
0.066628
0.079027
0.0757
0.075995
0.074389
0.074463
0.079142
0.083004
0.083246
0.081456
0.081701
0.080058
0.087502
0.088817
0.087864
0.086962
0.086032
0.085867
0.088488
0.08508
0.081562
0.081851
0.078396
0.075959
0.080898
0.083944
0.090211
0.082976
0.083409
0.076785
0.092211
0.087907
0.086487
0.079852
0.076461
0.077382
0.07555
0.074497
0.074453
0.077999
0.07794
0.079212
0.081046
0.079946
0.080254
0.094451
0.09012
0.08586
0.085875
0.084422
0.07675
0.080554
0.080158
0.077162
0.082205
0.092905
0.090707
0.08888
0.087798
0.089521
0.086689
0.088899
0.092176
0.090751
0.085175
0.089021
0.085516
0.09016
0.099947
0.094541
0.094607
0.088161
0.088527
0.099949
0.093665
0.088392
0.086587
0.087069
0.088362
0.091764
0.093641
0.092458
0.088361
0.08956
0.090987
0.084646
0.095258
0.090739
0.089089
0.089646
0.086935
0.094438
0.08976
0.091187
0.091988
0.091638
0.08832
0.087283
0.087593
0.087314
0.088036
0.102045
0.094999
0.092008
0.091193
0.088898
0.09423
0.090178
0.090159
0.089216
0.088004
0.102885
0.097223
0.097885
0.09435
0.092301
0.09619
0.092085
0.089448
0.090524
0.089674
0.099844
0.095525
0.093591
0.090844
0.104754
0.096441
0.097969
0.095507
0.102791
0.095825
0.095401
0.097963
0.096203
0.09464
0.089729
0.089298
0.090738
0.08959
0.085838
0.083077
0.084147
0.087844
0.084142
0.084669
0.080768
0.088611
0.079936
0.081523
0.083551
0.090116
0.078973
0.084815
0.089168
0.082474
0.082911
0.079339
0.083789
0.084884
0.086282
0.083246
0.083268
0.082014
0.093285
0.084788
0.081561
0.081472
0.080317
0.079153
0.079686
0.074072
0.082788
0.077026
0.075975
0.073663
0.08323
0.075887
0.074181
0.071832
0.07243
0.068268
0.069089
0.073843
0.069081
0.068846
0.067871
0.064332
0.068309
0.070284
0.07155
0.068187
0.068889
0.065903
0.074598
0.069066
0.067574
0.067618
0.062981
0.065752
0.059965
0.066647
0.064227
0.063114
0.060034
0.06395
0.06191
0.062128
0.066844
0.061512
0.059682
0.06063
0.065458
0.060194
0.058494
0.054989
0.055014
0.058064
0.058857
0.055293
0.057412
0.057367
0.064588
0.062908
0.061641
0.062276
0.060945
0.06723
0.064779
0.067603
0.065976
0.06673
0.064517
0.07516
0.069927
0.071671
0.07312
0.070328
0.073799
0.079071
0.076462
0.078471
0.078588
0.077223
0.073995
0.078864
0.085382
0.085593
0.083546
0.083597
0.086652
0.085681
0.085785
0.086017
0.086553
0.092828
0.093635
0.092677
0.090918
0.09292
0.09087
0.093741
0.094776
0.098147
0.098533
0.089614
0.098772
0.107289
0.105218
0.103541
0.104909
0.094667
0.099033
0.105584
0.106423
0.111299
0.111184
0.108652
0.110217
0.124907
0.121313
0.116547
0.120648
0.126749
0.131229
0.125778
0.12707
0.129765
0.143442
0.146072
0.149925
0.139679
0.145627
0.140771
0.140709
0.139944
0.135685
0.141434
0.138816
0.147161
0.145575
0.17988
0.157906
0.157819
0.152512
0.14881
0.144871
0.14043
0.145203
0.141271
0.142657
0.14364
0.141185
0.141131
0.169936
0.156284
0.15514
0.153982
0.147347
0.140993
0.14505
0.139468
0.140551
0.139053
0.139679
0.139263
0.142629
0.132726
0.143409
0.173018
0.158205
0.153847
0.156669
0.157938
0.143371
0.149116
0.150111
0.142099
0.140475
0.149392
0.148453
0.151072
0.143788
0.148171
0.143508
0.171103
0.158455
0.160372
0.150327
0.151866
0.148083
0.149912
0.143476
0.153878
0.149543
0.149894
0.147751
0.15607
0.15101
0.150681
0.18107
0.155127
0.168468
0.166942
0.161334
0.156886
0.157501
0.152803
0.162773
0.154526
0.149286
0.145849
0.152934
0.152214
0.191741
0.159255
0.167991
0.156536
0.160812
0.156149
0.15138
0.150952
0.142637
0.149659
0.155501
0.152141
0.155122
0.15479
0.158069
0.202301
0.165314
0.15983
0.16268
0.164341
0.154993
0.162876
0.162115
0.16081
0.155852
0.154116
0.158221
0.16235
0.158776
0.162319
0.150017
0.159198
0.153953
0.181429
0.16471
0.153188
0.154939
0.155887
0.155894
0.151402
0.165201
0.148426
0.151149
0.146957
0.152473
0.162149
0.156113
0.179436
0.16636
0.160934
0.156508
0.156217
0.149222
0.151232
0.150429
0.155891
0.153839
0.15628
0.151007
0.153451
0.154728
0.152072
0.140709
0.161524
0.155467
0.155414
0.144063
0.173866
0.155847
0.153302
0.154941
0.15401
0.151189
0.147511
0.160504
0.153356
0.151988
0.149482
0.152061
0.169125
0.164038
0.153321
0.153177
0.154104
0.154489
0.157448
0.174634
0.15514
0.151034
0.157713
0.15742
0.1565
0.17347
0.157176
0.163165
0.15283
0.151002
0.148379
0.174568
0.159101
0.161894
0.157779
0.15587
0.153452
0.173343
0.156744
0.157082
0.156011
0.153952
0.152081
0.18012
0.160514
0.1563
0.157254
0.157841
0.153405
0.148322
0.168531
0.159745
0.159678
0.155085
0.152275
0.160099
0.179355
0.163398
0.159433
0.157737
0.156417
0.155403
0.162549
0.172414
0.163127
0.160715
0.157058
0.151521
0.176223
0.163133
0.156478
0.159063
0.155406
0.159167
0.151328
0.168662
0.159158
0.160277
0.153648
0.157862
0.160279
0.175128
0.164171
0.158318
0.156578
0.153498
0.155282
0.16077
0.154686
0.162344
0.147751
0.148144
0.145718
0.153951
0.154444
0.163982
0.14921
0.145878
0.145863
0.147769
0.144123
0.16679
0.154239
0.149139
0.148895
0.150461
0.145108
0.160379
0.15017
0.152051
0.151365
0.149467
0.145098
0.145873
0.165933
0.159458
0.149307
0.147265
0.143724
0.151158
0.151282
0.167402
0.151973
0.146443
0.151126
0.144705
0.144697
0.145544
0.15166
0.147673
0.147839
0.14395
0.153044
0.146175
0.160074
0.150898
0.150575
0.148405
0.148046
0.144204
0.144627
0.164117
0.1537
0.151294
0.146653
0.152052
0.147601
0.154799
0.168757
0.157106
0.158948
0.154086
0.152032
0.165213
0.157131
0.153014
0.171452
0.15839
0.152836
0.161489
0.154589
0.157501
0.154385
0.167538
0.16128
0.15608
0.156897
0.154504
0.164724
0.160617
0.179132
0.156346
0.158939
0.154234
0.185734
0.165671
0.161789
0.15887
0.159914
0.162203
0.168228
0.171159
0.167021
0.167762
0.161106
0.159448
0.180903
0.164134
0.170141
0.16263
0.164401
0.160902
0.161307
0.180713
0.162333
0.155229
0.162584
0.155654
0.182447
0.16345
0.162656
0.158321
0.153818
0.158738
0.154811
0.156384
0.169487
0.159114
0.159393
0.159318
0.1552
0.156768
0.171767
0.165522
0.160562
0.156133
0.158773
0.153412
0.153412
0.15231
0.159573
0.152028
0.14931
0.149194
0.153047
0.152673
0.152243
0.16516
0.151049
0.15084
0.154143
0.157292
0.155972
0.147255
0.159774
0.156695
0.15086
0.152506
0.146923
0.152336
0.151443
0.160887
0.158431
0.159914
0.151143
0.150906
0.156062
0.150401
0.167068
0.162573
0.158709
0.159301
0.159153
0.153634
0.159137
0.164385
0.156164
0.155941
0.159037
0.157439
0.165189
0.154344
0.173349
0.16176
0.157469
0.16569
0.155714
0.159942
0.18567
0.169584
0.169198
0.162539
0.162216
0.162483
0.179865
0.167503
0.167289
0.169031
0.165505
0.166753
0.186282
0.16278
0.166751
0.164245
0.160378
0.157445
0.18795
0.175233
0.170783
0.160643
0.160691
0.158483
0.159971
0.160201
0.165478
0.166596
0.163752
0.160251
0.162352
0.185235
0.171389
0.162403
0.15835
0.172619
0.169307
0.152793
0.157105
0.169363
0.163018
0.151765
0.150581
0.16306
0.156467
0.175533
0.157242
0.15608
0.160282
0.160852
0.156679
0.178868
0.1653
0.160035
0.158197
0.16106
0.15848
0.183643
0.1641
0.163679
0.169085
0.155147
0.161194
0.155357
0.182415
0.169822
0.16594
0.162923
0.154027
0.166731
0.177352
0.172986
0.173143
0.170888
0.158202
0.156385
0.177958
0.161931
0.159742
0.159218
0.169745
0.167985
0.180692
0.167924
0.167389
0.168326
0.1602
0.157664
0.178022
0.162746
0.162624
0.163712
0.157425
0.153288
0.154222
0.171856
0.153983
0.148982
0.147667
0.143972
0.151807
0.148128
0.153562
0.142756
0.145431
0.136257
0.137214
0.137566
0.143728
0.150595
0.145979
0.140933
0.163845
0.150702
0.15027
0.145315
0.141373
0.143874
0.145223
0.141173
0.151756
0.143828
0.143296
0.140145
0.147077
0.144717
0.161425
0.144368
0.14047
0.152138
0.148272
0.148208
0.139543
0.138461
0.142348
0.152393
0.148082
0.152006
0.144408
0.163838
0.154481
0.151504
0.149408
0.146188
0.149318
0.143333
0.146281
0.142206
0.154897
0.151351
0.145611
0.152791
0.145952
0.164724
0.157148
0.155949
0.154081
0.144026
0.149877
0.137344
0.158413
0.148362
0.140703
0.139771
0.136753
0.14061
0.141518
0.155287
0.145073
0.141436
0.138453
0.16089
0.153743
0.152318
0.15522
0.151635
0.145698
0.146747
0.15066
0.144932
0.150491
0.142268
0.162485
0.156797
0.153051
0.149367
0.148648
0.143553
0.146808
0.145868
0.159249
0.149298
0.147363
0.144078
0.152367
0.164404
0.148885
0.142993
0.144523
0.144537
0.145991
0.161514
0.150027
0.151361
0.144244
0.143256
0.137108
0.143877
0.160599
0.14769
0.143489
0.160485
0.152666
0.151279
0.146156
0.142851
0.13985
0.137692
0.147724
0.146858
0.150943
0.14263
0.147075
0.175695
0.149723
0.151296
0.149045
0.145886
0.138142
0.148214
0.162309
0.154714
0.15108
0.143372
0.144303
0.165219
0.153301
0.149512
0.14827
0.150113
0.150233
0.161884
0.15321
0.150044
0.158171
0.145853
0.165751
0.15921
0.157216
0.155547
0.154177
0.1483
0.151495
0.1578
0.157976
0.158748
0.148922
0.145364
0.174939
0.15362
0.152121
0.149165
0.144858
0.14709
0.147157
0.143228
0.157226
0.148494
0.152055
0.143416
0.146359
0.152112
0.168996
0.132234
0.139519
0.144622
0.172351
0.155334
0.15404
0.152816
0.15437
0.148358
0.145697
0.1559
0.162386
0.155679
0.151866
0.147917
0.173602
0.153
0.15558
0.148592
0.146409
0.155961
0.165612
0.157689
0.148779
0.151045
0.147778
0.146837
0.166835
0.153305
0.153238
0.150019
0.145295
0.15206
0.168848
0.156287
0.149864
0.15473
0.15216
0.146931
0.154985
0.159863
0.159038
0.159168
0.15272
0.149946
0.172862
0.156558
0.156106
0.153249
0.156618
0.156011
0.148773
0.169452
0.161386
0.154724
0.1546
0.15301
0.153879
0.164236
0.171024
0.157069
0.159413
0.155505
0.155196
0.15722
0.15716
0.152058
0.164012
0.166197
0.16407
0.154049
0.161772
0.161452
0.154409
0.157134
0.147623
0.15734
0.158085
0.153984
0.158705
0.156137
0.151329
0.168457
0.157853
0.154426
0.154469
0.155384
0.153688
0.148984
0.153249
0.157975
0.154554
0.156225
0.154702
0.154288
0.148597
0.149077
0.163576
0.156705
0.153682
0.152818
0.151742
0.158789
0.161945
0.152597
0.168231
0.166551
0.16081
0.160447
0.166277
0.157188
0.178491
0.163932
0.169232
0.166814
0.163253
0.165283
0.16863
0.16939
0.164717
0.172408
0.169502
0.165122
0.168428
0.172868
0.169766
0.18729
0.175819
0.177263
0.167242
0.163143
0.161376
0.171191
0.168088
0.170232
0.177013
0.169926
0.170286
0.17341
0.170512
0.169694
0.169585
0.162277
0.173029
0.171655
0.166798
0.171627
0.164982
0.162018
0.181822
0.16126
0.164071
0.160916
0.166324
0.1668
0.170801
0.166731
0.175226
0.165052
0.164136
0.16314
0.159168
0.158041
0.160349
0.158899
0.166299
0.164
0.167173
0.163029
0.164049
0.165199
0.16261
0.176949
0.159844
0.161865
0.156024
0.160365
0.163659
0.175846
0.161812
0.167499
0.164314
0.158092
0.158438
0.163238
0.170595
0.159652
0.157448
0.165218
0.163402
0.164195
0.172218
0.158352
0.163305
0.160596
0.155758
0.156087
0.156031
0.167514
0.156473
0.154522
0.149844
0.154505
0.155272
0.162549
0.157469
0.161839
0.15346
0.146047
0.14947
0.148775
0.165206
0.159102
0.158031
0.159984
0.158743
0.163155
0.178158
0.167977
0.165006
0.156452
0.15626
0.15302
0.158755
0.151266
0.164469
0.160474
0.157943
0.157072
0.154793
0.154122
0.166859
0.154174
0.156334
0.150599
0.151737
0.146859
0.153352
0.169138
0.154861
0.156038
0.150067
0.152278
0.151514
0.175295
0.157326
0.155055
0.151005
0.15324
0.145219
0.154238
0.16032
0.152012
0.144873
0.141061
0.148219
0.149631
0.162334
0.143745
0.145818
0.145648
0.143704
0.144117
0.159682
0.147801
0.1494
0.141136
0.135118
0.163003
0.153216
0.149236
0.149437
0.149526
0.147171
0.142207
0.16532
0.154646
0.163082
0.157423
0.152828
0.169138
0.168822
0.161691
0.161695
0.162363
0.161593
0.151056
0.154903
0.162319
0.160882
0.163683
0.162764
0.160231
0.156485
0.178715
0.166448
0.163693
0.160167
0.163163
0.159483
0.154682
0.165059
0.156709
0.152556
0.147515
0.147577
0.152795
0.154338
0.172383
0.155551
0.156696
0.148321
0.145287
0.147793
0.152253
0.147161
0.156432
0.150234
0.146543
0.14958
0.146702
0.148136
0.141624
0.165031
0.151686
0.142667
0.145232
0.146799
0.155615
0.171343
0.154987
0.159691
0.155435
0.15336
0.152553
0.158168
0.159303
0.168435
0.159189
0.159893
0.156707
0.164281
0.160741
0.160709
0.178896
0.167258
0.163239
0.160457
0.158973
0.163899
0.157805
0.174985
0.17415
0.171659
0.159441
0.160431
0.17389
0.168147
0.181318
0.168075
0.167059
0.170977
0.162944
0.161421
0.162425
0.161686
0.169454
0.165108
0.164742
0.161945
0.163897
0.161139
0.158615
0.164621
0.165207
0.160521
0.159983
0.16766
0.170594
0.165565
0.160284
0.158998
0.159871
0.151149
0.163225
0.161998
0.159026
0.158828
0.163825
0.163824
0.16268
0.177945
0.162554
0.164409
0.165206
0.153691
0.154253
0.156461
0.15509
0.151158
0.155732
0.153089
0.1531
0.157783
0.155722
0.155265
0.1593
0.15963
0.158822
0.165387
0.159881
0.164767
0.161189
0.166326
0.165396
0.160047
0.163346
0.157932
0.157126
0.16459
0.156971
0.167778
0.163874
0.168916
0.165022
0.161073
0.160849
0.156311
0.147815
0.151998
0.156588
0.157307
0.155607
0.154825
0.156829
0.155653
0.152
0.162194
0.159247
0.152816
0.157643
0.159902
0.157025
0.156473
0.15612
0.159963
0.159334
0.164375
0.164458
0.162276
0.162713
0.167199
0.173506
0.173402
0.174107
0.17085
0.155927
0.155618
0.158556
0.159789
0.176583
0.159661
0.162033
0.165397
0.160561
0.163177
0.162289
0.171915
0.161441
0.165094
0.161384
0.157363
0.160843
0.178409
0.157617
0.165097
0.156468
0.158506
0.164587
0.168331
0.157175
0.159647
0.166844
0.164711
0.163619
0.171804
0.161032
0.162733
0.164873
0.153682
0.158986
0.161355
0.172357
0.161665
0.168393
0.161794
0.159817
0.164494
0.160097
0.157806
0.171144
0.162894
0.160912
0.158165
0.164932
0.167018
0.178428
0.169802
0.169967
0.168721
0.166638
0.15709
0.164345
0.156623
0.17216
0.166278
0.16245
0.15828
0.164462
0.16319
0.17603
0.162987
0.162214
0.165095
0.160914
0.16126
0.172232
0.181988
0.167813
0.173377
0.170737
0.166406
0.174965
0.172947
0.191652
0.176816
0.171545
0.176087
0.167968
0.172498
0.167641
0.169889
0.1689
0.161143
0.171213
0.172472
0.169132
0.165759
0.170571
0.191109
0.170196
0.173387
0.174337
0.169786
0.161987
0.168447
0.183701
0.164407
0.165017
0.166587
0.158397
0.165841
0.181959
0.165217
0.158813
0.161891
0.15395
0.152426
0.15645
0.159434
0.148981
0.153864
0.152924
0.159866
0.159473
0.159219
0.168504
0.157184
0.172238
0.168915
0.166894
0.166304
0.164793
0.159571
0.167137
0.159342
0.161858
0.169885
0.161963
0.159451
0.16353
0.162518
0.162512
0.163045
0.160757
0.167043
0.164992
0.16258
0.159658
0.164089
0.16908
0.164948
0.157601
0.16336
0.166631
0.165388
0.158795
0.165324
0.158879
0.158047
0.158404
0.174102
0.170462
0.162897
0.167184
0.164408
0.16454
0.16558
0.167809
0.171054
0.170568
0.167333
0.163169
0.161064
0.160039
0.153112
0.163289
0.172923
0.158496
0.16282
0.169252
0.162029
0.163199
0.157104
0.159371
0.160555
0.159334
0.154267
0.158231
0.15637
0.174648
0.155894
0.154194
0.15315
0.153822
0.153831
0.15539
0.168533
0.154052
0.148373
0.151911
0.152388
0.145551
0.146288
0.161858
0.147351
0.148343
0.148461
0.149194
0.149203
0.165849
0.148842
0.150293
0.151223
0.150076
0.148106
0.152421
0.148381
0.145853
0.152535
0.152824
0.144236
0.153848
0.152346
0.143283
0.161714
0.155693
0.148483
0.148117
0.144736
0.144547
0.1516
0.14996
0.147225
0.141315
0.145704
0.152643
0.15474
0.153938
0.147519
0.153555
0.14353
0.156153
0.143622
0.146505
0.14669
0.149246
0.148921
0.14659
0.160603
0.150489
0.147179
0.147491
0.150967
0.150169
0.166067
0.157075
0.14896
0.146163
0.142174
0.144964
0.141714
0.149739
0.150906
0.145354
0.14121
0.135715
0.142142
0.140278
0.158171
0.144602
0.144621
0.134788
0.139871
0.135949
0.136866
0.144833
0.140399
0.134408
0.137029
0.135468
0.150805
0.136899
0.135218
0.130401
0.127519
0.136058
0.129626
0.134882
0.140061
0.130395
0.128349
0.129926
0.128332
0.154818
0.133246
0.13694
0.135784
0.13233
0.130277
0.130832
0.140542
0.144883
0.137063
0.136245
0.135904
0.156409
0.145578
0.139528
0.140231
0.136702
0.135579
0.150784
0.141708
0.141612
0.138299
0.155832
0.141388
0.14734
0.139358
0.138746
0.136244
0.133142
0.140365
0.142273
0.142449
0.140326
0.141296
0.13961
0.140749
0.157515
0.152824
0.14763
0.142813
0.141579
0.142258
0.144856
0.148177
0.146819
0.145488
0.142996
0.14487
0.160022
0.150731
0.150976
0.147936
0.142555
0.136366
0.157681
0.14843
0.148946
0.136663
0.138178
0.14367
0.145597
0.17334
0.160907
0.157105
0.146043
0.14966
0.143536
0.145863
0.138301
0.151161
0.148902
0.142976
0.147779
0.156307
0.14999
0.1478
0.179364
0.166308
0.16428
0.161243
0.162966
0.155806
0.163015
0.15882
0.168908
0.156515
0.161509
0.153302
0.155994
0.155899
0.175277
0.163953
0.162123
0.163813
0.183739
0.171519
0.169125
0.162845
0.16543
0.157129
0.152692
0.165038
0.156397
0.154639
0.15483
0.152963
0.157887
0.197298
0.169835
0.171028
0.165479
0.164996
0.159543
0.16208
0.155492
0.160731
0.157554
0.156777
0.157711
0.165935
0.159872
0.15485
0.191723
0.170677
0.156572
0.153177
0.154164
0.156655
0.153881
0.155703
0.151286
0.155871
0.149948
0.150014
0.153165
0.15582
0.150751
0.14966
0.150782
0.173133
0.157929
0.152998
0.154574
0.154868
0.154805
0.156144
0.163528
0.165194
0.155737
0.151031
0.148389
0.167299
0.157387
0.15338
0.149778
0.149092
0.145129
0.160899
0.151805
0.146736
0.148305
0.143874
0.162464
0.149014
0.147907
0.146423
0.142283
0.159936
0.15791
0.158925
0.148345
0.143758
0.167541
0.15388
0.154049
0.152075
0.147662
0.169429
0.16236
0.162423
0.159711
0.158709
0.159437
0.173817
0.162645
0.161891
0.155914
0.156698
0.149985
0.174754
0.159841
0.160888
0.154262
0.153568
0.155478
0.156033
0.168449
0.158294
0.154396
0.16671
0.151759
0.177274
0.16634
0.162564
0.163738
0.160059
0.148558
0.174081
0.151819
0.155186
0.145052
0.148237
0.146001
0.16382
0.153061
0.157764
0.146167
0.15044
0.150324
0.152214
0.167347
0.154444
0.153766
0.145875
0.14944
0.153992
0.173346
0.158908
0.154102
0.152137
0.151038
0.151339
0.15004
0.151289
0.157103
0.149081
0.14971
0.151885
0.148029
0.142309
0.167266
0.151754
0.150506
0.146062
0.14587
0.139825
0.140825
0.141266
0.138958
0.140908
0.145635
0.140545
0.137589
0.144623
0.144529
0.139171
0.138852
0.136635
0.133505
0.14523
0.132987
0.144018
0.140971
0.134402
0.13361
0.136045
0.141473
0.135711
0.1373
0.138593
0.135838
0.143481
0.135222
0.134106
0.141016
0.135667
0.13446
0.138326
0.135008
0.127892
0.124896
0.133321
0.13305
0.139552
0.130159
0.129318
0.132378
0.132841
0.133354
0.132492
0.134024
0.131908
0.131959
0.129739
0.130963
0.132562
0.138688
0.129415
0.128742
0.125892
0.140574
0.132226
0.127419
0.127314
0.126563
0.129202
0.128328
0.138928
0.136023
0.139935
0.13826
0.135057
0.138988
0.139562
0.13629
0.136946
0.143237
0.139365
0.13906
0.137113
0.135403
0.137167
0.13551
0.14424
0.139923
0.138099
0.138207
0.136197
0.140461
0.140802
0.134904
0.133493
0.141552
0.135299
0.13924
0.141957
0.136916
0.133671
0.133068
0.139689
0.140096
0.136127
0.137248
0.13631
0.135416
0.133174
0.142972
0.142309
0.138982
0.138295
0.132855
0.143116
0.139607
0.137574
0.133604
0.130396
0.12973
0.125527
0.129191
0.138576
0.131201
0.132798
0.13592
0.138211
0.134687
0.130503
0.128137
0.124154
0.121244
0.125938
0.118185
0.120647
0.120758
0.117374
0.114963
0.115432
0.111785
0.111757
0.106264
0.104332
0.108118
0.108212
0.105593
0.106047
0.107845
0.104901
0.103629
0.1019
0.098141
0.096207
0.095904
0.091171
0.100782
0.092566
0.091989
0.092907
0.092121
0.097108
0.089708
0.111736
0.097058
0.093012
0.088942
0.092567
0.090508
0.089652
0.091095
0.086514
0.088185
0.085974
0.085707
0.086779
0.105434
0.093489
0.093129
0.090328
0.086919
0.088874
0.090622
0.092872
0.091767
0.087151
0.093649
0.091304
0.111004
0.094695
0.097878
0.098737
0.095859
0.094006
0.098398
0.098999
0.0946
0.09101
0.09374
0.093718
0.097997
0.100033
0.093787
0.109675
0.099375
0.099385
0.100494
0.098833
0.095329
0.094444
0.09438
0.09814
0.095888
0.094883
0.100275
0.102367
0.099199
0.099727
0.114536
0.114526
0.110922
0.103541
0.106812
0.111015
0.109231
0.10849
0.107559
0.115849
0.109212
0.108169
0.1154
0.115676
0.113792
0.121286
0.118067
0.121801
0.121354
0.11832
0.116275
0.115289
0.116902
0.116297
0.119224
0.117529
0.116973
0.122221
0.125304
0.128741
0.124799
0.119643
0.117321
0.122973
0.127288
0.129384
0.132157
0.125507
0.129805
0.127641
0.125095
0.127152
0.12433
0.121899
0.12421
0.121238
0.126218
0.119553
0.128053
0.135047
0.134954
0.133749
0.139456
0.132861
0.136101
0.134814
0.134539
0.136034
0.137281
0.137433
0.137689
0.137384
0.137622
0.138689
0.135992
0.135451
0.137812
0.133928
0.136225
0.136501
0.138914
0.13872
0.143228
0.144568
0.138836
0.144185
0.143164
0.145076
0.143495
0.143802
0.140162
0.142231
0.142511
0.142419
0.141028
0.141482
0.136908
0.143107
0.134876
0.142224
0.132731
0.127807
0.140075
0.138905
0.140715
0.135707
0.135688
0.141315
0.135781
0.127456
0.135349
0.131286
0.132272
0.136104
0.126052
0.12821
0.132697
0.128222
0.12935
0.126135
0.125537
0.125521
0.130994
0.128919
0.131292
0.134191
0.132519
0.12715
0.12743
0.121545
0.130621
0.118928
0.123676
0.123414
0.122622
0.120833
0.122252
0.120323
0.123809
0.12351
0.124047
0.118718
0.126
0.128465
0.122911
0.132599
0.129753
0.127053
0.132845
0.130735
0.133501
0.133426
0.131974
0.127837
0.129516
0.12715
0.128052
0.125975
0.130495
0.126689
0.129145
0.126414
0.124579
0.131058
0.131918
0.132759
0.133373
0.132797
0.130226
0.125284
0.129842
0.124934
0.129253
0.128331
0.129788
0.125358
0.12974
0.131448
0.133138
0.139759
0.140356
0.140507
0.136284
0.130925
0.130524
0.129125
0.129393
0.130282
0.12984
0.12382
0.123396
0.12229
0.123607
0.127823
0.129967
0.128391
0.127554
0.125833
0.123233
0.121046
0.128363
0.119489
0.119335
0.119783
0.117297
0.121409
0.118873
0.122367
0.123584
0.126649
0.125537
0.129531
0.129733
0.124542
0.123739
0.128308
0.125636
0.125478
0.124915
0.122168
0.123253
0.124562
0.124171
0.124356
0.125009
0.12665
0.126568
0.126593
0.127987
0.124799
0.128654
0.123945
0.115797
0.123288
0.124858
0.123295
0.124328
0.12267
0.12471
0.131218
0.129852
0.135819
0.137445
0.124934
0.131135
0.134433
0.12806
0.130157
0.129451
0.131216
0.128466
0.124543
0.123175
0.125568
0.127183
0.121016
0.121823
0.125538
0.121021
0.121972
0.122172
0.122719
0.121714
0.122057
0.120318
0.120085
0.119886
0.121105
0.119953
0.121457
0.118279
0.119229
0.122564
0.121602
0.121396
0.122015
0.132278
0.135096
0.133887
0.133065
0.128125
0.131185
0.125671
0.12802
0.131065
0.128719
0.125216
0.123203
0.131583
0.124018
0.127574
0.126637
0.123491
0.125104
0.124121
0.11795
0.118668
0.121721
0.119336
0.11845
0.120476
0.120819
0.116999
0.117973
0.1202
0.11799
0.117984
0.119744
0.117507
0.116243
0.112325
0.116819
0.117119
0.118526
0.114175
0.120065
0.117354
0.117429
0.119323
0.113429
0.120221
0.111816
0.121178
0.118177
0.117211
0.119025
0.117722
0.119469
0.112306
0.114644
0.11488
0.117865
0.12282
0.123471
0.121889
0.113442
0.11278
0.117107
0.122255
