0.029124
0.120482
0.138926
0.143912
0.127134
0.140043
0.143793
0.143158
0.137136
0.134773
0.128504
0.136041
0.125085
0.143968
0.137134
0.133771
0.139599
0.145176
0.142707
0.123545
0.133348
0.126221
0.130441
0.128488
0.128112
0.129003
0.126105
0.129795
0.140333
0.125966
0.13836
0.136483
0.129977
0.138109
0.127164
0.128037
0.123326
0.12433
0.121399
0.129107
0.123499
0.121767
0.123057
0.122492
0.120891
0.12147
0.115948
0.119059
0.118932
0.11535
0.117957
0.119801
0.117146
0.117765
0.112863
0.118438
0.118258
0.116252
0.119871
0.118726
0.126207
0.120429
0.125266
0.128957
0.127675
0.125539
0.12022
0.120258
0.122654
0.121114
0.119595
0.123408
0.123335
0.122711
0.119172
0.123202
0.120775
0.125554
0.1219
0.129594
0.128947
0.129108
0.130317
0.129289
0.128709
0.128803
0.129971
0.127056
0.127243
0.126747
0.125971
0.121834
0.122604
0.11705
0.122638
0.11605
0.117709
0.118369
0.121738
0.116096
0.116201
0.11207
0.107987
0.109119
0.108633
0.106861
0.115557
0.118642
0.108931
0.118213
0.109468
0.108511
0.111881
0.111827
0.10877
0.114766
0.117828
0.11742
0.118367
0.119056
0.124757
0.127392
0.125846
0.125826
0.128486
0.122828
0.123737
0.127925
0.124335
0.118467
0.125159
0.125409
0.123812
0.123055
0.119654
0.122649
0.129189
0.132601
0.128956
0.129303
0.135277
0.126846
0.130657
0.127594
0.123194
0.123937
0.133438
0.134488
0.130755
0.124022
0.133831
0.125986
0.125514
0.125778
0.122425
0.125593
0.122438
0.123652
0.119418
0.119818
0.112975
0.11301
0.105963
0.108788
0.112695
0.111472
0.116293
0.117042
0.120899
0.133863
0.122691
0.119716
0.113346
0.117248
0.113582
0.116619
0.120361
0.118762
0.124332
0.114184
0.112248
0.12012
0.11908
0.116001
0.125143
0.111756
0.103879
0.097402
0.098537
0.098626
0.098654
0.10909
0.111004
0.110117
0.108491
0.109139
0.106694
0.111706
0.108414
0.110005
0.111752
0.106457
0.106976
0.106055
0.104913
0.104018
0.101453
0.112956
0.100483
0.102843
0.106312
0.098548
0.102862
0.111799
0.098478
0.100045
0.095845
0.094101
0.108408
0.099869
0.094865
0.098627
0.097155
0.093996
0.095609
0.108259
0.095695
0.096372
0.095596
0.095704
0.094887
0.103194
0.093392
0.090361
0.093708
0.097032
0.097851
0.096036
0.108234
0.091286
0.09832
0.094277
0.108549
0.098462
0.102085
0.098995
0.093051
0.097592
0.09561
0.092645
0.097854
0.099457
0.098224
0.09156
0.092229
0.095562
0.108529
0.098519
0.096718
0.093742
0.09018
0.088082
0.087079
0.082155
0.089928
0.087938
0.089421
0.088041
0.083258
0.085842
0.083897
0.09708
0.083737
0.080311
0.078692
0.076896
0.070841
0.072039
0.083138
0.074218
0.073917
0.072842
0.07422
0.073237
0.070612
0.077116
0.072253
0.070932
0.067748
0.064508
0.065809
0.064501
0.065699
0.065133
0.065097
0.066813
0.067137
0.066513
0.06507
0.066208
0.06645
0.065175
0.064129
0.064794
0.065528
0.062556
0.062983
0.061866
0.062028
0.063454
0.060662
0.062874
0.061622
0.064516
0.062528
0.066221
0.064096
0.064501
0.065024
0.060986
0.06845
0.068082
0.065483
0.066556
0.06626
0.066936
0.064118
0.065487
0.064963
0.06664
0.068033
0.067789
0.069225
0.066504
0.068381
0.066354
0.0735
0.069602
0.070246
0.069028
0.066083
0.069996
0.067402
0.068456
0.070624
0.070354
0.067428
0.065915
0.067377
0.064214
0.066407
0.066414
0.065397
0.066114
0.061977
0.06266
0.059305
0.060095
0.060074
0.07223
0.064298
0.064721
0.063772
0.064971
0.061638
0.061165
0.061064
0.063521
0.065023
0.064134
0.067137
0.06663
0.062969
0.063343
0.063548
0.070004
0.066529
0.066656
0.0653
0.065429
0.063431
0.064792
0.066162
0.071669
0.068604
0.068869
0.063
0.068863
0.067294
0.072694
0.064182
0.069709
0.067166
0.063399
0.063995
0.062498
0.066982
0.068758
0.069046
0.071653
0.070827
0.072342
0.07164
0.068064
0.071267
0.071201
0.07427
0.068266
0.067625
0.071994
0.066008
0.068344
0.066961
0.068617
0.0712
0.071171
0.071049
0.070529
0.073215
0.070613
0.074054
0.075283
0.072632
0.079679
0.072411
0.070625
0.071203
0.066842
0.069804
0.069742
0.067533
0.070431
0.072871
0.073602
0.076191
0.073988
0.071773
0.072319
0.071269
0.077448
0.072987
0.069747
0.074383
0.07514
0.074589
0.073826
0.085924
0.078424
0.076656
0.074107
0.075834
0.07818
0.074412
0.074761
0.076483
0.079645
0.077301
0.07719
0.075989
0.076096
0.085306
0.07842
0.077368
0.076815
0.071664
0.073209
0.074297
0.081174
0.077181
0.075944
0.07469
0.073384
0.0732
0.075322
0.073888
0.078797
0.079877
0.078434
0.078461
0.077157
0.078038
0.07953
0.081981
0.084002
0.081523
0.080262
0.080646
0.081677
0.087267
0.085807
0.086461
0.081389
0.083574
0.084655
0.083684
0.085396
0.090731
0.088236
0.085663
0.089228
0.088292
0.084372
0.086967
0.084988
0.089826
0.089661
0.094535
0.093235
0.090579
0.092736
0.091675
0.088949
0.08602
0.087078
0.08919
0.09234
0.094559
0.094531
0.093557
0.091892
0.094337
0.089256
0.088036
0.092404
0.092594
0.086242
0.088571
0.088472
0.087261
0.092715
0.090868
0.093132
0.088704
0.093473
0.0848
0.085037
0.092039
0.087426
0.087789
0.089421
0.090656
0.090307
0.093088
0.099924
0.098168
0.097007
0.093445
0.089019
0.094086
0.093833
0.094151
0.09571
0.09432
0.094569
0.100386
0.099568
0.104017
0.099895
0.098523
0.092248
0.097401
0.098519
0.099601
0.09548
0.09818
0.105878
0.107125
0.104049
0.106836
0.104267
0.104405
0.103571
0.10226
0.102133
0.101361
0.103581
0.109603
0.102066
0.109385
0.109622
0.107167
0.109633
0.108341
0.107522
0.105176
0.104171
0.107433
0.109928
0.10374
0.103869
0.107997
0.105635
0.107661
0.103874
0.105222
0.106458
0.106725
0.10584
0.113333
0.108493
0.105762
0.110011
0.10874
0.104396
0.10289
0.105565
0.102378
0.106799
0.113141
0.114433
0.111454
0.108698
0.109723
0.11122
0.108135
0.105807
0.114868
0.109929
0.109369
0.106069
0.107551
0.112655
0.120051
0.115441
0.115048
0.107643
0.113381
0.114961
0.112518
0.110287
0.111966
0.108745
0.108335
0.109596
0.118415
0.119683
0.120504
0.118498
0.11703
0.114522
0.118911
0.117394
0.111563
0.115895
0.118889
0.114031
0.110793
0.116358
0.11995
0.121223
0.122601
0.120573
0.12336
0.124491
0.119497
0.120357
0.122341
0.120545
0.121237
0.127799
0.122957
0.125197
0.139889
0.12532
0.128102
0.130194
0.128571
0.128414
0.123901
0.124736
0.126821
0.12702
0.128063
0.119993
0.124555
0.126296
0.126745
0.123557
0.121365
0.122975
0.121492
0.118877
0.120742
0.117663
0.119441
0.124459
0.124994
0.130934
0.132848
0.130325
0.126103
0.128667
0.123265
0.120639
0.117414
0.118047
0.124362
0.123392
0.120961
0.112091
0.116822
0.114547
0.116858
0.117223
0.115959
0.119597
0.118819
0.119311
0.122706
0.125743
0.117227
0.1218
0.119607
0.120287
0.119423
0.122103
0.118245
0.121842
0.119423
0.117378
0.123925
0.118628
0.12279
0.124925
0.124182
0.122881
0.124829
0.118038
0.127103
0.12695
0.120153
0.121501
0.12737
0.120965
0.123692
0.129364
0.120943
0.127576
0.122012
0.123264
0.120803
0.118843
0.118057
0.114467
0.12072
0.121396
0.124283
0.122691
0.120487
0.124246
0.121396
0.120827
0.12772
0.128829
0.13208
0.123498
0.125782
0.124208
0.118984
0.118414
0.123507
0.124032
0.122804
0.122751
0.125068
0.121794
0.119557
0.138082
0.125147
0.127182
0.125463
0.121913
0.121775
0.127269
0.136654
0.13065
0.128471
0.130057
0.125786
0.123902
0.128987
0.139124
0.123222
0.124291
0.126228
0.124927
0.125967
0.13997
0.121731
0.122384
0.12092
0.119962
0.1372
0.11969
0.11958
0.117567
0.112072
0.110437
0.12078
0.114708
0.11436
0.116963
0.131593
0.11824
0.121182
0.119428
0.115454
0.113186
0.118648
0.123425
0.117726
0.125463
0.123699
0.122678
0.139775
0.126404
0.126145
0.125943
0.122548
0.129695
0.1248
0.118792
0.123516
0.124361
0.133227
0.130626
0.124731
0.144054
0.135544
0.13337
0.127889
0.125528
0.124795
0.125653
0.124056
0.121757
0.121024
0.125155
0.153381
0.133274
0.138304
0.13336
0.12543
0.128974
0.128141
0.123501
0.130016
0.130235
0.128851
0.128266
0.127506
0.129393
0.132169
0.130751
0.155068
0.140565
0.126402
0.127712
0.126657
0.128208
0.131022
0.124157
0.135475
0.129573
0.130545
0.133219
0.125289
0.131261
0.130051
0.153847
0.136679
0.130994
0.135603
0.127862
0.135929
0.130616
0.129892
0.126592
0.12716
0.117653
0.116591
0.11485
0.125205
0.11824
0.11761
0.137201
0.11483
0.115733
0.110178
0.116773
0.121218
0.107646
0.106998
0.10804
0.103849
0.105544
0.113555
0.114783
0.125662
0.117441
0.11637
0.112495
0.105971
0.113388
0.108522
0.108884
0.104182
0.109998
0.106333
0.126375
0.113099
0.113406
0.108772
0.103018
0.108056
0.104781
0.105199
0.101543
0.101068
0.100958
0.105763
0.111453
0.098491
0.117691
0.100228
0.099852
0.10354
0.104933
0.100982
0.105065
0.103514
0.102176
0.102319
0.113075
0.109612
0.113217
0.104772
0.108559
0.116167
0.113869
0.113407
0.107484
0.110039
0.126752
0.115888
0.116642
0.106498
0.129827
0.121918
0.119883
0.119687
0.117323
0.112342
0.12938
0.118685
0.118975
0.114464
0.114553
0.114406
0.126398
0.122277
0.120809
0.11686
0.115322
0.119553
0.118955
0.127385
0.121083
0.116816
0.117093
0.115465
0.132743
0.120509
0.117768
0.119887
0.114438
0.120752
0.116531
0.133988
0.121607
0.123746
0.119476
0.11952
0.138725
0.125681
0.123905
0.122125
0.11653
0.11899
0.11015
0.129832
0.122791
0.116193
0.118434
0.110285
0.112741
0.111813
0.11143
0.117708
0.107495
0.099462
0.097363
0.099745
0.112325
0.090664
0.09116
0.089629
0.086634
0.088644
0.088649
0.087212
0.086864
0.093707
0.084311
0.098107
0.089868
0.089341
0.090202
0.085807
0.083775
0.083881
0.085227
0.088011
0.090783
0.088429
0.086318
0.109788
0.09611
0.09025
0.092735
0.089649
0.085659
0.084212
0.088531
0.09095
0.089933
0.085203
0.092307
0.090485
0.110261
0.090801
0.091808
0.091005
0.089929
0.083277
0.088791
0.081955
0.083577
0.089075
0.092641
0.101976
0.097026
0.09191
0.094949
0.086647
0.09245
0.092151
0.094113
0.092861
0.093046
0.088789
0.093518
0.094127
0.088421
0.098598
0.096244
0.094675
0.096311
0.095262
0.102421
0.091618
0.094394
0.097213
0.106583
0.100069
0.096814
0.096052
0.09431
0.091633
0.097912
0.096633
0.096237
0.093149
0.09449
0.112431
0.111124
0.106911
0.102778
0.106746
0.102257
0.105783
0.106989
0.103252
0.107371
0.105527
0.129968
0.118107
0.114921
0.11862
0.115811
0.116056
0.113642
0.110917
0.110331
0.105071
0.104055
0.109583
0.105531
0.109096
0.10826
0.103433
0.106036
0.100321
0.119461
0.103002
0.103538
0.104935
0.100288
0.099801
0.105249
0.104949
0.106053
0.107998
0.104144
0.123783
0.11232
0.110292
0.105762
0.106424
0.103302
0.097733
0.103001
0.109861
0.107825
0.105279
0.099129
0.113632
0.110187
0.100108
0.103393
0.097546
0.097833
0.097622
0.097618
0.092645
0.100041
0.094538
0.094119
0.096969
0.093773
0.090237
0.107941
0.097503
0.098613
0.095806
0.088791
0.092223
0.096934
0.09572
0.091374
0.097513
0.089845
0.091614
0.091975
0.103961
0.089994
0.089154
0.087605
0.086155
0.083802
0.09236
0.088727
0.085028
0.085916
0.083704
0.085862
0.097553
0.08622
0.083213
0.079911
0.082331
0.083984
0.086508
0.095456
0.077844
0.081819
0.082596
0.081292
0.090762
0.083874
0.082315
0.08195
0.082002
0.077465
0.081537
0.088315
0.085324
0.083746
0.083976
0.082791
0.094926
0.082491
0.086873
0.085382
0.083338
0.084468
0.083309
0.080313
0.085732
0.08626
0.083975
0.085353
0.086188
0.100896
0.093417
0.093757
0.089748
0.09216
0.090771
0.092579
0.096766
0.099002
0.093301
0.09497
0.094342
0.099154
0.100544
0.110281
0.106892
0.097563
0.102514
0.097244
0.097282
0.099293
0.104072
0.098386
0.099539
0.099467
0.096628
0.100173
0.099547
0.095846
0.099542
0.101241
0.099287
0.100239
0.09748
0.095108
0.093921
0.098269
0.103769
0.097552
0.09983
0.09468
0.091917
0.093502
0.091306
0.090922
0.092438
0.093494
0.090112
0.098062
0.101126
0.099522
0.100968
0.098349
0.097729
0.094427
0.104618
0.099307
0.098358
0.100634
0.103168
0.104377
0.100213
0.103087
0.101067
0.101705
0.103399
0.10147
0.10547
0.104723
0.105993
0.101726
0.102275
0.112703
0.109967
0.105856
0.107754
0.106979
0.111053
0.100665
0.10786
0.106317
0.103339
0.10358
0.106399
0.104472
0.105278
0.10471
0.100804
0.100576
0.099829
0.102695
0.101815
0.10381
0.105467
0.108006
0.105687
0.104119
0.105297
0.110098
0.10836
0.108782
0.10765
0.105937
0.105625
0.108471
0.109455
0.107353
0.103978
0.107852
0.104609
0.1033
0.104047
0.103826
0.103069
0.101326
0.105325
0.107945
0.101319
0.10264
0.103005
0.105528
0.099572
0.098529
0.099757
0.103371
0.099361
0.100811
0.101413
0.099962
0.097418
0.10152
0.10179
0.101687
0.09877
0.097433
0.098513
0.104287
0.104941
0.102976
0.101112
0.093545
0.096336
0.097934
0.103749
0.098441
0.105409
0.106568
0.103023
0.097008
0.102229
0.105302
0.104903
0.101965
0.107699
0.10384
0.101018
0.102633
0.099012
0.099786
0.103354
0.10522
0.098511
0.102975
0.101122
0.103596
0.10471
0.105856
0.09752
0.103204
0.103376
0.098541
0.10226
0.101941
0.112321
0.112737
0.106334
0.104823
0.11208
0.11253
0.116966
0.115936
0.110691
0.110047
0.112897
0.113751
0.116163
0.113064
0.116134
0.111298
0.114769
0.109728
0.109998
0.111345
0.117032
0.113599
0.114452
0.116676
0.114887
0.110557
0.112183
0.109339
0.109643
0.112751
0.108819
0.111347
0.117998
0.109906
0.110798
0.111275
0.112101
0.113789
0.110435
0.113398
0.108977
0.110757
0.111862
0.113187
0.111841
0.11379
0.109638
0.113307
0.113045
0.1129
0.113207
0.110925
0.113176
0.111156
0.109372
0.113318
0.113605
0.114062
0.114188
0.114291
0.112672
0.112493
0.112293
0.112474
0.113243
0.107555
0.11036
0.114412
0.113616
0.109288
0.110091
0.109023
0.110532
0.110427
0.110839
0.105014
0.110328
0.10827
0.110832
0.107164
0.107913
0.105946
0.107524
0.105017
0.111355
0.107937
0.108893
0.116244
0.107119
0.109294
0.105307
0.114888
0.116091
0.114362
0.11363
0.113054
0.113552
0.109654
0.110116
0.108121
0.108006
0.107354
0.103929
0.108174
0.113405
0.110592
0.110251
0.109797
0.110345
0.102777
0.111705
0.114107
0.11162
0.110149
0.112181
0.104497
0.110427
0.106952
0.110861
0.113185
0.109194
0.110532
0.110896
0.108305
0.112438
0.108813
0.107785
0.107976
0.110289
0.108587
0.113316
0.113123
0.110389
0.106434
0.10439
0.107006
0.109173
0.113718
0.109621
0.109128
0.11502
0.11106
0.109712
0.109419
0.105973
0.108342
0.106358
0.112346
0.11107
0.107314
0.104333
0.104262
0.114496
0.104391
0.104735
0.111135
0.109617
0.103923
0.110067
0.110807
0.108126
0.107949
0.104622
0.10594
0.10853
0.107821
0.108237
0.109877
0.105471
0.108996
0.110082
0.110183
0.103907
0.10392
0.108533
0.107017
0.109078
0.108988
0.107282
0.108051
0.106755
0.111028
0.102656
0.109718
0.111054
0.110547
0.106495
0.108475
0.109778
0.112852
0.112745
0.111685
0.111499
0.105978
0.111986
0.113525
0.113003
0.114736
0.110525
0.106105
0.111491
0.108073
0.105466
0.111054
0.106786
0.108044
0.109682
0.111417
0.108671
0.111133
0.107239
0.106523
0.106431
0.113229
0.110147
0.111299
0.106136
0.105066
0.112584
0.105409
0.103862
0.110225
0.105475
0.102868
0.10302
0.110481
0.107796
0.108961
0.106768
0.105267
0.102667
0.102576
0.106708
0.09898
0.108468
0.109071
0.099796
0.09929
0.100437
0.103858
0.097694
0.09981
0.097913
0.09819
0.094178
0.095707
0.099789
0.099166
0.099145
0.095012
0.106429
0.105797
0.098039
0.103422
0.106201
0.106962
0.10127
0.100645
0.105848
0.106172
0.106075
0.107447
0.101103
0.098992
0.101686
0.10471
0.103477
0.100748
0.105074
0.104523
0.101968
0.106052
0.10743
0.101697
0.100801
0.101857
0.103199
0.101882
0.103964
0.101771
0.100007
0.101017
0.103192
0.100342
0.1037
0.099002
0.104529
0.106359
0.104694
0.101687
0.096553
0.100664
0.100394
0.102288
0.09913
0.101857
0.10648
0.10121
0.104517
0.104376
0.101305
0.100619
0.104651
0.100977
0.102862
0.099126
0.101408
0.104212
0.101169
0.104659
0.101529
0.100087
0.105456
0.103482
0.105976
0.107598
0.106384
0.108151
0.103752
0.101457
0.104033
0.102233
0.104553
0.105422
0.095313
0.104776
0.102276
0.100957
0.105767
0.100066
0.098923
0.103868
0.099254
0.099746
0.099208
0.1007
0.098152
0.101788
0.105133
0.098971
0.097985
0.097448
0.101914
0.098828
0.103507
0.101257
0.105349
0.104849
0.103376
0.105333
0.098855
0.104405
0.10395
0.101927
0.103576
0.10518
0.098825
0.100189
0.094385
0.098826
0.101372
0.094583
0.097607
0.098105
0.096719
0.098985
0.10069
0.098118
0.101872
0.100273
0.100385
0.096354
0.100065
0.092762
0.096754
0.095405
0.102067
0.097648
0.095098
0.095484
0.098488
0.095211
0.1032
0.099374
0.105119
0.104541
0.098449
0.096553
0.099472
0.09321
0.098529
0.093287
0.097565
0.098639
0.096367
0.100986
0.105699
0.100899
0.104692
0.09446
0.094917
0.099088
0.100102
0.094449
0.100245
0.093825
0.096362
0.097319
0.093948
0.098838
0.094971
0.100223
0.098869
0.09428
0.098985
0.097516
0.099114
0.098815
0.092961
0.094457
0.096201
0.09669
0.098973
0.094036
0.09908
0.098516
0.099081
0.094282
0.099669
0.101604
0.095317
0.095172
0.095238
0.097204
0.096756
0.100576
0.09878
0.099851
0.101765
0.100152
0.101186
0.09702
0.099386
0.100976
0.099772
0.100666
0.102726
0.100342
0.100086
0.100395
0.105404
0.101701
0.100534
0.102595
0.096751
0.101912
0.098899
0.105433
0.105255
0.104585
0.09831
0.102751
0.104453
0.104798
0.104918
0.099983
0.099904
0.103629
0.097259
0.105259
0.099429
0.10046
0.100953
0.097692
0.103406
0.098553
0.100346
0.102683
0.10249
0.093081
0.096555
0.098487
0.102633
0.092805
0.095651
0.099341
0.099471
0.098005
0.100445
0.095691
0.090235
0.092873
0.095292
0.09361
0.095863
0.089298
0.094058
0.09376
0.096692
0.095691
0.092849
0.095348
0.099068
0.102517
0.094633
0.09623
0.089872
0.089871
0.089386
0.087292
0.090183
0.092981
0.090099
0.091338
0.08608
0.088458
0.08748
0.089809
0.085963
0.087614
0.089516
0.093752
0.096607
0.094591
0.095575
0.095057
0.094416
0.093019
0.090567
0.095126
0.091481
0.090634
0.094047
0.0914
0.093157
0.092671
0.092729
0.093917
0.092965
0.096209
0.094556
0.099063
0.096757
0.092347
0.099677
0.099807
0.095352
0.097459
0.096581
0.097601
0.090271
0.095292
0.09437
0.097146
0.100675
0.096821
0.094879
0.099207
0.097896
0.096512
0.095231
0.092367
0.092777
0.097026
0.096709
0.096601
0.102725
0.101038
0.09714
0.098705
0.098852
0.095154
0.09668
0.100927
0.100562
0.100184
0.098916
0.098813
0.096785
0.099337
0.099328
0.098861
0.095763
0.09927
0.098708
0.101809
0.105972
0.103758
0.100683
0.104331
0.105441
0.099277
0.102348
0.09824
0.095736
0.099441
0.100641
0.105989
0.098489
0.099362
0.097882
0.095164
0.094719
0.092381
0.094581
0.092005
0.089601
0.090844
0.09123
0.090725
0.096233
0.096769
0.092458
0.095996
0.094622
0.093884
0.092473
0.089691
0.091094
0.091296
0.087943
0.091164
0.090305
0.091314
0.096367
0.09589
0.095873
0.091669
0.091937
0.091818
0.089855
0.088567
0.088502
0.085394
0.089284
0.087247
0.088109
0.092938
0.086662
0.089234
0.084529
0.084372
0.089377
0.091075
0.087652
0.08634
0.089107
0.084206
0.089504
0.084874
0.097147
0.085082
0.086079
0.090645
0.09547
0.089541
0.088945
0.083539
0.094092
0.088265
0.08715
0.08924
0.082551
0.082628
0.085543
0.08002
0.088443
0.08366
0.082156
0.076996
0.077474
0.076939
0.080372
0.076669
0.081335
0.072686
0.078395
0.072251
0.081557
0.074077
0.081624
0.071498
0.07359
0.071797
0.071314
0.069177
0.080625
0.075239
0.074013
0.06856
0.067846
0.072011
0.071715
0.07559
0.077007
0.07274
0.072029
0.071599
0.073487
0.081037
0.074901
0.073103
0.075416
0.071151
0.07272
0.072605
0.081476
0.074561
0.074982
0.072694
0.075507
0.075271
0.075567
0.073858
0.081205
0.074709
0.076813
0.076896
0.074765
0.083573
0.087923
0.076442
0.079767
0.080504
0.080828
0.083584
0.091058
0.088749
0.087146
0.089015
0.084876
0.087099
0.092732
0.086398
0.090682
0.087707
0.090711
0.090199
0.092469
0.089008
0.089195
0.0902
0.090672
0.091255
0.090341
0.092123
0.08999
0.090431
0.094835
0.094623
0.096709
0.095027
0.095947
0.096659
0.092807
0.093577
0.090721
0.09455
0.089744
0.087562
0.091099
0.091971
0.089704
0.090041
0.086743
0.090901
0.097722
0.099629
0.100804
0.100422
0.097102
0.097116
0.097894
0.101246
0.100706
0.099067
0.095522
0.099083
0.100869
0.095687
0.099445
0.095366
0.096659
0.096039
0.094985
0.097802
0.097036
0.096803
0.100885
0.098131
0.100258
0.101378
0.100656
0.097168
0.097605
0.098392
0.096955
0.09397
0.098003
0.099508
0.105459
0.101707
0.097882
0.101374
0.099736
0.101073
0.099309
0.094761
0.101897
0.101753
0.103333
0.099598
0.100778
0.096946
0.096309
0.101206
0.096737
0.099937
0.097202
0.098051
0.100098
