0.019392
0.061564
0.067226
0.064798
0.06517
0.062796
0.062276
0.061148
0.060428
0.059873
0.061621
0.061694
0.059709
0.059909
0.056609
0.055674
0.05493
0.051309
0.051975
0.050831
0.048744
0.05064
0.047641
0.050785
0.052153
0.049692
0.053275
0.052696
0.056086
0.053487
0.055579
0.056999
0.056257
0.052606
0.054754
0.055442
0.055848
0.057392
0.057055
0.0627
0.058988
0.062684
0.066619
0.061407
0.063896
0.068609
0.065425
0.069842
0.067748
0.064324
0.069952
0.075299
0.075809
0.077158
0.077712
0.079242
0.07649
0.07937
0.081241
0.076087
0.075553
0.078613
0.0787
0.078075
0.074705
0.078958
0.073947
0.07351
0.07584
0.069197
0.073697
0.07163
0.072819
0.074648
0.071967
0.071694
0.078418
0.079159
0.079431
0.075172
0.077026
0.073606
0.074867
0.074995
0.073255
0.072004
0.074392
0.074796
0.076663
0.075819
0.074693
0.078608
0.075393
0.075749
0.07386
0.071777
0.074527
0.0741
0.081089
0.079294
0.080597
0.078422
0.080939
0.079917
0.080163
0.077966
0.081635
0.082946
0.083018
0.085584
0.081341
0.084141
0.083005
0.084176
0.079589
0.086143
0.087958
0.087789
0.083015
0.089654
0.083269
0.08516
0.087502
0.085037
0.085364
0.084824
0.089904
0.08979
0.091769
0.095976
0.095771
0.092473
0.090321
0.089402
0.093083
0.090225
0.085368
0.09373
0.096079
0.094184
0.094799
0.096405
0.091045
0.09174
0.096258
0.090453
0.095383
0.094428
0.090754
0.092113
0.098613
0.095788
0.095937
0.094398
0.097239
0.09008
0.093784
0.09227
0.091881
0.088524
0.092928
0.094029
0.101002
0.099285
0.096673
0.099317
0.095727
0.093333
0.09755
0.093106
0.093859
0.096567
0.102415
0.100151
0.105076
0.100821
0.095844
0.101676
0.095579
0.098358
0.09119
0.090607
0.090183
0.09573
0.097581
0.095438
0.096036
0.096063
0.095741
0.096187
0.096236
0.094606
0.094698
0.092322
0.092307
0.091623
0.093918
0.09075
0.094341
0.090852
0.093422
0.089353
0.089463
0.08567
0.085601
0.082514
0.083096
0.089757
0.089656
0.088906
0.088558
0.082801
0.089007
0.086942
0.081673
0.084541
0.083406
0.086526
0.087117
0.089997
0.087365
0.087465
0.087627
0.089229
0.081161
0.084861
0.082879
0.081446
0.082558
0.087087
0.083865
0.080216
0.086308
0.085095
0.082853
0.079856
0.082151
0.084919
0.083732
0.086679
0.086514
0.082875
0.080211
0.0826
0.083216
0.084156
0.082704
0.083372
0.087
0.082565
0.082324
0.084755
0.085729
0.083489
0.082656
0.08167
0.081473
0.079891
0.081929
0.080142
0.07874
0.079965
0.077784
0.078097
0.079653
0.081941
0.082997
0.081854
0.081734
0.080889
0.078224
0.080797
0.077983
0.079124
0.0799
0.079128
0.083574
0.084188
0.076194
0.080989
0.082625
0.077707
0.078019
0.078756
0.075902
0.075963
0.083793
0.082121
0.080611
0.07799
0.079169
0.081148
0.084092
0.082003
0.085618
0.083237
0.088149
0.083705
0.082722
0.086613
0.085278
0.081706
0.078573
0.078391
0.080222
0.084534
0.08221
0.088388
0.087323
0.087451
0.089235
0.090461
0.086186
0.086474
0.08239
0.083583
0.084203
0.08413
0.087492
0.087492
0.088714
0.088946
0.089661
0.08398
0.08329
0.085167
0.084003
0.082024
0.084167
0.087134
0.089703
0.088156
0.087
0.08548
0.087575
0.084005
0.08342
0.082528
0.085198
0.089901
0.087129
0.081267
0.085443
0.087563
0.083868
0.085195
0.082129
0.088337
0.090312
0.086134
0.08591
0.08831
0.086227
0.084572
0.083432
0.080828
0.075107
0.079507
0.085832
0.085776
0.083378
0.081612
0.084833
0.082565
0.083409
0.083027
0.087134
0.085311
0.085769
0.08836
0.09056
0.080279
0.083287
0.084178
0.084746
0.083909
0.083134
0.08489
0.086411
0.087671
0.082859
0.084914
0.079603
0.076981
0.079509
0.076853
0.082436
0.080841
0.082389
0.077233
0.079884
0.076199
0.081228
0.083293
0.080274
0.07942
0.080283
0.075618
0.078713
0.08394
0.079379
0.082067
0.07599
0.080749
0.07987
0.076684
0.077018
0.076187
0.075824
0.076829
0.077092
0.072259
0.072042
0.069844
0.068162
0.073
0.071269
0.068643
0.064877
0.06663
0.064185
0.063425
0.068232
0.066656
0.066662
0.062675
0.058975
0.064235
0.065601
0.065729
0.064911
0.06235
0.059945
0.060986
0.055717
0.05949
0.060925
0.058855
0.056475
0.058719
0.057641
0.065114
0.064514
0.065877
0.060075
0.061993
0.05999
0.063367
0.06255
0.067825
0.065648
0.065317
0.062707
0.068859
0.064028
0.062028
0.062651
0.066652
0.066156
0.069549
0.067532
0.066506
0.065347
0.063122
0.068754
0.066201
0.067391
0.068754
0.067159
0.06861
0.067734
0.06688
0.06835
0.064706
0.066461
0.064977
0.063227
0.068888
0.065711
0.066031
0.064483
0.068861
0.067733
0.076446
0.07194
0.069957
0.072217
0.069643
0.0717
0.068234
0.071797
0.07733
0.073776
0.073459
0.072387
0.076175
0.07102
0.067165
0.075751
0.074924
0.074952
0.075199
0.075646
0.071918
0.073257
0.074885
0.071655
0.075864
0.069919
0.074566
0.076516
0.079924
0.075445
0.07471
0.072814
0.075465
0.073791
0.078589
0.078849
0.073888
0.072418
0.074613
0.07911
0.075996
0.075367
0.070927
0.069836
0.070886
0.067017
0.0658
0.068425
0.070789
0.065833
0.064435
0.062101
0.063879
0.061295
0.064547
0.070097
0.069086
0.065876
0.067164
0.063488
0.066742
0.06851
0.064813
0.064303
0.067023
0.067496
0.066335
0.063851
0.065959
0.063232
0.063236
0.064558
0.065815
0.064507
0.066069
0.063011
0.064319
0.076762
0.066952
0.06947
0.069463
0.064854
0.069237
0.070565
0.070087
0.070629
0.06995
0.067162
0.068396
0.064431
0.067113
0.064893
0.068234
0.064318
0.071186
0.07308
0.074831
0.072409
0.07192
0.069461
0.067853
0.063636
0.06534
0.065017
0.066025
0.063057
0.063674
0.061713
0.062895
0.062836
0.062681
0.058586
0.062831
0.057508
0.059038
0.060065
0.059329
0.057331
0.060228
0.05573
0.060793
0.058103
0.059109
0.06019
0.06074
0.06103
0.059339
0.064476
0.066055
0.063807
0.064551
0.066568
0.06669
0.064978
0.066082
0.065224
0.065873
0.065187
0.066179
0.065814
0.064629
0.066332
0.065921
0.066189
0.06506
0.066009
0.065004
0.068086
0.0665
0.066007
0.066545
0.062035
0.066153
0.065343
0.065084
0.068457
0.065819
0.063172
0.065624
0.068228
0.067471
0.068287
0.067346
0.062548
0.063558
0.059872
0.063194
0.064708
0.062224
0.065552
0.065594
0.062321
0.060402
0.063916
0.064757
0.063125
0.064377
0.064036
0.06187
0.064723
0.063419
0.063575
0.057471
0.059358
0.062938
0.063074
0.061049
0.059715
0.059702
0.060462
0.0597
0.061155
0.061767
0.059623
0.061836
0.060869
0.061555
0.05941
0.059434
0.055588
0.059487
0.057485
0.059169
0.056854
0.054148
0.055106
0.057304
0.056966
0.058193
0.057612
0.058944
0.060348
0.061787
0.060739
0.061401
0.060055
0.05603
0.054171
0.054974
0.05699
0.056788
0.057955
0.058423
0.057886
0.054954
0.054637
0.055753
0.054264
0.052898
0.052287
0.054748
0.051797
0.053709
0.052605
0.051041
0.053603
0.052123
0.052178
0.053134
0.055001
0.054279
0.054609
0.055447
0.053409
0.053355
0.055039
0.054584
0.052645
0.05228
0.055729
0.054886
0.050666
0.050543
0.048261
0.049779
0.047369
0.048029
0.049649
0.048799
0.049867
0.048898
0.049997
0.048069
0.051313
0.048426
0.051144
0.048325
0.046868
0.049275
0.047001
0.048526
0.046992
0.046613
0.047954
0.05127
0.050478
0.048757
0.052082
0.050707
0.05127
0.048744
0.051465
0.049578
0.048868
0.045795
0.049976
0.047141
0.047178
0.047689
0.048502
0.046873
0.051455
0.050904
0.051402
0.050197
0.051705
0.04852
0.045279
0.049706
0.044043
0.048924
0.049851
0.047267
0.043111
0.045156
0.047481
0.051045
0.048491
0.048053
0.048595
0.049373
0.047861
0.047783
0.048058
0.050022
0.049077
0.04734
0.050686
0.047559
0.052461
0.048625
0.050526
0.048003
0.047871
0.043354
0.04509
0.048199
0.045883
0.049002
0.047973
0.04862
0.052011
0.048816
0.049861
0.050783
0.047347
0.051239
0.046638
0.046699
0.0405
0.040986
0.039727
0.037899
0.037004
0.033293
0.032651
0.034858
0.033868
0.034513
0.034423
0.032732
0.034312
0.032625
0.031629
0.034266
0.035516
0.036497
0.034765
0.035749
0.035302
0.033624
0.035408
0.034047
0.035419
0.033633
0.033822
0.036264
0.034335
0.034329
0.035355
0.034909
0.037642
0.036693
0.038338
0.035483
0.037836
0.043075
0.044541
0.046334
0.046496
0.045444
0.046641
0.04986
0.050152
0.050249
0.052452
0.050193
0.052403
0.052781
0.054573
0.056973
0.052652
0.053775
0.052832
0.051978
0.05327
0.054826
0.053921
0.056505
0.048916
0.052201
0.051472
0.05099
0.053774
0.052416
0.05343
0.052889
0.056964
0.056369
0.056914
0.0551
0.055501
0.054094
0.051501
0.050646
0.049548
0.048479
0.049194
0.049945
0.049253
0.048036
0.049573
0.047107
0.046463
0.046901
0.04522
0.045616
0.048557
0.049392
0.049434
0.047447
0.047557
0.048766
0.045816
0.048022
0.046926
0.049403
0.048671
0.055048
0.046263
0.045993
0.047094
0.042554
0.042674
0.0434
0.044261
0.04425
0.042117
0.044144
0.042591
0.043812
0.045028
0.043201
0.044255
0.043368
0.053392
0.045557
0.043226
0.04419
0.04266
0.043783
0.043224
0.041823
0.042555
0.038935
0.044239
0.045545
0.042898
0.044424
0.045256
0.045386
0.041657
0.039839
0.041756
0.046297
0.042219
0.043785
0.043777
0.043761
0.044874
0.050654
0.047737
0.046198
0.045624
0.045356
0.04571
0.052
0.049587
0.050388
0.050412
0.050132
0.051489
0.053306
0.055783
0.056285
0.05279
0.051337
0.052793
0.052872
0.051925
0.051443
0.049624
0.054997
0.053114
0.056223
0.056463
0.056397
0.057935
0.054217
0.054699
0.05394
0.054645
0.055082
0.053453
0.050218
0.058483
0.053719
0.056734
0.054087
0.053218
0.054383
0.05302
0.052928
0.052901
0.054151
0.052898
0.053774
0.054373
0.053883
0.053127
0.054354
0.055572
0.052744
0.055602
0.05434
0.056829
0.054866
0.055081
0.059076
0.057048
0.060471
0.058353
0.058293
0.056369
0.055983
0.056023
0.055916
0.058277
0.058147
0.058583
0.057911
0.059027
0.057757
0.057501
0.056552
0.055836
0.054944
0.054061
0.055278
0.053647
0.05514
0.057587
0.057716
0.05968
0.059208
0.056766
0.059422
0.054679
0.055034
0.056774
0.055499
0.055375
0.056056
0.054452
0.053453
0.056343
0.053588
0.056274
0.05586
0.054635
0.055868
0.054764
0.056597
0.056436
0.057072
0.055585
0.057601
0.055156
0.055848
0.056365
0.054936
0.055874
0.056646
0.056547
0.055547
0.055044
0.056959
0.054311
0.055964
0.056332
0.055112
0.059154
0.058671
0.05531
0.054814
0.055233
0.053496
0.05857
0.056973
0.058324
0.058368
0.059313
0.057774
0.055191
0.0604
0.052898
0.057949
0.059418
0.054416
0.056537
0.056956
0.054088
0.05581
0.057164
0.055986
0.053943
0.059153
0.056886
0.058506
0.059515
0.057183
0.059017
0.059681
0.058658
0.056783
0.056812
0.055973
0.05729
0.057512
0.058792
0.056214
0.05694
0.05542
0.055817
0.057555
0.052988
0.055473
0.053956
0.055141
0.05569
0.05338
0.055074
0.053025
0.054062
0.056555
0.055706
0.057307
0.056104
0.05616
0.054852
0.056036
0.057806
0.058341
0.052675
0.055712
0.057255
0.057084
0.055557
0.054203
0.05713
0.05553
0.056265
0.055619
0.056682
0.055796
0.055973
0.055664
0.05858
0.057409
0.057854
0.059959
0.056957
0.05824
0.05874
0.056782
0.05539
0.056771
0.058266
0.058423
0.057409
0.054742
0.055666
0.056361
0.056382
0.056721
0.059337
0.056532
0.057053
0.060528
0.059409
0.058389
0.058872
0.055976
0.058076
0.058479
0.059162
0.058311
0.06002
0.05788
0.055624
0.059571
0.058349
0.057792
0.060463
0.05925
0.060205
0.060945
0.055579
0.059272
0.057319
0.057689
0.055732
0.057071
0.057226
0.053923
0.055077
0.054823
0.056116
0.054852
0.055969
0.056725
0.054732
0.057315
0.054754
0.057572
0.057102
0.05626
0.057356
0.053034
0.060086
0.058593
0.052873
0.055237
0.057695
0.058209
0.057887
0.058606
0.057175
0.056064
0.055548
0.056909
0.054138
0.060136
0.057398
0.058977
0.057955
0.060085
0.061243
0.063376
0.062749
0.063006
0.062014
0.062416
0.059413
0.061357
0.056729
0.059984
0.060669
0.060693
0.061789
0.057807
0.060662
0.06058
0.059904
0.062207
0.059673
0.060687
0.059802
0.056455
0.054208
0.058083
0.058402
0.057164
0.060408
0.057893
0.058864
0.05764
0.05531
0.060079
0.059963
0.059045
0.058346
0.06058
0.059293
0.058953
0.058595
0.059125
0.054282
0.057998
0.060027
0.059517
0.058911
0.059113
0.055958
0.055701
0.05882
0.058265
0.053589
0.054723
0.053621
0.053841
0.055208
0.052993
0.053591
0.054011
0.050286
0.0482
0.052998
0.050463
0.051943
0.050884
0.049541
0.051247
0.048968
0.048972
0.050502
0.05145
0.053562
0.050459
0.052932
0.052094
0.053064
0.054301
0.053322
0.050757
0.055107
0.054609
0.053121
0.054928
0.054478
0.054069
0.05548
0.056246
0.054705
0.057535
0.057888
0.058337
0.056632
0.056843
0.06
0.057898
0.057772
0.056065
0.063062
0.058654
0.060514
0.06052
0.064366
0.063685
0.058752
0.061579
0.059442
0.062946
0.062093
0.05995
0.061419
0.059602
0.057463
0.064012
0.063358
0.060734
0.062021
0.063992
0.065204
0.064759
0.060487
0.062434
0.060352
0.064811
0.062805
0.060863
0.059861
0.06216
0.056837
0.06142
0.058327
0.05858
0.062282
0.066178
0.065034
0.063713
0.064836
0.060105
0.059389
0.06232
0.06376
0.064657
0.063012
0.060249
0.061071
0.057843
0.059837
0.057432
0.057951
0.055993
0.055829
0.055615
0.057289
0.058228
0.055902
0.057513
0.059045
0.061027
0.057149
0.06335
0.057489
0.056762
0.062166
0.061103
0.061462
0.06132
0.06165
0.061137
0.058347
0.059219
0.062864
0.058549
0.064357
0.060006
0.065036
0.057992
0.062837
0.065252
0.06244
0.066685
0.067821
0.068463
0.064118
0.064976
0.065752
0.06814
0.062077
0.064057
0.061504
0.064841
0.061111
0.059485
0.065266
0.064075
0.062403
0.059546
0.069575
0.067409
0.065866
0.067855
0.064087
0.063152
0.062623
0.062097
0.064921
0.064675
0.06575
0.061787
0.06204
0.061528
0.067408
0.066105
0.063982
0.062638
0.063889
0.062081
0.065377
0.061598
0.065118
0.064789
0.062878
0.064458
0.069963
0.065243
0.07054
0.07216
0.071994
0.06651
0.069712
0.066492
0.070514
0.069027
0.067633
0.067475
0.070043
0.062083
0.062732
0.065195
0.062613
0.066462
0.066539
0.066574
0.064454
0.068738
0.068146
0.067548
0.065774
0.065691
0.066606
0.065503
0.062974
0.067484
0.063658
0.06094
0.061061
0.059312
0.062049
0.063809
0.064555
0.063164
0.064078
0.062748
0.063378
0.06107
0.056284
0.060547
0.062248
0.060326
0.059519
0.057884
0.057045
0.057789
0.052905
0.057681
0.057544
0.055465
0.056959
0.057248
0.058296
0.068997
0.062069
0.065965
0.066666
0.065995
0.064506
0.068892
0.065145
0.064542
0.061721
0.063047
0.062292
0.061885
0.059942
0.060472
0.059959
0.059558
0.059274
0.05807
0.061691
0.064207
0.063662
0.061764
0.063186
0.064021
0.063785
0.065401
0.063139
0.058314
0.060708
0.057314
0.055443
0.059213
0.056158
0.055265
0.056
0.05699
0.057633
0.059414
0.05442
0.053202
0.049725
0.051013
0.053635
0.052116
0.04962
0.05074
0.049954
0.05298
0.05198
0.053456
0.053994
0.050182
0.057319
0.051753
0.052962
0.052642
0.048626
0.051146
0.05296
0.052206
0.052696
0.055643
0.056252
0.052964
0.054921
0.059162
0.054736
0.054214
0.057884
0.059479
0.059799
0.058908
0.056399
0.062373
0.057492
0.056146
0.054122
0.05904
0.054923
0.056329
0.055042
0.056671
0.053311
0.05569
0.053665
0.057918
0.057414
0.059644
0.060286
0.05735
0.057724
0.062307
0.060138
0.055975
0.056458
0.055919
0.05428
0.054171
0.05869
0.054424
0.062111
0.060328
0.060986
0.05914
0.056898
0.064068
0.061317
0.062577
0.061056
0.063561
0.06167
0.06646
0.0654
0.066375
0.063405
0.063677
0.062359
0.06284
0.060632
0.064463
0.059888
0.063552
0.06208
0.061604
0.062833
0.061236
0.059632
0.064435
0.066156
0.067668
0.06106
0.064865
0.069478
0.068904
0.073858
0.072401
0.072131
0.066385
0.070228
0.068159
0.071785
0.069373
0.068819
0.068994
0.068022
0.067807
0.067782
0.0684
0.068557
0.067026
0.067625
0.07118
0.07027
0.068854
0.069539
0.070382
0.070095
0.067928
0.068733
0.064676
0.066401
0.060532
0.060932
0.066114
0.067076
0.067544
0.066103
0.066528
0.065114
0.065091
0.064693
0.066592
0.061817
0.064304
0.064393
0.064145
0.067069
0.066328
0.070482
0.071898
0.068615
0.07295
0.068418
0.069103
0.069571
0.068982
0.068481
0.069808
0.065966
0.073814
0.072373
0.074305
0.072662
0.073761
0.073785
0.074437
0.077543
0.074878
0.079116
0.079306
0.079324
0.083351
0.080159
0.077718
0.075039
0.073024
0.073367
0.073379
0.076713
0.073931
0.072841
0.069516
0.074568
0.073595
0.068241
0.070516
0.074044
0.077349
0.074743
0.073463
0.071721
0.069971
0.071625
0.067406
0.070718
0.073197
0.070022
0.06884
0.067017
0.065393
0.069128
0.064206
0.067881
0.063858
0.065147
0.064992
0.064285
0.065163
0.062552
0.061054
0.066721
0.063476
0.05874
0.06198
0.063388
0.067377
0.063867
0.062949
0.065404
0.063421
0.064552
0.06617
0.06295
0.063801
0.063665
0.064373
0.063372
0.064649
0.061567
0.060705
0.064285
0.063966
0.065172
0.068274
0.06849
0.066697
0.065171
0.065529
0.070577
0.067119
0.068178
0.067569
0.06875
0.069796
0.069785
0.065351
0.067708
0.065363
0.068917
0.066689
0.066264
0.063783
0.065932
0.067298
0.063923
0.064242
0.066364
0.062151
0.064634
0.060159
0.060302
0.063572
0.061883
0.063629
0.060121
0.064472
0.060337
0.059108
0.061483
0.064585
0.06281
0.057732
0.066149
0.066848
0.06515
0.069567
0.062611
0.061916
0.062299
0.06473
0.070325
0.071015
0.070677
0.072559
0.06523
0.067206
0.065426
0.066561
0.063366
0.067273
0.068532
0.066709
0.063701
0.067239
0.064298
0.068623
0.068815
0.070829
0.06505
0.071328
0.069383
0.072505
0.072953
0.080233
0.077113
0.076804
0.075348
0.080403
0.075091
0.07686
0.072717
0.074667
0.073228
0.074398
0.073244
0.071822
0.072997
0.075749
0.082391
0.080944
0.077027
0.078635
0.075543
0.074704
0.076276
0.075012
0.075188
0.076685
0.07499
0.077126
0.075466
0.077664
0.077896
0.075794
0.087543
0.083813
0.085447
0.082811
0.083683
0.0773
0.078122
0.083382
0.078971
0.080581
0.078659
0.080819
0.077632
0.076818
0.078906
0.088756
0.087375
0.089579
0.087374
0.085464
0.085851
0.082918
0.086272
0.084897
0.082527
0.085023
0.081022
0.088372
0.090841
0.090023
0.096617
0.092794
0.091922
0.087353
0.084654
0.090312
0.086946
0.083316
0.088015
0.081238
0.086284
0.087353
0.089257
0.093139
0.085531
0.083218
0.087566
0.086242
0.081728
0.084082
0.082957
0.083935
0.079116
0.083249
0.084945
0.084573
0.083774
0.093124
0.088564
0.091924
0.091635
0.094184
0.088539
0.091424
0.08877
0.094594
0.085462
0.091752
0.090521
0.09248
0.091317
0.088374
0.087315
0.096198
0.095477
0.089827
0.09121
0.090287
0.08504
0.085915
0.084995
0.084953
0.081358
0.083971
0.086009
0.082049
0.088054
0.083172
0.085063
0.082161
0.089029
0.093263
0.089174
0.089812
0.084555
0.083817
0.087886
0.080912
0.084122
0.084754
0.086092
0.079941
0.075523
0.083291
0.081581
0.079486
0.080377
0.082244
0.080675
0.077128
0.078608
0.078095
0.078413
0.078255
0.079561
0.072803
0.081206
0.081238
0.080015
0.083362
0.081854
0.078457
0.078108
0.080448
0.078972
0.07862
0.07632
0.078207
0.077748
0.075547
0.081105
0.078631
0.075318
0.079782
0.072623
0.07899
0.077672
0.07794
0.078245
0.082658
0.082056
0.076374
0.078405
0.088408
0.084584
0.081503
0.086877
0.084322
0.084606
0.082476
0.086613
0.083701
0.084107
0.08465
0.083358
0.084609
0.092366
0.087463
0.083
0.08857
0.086176
0.084304
0.088572
0.086425
0.088583
0.089203
0.085264
0.083584
0.087969
0.097237
0.093121
0.093622
0.08694
0.086362
0.08341
0.083798
0.088086
0.090777
0.09366
0.088376
0.089978
0.087631
0.089702
0.100408
0.096298
0.096133
0.097124
0.098367
0.095072
0.099728
0.097771
0.088962
0.09271
0.096938
0.097152
0.098551
0.093198
0.092032
0.100981
0.095534
0.095031
0.09461
0.090755
0.085974
0.089812
0.093897
0.088369
0.088801
0.087614
0.086759
0.086636
0.082733
0.083272
0.090034
0.08564
0.084679
0.08556
0.080591
0.078225
0.076352
0.071219
0.075009
0.074476
0.080266
0.078297
0.079486
0.077994
0.078347
0.087054
0.08488
0.082021
0.077091
0.076494
0.081561
0.073244
0.072389
0.074362
0.075258
0.07519
0.080461
0.076355
0.079969
0.074459
0.078167
0.077039
0.072573
0.079571
0.078233
0.076878
0.078857
0.071956
0.081799
0.080325
0.074965
0.074337
0.074801
0.076633
0.075562
0.074566
0.072569
0.076022
0.07138
0.07116
0.073833
0.070719
0.064599
0.065644
0.072851
0.069438
0.069182
0.075891
0.07536
0.068997
0.068756
0.073545
0.07406
0.067712
0.071493
0.06788
0.065269
0.066078
0.071861
0.068695
0.071291
0.072735
0.069265
0.07074
0.07014
0.067037
0.070511
0.06889
0.069791
0.06954
0.070314
0.068138
0.070641
0.070895
0.07432
0.070485
0.072718
0.074101
0.071457
0.071411
0.070172
0.069959
0.069403
0.069611
0.067803
0.069799
0.067934
0.068046
0.069449
0.068688
0.068093
0.06789
0.065944
0.065061
0.062029
0.065295
0.061938
0.063983
0.063637
0.064981
0.065713
0.063177
0.064696
0.063413
0.063953
0.064357
0.06395
0.062313
0.060042
0.063969
0.061791
0.060781
0.06188
0.060834
0.058162
0.062257
0.057384
0.058484
0.060658
0.059326
0.060943
0.058515
0.059435
0.059061
0.058493
0.061771
0.058519
0.059204
0.06063
0.058102
0.061324
0.059313
0.059763
0.059272
