0.024098
0.079203
0.100601
0.102166
0.098779
0.100639
0.092982
0.101512
0.10138
0.099705
0.094854
0.09386
0.097245
0.0934
0.101113
0.097628
0.096619
0.09775
0.101206
0.098076
0.09841
0.096456
0.097446
0.099935
0.10302
0.099471
0.100066
0.100172
0.092994
0.094395
0.100132
0.093378
0.095999
0.095695
0.107315
0.111328
0.111373
0.10818
0.10823
0.106209
0.104136
0.109506
0.108377
0.107119
0.105731
0.103132
0.111433
0.114728
0.108938
0.10874
0.106926
0.10462
0.107522
0.106515
0.101385
0.107827
0.131946
0.1338
0.133418
0.134644
0.132237
0.130042
0.132522
0.133523
0.130632
0.127606
0.125
0.13163
0.138011
0.129435
0.136579
0.126658
0.130338
0.131708
0.12604
0.124588
0.134532
0.12989
0.12053
0.127207
0.123743
0.119821
0.131898
0.120352
0.126877
0.121868
0.119846
0.128337
0.122152
0.143143
0.132387
0.135121
0.133288
0.131909
0.122551
0.125864
0.122767
0.121936
0.122242
0.121206
0.122204
0.121158
0.12921
0.127239
0.119886
0.137881
0.134072
0.134665
0.13465
0.130064
0.130903
0.13222
0.1275
0.126379
0.121993
0.134634
0.138591
0.144189
0.143278
0.146384
0.153383
0.149644
0.147036
0.150641
0.143534
0.147904
0.143192
0.143915
0.144156
0.144659
0.142985
0.140075
0.139742
0.142884
0.133766
0.139981
0.144588
0.145319
0.145707
0.148746
0.148124
0.144432
0.146913
0.146067
0.140333
0.137886
0.135635
0.138563
0.138316
0.127421
0.13845
0.137832
0.138501
0.133166
0.135969
0.133422
0.129784
0.124698
0.123286
0.126486
0.123143
0.120309
0.120725
0.118801
0.116741
0.126463
0.121207
0.122511
0.123579
0.123067
0.123795
0.118618
0.123783
0.12844
0.128143
0.12612
0.127122
0.123899
0.125805
0.124001
0.121324
0.125247
0.125424
0.120165
0.129689
0.133304
0.13008
0.1315
0.133457
0.128352
0.133809
0.127359
0.129013
0.125482
0.122428
0.124066
0.124078
0.119742
0.12015
0.118145
0.114992
0.115849
0.115042
0.114305
0.113869
0.112033
0.110339
0.106106
0.103727
0.098653
0.108087
0.108279
0.103534
0.103821
0.108343
0.107175
0.10721
0.108994
0.109019
0.111707
0.11024
0.107676
0.113124
0.119039
0.118238
0.118092
0.117596
0.117444
0.123353
0.125168
0.122569
0.120901
0.118381
0.13062
0.128966
0.125651
0.121927
0.121502
0.121421
0.128244
0.123817
0.122601
0.122605
0.130452
0.133519
0.132102
0.13174
0.12867
0.137596
0.135795
0.135464
0.131066
0.143812
0.141295
0.143474
0.139654
0.136194
0.136044
0.132128
0.131234
0.129092
0.126084
0.127252
0.129408
0.129712
0.128748
0.12475
0.119049
0.12594
0.124504
0.126487
0.124927
0.119414
0.122956
0.119987
0.128872
0.124864
0.122555
0.1228
0.123444
0.124542
0.136376
0.125292
0.127874
0.128983
0.130097
0.128014
0.135238
0.135347
0.133136
0.131245
0.126719
0.12411
0.124802
0.126531
0.126082
0.121501
0.11954
0.125694
0.124542
0.123811
0.122288
0.116869
0.120465
0.132932
0.132382
0.12933
0.127181
0.120793
0.129099
0.139556
0.142173
0.138195
0.14879
0.141088
0.141001
0.133893
0.132624
0.129796
0.124157
0.134827
0.130819
0.132114
0.150033
0.143124
0.138512
0.133079
0.139023
0.135799
0.135716
0.131722
0.130575
0.12855
0.136921
0.165092
0.152304
0.153514
0.145806
0.144695
0.14585
0.146721
0.145461
0.142705
0.140228
0.136168
0.135773
0.141902
0.140904
0.164982
0.142986
0.137209
0.137036
0.133476
0.127908
0.121291
0.124487
0.122881
0.130918
0.124223
0.125208
0.127679
0.128505
0.139186
0.132256
0.134928
0.126409
0.126676
0.129767
0.133477
0.132435
0.132871
0.132745
0.133248
0.130493
0.128368
0.146424
0.138741
0.132997
0.127843
0.127361
0.122916
0.129397
0.125607
0.127754
0.124263
0.122947
0.131364
0.149571
0.137899
0.136006
0.133342
0.131475
0.129727
0.127239
0.125123
0.123609
0.123665
0.1217
0.123567
0.128597
0.132196
0.13211
0.135025
0.156323
0.147937
0.144892
0.142076
0.13901
0.138482
0.139524
0.136619
0.136993
0.132834
0.141193
0.139182
0.144485
0.14445
0.160609
0.158612
0.153472
0.148101
0.150991
0.148483
0.14748
0.146378
0.146506
0.145153
0.147196
0.148119
0.14413
0.141999
0.148651
0.163002
0.14975
0.141501
0.138476
0.132856
0.131684
0.128997
0.126407
0.125011
0.125929
0.121433
0.122101
0.123779
0.125322
0.124248
0.124493
0.145394
0.128161
0.126908
0.127395
0.126172
0.121165
0.116516
0.120825
0.11689
0.119611
0.123979
0.115948
0.121242
0.121323
0.130213
0.124918
0.12516
0.129534
0.130776
0.127703
0.125798
0.124412
0.122979
0.13374
0.129619
0.121559
0.119757
0.132765
0.127912
0.124262
0.125035
0.125618
0.126574
0.125529
0.117953
0.118854
0.122458
0.121912
0.116863
0.117494
0.11144
0.125477
0.116724
0.113645
0.110804
0.114912
0.112305
0.11398
0.113186
0.109957
0.112481
0.105269
0.105472
0.102964
0.101656
0.093379
0.093966
0.112329
0.107374
0.104654
0.100909
0.095281
0.095563
0.095871
0.094147
0.099954
0.115501
0.114599
0.112597
0.107876
0.106636
0.101152
0.094628
0.095834
0.09832
0.094858
0.092668
0.09232
0.092398
0.096324
0.108542
0.114841
0.100576
0.101058
0.103102
0.105858
0.102032
0.106039
0.097068
0.097627
0.097312
0.101793
0.101339
0.115855
0.109533
0.10587
0.104367
0.10593
0.10426
0.104908
0.10488
0.100264
0.103981
0.103024
0.102245
0.100494
0.102415
0.113243
0.112594
0.108149
0.106988
0.106531
0.102988
0.109753
0.114407
0.115017
0.109834
0.110434
0.119772
0.113717
0.115705
0.109588
0.111447
0.108878
0.109684
0.111868
0.108642
0.10922
0.109042
0.110507
0.136689
0.11722
0.117362
0.119427
0.112071
0.109895
0.105941
0.118674
0.11398
0.123096
0.11972
0.128699
0.117571
0.117557
0.116409
0.117108
0.115067
0.11839
0.121908
0.116607
0.119497
0.127113
0.146669
0.132796
0.129211
0.12343
0.122675
0.121869
0.126651
0.132331
0.139697
0.143281
0.134201
0.132742
0.130864
0.132638
0.132758
0.132546
0.129826
0.141755
0.143905
0.136186
0.132852
0.129193
0.128058
0.131222
0.122347
0.123011
0.134518
0.139502
0.133743
0.1272
0.122239
0.124283
0.125161
0.125164
0.121555
0.119598
0.120214
0.13613
0.129927
0.127106
0.124317
0.124289
0.119847
0.121133
0.117253
0.122652
0.135743
0.129909
0.131525
0.123322
0.123819
0.130489
0.130043
0.127757
0.126717
0.127992
0.135645
0.129573
0.124822
0.131846
0.133807
0.129169
0.129382
0.131335
0.127972
0.13077
0.131407
0.131487
0.131637
0.13241
0.139301
0.139113
0.137634
0.131985
0.141414
0.13759
0.136309
0.138605
0.1405
0.133658
0.136573
0.137471
0.138896
0.138015
0.144433
0.147604
0.149427
0.144779
0.142525
0.148536
0.152543
0.151607
0.148959
0.154474
0.152152
0.151289
0.154741
0.155538
0.156567
0.158581
0.150116
0.165022
0.163799
0.159313
0.148122
0.157146
0.1593
0.158063
0.155177
0.160247
0.150788
0.153768
0.146536
0.15196
0.152314
0.152211
0.140503
0.148022
0.151473
0.145531
0.139292
0.145616
0.148271
0.14426
0.144973
0.147652
0.152024
0.150068
0.1442
0.15487
0.14803
0.148315
0.140467
0.150951
0.146552
0.146357
0.146121
0.140246
0.14404
0.140975
0.133939
0.128053
0.125793
0.124536
0.124158
0.129316
0.123517
0.139772
0.128123
0.122714
0.12054
0.117171
0.10827
0.101249
0.104173
0.10344
0.104039
0.105464
0.10073
0.101369
0.104748
0.100703
0.096978
0.098085
0.099641
0.100826
0.105899
0.104523
0.107807
0.11298
0.116318
0.113465
0.114144
0.114616
0.108064
0.115907
0.114702
0.117288
0.119333
0.110746
0.123071
0.125056
0.123189
0.121128
0.127925
0.12651
0.122028
0.116182
0.118988
0.121076
0.128245
0.12227
0.114887
0.132701
0.128418
0.123787
0.128913
0.124165
0.130469
0.136991
0.134493
0.13092
0.125617
0.133158
0.138074
0.13633
0.137229
0.145799
0.143525
0.143576
0.137078
0.141863
0.140242
0.13982
0.141784
0.134242
0.144289
0.142673
0.13983
0.14042
0.151505
0.149056
0.145771
0.137197
0.153129
0.152447
0.147357
0.148386
0.149386
0.15429
0.146981
0.14873
0.158778
0.164544
0.161451
0.153733
0.163048
0.162668
0.163666
0.160213
0.158064
0.165286
0.163413
0.162507
0.154204
0.168688
0.173534
0.169692
0.169696
0.164374
0.174258
0.169553
0.166515
0.163025
0.158451
0.16524
0.153631
0.136048
0.139386
0.144233
0.168198
0.158958
0.1517
0.153653
0.144571
0.13609
0.127722
0.111392
0.099179
0.09977
0.113736
0.130907
0.13135
0.141819
0.144294
0.142236
0.135148
0.130766
0.128903
0.133826
0.130869
0.12744
0.122327
0.124357
0.123169
0.117335
0.110448
0.123113
0.116388
0.114422
0.108074
0.103316
0.098069
0.102949
0.100425
0.094492
0.093788
0.093418
0.093206
0.088764
0.090554
0.082872
0.082893
0.078339
0.077273
0.074965
0.077073
0.071435
0.082749
0.082079
0.07725
0.075532
0.072218
0.074032
0.073741
0.07155
0.074289
0.077415
0.073226
0.081854
0.077479
0.071808
0.073955
0.073455
0.070277
0.070421
0.07863
0.073028
0.071213
0.072611
0.078162
0.077097
0.074276
0.082189
0.085294
0.078973
0.076131
0.074567
0.080012
0.079881
0.074342
0.082423
0.083416
0.089962
0.088195
0.096299
0.09457
0.091749
0.088193
0.093766
0.094755
0.092494
0.097008
0.09639
0.095701
0.094234
0.096139
0.099941
0.094026
0.090712
0.088976
0.09119
0.088269
0.093698
0.093583
0.094148
0.093735
0.097592
0.101348
0.108425
0.105185
0.103713
0.107269
0.111237
0.117
0.117184
0.114645
0.123474
0.131494
0.131977
0.131887
0.130086
0.138039
0.137331
0.140894
0.14995
0.141512
0.135974
0.143711
0.14732
0.158599
0.169304
0.166869
0.164576
0.166215
0.166401
0.170315
0.172273
0.188227
0.176844
0.17565
0.169216
0.164044
0.16773
0.170337
0.171166
0.166439
0.182747
0.17397
0.162207
0.153885
0.153692
0.157964
0.149328
0.1441
0.14523
0.145555
0.157103
0.148691
0.1427
0.145374
0.152271
0.150071
0.141648
0.141481
0.14739
0.147761
0.143709
0.137348
0.146676
0.144405
0.141651
0.137517
0.145432
0.13772
0.137105
0.132876
0.12666
0.133669
0.129505
0.125574
0.133983
0.133791
0.134
0.148128
0.138469
0.136172
0.135185
0.135302
0.128867
0.135616
0.135099
0.136695
0.130209
0.124538
0.12718
0.128088
0.1286
0.132719
0.12678
0.126488
0.130026
0.141274
0.128088
0.124159
0.127024
0.123533
0.128925
0.126049
0.126271
0.119686
0.130241
0.124197
0.126548
0.124165
0.121441
0.127169
0.12469
0.12273
0.12147
0.119301
0.118598
0.125133
0.123528
0.130273
0.127473
0.125824
0.123003
0.121758
0.122918
0.129993
0.127053
0.125016
0.125863
0.119229
0.133931
0.125545
0.122429
0.135451
0.125441
0.123288
0.123481
0.132327
0.136952
0.137776
0.138115
0.131142
0.139766
0.144152
0.142299
0.13522
0.131153
0.141333
0.140075
0.137388
0.130916
0.124708
0.131435
0.13098
0.125985
0.120684
0.118278
0.123454
0.120049
0.121224
0.113465
0.114549
0.125196
0.120053
0.116875
0.112084
0.104229
0.11833
0.111529
0.108739
0.104832
0.104422
0.106303
0.101251
0.108739
0.106543
0.103486
0.114363
0.109044
0.10554
0.103697
0.100247
0.096735
0.100948
0.09593
0.095024
0.088593
0.087723
0.087911
0.089585
0.091565
0.091164
0.091785
0.103725
0.097921
0.092206
0.091408
0.086585
0.091416
0.093448
0.092435
0.087642
0.084307
0.097147
0.089907
0.088411
0.086778
0.089601
0.087965
0.08553
0.082627
0.083218
0.082777
0.079437
0.08235
0.082914
0.076753
0.078
0.083406
0.077184
0.077337
0.081993
0.086439
0.090577
0.082865
0.084347
0.083338
0.079508
0.082866
0.082649
0.084911
0.087899
0.087407
0.085519
0.079373
0.079746
0.085559
0.080135
0.084602
0.088883
0.086186
0.083723
0.084086
0.085289
0.084317
0.082697
0.092399
0.092923
0.089219
0.091342
0.087597
0.088976
0.092362
0.090862
0.088103
0.088922
0.089451
0.086043
0.08994
0.107746
0.098087
0.102275
0.100249
0.092361
0.093913
0.092176
0.093888
0.099981
0.094006
0.0958
0.100531
0.110125
0.109282
0.107119
0.107552
0.110334
0.102988
0.103353
0.111478
0.106543
0.107598
0.1073
0.121458
0.120785
0.116138
0.113682
0.116216
0.109549
0.116143
0.123791
0.113161
0.115386
0.116245
0.132899
0.126638
0.124969
0.122597
0.119104
0.116357
0.117503
0.124729
0.124362
0.122661
0.128587
0.14285
0.133324
0.130646
0.132245
0.127199
0.131607
0.130576
0.133474
0.130077
0.133066
0.13422
0.128027
0.133212
0.129196
0.120589
0.136389
0.126837
0.125907
0.12735
0.122791
0.121495
0.130256
0.12521
0.130391
0.128555
0.124327
0.117812
0.117728
0.123371
0.121712
0.114836
0.114937
0.117538
0.136524
0.124462
0.12403
0.122767
0.124211
0.117258
0.125699
0.125276
0.123538
0.128607
0.122419
0.142397
0.130838
0.131158
0.127524
0.126315
0.126438
0.122207
0.131329
0.125621
0.12536
0.129869
0.127686
0.143254
0.133979
0.135727
0.127464
0.125462
0.124487
0.123924
0.126454
0.127802
0.126522
0.145657
0.140458
0.139946
0.128818
0.12477
0.123266
0.12944
0.124835
0.138914
0.138807
0.132797
0.129964
0.122043
0.121714
0.117412
0.119892
0.115795
0.125316
0.116802
0.106134
0.104387
0.095004
0.095114
0.092377
0.091683
0.086791
0.089706
0.086385
0.083165
0.087346
0.082397
0.085286
0.083823
0.087542
0.087305
0.085456
0.080551
0.07848
0.081368
0.082081
0.078793
0.081787
0.090346
0.088119
0.086255
0.091062
0.091127
0.094438
0.092455
0.103201
0.099755
0.101188
0.096995
0.099763
0.112807
0.110656
0.108684
0.111825
0.113325
0.11475
0.123678
0.119652
0.1193
0.122843
0.123138
0.121852
0.125647
0.131384
0.131744
0.127757
0.125265
0.130699
0.133378
0.136503
0.1302
0.13711
0.140067
0.142057
0.143221
0.144923
0.14087
0.13772
0.134002
0.138519
0.140616
0.132381
0.133069
0.12909
0.137749
0.141592
0.137095
0.1372
0.135675
0.134816
0.137661
0.138073
0.134437
0.147168
0.140699
0.139279
0.139219
0.13127
0.129694
0.128279
0.133099
0.128179
0.121021
0.125797
0.120632
0.117109
0.122199
0.111583
0.116204
0.116235
0.112176
0.109064
0.111853
0.112939
0.111477
0.113009
0.106846
0.119207
0.112401
0.109271
0.103449
0.100074
0.099299
0.099221
0.101487
0.099617
0.108427
0.107002
0.103314
0.104192
0.102126
0.099329
0.102191
0.10612
0.106463
0.102864
0.122548
0.116604
0.117764
0.119186
0.110754
0.112433
0.116216
0.129391
0.128178
0.123897
0.141642
0.129946
0.130201
0.128704
0.126228
0.121126
0.117219
0.128611
0.119192
0.122069
0.137753
0.124663
0.117731
0.115385
0.11181
0.107942
0.110361
0.108084
0.10898
0.10569
0.106604
0.106542
0.103971
0.121254
0.111725
0.109627
0.109043
0.11021
0.107794
0.108998
0.118779
0.117483
0.126591
0.11531
0.134381
0.131151
0.125868
0.129159
0.124323
0.123689
0.118717
0.123595
0.128483
0.143176
0.136518
0.133249
0.130097
0.127452
0.126742
0.123551
0.134384
0.134057
0.132827
0.151171
0.140469
0.142469
0.13644
0.129706
0.128535
0.128962
0.127337
0.13
0.131406
0.126889
0.123955
0.144828
0.133352
0.130687
0.127351
0.120449
0.122332
0.121311
0.124993
0.118685
0.120583
0.122384
0.118986
0.137962
0.129974
0.126194
0.127513
0.120434
0.116254
0.119032
0.12403
0.12485
0.13494
0.145027
0.146979
0.143867
0.147312
0.154627
0.146958
0.15431
0.158207
0.154729
0.154691
0.167209
0.188103
0.173067
0.174186
0.171784
0.169258
0.155451
0.156807
0.163212
0.159812
0.157603
0.154443
0.15331
0.178008
0.168959
0.160103
0.154631
0.154289
0.154559
0.160842
0.150285
0.149454
0.1526
0.150758
0.150219
0.147824
0.143978
0.139239
0.148449
0.13796
0.132982
0.135936
0.139514
0.139065
0.13256
0.132776
0.123453
0.133164
0.129823
0.123379
0.11847
0.113583
0.1224
0.121665
0.111861
0.108116
0.108608
0.110551
0.119555
0.11425
0.113034
0.110784
0.119817
0.115541
0.11792
0.119327
0.112683
0.122027
0.123774
0.119815
0.12273
0.128502
0.137122
0.132425
0.132152
0.137036
0.141306
0.151311
0.145497
0.14521
0.142495
0.155592
0.155406
0.151609
0.143164
0.145146
0.150515
0.154483
0.145063
0.144008
0.137561
0.149964
0.137485
0.135574
0.137024
0.14413
0.134866
0.137526
0.135149
0.151488
0.145697
0.145173
0.140152
0.136861
0.139725
0.145103
0.133492
0.159033
0.161712
0.157217
0.146608
0.1465
0.142821
0.142324
0.137475
0.143611
0.137206
0.137793
0.142704
0.143243
0.14204
0.141397
0.140613
0.141796
0.146384
0.143775
0.150571
0.158994
0.147517
0.144336
0.138708
0.143772
0.149204
0.145378
0.153764
0.152334
0.149754
0.138003
0.138693
0.140861
0.141358
0.144078
0.165915
0.169335
0.162665
0.153918
0.150599
0.150875
0.148211
0.152176
0.155765
0.158038
0.179073
0.172058
0.161263
0.161198
0.159599
0.15248
0.158347
0.15545
0.158797
0.156195
0.157571
0.188769
0.174162
0.171633
0.157631
0.157927
0.154425
0.156734
0.15581
0.159446
0.159744
0.157409
0.172616
0.168007
0.159152
0.152126
0.143945
0.137966
0.135119
0.134317
0.129387
0.128711
0.121553
0.115793
0.112485
0.107577
0.104815
0.103223
0.093921
0.088102
0.088473
0.082902
0.075576
0.081927
0.077445
0.070193
0.069585
0.068623
0.063217
0.063416
0.057305
0.057334
0.055993
0.05656
0.05244
0.05271
0.051725
0.049791
0.049808
0.045077
0.04629
0.046282
0.044274
0.045474
0.044802
0.043043
0.042545
0.042287
0.043574
0.041274
0.043372
0.044323
0.040157
0.038599
0.040072
0.040316
0.044515
0.040817
0.038341
0.036888
0.043222
0.039573
0.040517
0.04099
0.040675
0.040013
0.036097
0.03931
0.038771
0.037079
0.035658
0.041134
0.040157
0.036676
0.041744
0.037401
0.037084
0.034923
0.036819
0.036031
0.035751
0.037735
0.036793
0.03516
0.03741
0.036417
0.036232
0.037163
0.03575
0.036819
0.036248
0.038034
0.036414
0.039121
0.03737
0.036673
0.036888
0.03697
0.036416
0.036979
0.03643
0.03523
0.037179
0.037507
0.039943
0.037403
0.034981
0.03569
0.037646
0.037605
0.036533
0.036831
0.037238
0.03547
0.035845
0.035835
0.038019
0.036938
0.037951
0.03821
0.036925
0.037593
0.038384
0.038115
0.038445
0.040447
0.038308
0.039014
0.040522
0.043002
0.038873
0.041171
0.041089
0.043309
0.043458
0.045948
0.046868
0.046561
0.047261
0.047663
0.052233
0.051811
0.050796
0.052856
0.054398
0.057055
0.061006
0.062135
0.059739
0.068145
0.073962
0.072813
0.07043
0.075293
0.082787
0.080056
0.081929
0.083273
0.088688
0.096442
0.0954
0.096001
0.103727
0.112776
0.112587
0.112912
0.117014
0.128184
0.126996
0.1296
0.133306
0.145505
0.142659
0.139977
0.147736
0.157711
0.158837
0.154641
0.165382
0.172989
0.164954
0.167896
0.172013
0.178458
0.174751
0.167991
0.171626
0.181299
0.175481
0.172289
0.183526
0.179241
0.176958
0.172224
0.17954
0.179532
0.174278
0.173971
0.177405
0.179179
0.173711
0.176734
0.168902
0.173929
0.175176
0.170988
0.161647
0.177569
0.168599
0.173517
0.16077
0.176734
0.181016
0.173971
0.163792
0.170068
0.169056
0.168369
0.165053
0.174227
0.174958
0.168263
0.165254
0.172989
0.177415
0.174094
0.173995
0.173892
0.174087
0.17286
0.165195
0.174595
0.178795
0.179771
0.170103
0.167916
0.173358
0.177151
0.178984
0.180643
0.191422
0.182232
0.183021
0.173548
0.182621
0.187994
0.179942
0.172951
0.192108
0.187376
0.181813
0.173799
0.170319
0.181288
0.191319
0.186016
0.173086
0.17718
0.1839
0.181047
0.172848
0.170748
0.168388
0.185689
0.182667
0.176818
0.174565
0.191099
0.187821
0.182832
0.179947
0.178687
0.181941
0.18646
0.178625
0.182192
0.178828
0.205801
0.192709
0.182267
0.186045
0.181787
0.173673
0.167753
0.185916
0.180654
0.177551
0.185002
0.217106
0.192953
0.191572
0.193333
0.183708
0.182678
0.175688
0.174414
0.181791
0.181092
0.170428
0.167242
0.184473
0.178256
0.168683
0.154903
0.173409
0.162923
0.158774
0.157239
0.16159
0.161402
0.165466
0.169457
0.15911
0.176222
0.170499
0.170386
0.16635
0.167174
0.170091
0.162317
0.155276
0.151462
0.157848
0.152194
0.182546
0.174829
0.174788
0.172244
0.167169
0.168514
0.168118
0.159415
0.174673
0.16984
0.207559
0.192483
0.188087
0.179255
0.18243
0.173679
0.177057
0.177373
0.177183
0.172843
0.173508
0.19908
0.197729
0.186342
0.186516
0.176414
0.171625
0.162851
0.171539
0.168445
0.167181
0.196644
0.184876
0.184659
0.179366
0.168916
0.170048
0.165063
0.167221
0.171729
0.178077
0.204144
0.185738
0.187739
0.180768
0.179807
0.17685
0.169025
0.163028
0.165555
0.163324
0.172834
0.175058
0.20161
0.192751
0.190815
0.183301
0.185647
0.184392
0.183617
0.186686
0.183673
0.178236
0.177604
0.181377
0.205541
0.18874
0.184743
0.189373
0.182812
0.177305
0.179705
0.188344
0.175885
0.175653
0.174313
0.172813
0.204139
0.185615
0.179222
0.17727
0.169019
0.175499
0.166552
0.171213
0.173644
0.170728
0.179983
0.169002
0.204166
0.188652
0.185502
0.181859
0.179952
0.170332
0.170254
0.177893
0.176409
0.17725
0.177224
0.200755
0.192958
0.189838
0.183807
0.184473
0.186644
0.173301
0.17553
0.184071
0.175987
0.180067
0.209428
0.195485
0.18437
0.183092
0.17682
0.177212
0.170083
0.177293
0.180824
0.185372
0.206954
0.192375
0.19402
0.179612
0.181564
0.183348
0.17727
0.187369
0.177684
0.178667
0.17715
0.209531
0.198229
0.192463
0.181425
0.18029
0.184462
0.195205
0.185501
0.216231
0.205959
0.194113
0.188904
0.18062
0.171351
0.169923
0.170202
0.170699
0.176218
0.186285
0.178666
0.178063
0.176479
0.167485
0.173224
0.171281
0.164011
0.166499
0.163058
0.170535
0.169384
0.17777
0.182576
0.176366
0.172324
0.162303
0.167979
0.166451
0.164243
0.161626
0.18744
0.172527
0.174262
0.175539
0.166578
0.170408
0.164792
0.162849
0.159182
0.15994
0.155087
0.154424
0.152748
0.154489
0.150096
0.156464
0.135826
0.138389
0.130523
0.12495
0.130677
0.124621
0.123009
0.124642
0.120188
0.123335
0.125791
0.13624
0.131851
0.129565
0.120802
0.133669
0.137771
0.128427
0.128203
0.122636
0.125799
0.123362
0.123838
0.120518
0.116842
0.128952
0.122602
0.122687
0.11794
0.130107
0.138229
0.126738
0.128222
0.124255
0.129083
0.130827
0.131757
0.125241
0.13561
0.137033
0.135749
0.133573
0.135503
0.137563
0.142721
0.140324
0.150565
0.14502
0.145353
0.145755
0.13722
0.138415
0.140181
0.141468
0.139255
0.137371
0.143422
0.139933
0.172902
0.153134
0.155145
0.154686
0.148512
0.150425
0.142141
0.148711
0.154319
0.154153
0.153533
0.156981
0.175667
0.170536
0.163793
0.160471
0.165601
0.160655
0.156367
0.163557
0.163878
0.158768
0.163992
0.160999
0.173693
0.193174
0.174598
0.170523
0.172302
0.166705
0.161038
0.16423
0.164389
0.156805
0.150891
0.156366
0.161694
0.1567
0.154816
0.168112
0.163644
0.180253
0.17227
0.172382
0.168219
0.16996
0.166397
0.16333
0.162521
0.156638
0.156024
0.152507
0.149315
0.163567
0.163331
0.149553
0.167869
0.160974
0.152083
0.141803
0.135782
0.137538
0.132297
0.129468
0.119135
0.117076
0.112895
0.110924
0.111824
0.104342
0.098721
0.103431
0.09568
0.089482
0.088326
0.084577
0.088938
0.077749
0.074525
0.072382
0.078305
0.071543
0.070951
0.068451
0.07025
0.066006
0.062
0.061416
0.060625
0.061425
0.059413
0.057154
0.056375
0.053741
0.0527
0.051016
0.051505
0.046259
0.050891
0.047072
0.045901
0.046072
0.048077
0.047641
0.049087
0.052319
0.047288
0.050335
0.049723
0.049647
0.050874
0.049571
0.0524
0.049804
0.048482
0.047214
0.049023
0.046826
0.049236
0.052198
0.050271
0.048223
0.05094
0.053755
0.050089
0.047246
0.051027
0.051969
0.04821
0.052439
0.053387
0.051593
0.05085
0.052936
0.055417
0.053593
0.049338
0.051994
0.053094
0.049105
0.048527
0.053187
0.04958
0.051176
0.047571
0.052669
0.050324
0.050455
0.05092
0.052125
0.049642
0.050094
0.049714
0.048074
0.047392
0.046767
0.048472
0.050263
0.046314
0.048801
0.045096
0.048272
0.046684
0.045779
0.045131
0.045999
0.045107
0.045488
0.044457
0.041919
0.044535
0.044703
0.043027
0.043254
0.044702
0.046328
0.045658
0.045318
0.044346
0.04527
0.04487
0.045485
0.043973
0.043548
0.044351
0.045385
0.045911
0.044868
0.047065
0.045643
0.045419
0.044758
0.044213
0.045905
0.047437
0.044964
0.04494
0.046235
0.045317
0.044345
0.046985
0.04665
0.046573
0.045067
0.044671
0.049202
0.047523
0.045454
0.04968
0.051737
0.048746
0.052166
0.054603
0.053757
0.052763
0.052859
0.055074
0.060225
0.06588
0.068483
0.068628
0.069594
0.068405
0.071399
0.072748
0.088387
0.094125
0.093047
0.090434
0.093262
0.094447
0.089901
0.095467
0.09495
0.104247
0.114883
0.115743
0.106814
0.111967
0.108688
0.109679
0.123078
0.120604
0.112594
0.115646
0.112892
0.11217
0.114056
0.121066
0.12131
0.121926
0.120224
0.123876
0.132701
0.133059
0.123171
0.132977
0.128796
0.126851
0.135752
0.137884
0.132052
0.131707
0.136338
0.133141
0.140752
0.13571
0.136741
0.150448
0.147965
0.147143
0.143338
0.153239
0.153674
0.150229
0.149125
0.159659
0.158989
0.157655
0.164632
0.165765
0.15981
0.148266
0.158187
0.15816
0.160375
0.152485
0.159945
0.154875
0.15783
0.142898
0.150974
0.154191
0.153637
0.153993
0.161366
0.154393
0.149092
0.146467
0.141773
0.142687
0.141738
0.136839
0.148403
0.14383
0.138525
0.136482
0.142496
0.149038
0.136774
0.131768
0.144425
0.136042
0.138888
0.134031
0.134826
0.135079
0.128981
0.130497
0.132328
0.135318
0.128519
0.127457
0.136941
0.135651
0.131086
0.134749
0.140854
0.139158
0.134201
0.135767
0.131984
0.127495
0.134945
0.136233
0.140036
0.143712
0.155035
0.14335
0.142735
0.13783
0.138117
0.133187
0.140864
0.139424
0.162412
0.154164
0.153692
0.151577
0.147198
0.149405
0.145589
0.153651
0.156664
0.176284
0.162876
0.154267
0.150086
0.144322
0.148738
0.149487
0.159997
0.166403
0.16186
0.151973
0.152907
0.142466
0.142563
0.161378
0.149702
0.153332
0.165747
0.168516
0.160692
0.159063
0.16121
0.154117
0.152761
0.155051
0.158745
0.162544
0.156452
0.154256
0.16672
0.149938
0.150487
0.153896
0.150903
0.147168
0.153989
0.149816
0.150774
0.150373
0.144979
0.150989
0.161355
0.159414
0.146892
0.141802
0.138629
0.13748
0.145684
0.148454
0.144947
0.171625
0.163281
0.157256
0.157717
0.153027
0.148521
0.152424
0.158397
0.155159
0.158012
0.175465
0.163369
0.158067
0.153973
0.155744
0.143282
0.147607
0.149848
0.151951
0.1455
0.155015
0.159346
0.160857
0.152677
0.15601
0.147677
0.147509
0.162783
0.151723
0.154907
0.152872
0.149437
0.160608
0.155487
0.150791
0.145515
0.154159
0.146812
0.146226
0.137807
0.151853
0.149434
0.16179
0.151781
0.148998
0.145045
0.146538
0.141929
0.148956
0.148062
0.14919
0.150971
0.149045
0.166785
0.167556
0.166986
0.159778
0.152465
0.152002
0.149939
0.161344
0.153513
0.177595
0.164573
0.160351
0.151364
0.146226
0.143924
0.13183
0.137581
0.134179
0.133043
0.13446
0.149329
0.14077
0.137817
0.131664
0.131272
0.126786
0.122063
0.119968
0.123387
0.118142
0.122869
0.128501
0.128446
0.142829
0.140194
0.138076
0.135769
0.131456
0.129308
0.121669
0.133361
0.131705
0.130303
0.155703
0.145171
0.140925
0.13968
0.136388
0.126956
0.125423
0.127154
0.132059
0.13157
0.131606
0.132506
0.142791
0.143164
0.138999
0.135838
0.13525
0.136312
0.142258
0.140188
0.136843
0.147097
0.14858
0.144134
0.145588
0.136715
0.131739
0.13834
0.132759
0.129918
0.123186
0.124983
0.12687
0.128727
0.159972
0.139324
0.130514
0.131367
0.126587
0.131739
0.134496
0.137169
0.129652
0.134176
0.140248
0.158178
0.152003
0.149726
0.14592
0.138667
0.141266
0.146978
0.14369
0.160419
0.155112
0.147449
0.142039
0.139939
0.141743
0.1389
0.137954
0.132247
0.156192
0.152183
0.14236
0.143914
0.137089
0.133257
0.135607
0.124992
0.127242
0.131948
0.14824
0.141877
0.134693
0.126583
0.121712
0.122245
0.12774
0.12476
0.126275
0.138219
0.133982
0.125581
0.123508
0.117958
0.123382
0.121499
0.124948
0.128939
0.143906
0.134218
0.13489
0.129778
0.127106
0.12571
0.126065
0.136164
0.130623
0.1243
0.144592
0.135203
0.134366
0.144902
0.147493
0.138445
0.137766
0.136221
0.145283
0.148937
0.138891
0.134019
0.148512
0.144203
0.138251
0.133666
0.13997
0.142351
0.136872
0.14366
0.145106
0.141591
0.139214
0.153259
0.15317
0.14413
0.144992
0.143437
0.147595
0.143949
0.145156
0.137032
0.141465
0.138462
0.134315
0.142203
0.141008
0.144786
0.158194
0.148326
0.150532
0.155714
0.157128
0.150085
0.145926
0.14721
0.144026
0.141423
0.140244
0.144334
0.147663
0.141883
0.139786
0.136344
0.138534
0.135396
0.130888
0.125578
0.118103
0.124559
0.117369
0.124278
0.12115
0.131097
0.125581
0.119919
0.117401
0.116976
0.114696
0.11213
0.116289
0.124184
0.118909
0.121499
0.123523
0.147173
0.142456
0.139023
0.138392
0.133357
0.12863
0.130263
0.131762
0.132934
0.137056
0.132651
0.163567
0.164535
0.158981
0.15943
0.159468
0.159178
0.15203
0.156307
0.15881
0.163248
0.164325
0.163058
0.191811
0.183039
0.174649
0.17976
0.172343
0.17632
0.175449
0.177612
0.189525
0.194944
0.215528
0.215014
0.203384
0.204979
0.197357
0.186698
0.186482
0.178165
0.179177
0.190217
0.195814
0.199633
0.23391
0.208782
0.199533
0.204262
0.199965
0.197165
0.197327
0.209344
0.200597
0.19625
0.201067
0.200921
0.22715
0.214081
0.209889
0.21248
0.196596
0.202429
0.201239
0.182914
0.179097
0.18684
0.192237
0.186416
0.188219
0.20615
0.20253
0.199247
0.192531
0.187485
0.184211
0.187356
0.193199
0.184871
0.172943
0.181859
0.180491
0.185627
0.202799
0.204264
0.194989
0.199601
0.188754
0.187984
0.186664
0.170396
0.177449
0.176913
0.188829
0.188787
0.216517
0.206079
0.205038
0.198242
0.192879
0.190346
0.183563
0.176026
0.170853
0.168013
0.175968
0.173464
0.17889
0.168704
0.173048
0.209539
0.180707
0.172198
0.177174
0.168056
0.164677
0.157478
0.167216
0.168344
0.164016
0.157362
0.16484
0.192772
0.181471
0.18244
0.179196
0.164709
0.159766
0.153295
0.167741
0.165205
0.170747
0.193164
0.186169
0.171415
0.172669
0.170002
0.165475
0.162522
0.166438
0.168053
0.156229
0.17163
0.170508
0.19106
0.184683
0.181272
0.178618
0.174153
0.167851
0.1593
0.167141
0.169978
0.165661
0.162557
0.176993
0.172085
0.173524
0.172128
0.160685
0.167936
0.169486
0.168683
0.169013
0.170266
0.1817
0.176263
0.170763
0.166538
0.162631
0.16763
0.16753
0.163343
0.161627
0.167817
0.185209
0.175834
0.171962
0.169702
0.159916
0.165336
0.160411
0.165594
0.154141
0.159852
0.166619
0.174313
0.178509
0.172261
0.159644
0.160033
0.161568
0.162989
0.153556
0.149448
0.15583
0.152936
0.149923
0.167971
0.152843
0.150714
0.148065
0.14219
0.147862
0.147528
0.141922
0.150213
0.158136
0.15775
0.153531
0.150324
0.144463
0.148661
0.153935
0.147444
0.163493
0.166868
0.16233
0.151669
0.149207
0.14654
0.142929
0.140275
0.152663
0.15048
0.166576
0.161957
0.15972
0.159302
0.147001
0.147927
0.149718
0.149291
0.153193
0.151657
0.16724
0.156666
0.155885
0.154715
0.15391
0.147955
0.148737
0.153471
0.152322
0.168234
0.164157
0.167477
0.159643
0.159192
0.143301
0.145098
0.156847
0.15304
0.156072
0.171142
0.16455
0.163752
0.157962
0.15883
0.155837
0.155809
0.161582
0.153857
0.151812
0.170363
0.165299
0.159696
0.158813
0.160589
0.15279
0.148133
0.153473
0.151489
0.15729
0.172904
0.166012
0.162306
0.167306
0.160443
0.154884
0.149311
0.153006
0.155714
0.15622
0.172742
0.173671
0.170308
0.156826
0.160504
0.158998
0.156946
0.155204
0.158605
0.153149
0.155709
0.151039
0.173925
0.168961
0.168967
0.156491
0.159696
0.154174
0.145244
0.15209
0.159267
0.148907
0.149187
0.14343
0.171592
0.165468
0.158044
0.153082
0.159779
0.152801
0.145552
0.14442
0.15147
0.145053
0.151948
0.147955
0.169393
0.15564
0.162376
0.153224
0.149975
0.149253
0.151831
0.157761
0.147197
0.148251
0.147357
0.143854
0.146209
0.17292
0.165601
0.164207
0.155568
0.15021
0.151226
0.150223
0.139522
0.14531
0.146993
0.136795
0.153165
0.175011
0.160086
0.153302
0.146708
0.147371
0.146048
0.139723
0.142201
0.144258
0.144932
0.146414
0.160579
0.160218
0.160501
0.155159
0.152313
0.155238
0.154546
0.151284
0.146656
0.15316
0.159215
0.155813
0.150827
0.176614
0.169335
0.165611
0.161244
0.159873
0.157677
0.153156
0.146122
0.15205
0.156829
0.155246
0.155778
0.155813
0.154008
0.184627
0.164197
0.158801
0.15835
0.15909
0.156634
0.157934
0.15589
0.146767
0.153218
0.154654
0.154549
0.151305
0.15026
0.183886
0.161145
0.160947
0.161007
0.152992
0.150542
0.151125
0.14839
0.157893
0.154931
0.152541
0.148646
0.151395
0.184435
0.163762
0.165903
0.158936
0.15816
0.153736
0.149174
0.148501
0.144901
0.152839
0.14872
0.151365
0.15007
0.143846
0.16829
0.15897
0.157583
0.155868
0.149558
0.147573
0.144152
0.137933
0.148162
0.152816
0.147932
0.151922
0.15363
0.151193
0.178644
0.177209
0.168633
0.172367
0.17242
0.17175
0.158629
0.157381
0.168305
0.168713
0.158178
0.170966
0.165959
0.195359
0.181084
0.178423
0.175577
0.172316
0.168404
0.166985
0.172667
0.170852
0.17463
0.167481
0.176187
0.176079
0.171865
0.208903
0.189764
0.183137
0.180524
0.168772
0.169869
0.169252
0.171435
0.173453
0.166129
0.165634
0.165787
0.16094
0.200324
0.182799
0.172739
0.178029
0.174781
0.170665
0.162482
0.166558
0.163463
0.168668
0.165849
0.161187
0.162115
0.199286
0.171292
0.175577
0.169858
0.171507
0.168725
0.165668
0.165128
0.167165
0.170373
0.160437
0.173282
0.171748
0.164976
0.189368
0.177128
0.180529
0.17755
0.175064
0.163386
0.168789
0.162305
0.17123
0.170379
0.161966
0.167513
0.16506
0.168976
0.174202
0.196291
0.187491
0.183627
0.185323
0.180209
0.178626
0.166804
0.167344
0.164273
0.169951
0.174672
0.167641
0.174479
0.178216
0.17519
0.195379
0.187299
0.181123
0.174683
0.175569
0.17392
0.16703
0.172741
0.17284
0.171618
0.168562
0.16972
0.169684
0.176362
0.174142
0.164394
0.169174
0.162102
0.182716
0.171105
0.177412
0.169467
0.168169
0.168936
0.169957
0.164493
0.171883
0.167117
0.166996
0.165814
0.186804
0.178211
0.165696
0.169099
0.170072
0.174984
0.171602
0.166332
0.164349
0.181676
0.176304
0.169138
0.168319
0.162349
0.164027
0.173374
0.17121
0.17442
0.164835
0.180897
0.179677
0.181819
0.168683
0.170353
0.170929
0.168799
0.177199
0.177492
0.176625
0.172614
0.165102
0.185496
0.180621
0.173425
0.1679
0.16839
0.165067
0.176307
0.172876
0.172918
0.170129
0.164221
0.157663
0.160252
0.17689
0.169227
0.163839
0.158135
0.158402
0.183545
0.168163
0.162008
0.157982
0.153218
0.163844
0.153839
0.155592
0.149036
0.146042
0.142281
0.144588
0.151542
0.149039
0.151415
0.164372
0.161072
0.15546
0.154051
0.152142
0.145742
0.149885
0.144903
0.147563
0.147352
0.15441
0.155518
0.151128
0.148406
0.178364
0.169945
0.166967
0.164242
0.157402
0.157366
0.153687
0.15251
0.150345
0.154708
0.162604
0.155425
0.165067
0.160305
0.161289
0.182476
0.171409
0.169837
0.164481
0.165106
0.166867
0.159034
0.152409
0.14846
0.156966
0.15671
0.150479
0.154568
0.151148
0.152289
0.149439
0.1541
0.156624
0.154109
0.153585
0.146516
0.151067
0.173237
0.161941
0.15348
0.15266
0.153046
0.153792
0.144825
0.148338
0.16073
0.161383
0.154498
0.150831
0.153583
0.170772
0.155398
0.155935
0.149286
0.155263
0.154525
0.152278
0.162626
0.160098
0.16072
0.155201
0.154176
0.153955
0.168402
0.161176
0.159119
0.153235
0.153417
0.146728
0.1663
0.16273
0.154594
0.154954
0.152255
0.161527
0.16617
0.166664
0.15931
0.153951
0.162798
0.159425
0.160541
0.166704
0.164977
0.162747
0.160179
0.164614
0.177414
0.168229
0.171573
0.172398
0.167761
0.165125
0.166904
0.166379
0.171567
0.166229
0.1638
0.166946
0.171225
0.181071
0.175747
0.176839
0.171548
0.167601
0.163608
0.164592
0.174021
0.171503
0.1709
0.171327
0.170254
0.160561
0.187067
0.176293
0.175911
0.165806
0.167311
0.190951
0.178924
0.17803
0.175417
0.172528
0.169201
0.167393
0.17981
0.177808
0.175575
0.17384
0.168017
0.165036
0.183579
0.173596
0.172336
0.170223
0.167888
0.165036
0.160382
0.173375
0.174362
0.169794
0.170507
0.168817
0.161707
0.174059
0.176224
0.174331
0.177065
0.166407
0.169886
0.170495
0.165158
0.170297
0.168785
0.171819
0.16908
0.164145
0.182028
0.173304
0.174396
0.166945
0.164754
0.160019
0.179042
0.174717
0.169906
0.165499
0.162472
0.182923
0.166433
0.169821
0.16586
0.165568
0.161713
0.161408
0.176954
0.165315
0.165081
0.165036
0.166774
0.184911
0.180397
0.17397
0.173449
0.169622
0.165
0.15831
0.164739
0.169117
0.17348
0.171135
0.15927
0.164174
0.161925
0.157797
0.167031
0.170299
0.166739
0.159885
0.150592
0.157127
0.156673
0.168878
0.158951
0.154961
0.1517
0.150348
0.151504
0.149133
0.155062
0.158905
0.153892
0.155316
0.152369
0.153892
0.15094
0.147465
0.157371
0.156904
0.154438
0.154755
0.156211
0.149769
0.147914
0.160052
0.161133
0.153378
0.152638
0.151658
0.155689
0.14976
0.145945
0.155812
0.155275
0.149036
0.145584
0.151604
0.147896
0.146895
0.156337
0.145488
0.142277
0.140211
0.13677
0.14068
0.133973
0.146521
0.136352
0.137119
0.130092
0.118999
0.111356
0.121592
0.113339
0.115743
0.115415
0.115611
0.113327
0.123101
0.122089
0.121449
0.116648
0.117088
0.131049
0.121534
0.115384
0.116593
0.109813
0.107986
0.111762
0.109482
0.105092
0.099938
0.103349
0.099337
0.105598
0.106323
0.098077
0.101571
0.095038
0.101641
0.100512
0.095866
0.093914
0.092669
0.09272
0.087699
0.092601
0.095186
0.092437
0.086685
0.086034
0.088049
0.085293
0.085962
0.089103
0.086243
0.084143
0.08114
0.079879
0.080055
0.078551
0.078492
0.073813
0.071854
0.066295
0.067913
0.065909
0.069332
0.062152
0.063453
0.058482
0.059248
0.05774
0.056133
0.056338
0.049904
0.04947
0.053119
0.045818
0.044703
0.047847
0.047101
0.04664
0.047398
0.049996
0.046975
0.045277
0.04588
0.046758
0.046389
0.047106
0.048404
0.048723
0.04665
0.048015
0.0543
0.049198
0.046191
0.045596
0.043615
0.04837
0.046847
0.048936
0.046581
0.047763
0.045785
0.049105
0.055439
0.050157
0.0487
0.050087
0.046943
0.043851
0.045214
0.046006
0.044979
0.04662
0.0447
0.045123
0.05286
0.04818
0.047965
0.049652
0.046969
0.044545
0.044574
0.044414
0.045594
0.047028
0.045274
0.044393
0.046619
0.046051
0.04686
0.046717
0.042671
0.045972
0.048714
0.046135
0.046542
0.046416
0.047126
0.044437
0.044158
0.0453
0.046377
0.046538
0.047093
0.044974
0.044792
0.047922
0.045858
0.042559
0.046508
0.045925
0.043435
0.046607
0.045137
0.045105
0.044704
0.044326
0.044119
0.044114
0.046874
0.047598
0.047721
0.046392
0.05259
0.0496
0.052344
0.050165
0.045446
0.045521
0.045381
0.044388
0.045061
0.04568
0.045381
0.044406
0.043341
0.040163
0.043426
0.043863
0.045012
0.048516
0.045425
0.044743
0.043896
0.045192
0.041663
0.045433
0.041649
0.046272
0.045737
0.045254
0.045257
0.041578
0.048741
0.046399
0.044102
0.044972
0.04154
0.042756
0.043897
0.043514
0.04152
0.043466
0.04434
0.045157
0.045903
0.048474
0.046678
0.042714
0.044142
0.042394
0.045081
0.041706
0.042755
0.043252
0.046212
0.044872
0.043114
0.045167
0.046112
0.048059
0.046353
0.045592
0.047509
0.044918
0.046628
0.047068
0.049894
0.046498
0.046294
0.045026
0.052054
0.050395
0.049184
0.049
0.04867
0.046258
0.047653
0.049997
0.04922
0.046485
0.046412
0.051065
0.050372
0.050292
0.050901
0.05041
0.053472
0.052778
0.051642
0.054043
0.053016
0.052575
0.057071
0.055164
0.0564
0.060022
0.059517
0.057111
0.055522
0.057968
0.0587
0.056716
0.055748
0.057163
0.056942
0.057803
0.057123
0.062212
0.06405
0.06441
0.059714
0.062069
0.064243
0.066433
0.065555
0.067309
0.067386
0.065171
0.062698
0.074702
0.069638
0.07043
0.073329
0.070537
0.070602
0.071453
0.072771
0.074978
0.076589
0.076303
0.075995
0.072366
0.075082
0.078669
0.076577
0.080349
0.077224
0.077461
0.077994
0.081158
0.078618
0.079243
0.08081
0.082397
0.078924
0.078205
0.080727
0.080646
0.082613
0.081868
0.080848
0.083562
0.090075
0.089196
0.090131
0.089575
0.08882
0.087383
0.098991
0.097954
0.098975
0.109774
0.111924
0.111922
0.110076
0.108838
0.109897
0.110612
0.112078
0.110316
0.111388
0.111713
0.114359
0.118267
0.114162
0.128657
0.120463
0.122119
0.124685
0.123079
0.125631
0.125305
0.122462
0.124238
0.121953
0.130772
0.136601
0.13287
0.128096
0.129777
0.130695
0.132168
0.135202
0.139755
0.132493
0.132146
0.132767
0.137713
0.137663
0.142144
0.15029
0.145218
0.143358
0.142936
0.145969
0.142329
0.141304
0.153496
0.145779
0.144906
0.151298
0.150587
0.151314
0.144659
0.146406
0.14995
0.150927
0.15412
0.15
0.155091
0.157472
0.152695
0.148477
0.159701
0.161811
0.159418
0.158561
0.158453
0.155549
0.155628
0.15648
0.163599
0.161424
0.16455
0.159038
0.162665
0.15553
0.158757
0.166091
0.169711
0.16705
0.169805
0.163321
0.161994
0.158733
0.156511
0.159451
0.165492
0.160985
0.158361
0.154498
0.152928
0.170346
0.161093
0.157698
0.153905
0.153838
0.178316
0.167551
0.169524
0.167781
0.164665
0.159013
0.152253
0.155475
0.161427
0.15932
0.156721
0.157562
0.163241
0.153254
0.174843
0.169307
0.161002
0.158511
0.154843
0.15696
0.162806
0.16808
0.167836
0.165954
0.164844
0.1622
0.163495
0.160471
0.170294
0.169042
0.168645
0.16299
0.163067
0.166444
0.157453
0.170092
0.16177
0.162054
0.159118
0.150118
0.146195
0.15686
0.14968
0.149765
0.147045
0.144172
0.13854
0.157013
0.148457
0.148335
0.146087
0.141058
0.138678
0.139429
0.14301
0.145881
0.143383
0.14034
0.13645
0.14819
0.149042
0.146599
0.137297
0.136941
0.135456
0.133807
0.136039
0.146526
0.141323
0.137869
0.142593
0.14046
0.144218
0.174548
0.160093
0.160673
0.157949
0.145481
0.141636
0.146092
0.147381
0.152259
0.155987
0.155992
0.154646
0.148713
0.167112
0.16245
0.159264
0.155991
0.15849
0.158178
0.15202
0.155601
0.161921
0.16049
0.157424
0.153123
0.177196
0.163965
0.158602
0.154945
0.154878
0.145745
0.144194
0.154775
0.15206
0.153512
0.155084
0.151345
0.169171
0.162369
0.161964
0.15377
0.155346
0.148195
0.148955
0.150762
0.155207
0.155707
0.153132
0.148212
0.150695
0.167737
0.153996
0.154227
0.153259
0.14995
0.148065
0.140993
0.159152
0.147284
0.144917
0.137028
0.137298
0.146343
0.161368
0.147874
0.140174
0.14193
0.135656
0.137499
0.154451
0.143552
0.141541
0.141732
0.137668
0.129033
0.147178
0.142775
0.139384
0.139224
0.133637
0.135066
0.148889
0.13993
0.144139
0.134947
0.132494
0.132699
0.137806
0.142284
0.139893
0.14422
0.141887
0.14012
0.141122
0.148617
0.146897
0.151612
0.148878
0.144219
0.146259
0.159336
0.150925
0.14548
0.149119
0.146417
0.14344
0.159591
0.16118
0.155692
0.15989
0.152796
0.154613
0.169324
0.164841
0.16477
0.159125
0.161844
0.15431
0.174517
0.174446
0.177204
0.163735
0.166974
0.164929
0.178208
0.176205
0.168964
0.167406
0.161612
0.15916
0.175547
0.176215
0.171364
0.166763
0.163305
0.165405
0.161345
0.177903
0.177074
0.171057
0.174342
0.17178
0.177895
0.19343
0.1848
0.182835
0.175369
0.170195
0.165899
0.187011
0.171222
0.175545
0.171641
0.168812
0.15902
0.176318
0.173133
0.174331
0.177687
0.163086
0.163933
0.182029
0.174481
0.175639
0.174479
0.174322
0.171907
0.190111
0.184694
0.181161
0.176278
0.171643
0.164347
0.186761
0.178112
0.172048
0.173833
0.170793
0.174553
0.202752
0.188295
0.185221
0.185476
0.180543
0.181478
0.176351
0.171699
0.171524
0.172905
0.163819
0.163373
0.167561
0.197879
0.183086
0.181766
0.180126
0.176873
0.172705
0.172639
0.169379
0.17605
0.176571
0.175505
0.175158
0.189647
0.216931
0.19801
0.199897
0.19699
0.197962
0.190274
0.189696
0.190225
0.184774
0.175623
0.180766
0.179409
0.180839
0.181207
0.184057
0.176158
0.177183
0.174297
0.203139
0.191733
0.190346
0.183641
0.183339
0.181105
0.176893
0.174444
0.188711
0.185537
0.182257
0.174075
0.179816
0.180793
0.174746
0.186025
0.17921
0.17657
0.166775
0.165204
0.197459
0.18227
0.175908
0.171684
0.168333
0.183947
0.181098
0.177213
0.173631
0.171212
0.16495
0.163536
0.171961
0.174839
0.171024
0.173768
0.172666
0.172656
0.182336
0.183719
0.17742
0.178706
0.169289
0.195936
0.188946
0.189589
0.187333
0.183492
0.195703
0.191821
0.192267
0.186219
0.188912
0.182918
0.2023
0.195696
0.191304
0.184395
0.182243
0.197809
0.19899
0.197816
0.194251
0.192896
0.179491
0.203979
0.190187
0.192378
0.190764
0.188135
0.184384
0.207277
0.19448
0.19502
0.184102
0.182872
0.20222
0.194134
0.182536
0.192258
0.182472
0.187871
0.188872
0.184333
0.182647
0.189362
0.188303
0.183385
0.187822
0.184248
0.177927
0.18934
0.19248
0.185338
0.172732
0.190144
0.18721
0.178163
0.179575
0.173972
0.185391
0.180971
0.183661
0.181185
0.190133
0.189493
0.183535
0.179897
0.169474
0.181892
0.175728
0.17183
0.171823
0.168157
0.165669
0.179242
0.168083
0.166545
0.183445
0.1776
0.174914
0.175589
0.172376
0.164792
0.169817
0.166178
0.161149
0.163412
0.188004
0.174318
0.175595
0.165608
0.165553
0.154901
0.151507
0.152208
0.156233
0.154834
0.156341
0.173206
0.167842
0.154693
0.158801
0.154173
0.153409
0.146522
0.14879
0.150227
0.151529
0.178576
0.160907
0.163703
0.162243
0.152554
0.153644
0.14797
0.146585
0.144049
0.162447
0.148325
0.150659
0.143254
0.147868
0.165938
0.164021
0.158179
0.158925
0.152215
0.147834
0.150739
0.156034
0.155267
0.149294
0.143357
0.143371
0.142661
0.147502
0.144127
0.158124
0.150631
0.145485
0.137881
0.140884
0.145428
0.138364
0.139404
0.138545
0.139827
0.160221
0.14699
0.147126
0.142099
0.141365
0.143796
0.145997
0.13782
0.135485
0.143546
0.146638
0.142078
0.133538
0.149483
0.14467
0.137735
0.133161
0.132732
0.134909
0.128814
0.124273
0.124689
0.124589
0.140165
0.131843
0.128517
0.122337
0.114313
0.11472
0.120791
0.113102
0.113875
0.115376
0.13286
0.120949
0.12029
0.113505
0.108763
0.105954
0.106301
0.106669
0.104793
0.103382
0.100947
0.097504
0.092229
0.090364
0.092281
0.094435
0.096208
0.0912
0.089063
0.096439
0.093692
0.092284
0.090607
0.086294
0.085964
0.091207
0.089913
0.087521
0.087197
0.090862
0.087681
0.098046
0.094603
0.091626
0.090559
0.089858
0.090842
0.091597
0.089799
0.090726
0.097853
0.093794
0.088552
0.093636
0.09552
0.090693
0.089474
0.089281
0.090676
0.085556
0.085281
0.090795
0.101469
0.104405
0.100488
0.103555
0.096374
0.107238
0.110681
0.113285
0.122324
0.117819
0.117738
0.114097
0.114706
0.11648
0.116601
0.116965
0.105555
0.116777
0.110581
0.106938
0.109875
0.108583
0.112564
0.111493
0.110467
0.130014
0.134559
0.133394
0.125772
0.124267
0.129985
0.146667
0.16215
0.158141
0.155025
0.152509
0.153296
0.148107
0.147592
0.161158
0.152606
0.167645
0.167657
0.167819
0.16374
0.160547
0.160685
0.157602
0.163752
0.169301
0.162211
0.162059
0.156461
0.179956
0.178592
0.17151
0.171412
0.16939
0.162025
0.157212
0.17212
0.172144
0.165681
0.167099
0.165007
0.183077
0.17744
0.173039
0.170808
0.163869
0.169891
0.168406
0.166141
0.17214
0.176246
0.173057
0.169241
0.174417
0.163684
0.187686
0.17643
0.180709
0.169593
0.166414
0.167147
0.164762
0.165751
0.171734
0.173531
0.173618
0.173102
0.171447
0.173441
0.165015
0.174034
0.177561
0.174404
0.166993
0.173945
0.171063
0.17187
0.169624
0.175654
0.17546
0.181486
0.181121
0.18736
0.181465
0.180826
0.185045
0.177214
0.191507
0.199332
0.187861
0.191499
0.18355
0.179762
0.182153
0.186095
0.180668
0.184294
0.189384
0.185553
0.195196
0.188751
0.185633
0.184999
0.177968
0.17804
0.18528
0.187058
0.183378
0.187905
0.183874
0.178573
0.180721
0.181377
0.172805
0.17924
0.184815
0.179366
0.184136
0.18405
0.181491
0.174037
0.177135
0.188113
0.194111
0.182543
0.178725
0.180012
0.183839
0.174536
0.177252
0.175461
0.182334
0.184479
0.190331
0.186075
0.184133
0.180281
0.181446
0.177544
0.186764
0.188856
0.194531
0.190979
0.193496
0.189271
0.190132
0.181797
0.183142
0.189455
0.197772
0.196633
0.198531
0.19469
0.192696
0.188104
0.182787
0.185277
0.193392
0.196651
0.19281
0.190711
0.190676
0.191807
0.181061
0.181161
0.181829
0.183164
0.186547
0.187982
0.192144
0.183962
0.181246
0.193532
0.181649
0.181304
0.181507
0.182483
0.191359
0.193182
0.191394
0.189901
0.180047
0.180689
0.185342
0.182097
0.175941
0.177302
0.176048
0.185792
0.188251
0.18902
0.184392
0.188231
0.18495
0.18403
0.183613
0.178518
0.176939
0.180977
0.175642
0.176496
0.190717
0.185655
0.187554
0.189166
0.188278
0.177032
0.18521
0.18578
0.184319
0.184844
0.185778
0.179689
0.174717
0.176527
0.179773
0.174084
0.171286
0.171306
0.190592
0.194593
0.189147
0.189359
0.183452
0.188832
0.183669
0.18036
0.18234
0.181868
0.182829
0.185093
0.181177
0.178503
0.185492
0.186696
0.185192
0.17822
0.175904
0.172416
0.177867
0.178576
0.180257
0.176736
0.180539
0.174334
0.177145
0.177688
0.177042
0.177698
0.173981
0.173429
0.170337
0.175264
0.193368
0.189736
0.192766
0.194248
0.190719
0.187783
0.190712
0.188155
0.19082
0.190998
0.189461
0.191693
0.192753
0.195906
0.198716
0.200463
0.195211
0.200359
0.198052
0.195504
0.196554
0.199806
0.203613
0.201373
0.19622
0.19919
0.200433
0.203518
0.199206
0.20239
0.199853
0.193809
0.202494
0.201034
0.198127
0.192514
0.196691
0.199233
0.196157
0.194948
0.196801
0.197884
0.198769
0.196572
0.194752
0.199501
0.195034
0.201541
0.20049
0.199759
0.194171
0.199329
0.198941
0.196907
0.197833
0.191413
0.197846
0.194838
0.19526
0.196723
0.191179
0.186328
0.197883
0.197521
0.197813
0.194296
0.199471
0.197248
0.19697
0.191972
0.195227
0.195481
0.196557
0.196362
0.193592
0.199763
0.201034
0.197186
0.197178
0.197607
0.194266
0.197781
0.192371
0.192052
0.195579
0.192745
0.193505
0.196575
0.196617
0.195377
0.194846
0.193106
0.193961
0.199487
0.192715
0.187265
0.196557
0.192954
0.195436
0.191054
0.192676
0.190543
0.193949
0.193838
0.193233
0.192676
0.193885
0.188257
0.195567
0.195463
0.196523
0.197487
0.195328
0.20041
0.199956
0.195975
0.194265
0.200234
0.197335
0.194331
0.19951
0.197345
0.201294
0.205702
0.204891
0.20232
0.202751
0.204115
0.203393
0.199133
0.201761
0.200492
0.201773
0.195474
0.197262
0.202596
0.20133
0.198414
0.202368
0.200297
0.198975
0.200503
0.203619
0.203819
0.203012
0.204552
0.202206
0.192872
0.203202
0.197172
0.200887
0.205962
0.197768
0.197789
0.198356
0.198802
0.203385
0.202544
0.20146
0.199705
0.202619
0.200079
0.198394
0.198545
0.202309
0.202136
0.19469
0.194407
0.197585
0.201824
0.191914
0.201995
0.198765
0.197986
0.194555
0.199317
0.196877
0.198288
0.194729
0.203287
0.201372
0.199488
0.191142
0.187945
0.191075
0.189228
0.185997
0.190474
0.187082
0.188772
0.192731
0.191195
0.189884
0.186688
0.188005
0.189498
0.188221
0.188492
0.188393
0.188342
0.18831
0.187287
0.18532
0.188661
0.187278
0.184781
0.184378
0.182404
0.174466
0.174314
0.172666
0.17219
0.177756
0.172525
0.173519
0.171583
0.166578
0.173073
0.168936
0.168254
0.167743
0.167684
0.169109
0.164323
0.163526
0.161234
0.157939
0.156106
0.144333
0.147307
0.144537
0.141035
0.138011
0.143448
0.147038
0.144289
0.13969
0.136005
0.133908
0.13315
0.134654
0.131572
0.125887
0.126322
0.127843
0.126003
0.12091
0.118589
0.123193
0.127086
0.127963
0.128413
0.126026
0.123771
0.124627
0.12366
0.123036
0.120307
0.120531
0.120348
0.119158
0.130939
0.129838
0.130641
0.131033
0.126612
0.130652
0.126108
0.13572
0.13623
0.137616
0.139227
0.138827
0.141229
0.150102
0.154012
0.150154
0.155427
0.167896
0.173357
0.172209
0.173995
0.17525
0.175814
0.173834
0.172622
0.179644
0.185051
0.180929
0.178506
0.180405
0.200412
0.183785
0.184915
0.18105
0.180941
0.178321
0.172766
0.176791
0.17913
0.180288
0.177379
0.17637
0.174068
0.198039
0.182638
0.180301
0.177713
0.170462
0.189829
0.187836
0.182428
0.183482
0.179765
0.190647
0.182633
0.181823
0.176348
0.188455
0.185952
0.187472
0.177327
0.178189
0.173058
0.18237
0.181913
0.173262
0.178924
0.17826
0.197386
0.188626
0.186129
0.18084
0.179193
0.173265
0.185718
0.182654
0.179108
0.18038
0.181126
0.181388
0.193657
0.183059
0.183736
0.180833
0.178216
0.194197
0.182527
0.178005
0.175976
0.178066
0.173777
0.183907
0.181552
0.178081
0.178351
0.171344
0.163274
0.185546
0.186971
0.175369
0.174656
0.17081
0.16574
0.162499
0.174868
0.164646
0.166691
0.160291
0.169097
0.184961
0.169377
0.169114
0.167725
0.16107
0.162784
0.152297
0.158124
0.167964
0.164734
0.165279
0.159242
0.15642
0.159871
0.17901
0.164962
0.155253
0.162831
0.15977
0.157851
0.159774
0.157853
0.155795
0.16276
0.155174
0.163013
0.165037
0.164945
0.170136
0.169103
0.172492
0.169774
0.170951
0.168797
0.162774
0.165082
0.164575
0.190043
0.184675
0.18539
0.193765
0.187033
0.189649
0.188381
0.189741
0.187655
0.192353
0.188367
0.197011
0.193933
0.195501
0.19746
0.193463
0.185132
0.180755
0.180933
0.181381
0.178653
0.180065
0.195431
0.198744
0.191431
0.191231
0.181571
0.183157
0.199854
0.199464
0.192989
0.192957
0.191613
0.194518
0.184403
0.185414
0.185727
0.17355
0.180633
0.189292
0.189352
0.186057
0.181836
0.179624
0.180949
0.194778
0.190141
0.18635
0.180299
0.17785
0.17505
0.179409
0.177051
0.17192
0.169489
0.167444
0.173212
0.173588
0.169734
0.160526
0.154956
0.174738
0.159983
0.149433
0.141599
0.140129
0.138518
0.134445
0.135372
0.129211
0.140219
0.132826
0.120789
0.128024
0.120334
0.120138
0.114301
0.114637
0.121778
0.118719
0.11954
0.114872
0.115986
0.136563
0.126385
0.122543
0.116739
0.113065
0.110534
0.11225
0.109207
0.110348
0.112834
0.122942
0.120119
0.123513
0.124098
0.119213
0.11264
0.112006
0.120912
0.123133
0.121785
0.136069
0.127988
0.133508
0.123785
0.126228
0.123732
0.122154
0.114106
0.121223
0.123533
0.125349
0.130553
0.130054
0.129621
0.147297
0.137056
0.13598
0.134964
0.132274
0.133591
0.1369
0.1346
0.131562
0.142231
0.13697
0.136176
0.139525
0.13672
0.136441
0.139132
0.140059
0.136841
0.140707
0.138096
0.14219
0.14332
0.142972
0.155464
0.154294
0.148462
0.149407
0.147917
0.141682
0.143414
0.150281
0.148237
0.15492
0.147585
0.151171
0.149835
0.149083
0.147217
0.146742
0.151909
0.156438
0.15944
0.150831
0.159552
0.154132
0.156829
0.158355
0.155172
0.157497
0.154848
0.15691
0.16416
0.168403
0.169452
0.168279
0.165565
0.166167
0.167497
0.165125
0.171537
0.170167
0.165186
0.161602
0.165097
0.179895
0.175269
0.173791
0.173696
0.174058
0.172434
0.175366
0.176204
0.172906
0.175183
0.168561
0.173608
0.16842
0.166452
0.176799
0.183322
0.177236
0.179029
0.182735
0.174361
0.170674
0.177247
0.176777
0.171367
0.163322
0.174505
0.168472
0.162217
0.164111
0.156662
0.16369
0.167271
0.168818
0.167908
0.170762
0.168254
0.167534
0.165292
0.165188
0.16152
0.163589
0.159775
0.161255
0.159933
0.148212
0.155831
0.15415
0.164355
0.163388
0.162781
0.155835
0.159896
0.155617
0.158369
0.159911
0.161509
0.15733
0.162069
0.159303
0.157701
0.158008
0.162183
0.159627
0.158367
0.162076
0.161475
0.169734
0.158374
0.163983
0.157557
0.165197
0.163729
0.155639
0.161208
0.162396
0.155485
0.157951
0.162908
0.163503
0.162679
0.165958
0.167343
0.171933
0.167033
0.16483
0.168051
0.170198
0.171483
0.18977
0.185428
0.180626
0.1806
0.185405
0.184642
0.180325
0.17551
0.174834
0.174164
0.170028
0.170746
0.166527
0.170237
0.163937
0.164885
0.16539
0.164814
0.16296
0.16528
0.161394
0.167115
0.165725
0.156338
0.156639
0.162411
0.160624
0.16083
0.152346
0.156934
0.156537
0.156194
0.157564
0.157677
0.163324
0.171079
0.175441
0.16949
0.172798
0.164233
0.170617
0.17061
0.17058
0.168631
0.166409
0.170853
0.166007
0.168755
0.159477
0.162381
0.161684
0.159073
0.162769
0.158929
0.159386
0.155909
0.156419
0.158578
0.156226
0.154447
0.156949
0.172615
0.174585
0.173503
0.174936
0.172999
0.166217
0.168744
0.172157
0.171471
0.170231
0.166942
0.168985
0.168183
0.16362
0.159653
0.167838
0.170631
0.165219
0.161293
0.166442
0.161883
0.159188
0.163262
0.165911
0.166009
0.163916
0.164112
0.159021
0.159801
0.155828
0.1542
0.156655
0.156671
0.160617
0.173108
0.17667
0.175899
0.178193
0.173864
0.178941
0.179081
0.178458
0.176207
0.176282
0.174685
0.176544
0.172063
0.173564
0.176277
0.173569
0.169048
0.168319
0.169792
0.167888
0.159468
0.169078
0.168581
0.165348
0.16286
0.165554
0.162389
0.159224
0.16253
0.161666
0.15773
0.153391
0.152935
0.152916
0.15797
0.154611
0.152696
0.150876
0.151494
0.15448
0.152247
0.150128
0.15119
0.153343
0.154901
0.154953
0.154548
0.151594
0.154873
0.154035
0.151451
0.149512
0.15688
0.149081
0.149184
0.152852
0.157305
0.153865
0.155775
0.150875
0.149823
0.151108
0.150976
0.151519
0.149785
0.154295
0.153605
0.155643
0.146728
0.149862
0.155282
0.152433
0.151757
0.156836
0.156521
0.154286
0.154949
0.153374
0.158357
0.154083
0.154494
0.153974
0.155129
0.15156
0.15665
0.151363
0.15157
0.157294
0.153008
0.15334
0.147264
0.147605
0.156903
0.156756
0.153655
0.156082
0.157979
0.158738
0.159133
0.154012
0.15287
0.152736
0.164032
0.159824
0.157787
0.156255
0.158964
0.153785
0.158944
0.158153
0.158625
0.160053
0.159518
0.160893
0.154783
0.158316
0.155373
0.163511
0.158918
0.160477
0.159875
0.163538
0.16572
0.16423
0.166164
0.16664
0.162904
0.158613
0.157412
0.160555
0.162767
0.161784
0.157709
0.162414
0.158408
0.163833
0.159031
0.163563
0.167097
0.161223
0.163156
0.165874
0.166204
0.160369
0.161433
0.165499
0.165108
0.167767
0.164629
0.164165
0.16135
0.161669
0.166698
0.161213
0.162088
0.163965
0.163978
0.167559
0.164671
0.166634
0.168814
0.167859
0.169473
0.169655
0.16989
0.168121
0.165148
0.166918
0.167761
0.166776
0.166628
0.16748
0.167685
0.171429
0.169624
0.170405
0.166574
0.170401
0.165851
0.167569
0.16682
0.170982
0.16809
0.163487
0.162267
0.165586
0.161088
0.169729
0.168584
0.168616
0.16321
0.164731
0.16348
0.164617
0.164346
0.17083
0.165906
0.166848
0.159073
0.167477
0.163478
0.165315
0.167708
0.164678
0.166742
0.167462
0.165236
0.167573
0.167935
0.168915
0.169997
0.167503
0.172832
0.169602
0.170392
0.169136
0.16932
