0.0000 0.0000 0.0000 0.0000 0.0000 -0.0000 0.0000 1.0000
0.1039 -0.0046 -0.0020 0.0915 -0.0002 -0.0032 -0.0003 1.0000
0.2079 -0.0100 -0.0044 0.1857 -0.0001 -0.0067 -0.0005 1.0000
0.3117 -0.0175 -0.0069 0.2835 0.0002 -0.0105 -0.0007 0.9999
0.4156 -0.0286 -0.0067 0.3873 0.0009 -0.0150 -0.0010 0.9999
0.5195 -0.0427 -0.0073 0.5011 0.0018 -0.0207 -0.0012 0.9998
0.6234 -0.0600 -0.0081 0.6279 0.0023 -0.0275 -0.0011 0.9996
0.7271 -0.0828 -0.0090 0.7669 0.0023 -0.0355 -0.0012 0.9994
0.8309 -0.1090 -0.0103 0.9192 0.0023 -0.0448 -0.0006 0.9990
0.9346 -0.1415 -0.0120 1.0819 0.0023 -0.0548 0.0001 0.9985
1.0384 -0.1816 -0.0160 1.2514 0.0024 -0.0660 0.0001 0.9978
1.1421 -0.2326 -0.0227 1.4256 0.0031 -0.0781 -0.0017 0.9969
1.2459 -0.2935 -0.0312 1.6041 0.0042 -0.0909 -0.0040 0.9958
1.3496 -0.3617 -0.0393 1.7886 0.0048 -0.1045 -0.0059 0.9945
1.4533 -0.4366 -0.0431 1.9792 0.0051 -0.1195 -0.0064 0.9928
1.5570 -0.5225 -0.0457 2.1730 0.0050 -0.1353 -0.0075 0.9908
1.6608 -0.6201 -0.0490 2.3687 0.0047 -0.1517 -0.0087 0.9884
1.7644 -0.7248 -0.0514 2.5657 0.0044 -0.1693 -0.0098 0.9855
1.8680 -0.8395 -0.0540 2.7583 0.0047 -0.1868 -0.0113 0.9823
1.9717 -0.9688 -0.0510 2.9504 0.0049 -0.2045 -0.0130 0.9788
2.0755 -1.1036 -0.0468 3.1421 0.0049 -0.2232 -0.0136 0.9747
2.1791 -1.2428 -0.0429 3.3331 0.0051 -0.2430 -0.0118 0.9699
2.2829 -1.3925 -0.0424 3.5230 0.0049 -0.2640 -0.0094 0.9645
2.3865 -1.5644 -0.0449 3.7063 0.0037 -0.2864 -0.0099 0.9580
2.4901 -1.7616 -0.0490 3.8807 0.0026 -0.3104 -0.0133 0.9505
2.5936 -1.9694 -0.0514 4.0495 0.0025 -0.3352 -0.0151 0.9420
2.6973 -2.1878 -0.0536 4.2159 0.0026 -0.3609 -0.0155 0.9325
2.8009 -2.4155 -0.0532 4.3824 0.0013 -0.3872 -0.0130 0.9219
2.9046 -2.6631 -0.0529 4.5408 0.0003 -0.4137 -0.0109 0.9103
3.0082 -2.9291 -0.0528 4.6877 -0.0010 -0.4397 -0.0102 0.8981
3.1120 -3.2155 -0.0514 4.8244 -0.0026 -0.4660 -0.0101 0.8847
3.2158 -3.5178 -0.0488 4.9482 -0.0036 -0.4925 -0.0100 0.8703
3.3194 -3.8370 -0.0451 5.0573 -0.0046 -0.5184 -0.0105 0.8550
3.4231 -4.1771 -0.0388 5.1535 -0.0059 -0.5439 -0.0110 0.8391
3.5269 -4.5343 -0.0333 5.2338 -0.0066 -0.5687 -0.0117 0.8224
3.6306 -4.9111 -0.0295 5.3025 -0.0087 -0.5924 -0.0122 0.8055
3.7344 -5.2993 -0.0270 5.3609 -0.0110 -0.6147 -0.0119 0.7886
3.8383 -5.7014 -0.0230 5.4017 -0.0120 -0.6352 -0.0113 0.7722
3.9421 -6.1221 -0.0160 5.4213 -0.0113 -0.6537 -0.0124 0.7566
4.0463 -6.5590 -0.0058 5.4277 -0.0104 -0.6699 -0.0135 0.7422
4.1503 -7.0091 0.0062 5.4240 -0.0092 -0.6840 -0.0137 0.7293
4.2544 -7.4734 0.0163 5.4107 -0.0084 -0.6966 -0.0127 0.7173
4.3585 -7.9504 0.0231 5.3893 0.0076 0.7080 0.0117 -0.7061
4.4626 -8.4446 0.0307 5.3536 0.0067 0.7174 0.0114 -0.6965
4.5669 -8.9530 0.0406 5.3107 0.0056 0.7248 0.0109 -0.6888
4.6712 -9.4804 0.0525 5.2639 0.0052 0.7305 0.0103 -0.6829
4.7755 -10.0230 0.0614 5.2112 0.0057 0.7350 0.0101 -0.6780
4.8800 -10.5792 0.0660 5.1531 0.0059 0.7383 0.0112 -0.6743
4.9843 -11.1527 0.0694 5.0884 0.0057 0.7406 0.0126 -0.6718
5.0885 -11.7394 0.0786 5.0259 0.0060 0.7421 0.0130 -0.6701
5.1929 -12.3441 0.0912 4.9648 0.0069 0.7427 0.0122 -0.6695
5.2972 -12.9643 0.1027 4.9018 0.0083 0.7425 0.0121 -0.6697
5.4015 -13.6001 0.1095 4.8357 0.0090 0.7420 0.0134 -0.6703
5.5057 -14.2516 0.1178 4.7672 0.0083 0.7413 0.0144 -0.6710
5.6100 -14.9134 0.1296 4.6974 0.0068 0.7408 0.0140 -0.6716
5.7143 -15.5937 0.1451 4.6300 0.0066 0.7404 0.0140 -0.6720
5.8184 -16.2910 0.1622 4.5633 0.0075 0.7398 0.0147 -0.6726
5.9225 -17.0048 0.1770 4.4946 0.0084 0.7392 0.0163 -0.6733
6.0268 -17.7332 0.1906 4.4265 0.0091 0.7385 0.0179 -0.6739
6.1309 -18.4718 0.2093 4.3592 0.0083 0.7379 0.0179 -0.6746
6.2350 -19.2243 0.2306 4.2910 0.0065 0.7373 0.0176 -0.6753
6.3390 -19.9883 0.2503 4.2231 0.0058 0.7367 0.0178 -0.6759
6.4431 -20.7731 0.2704 4.1619 0.0075 0.7362 0.0177 -0.6765
6.5473 -21.5645 0.2880 4.1002 0.0090 0.7358 0.0176 -0.6769
6.6513 -22.3642 0.3062 4.0360 0.0101 0.7353 0.0181 -0.6774
6.7554 -23.1641 0.3216 3.9710 0.0087 0.7351 0.0166 -0.6777
6.8594 -23.9695 0.3342 3.9090 0.0066 0.7350 0.0134 -0.6779
6.9634 -24.7895 0.3493 3.8491 0.0062 0.7350 0.0104 -0.6780
7.0674 -25.6189 0.3615 3.7861 0.0065 0.7352 0.0097 -0.6778
7.1713 -26.4614 0.3718 3.7163 0.0091 0.7351 0.0132 -0.6778
7.2753 -27.3075 0.3855 3.6448 0.0110 0.7351 0.0161 -0.6777
7.3793 -28.1529 0.4029 3.5695 0.0123 0.7352 0.0190 -0.6775
7.4833 -28.9976 0.4194 3.4929 0.0120 0.7353 0.0199 -0.6774
7.5873 -29.8372 0.4370 3.4185 0.0108 0.7354 0.0188 -0.6772
7.6911 -30.6742 0.4567 3.3460 0.0097 0.7356 0.0176 -0.6771
7.7951 -31.5159 0.4764 3.2720 0.0096 0.7356 0.0186 -0.6771
7.8990 -32.3544 0.4917 3.1988 0.0101 0.7355 0.0200 -0.6772
8.0030 -33.1952 0.5076 3.1236 0.0094 0.7355 0.0199 -0.6772
8.1070 -34.0263 0.5242 3.0513 0.0074 0.7354 0.0182 -0.6773
8.2110 -34.8600 0.5387 2.9804 0.0055 0.7353 0.0170 -0.6775
8.3150 -35.6964 0.5500 2.9106 0.0056 0.7352 0.0172 -0.6777
8.4189 -36.5335 0.5580 2.8431 0.0069 0.7349 0.0179 -0.6779
8.5229 -37.3738 0.5708 2.7751 0.0086 0.7347 0.0194 -0.6781
8.6269 -38.2148 0.5879 2.7070 0.0108 0.7344 0.0211 -0.6783
8.7308 -39.0492 0.6056 2.6389 0.0121 0.7344 0.0226 -0.6782
8.8348 -39.8817 0.6246 2.5723 0.0120 0.7344 0.0222 -0.6783
8.9388 -40.7117 0.6465 2.5048 0.0108 0.7343 0.0209 -0.6784
9.0428 -41.5384 0.6640 2.4362 0.0090 0.7342 0.0194 -0.6786
9.1466 -42.3652 0.6807 2.3631 0.0067 0.7341 0.0199 -0.6787
9.2507 -43.1914 0.6977 2.2902 0.0049 0.7343 0.0203 -0.6785
9.3545 -44.0152 0.7093 2.2237 0.0048 0.7345 0.0193 -0.6783
9.4585 -44.8388 0.7207 2.1609 0.0049 0.7350 0.0166 -0.6778
9.5625 -45.6612 0.7332 2.0966 0.0056 0.7353 0.0143 -0.6776
9.6664 -46.4833 0.7434 2.0283 0.0070 0.7358 0.0152 -0.6770
9.7704 -47.3074 0.7534 1.9591 0.0099 0.7364 0.0170 -0.6763
9.8742 -48.1233 0.7647 1.8905 0.0120 0.7370 0.0177 -0.6756
9.9781 -48.9331 0.7767 1.8203 0.0119 0.7376 0.0170 -0.6750
10.0821 -49.7355 0.7874 1.7407 0.0095 0.7379 0.0172 -0.6746
10.1860 -50.5325 0.7990 1.6594 0.0067 0.7383 0.0172 -0.6742
10.2900 -51.3287 0.8126 1.5753 0.0046 0.7387 0.0182 -0.6738
10.3939 -52.1228 0.8219 1.4938 0.0043 0.7390 0.0195 -0.6734
10.4978 -52.9159 0.8318 1.4168 0.0050 0.7393 0.0200 -0.6730
10.6017 -53.7020 0.8420 1.3375 0.0042 0.7396 0.0205 -0.6727
10.7056 -54.4840 0.8495 1.2590 0.0038 0.7398 0.0208 -0.6725
10.8096 -55.2630 0.8601 1.1847 0.0049 0.7400 0.0209 -0.6723
10.9135 -56.0381 0.8697 1.1108 0.0061 0.7401 0.0214 -0.6722
11.0175 -56.8107 0.8820 1.0326 0.0075 0.7400 0.0233 -0.6721
11.1214 -57.5746 0.8957 0.9565 0.0083 0.7401 0.0242 -0.6720
11.2254 -58.3304 0.9107 0.8831 0.0084 0.7404 0.0240 -0.6717
11.3293 -59.0776 0.9235 0.8100 0.0080 0.7406 0.0230 -0.6715
11.4333 -59.8104 0.9338 0.7360 0.0069 0.7406 0.0216 -0.6715
11.5372 -60.5366 0.9432 0.6624 0.0059 0.7407 0.0207 -0.6715
11.6411 -61.2455 0.9508 0.5919 0.0049 0.7403 0.0200 -0.6720
11.7451 -61.9403 0.9565 0.5238 0.0040 0.7395 0.0204 -0.6729
11.8491 -62.6202 0.9607 0.4617 0.0040 0.7382 0.0212 -0.6743
11.9533 -63.2855 0.9655 0.4088 0.0047 0.7362 0.0212 -0.6764
12.0573 -63.9355 0.9697 0.3623 0.0056 0.7337 0.0215 -0.6791
12.1614 -64.5705 0.9742 0.3202 0.0057 0.7308 0.0223 -0.6822
12.2655 -65.1899 0.9802 0.2860 0.0056 0.7266 0.0236 -0.6866
12.3696 -65.7914 0.9882 0.2628 0.0051 0.7216 0.0251 -0.6918
12.4739 -66.3756 0.9967 0.2556 0.0050 0.7152 0.0260 -0.6984
12.5781 -66.9370 1.0037 0.2646 0.0049 0.7075 0.0264 -0.7062
12.6824 -67.4767 1.0092 0.2942 -0.0053 -0.6985 -0.0263 0.7151
12.7868 -67.9905 1.0138 0.3456 -0.0058 -0.6881 -0.0251 0.7251
12.8911 -68.4821 1.0165 0.4165 -0.0063 -0.6758 -0.0244 0.7366
12.9955 -68.9541 1.0198 0.5049 -0.0067 -0.6619 -0.0238 0.7492
13.0999 -69.4038 1.0215 0.6111 -0.0068 -0.6465 -0.0233 0.7625
13.2044 -69.8485 1.0239 0.7420 -0.0077 -0.6290 -0.0228 0.7771
13.3088 -70.2705 1.0243 0.8956 -0.0086 -0.6097 -0.0213 0.7923
13.4133 -70.6817 1.0239 1.0807 -0.0100 -0.5891 -0.0171 0.8078
13.5176 -71.0686 1.0259 1.2857 -0.0106 -0.5672 -0.0134 0.8234
13.6221 -71.4514 1.0324 1.5136 -0.0112 -0.5440 -0.0100 0.8390
13.7265 -71.8142 1.0403 1.7538 -0.0113 -0.5200 -0.0094 0.8540
13.8308 -72.1707 1.0455 2.0136 -0.0118 -0.4965 -0.0086 0.8679
13.9351 -72.5074 1.0492 2.2969 -0.0141 -0.4733 -0.0053 0.8808
14.0394 -72.8107 1.0522 2.6018 -0.0174 -0.4496 -0.0001 0.8930
14.1436 -73.1085 1.0522 2.9087 -0.0166 -0.4254 0.0020 0.9049
14.2479 -73.3852 1.0520 3.2208 -0.0128 -0.4004 0.0022 0.9163
14.3521 -73.6593 1.0561 3.5544 -0.0068 -0.3742 0.0034 0.9273
14.4564 -73.9133 1.0588 3.9113 -0.0016 -0.3469 0.0032 0.9379
14.5606 -74.1659 1.0579 4.3006 0.0002 -0.3188 0.0031 0.9478
14.6649 -74.4017 1.0571 4.7185 0.0013 -0.2906 0.0038 0.9568
14.7690 -74.6151 1.0535 5.1558 0.0031 -0.2626 0.0030 0.9649
14.8732 -74.8256 1.0448 5.6232 0.0024 -0.2360 0.0022 0.9718
14.9771 -75.0182 1.0381 6.1102 0.0025 -0.2117 -0.0006 0.9773
15.0812 -75.2056 1.0358 6.6181 0.0040 -0.1893 -0.0030 0.9819
15.1850 -75.3799 1.0303 7.1520 0.0038 -0.1699 -0.0051 0.9854
15.2888 -75.5393 1.0201 7.7061 0.0026 -0.1538 -0.0056 0.9881
15.3925 -75.6920 1.0105 8.2811 0.0018 -0.1411 -0.0049 0.9900
15.4962 -75.8370 1.0047 8.8744 0.0007 -0.1300 -0.0046 0.9915
15.5999 -75.9807 0.9966 9.4864 -0.0007 -0.1205 -0.0058 0.9927
15.7036 -76.1223 0.9889 10.1122 -0.0009 -0.1126 -0.0077 0.9936
15.8073 -76.2580 0.9813 10.7552 -0.0018 -0.1056 -0.0099 0.9944
15.9110 -76.3790 0.9768 11.4150 -0.0017 -0.0988 -0.0091 0.9951
16.0148 -76.4929 0.9734 12.0915 -0.0016 -0.0919 -0.0090 0.9957
16.1185 -76.6020 0.9706 12.7842 -0.0019 -0.0844 -0.0092 0.9964
16.2224 -76.7027 0.9651 13.4941 -0.0021 -0.0771 -0.0098 0.9970
16.3261 -76.7966 0.9546 14.2125 -0.0009 -0.0706 -0.0099 0.9975
16.4299 -76.8846 0.9437 14.9455 0.0013 -0.0649 -0.0107 0.9978
16.5338 -76.9646 0.9352 15.6879 0.0047 -0.0600 -0.0095 0.9981
16.6375 -77.0409 0.9268 16.4468 0.0053 -0.0558 -0.0093 0.9984
16.7413 -77.1187 0.9133 17.2186 0.0020 -0.0524 -0.0100 0.9986
16.8451 -77.1988 0.8975 17.9936 -0.0020 -0.0498 -0.0121 0.9987
16.9489 -77.2720 0.8859 18.7675 -0.0047 -0.0476 -0.0125 0.9988
17.0526 -77.3372 0.8766 19.5340 -0.0037 -0.0459 -0.0116 0.9989
17.1564 -77.4024 0.8674 20.3015 -0.0032 -0.0442 -0.0117 0.9989
17.2603 -77.4637 0.8595 21.0725 -0.0042 -0.0428 -0.0109 0.9990
17.3640 -77.5211 0.8514 21.8430 -0.0057 -0.0415 -0.0099 0.9991
17.4679 -77.5734 0.8408 22.6143 -0.0068 -0.0400 -0.0086 0.9991
17.5717 -77.6221 0.8279 23.3777 -0.0054 -0.0386 -0.0083 0.9992
17.6755 -77.6768 0.8191 24.1383 -0.0015 -0.0376 -0.0097 0.9992
17.7794 -77.7342 0.8047 24.8981 0.0023 -0.0367 -0.0101 0.9993
17.8831 -77.7896 0.7903 25.6548 0.0048 -0.0361 -0.0105 0.9993
17.9870 -77.8461 0.7739 26.4219 0.0038 -0.0352 -0.0114 0.9993
18.0909 -77.9088 0.7508 27.1807 0.0020 -0.0340 -0.0128 0.9993
18.1948 -77.9690 0.7294 27.9392 -0.0007 -0.0329 -0.0146 0.9994
18.2985 -78.0201 0.7137 28.6920 -0.0016 -0.0317 -0.0136 0.9994
18.4024 -78.0647 0.6970 29.4407 -0.0015 -0.0312 -0.0120 0.9994
18.5063 -78.1097 0.6799 30.1928 -0.0018 -0.0308 -0.0111 0.9995
18.6101 -78.1555 0.6647 30.9457 -0.0010 -0.0302 -0.0111 0.9995
18.7139 -78.1981 0.6477 31.7013 0.0000 -0.0299 -0.0101 0.9995
18.8178 -78.2423 0.6302 32.4641 -0.0003 -0.0295 -0.0093 0.9995
18.9216 -78.2950 0.6149 33.2308 -0.0005 -0.0291 -0.0108 0.9995
19.0255 -78.3462 0.5991 34.0009 -0.0000 -0.0291 -0.0107 0.9995
19.1294 -78.3993 0.5790 34.7769 -0.0000 -0.0300 -0.0108 0.9995
19.2333 -78.4497 0.5642 35.5615 -0.0003 -0.0310 -0.0096 0.9995
19.3370 -78.5072 0.5474 36.3475 -0.0000 -0.0326 -0.0101 0.9994
19.4409 -78.5715 0.5285 37.1435 -0.0001 -0.0341 -0.0120 0.9993
19.5448 -78.6362 0.5110 37.9375 0.0020 -0.0354 -0.0128 0.9993
19.6485 -78.7004 0.4941 38.7352 0.0045 -0.0367 -0.0129 0.9992
19.7524 -78.7627 0.4826 39.5460 0.0049 -0.0376 -0.0123 0.9992
19.8563 -78.8286 0.4646 40.3645 0.0043 -0.0387 -0.0128 0.9992
19.9601 -78.8959 0.4461 41.1947 0.0036 -0.0398 -0.0124 0.9991
20.0640 -78.9599 0.4339 42.0306 0.0030 -0.0408 -0.0115 0.9991
20.1679 -79.0290 0.4208 42.8743 0.0012 -0.0413 -0.0112 0.9991
20.2719 -79.1003 0.4040 43.7247 -0.0012 -0.0418 -0.0109 0.9991
20.3758 -79.1713 0.3889 44.5789 -0.0026 -0.0415 -0.0108 0.9991
20.4797 -79.2467 0.3757 45.4386 -0.0024 -0.0405 -0.0126 0.9991
20.5836 -79.3186 0.3639 46.2992 -0.0019 -0.0396 -0.0126 0.9991
20.6875 -79.3849 0.3499 47.1630 -0.0008 -0.0388 -0.0115 0.9992
20.7915 -79.4453 0.3344 48.0317 0.0001 -0.0380 -0.0095 0.9992
20.8954 -79.5086 0.3210 48.9021 0.0001 -0.0370 -0.0088 0.9993
20.9993 -79.5738 0.3028 49.7790 -0.0011 -0.0365 -0.0079 0.9993
21.1033 -79.6339 0.2868 50.6563 -0.0025 -0.0362 -0.0063 0.9993
21.2071 -79.6974 0.2720 51.5294 -0.0027 -0.0357 -0.0057 0.9993
21.3111 -79.7647 0.2574 52.3966 -0.0014 -0.0352 -0.0066 0.9994
21.4150 -79.8336 0.2409 53.2548 0.0015 -0.0349 -0.0080 0.9994
21.5190 -79.9004 0.2201 54.1135 0.0042 -0.0344 -0.0090 0.9994
21.6229 -79.9696 0.1923 54.9656 0.0075 -0.0340 -0.0114 0.9993
21.7269 -80.0326 0.1649 55.8191 0.0080 -0.0335 -0.0117 0.9993
21.8308 -80.0927 0.1408 56.6706 0.0054 -0.0334 -0.0099 0.9994
21.9346 -80.1556 0.1161 57.5269 0.0000 -0.0336 -0.0095 0.9994
22.0387 -80.2224 0.0923 58.3778 -0.0045 -0.0342 -0.0101 0.9994
22.1426 -80.2809 0.0751 59.2131 -0.0026 -0.0355 -0.0081 0.9993
22.2465 -80.3387 0.0591 60.0426 -0.0010 -0.0366 -0.0051 0.9993
22.3504 -80.4030 0.0400 60.8722 -0.0006 -0.0380 -0.0049 0.9993
22.4544 -80.4740 0.0183 61.6957 0.0008 -0.0392 -0.0056 0.9992
22.5584 -80.5497 -0.0037 62.5136 0.0024 -0.0410 -0.0066 0.9991
22.6623 -80.6209 -0.0263 63.3279 0.0043 -0.0430 -0.0070 0.9990
22.7661 -80.6960 -0.0545 64.1363 0.0065 -0.0446 -0.0076 0.9990
22.8702 -80.7781 -0.0838 64.9451 0.0063 -0.0461 -0.0104 0.9989
22.9740 -80.8597 -0.1091 65.7528 0.0057 -0.0479 -0.0118 0.9988
23.0780 -80.9452 -0.1360 66.5593 0.0031 -0.0498 -0.0134 0.9987
23.1820 -81.0341 -0.1574 67.3635 -0.0003 -0.0518 -0.0137 0.9986
23.2859 -81.1234 -0.1756 68.1600 -0.0020 -0.0543 -0.0133 0.9984
23.3898 -81.2192 -0.1914 68.9488 -0.0022 -0.0575 -0.0131 0.9983
23.4938 -81.3168 -0.2042 69.7396 -0.0041 -0.0606 -0.0117 0.9981
23.5976 -81.4216 -0.2175 70.5203 -0.0041 -0.0638 -0.0118 0.9979
23.7015 -81.5423 -0.2306 71.2919 -0.0036 -0.0668 -0.0142 0.9977
23.8055 -81.6637 -0.2426 72.0594 -0.0017 -0.0696 -0.0152 0.9975
23.9094 -81.7834 -0.2551 72.8219 -0.0002 -0.0727 -0.0149 0.9972
24.0134 -81.9109 -0.2692 73.5847 0.0002 -0.0754 -0.0158 0.9970
24.1173 -82.0491 -0.2837 74.3434 -0.0016 -0.0777 -0.0166 0.9968
24.2213 -82.1866 -0.2976 75.1012 -0.0039 -0.0807 -0.0169 0.9966
24.3251 -82.3270 -0.3160 75.8520 -0.0053 -0.0839 -0.0166 0.9963
24.4291 -82.4671 -0.3274 76.5947 -0.0037 -0.0874 -0.0157 0.9960
24.5330 -82.6142 -0.3381 77.3316 0.0002 -0.0916 -0.0145 0.9957
24.6369 -82.7656 -0.3542 78.0692 0.0014 -0.0962 -0.0134 0.9953
24.7408 -82.9303 -0.3754 78.8078 -0.0006 -0.1016 -0.0136 0.9947
24.8446 -83.1012 -0.3866 79.5441 -0.0029 -0.1074 -0.0128 0.9941
24.9485 -83.2841 -0.3995 80.2810 -0.0069 -0.1133 -0.0135 0.9934
25.0524 -83.4673 -0.4084 81.0106 -0.0093 -0.1190 -0.0137 0.9928
25.1563 -83.6579 -0.4178 81.7257 -0.0068 -0.1249 -0.0156 0.9920
25.2601 -83.8564 -0.4259 82.4307 -0.0017 -0.1311 -0.0155 0.9913
25.3640 -84.0574 -0.4275 83.1404 0.0007 -0.1374 -0.0149 0.9904
25.4679 -84.2658 -0.4289 83.8624 -0.0013 -0.1437 -0.0136 0.9895
25.5718 -84.4928 -0.4369 84.5842 -0.0054 -0.1497 -0.0140 0.9886
25.6756 -84.7275 -0.4424 85.3030 -0.0083 -0.1557 -0.0142 0.9877
25.7795 -84.9651 -0.4447 86.0117 -0.0076 -0.1623 -0.0123 0.9866
25.8834 -85.2123 -0.4477 86.7156 -0.0051 -0.1683 -0.0116 0.9857
25.9874 -85.4688 -0.4551 87.4170 -0.0025 -0.1731 -0.0106 0.9849
26.0913 -85.7267 -0.4633 88.1180 0.0009 -0.1771 -0.0089 0.9842
26.1953 -85.9963 -0.4726 88.8208 0.0019 -0.1810 -0.0088 0.9834
26.2993 -86.2803 -0.4873 89.5211 0.0025 -0.1850 -0.0116 0.9827
26.4031 -86.5691 -0.4896 90.2155 0.0012 -0.1892 -0.0120 0.9819
26.5070 -86.8604 -0.4834 90.9181 -0.0017 -0.1934 -0.0114 0.9811
26.6110 -87.1588 -0.4804 91.6219 -0.0056 -0.1971 -0.0110 0.9803
26.7149 -87.4763 -0.4825 92.3185 -0.0088 -0.2002 -0.0156 0.9796
26.8189 -87.8025 -0.4756 93.0035 -0.0073 -0.2031 -0.0201 0.9789
26.9229 -88.1180 -0.4681 93.6870 -0.0029 -0.2062 -0.0191 0.9783
27.0269 -88.4278 -0.4620 94.3758 0.0003 -0.2090 -0.0157 0.9778
27.1309 -88.7490 -0.4632 95.0682 0.0012 -0.2111 -0.0159 0.9773
27.2348 -89.0845 -0.4666 95.7661 -0.0010 -0.2133 -0.0188 0.9768
27.3386 -89.4164 -0.4737 96.4657 -0.0031 -0.2161 -0.0198 0.9762
27.4427 -89.7480 -0.4789 97.1635 -0.0032 -0.2190 -0.0182 0.9755
27.5465 -90.0849 -0.4847 97.8498 0.0002 -0.2215 -0.0178 0.9750
27.6505 -90.4266 -0.4876 98.5347 0.0038 -0.2241 -0.0171 0.9744
27.7544 -90.7749 -0.4958 99.2196 0.0050 -0.2267 -0.0175 0.9738
27.8584 -91.1310 -0.5065 99.9095 0.0028 -0.2288 -0.0190 0.9733
27.9623 -91.4870 -0.5172 100.5948 0.0018 -0.2310 -0.0195 0.9727
28.0662 -91.8400 -0.5262 101.2774 0.0015 -0.2335 -0.0199 0.9721
28.1700 -92.1962 -0.5349 101.9541 0.0015 -0.2360 -0.0193 0.9716
28.2740 -92.5529 -0.5435 102.6273 0.0018 -0.2383 -0.0182 0.9710
28.3779 -92.9148 -0.5512 103.2961 0.0013 -0.2406 -0.0180 0.9705
28.4819 -93.2832 -0.5590 103.9601 0.0014 -0.2428 -0.0185 0.9699
28.5858 -93.6505 -0.5660 104.6187 0.0011 -0.2452 -0.0190 0.9693
28.6897 -94.0151 -0.5768 105.2674 0.0031 -0.2477 -0.0180 0.9687
28.7937 -94.3821 -0.5884 105.9103 0.0050 -0.2500 -0.0169 0.9681
28.8975 -94.7482 -0.5981 106.5472 0.0065 -0.2522 -0.0163 0.9675
29.0015 -95.1233 -0.6050 107.1878 0.0049 -0.2541 -0.0167 0.9670
29.1054 -95.4962 -0.6134 107.8233 0.0007 -0.2559 -0.0178 0.9666
29.2094 -95.8645 -0.6210 108.4529 -0.0043 -0.2573 -0.0177 0.9662
29.3133 -96.2232 -0.6251 109.0677 -0.0074 -0.2588 -0.0168 0.9657
29.4173 -96.5740 -0.6246 109.6683 -0.0076 -0.2605 -0.0149 0.9653
29.5211 -96.9208 -0.6262 110.2481 -0.0058 -0.2622 -0.0144 0.9649
29.6250 -97.2634 -0.6273 110.8135 -0.0046 -0.2638 -0.0138 0.9645
29.7290 -97.6008 -0.6271 111.3654 -0.0042 -0.2652 -0.0132 0.9641
29.8329 -97.9243 -0.6283 111.9025 -0.0040 -0.2665 -0.0121 0.9638
29.9368 -98.2417 -0.6325 112.4233 -0.0047 -0.2677 -0.0123 0.9634
30.0408 -98.5503 -0.6361 112.9252 -0.0056 -0.2688 -0.0121 0.9631
30.1446 -98.8435 -0.6368 113.4056 -0.0061 -0.2701 -0.0113 0.9628
30.2485 -99.1248 -0.6384 113.8657 -0.0065 -0.2713 -0.0101 0.9624
30.3524 -99.3968 -0.6401 114.3023 -0.0062 -0.2724 -0.0097 0.9621
30.4563 -99.6642 -0.6482 114.7173 -0.0044 -0.2734 -0.0104 0.9618
30.5603 -99.9188 -0.6560 115.1137 -0.0024 -0.2748 -0.0097 0.9614
30.6640 -100.1623 -0.6586 115.4941 -0.0017 -0.2769 -0.0080 0.9609
30.7679 -100.3993 -0.6586 115.8608 -0.0025 -0.2792 -0.0057 0.9602
30.8718 -100.6332 -0.6608 116.2046 -0.0031 -0.2821 -0.0058 0.9594
30.9757 -100.8652 -0.6647 116.5286 -0.0037 -0.2853 -0.0076 0.9584
31.0795 -101.0904 -0.6695 116.8348 -0.0050 -0.2884 -0.0102 0.9575
31.1833 -101.3056 -0.6714 117.1266 -0.0081 -0.2915 -0.0123 0.9564
31.2871 -101.5060 -0.6723 117.4011 -0.0102 -0.2953 -0.0127 0.9552
31.3909 -101.6929 -0.6721 117.6574 -0.0114 -0.2998 -0.0111 0.9539
31.4947 -101.8739 -0.6730 117.8992 -0.0123 -0.3053 -0.0095 0.9521
31.5984 -102.0513 -0.6736 118.1220 -0.0133 -0.3120 -0.0084 0.9499
31.7021 -102.2292 -0.6753 118.3256 -0.0138 -0.3198 -0.0085 0.9473
31.8058 -102.4053 -0.6766 118.5086 -0.0134 -0.3288 -0.0094 0.9443
31.9095 -102.5760 -0.6819 118.6815 -0.0125 -0.3389 -0.0093 0.9407
32.0132 -102.7420 -0.6859 118.8380 -0.0099 -0.3494 -0.0089 0.9369
32.1169 -102.9018 -0.6870 118.9816 -0.0075 -0.3597 -0.0079 0.9330
32.2206 -103.0684 -0.6856 119.1160 -0.0047 -0.3699 -0.0088 0.9290
32.3244 -103.2450 -0.6828 119.2422 -0.0023 -0.3800 -0.0119 0.9249
32.4282 -103.4183 -0.6820 119.3668 -0.0016 -0.3907 -0.0136 0.9204
32.5318 -103.5947 -0.6769 119.4976 -0.0027 -0.4022 -0.0124 0.9155
32.6355 -103.7731 -0.6727 119.6238 -0.0039 -0.4141 -0.0114 0.9102
32.7393 -103.9548 -0.6680 119.7348 -0.0050 -0.4268 -0.0117 0.9043
32.8429 -104.1481 -0.6624 119.8384 -0.0055 -0.4401 -0.0142 0.8978
32.9466 -104.3385 -0.6580 119.9342 -0.0066 -0.4534 -0.0160 0.8911
33.0504 -104.5336 -0.6559 120.0291 -0.0072 -0.4669 -0.0175 0.8841
33.1540 -104.7330 -0.6537 120.1137 -0.0072 -0.4801 -0.0193 0.8770
33.2578 -104.9312 -0.6515 120.1854 -0.0073 -0.4933 -0.0221 0.8695
33.3616 -105.1362 -0.6502 120.2566 -0.0078 -0.5068 -0.0240 0.8617
33.4653 -105.3437 -0.6512 120.3283 -0.0080 -0.5209 -0.0239 0.8532
33.5690 -105.5582 -0.6513 120.3886 -0.0069 -0.5358 -0.0232 0.8440
33.6728 -105.8016 -0.6467 120.4520 -0.0052 -0.5514 -0.0220 0.8339
33.7764 -106.0565 -0.6405 120.5003 -0.0044 -0.5683 -0.0214 0.8225
33.8800 -106.3408 -0.6321 120.5536 -0.0044 -0.5859 -0.0211 0.8101
33.9836 -106.6408 -0.6252 120.5994 -0.0041 -0.6039 -0.0207 0.7968
34.0874 -106.9460 -0.6151 120.6206 -0.0035 -0.6228 -0.0196 0.7821
34.1910 -107.2795 -0.6047 120.6402 -0.0033 -0.6420 -0.0189 0.7665
34.2948 -107.6301 -0.5938 120.6434 -0.0035 -0.6610 -0.0189 0.7501
34.3984 -107.9733 -0.5852 120.6163 -0.0045 -0.6801 -0.0192 0.7329
34.5021 -108.3468 -0.5781 120.5908 -0.0066 -0.6993 -0.0192 0.7145
34.6059 -108.7113 -0.5724 120.5308 0.0088 0.7181 0.0188 -0.6956
34.7097 -109.1034 -0.5651 120.4648 0.0108 0.7365 0.0183 -0.6761
34.8134 -109.5039 -0.5572 120.3764 0.0125 0.7542 0.0179 -0.6563
34.9171 -109.8936 -0.5498 120.2526 0.0137 0.7711 0.0179 -0.6363
35.0210 -110.3105 -0.5385 120.1212 0.0151 0.7870 0.0173 -0.6165
35.1248 -110.7358 -0.5271 119.9688 0.0171 0.8023 0.0161 -0.5965
35.2287 -111.1598 -0.5145 119.7761 0.0190 0.8168 0.0148 -0.5765
35.3325 -111.6037 -0.5003 119.5688 0.0209 0.8303 0.0136 -0.5567
35.4364 -112.0419 -0.4861 119.3248 0.0223 0.8430 0.0127 -0.5374
35.5404 -112.4967 -0.4701 119.0622 0.0232 0.8545 0.0120 -0.5187
35.6444 -112.9599 -0.4518 118.7686 0.0235 0.8646 0.0119 -0.5018
35.7486 -113.4215 -0.4333 118.4470 0.0233 0.8730 0.0119 -0.4871
35.8528 -113.8987 -0.4141 118.1067 0.0224 0.8796 0.0122 -0.4750
35.9571 -114.3790 -0.4006 117.7492 0.0214 0.8849 0.0120 -0.4652
36.0613 -114.8756 -0.3847 117.3755 0.0208 0.8889 0.0124 -0.4575
36.1657 -115.3845 -0.3685 116.9889 0.0212 0.8921 0.0125 -0.4513
36.2699 -115.9072 -0.3512 116.5875 0.0218 0.8948 0.0126 -0.4457
36.3742 -116.4394 -0.3334 116.1705 0.0225 0.8970 0.0128 -0.4412
36.4784 -116.9780 -0.3145 115.7373 0.0224 0.8988 0.0132 -0.4376
36.5827 -117.5268 -0.2940 115.2919 0.0222 0.9004 0.0135 -0.4343
36.6869 -118.0864 -0.2733 114.8352 0.0223 0.9016 0.0135 -0.4317
36.7911 -118.6599 -0.2513 114.3662 0.0228 0.9026 0.0135 -0.4297
36.8952 -119.2396 -0.2284 113.8874 0.0235 0.9032 0.0135 -0.4283
36.9995 -119.8351 -0.2044 113.3947 0.0237 0.9035 0.0134 -0.4276
37.1035 -120.4389 -0.1816 112.8933 0.0237 0.9038 0.0131 -0.4272
37.2077 -121.0569 -0.1575 112.3812 0.0236 0.9040 0.0126 -0.4267
37.3118 -121.6870 -0.1322 111.8577 0.0237 0.9042 0.0120 -0.4263
37.4159 -122.3282 -0.1051 111.3222 0.0239 0.9044 0.0123 -0.4259
37.5200 -122.9704 -0.0754 110.7728 0.0238 0.9046 0.0136 -0.4253
37.6242 -123.6258 -0.0474 110.2135 0.0238 0.9050 0.0149 -0.4245
37.7281 -124.2849 -0.0187 109.6502 0.0239 0.9053 0.0149 -0.4239
37.8323 -124.9562 0.0111 109.0798 0.0238 0.9056 0.0138 -0.4233
37.9363 -125.6369 0.0422 108.5006 0.0240 0.9058 0.0129 -0.4228
38.0403 -126.3320 0.0713 107.9136 0.0248 0.9061 0.0122 -0.4222
38.1443 -127.0372 0.0993 107.3179 0.0260 0.9063 0.0116 -0.4216
38.2483 -127.7453 0.1250 106.7132 0.0254 0.9067 0.0105 -0.4209
38.3523 -128.4619 0.1484 106.1014 0.0244 0.9070 0.0087 -0.4203
38.4562 -129.1860 0.1669 105.4824 0.0229 0.9073 0.0071 -0.4198
38.5602 -129.9193 0.1836 104.8515 0.0215 0.9073 0.0074 -0.4199
38.6641 -130.6623 0.1979 104.2149 0.0212 0.9072 0.0084 -0.4200
38.7681 -131.4132 0.2145 103.5744 0.0214 0.9072 0.0099 -0.4200
38.8720 -132.1648 0.2319 102.9386 0.0225 0.9072 0.0109 -0.4199
38.9760 -132.9234 0.2514 102.3035 0.0236 0.9073 0.0115 -0.4198
39.0799 -133.6799 0.2703 101.6681 0.0241 0.9073 0.0118 -0.4197
39.1839 -134.4357 0.2900 101.0301 0.0244 0.9073 0.0119 -0.4197
39.2878 -135.1892 0.3106 100.3904 0.0237 0.9073 0.0123 -0.4196
39.3918 -135.9465 0.3298 99.7511 0.0239 0.9073 0.0128 -0.4196
39.4958 -136.7105 0.3479 99.1085 0.0240 0.9073 0.0136 -0.4195
39.5996 -137.4685 0.3680 98.4694 0.0243 0.9074 0.0140 -0.4194
39.7036 -138.2274 0.3900 97.8279 0.0244 0.9075 0.0140 -0.4191
39.8079 -138.9901 0.4148 97.1827 0.0246 0.9076 0.0133 -0.4188
39.9113 -139.7480 0.4344 96.5461 0.0247 0.9079 0.0129 -0.4183
40.0153 -140.5111 0.4530 95.9042 0.0250 0.9080 0.0129 -0.4179
40.1191 -141.2656 0.4726 95.2626 0.0247 0.9083 0.0129 -0.4175
40.2230 -142.0208 0.4913 94.6204 0.0242 0.9084 0.0128 -0.4172
40.3269 -142.7704 0.5112 93.9789 0.0237 0.9086 0.0125 -0.4169
40.4308 -143.5294 0.5274 93.3370 0.0233 0.9085 0.0126 -0.4170
40.5350 -144.2862 0.5446 92.6907 0.0219 0.9085 0.0135 -0.4171
40.6387 -145.0409 0.5613 92.0489 0.0213 0.9083 0.0139 -0.4176
40.7425 -145.7940 0.5780 91.4105 0.0206 0.9080 0.0135 -0.4182
40.8464 -146.5475 0.5938 90.7740 0.0193 0.9077 0.0131 -0.4190
40.9504 -147.3072 0.6086 90.1393 0.0196 0.9073 0.0128 -0.4199
41.0546 -148.0704 0.6250 89.5032 0.0207 0.9070 0.0135 -0.4205
41.1582 -148.8333 0.6468 88.8715 0.0231 0.9066 0.0153 -0.4211
41.2625 -149.6005 0.6717 88.2370 0.0257 0.9063 0.0177 -0.4216
41.3659 -150.3591 0.6968 87.6068 0.0265 0.9061 0.0189 -0.4218
41.4698 -151.1134 0.7256 86.9781 0.0256 0.9061 0.0166 -0.4220
41.5736 -151.8671 0.7540 86.3499 0.0244 0.9061 0.0144 -0.4220
41.6774 -152.6218 0.7807 85.7189 0.0245 0.9061 0.0142 -0.4221
41.7812 -153.3790 0.8040 85.0854 0.0249 0.9061 0.0158 -0.4220
41.8851 -154.1322 0.8288 84.4568 0.0257 0.9061 0.0165 -0.4219
41.9888 -154.8823 0.8537 83.8321 0.0258 0.9063 0.0155 -0.4216
42.0927 -155.6292 0.8797 83.2062 0.0257 0.9065 0.0145 -0.4212
42.1964 -156.3743 0.9057 82.5791 0.0256 0.9066 0.0151 -0.4209
42.3002 -157.1190 0.9325 81.9515 0.0267 0.9067 0.0168 -0.4205
42.4041 -157.8614 0.9618 81.3267 0.0277 0.9068 0.0185 -0.4201
42.5078 -158.6032 0.9921 80.7035 0.0284 0.9070 0.0183 -0.4198
42.6116 -159.3358 1.0221 80.0838 0.0286 0.9072 0.0174 -0.4194
42.7153 -160.0585 1.0499 79.4646 0.0284 0.9073 0.0164 -0.4192
42.8192 -160.7804 1.0775 78.8443 0.0272 0.9073 0.0163 -0.4192
42.9229 -161.5000 1.1027 78.2249 0.0260 0.9071 0.0166 -0.4197
43.0269 -162.2213 1.1285 77.6086 0.0253 0.9070 0.0167 -0.4201
43.1305 -162.9402 1.1543 76.9941 0.0245 0.9068 0.0171 -0.4204
43.2344 -163.6585 1.1798 76.3822 0.0239 0.9067 0.0175 -0.4208
43.3383 -164.3767 1.2060 75.7743 0.0243 0.9065 0.0176 -0.4211
43.4421 -165.0930 1.2314 75.1702 0.0237 0.9064 0.0171 -0.4214
43.5459 -165.8081 1.2570 74.5664 0.0230 0.9063 0.0168 -0.4218
43.6498 -166.5248 1.2821 73.9671 0.0235 0.9062 0.0166 -0.4220
43.7537 -167.2418 1.3066 73.3721 0.0251 0.9059 0.0165 -0.4223
43.8575 -167.9552 1.3301 72.7784 0.0257 0.9059 0.0167 -0.4224
43.9613 -168.6684 1.3511 72.1911 0.0251 0.9058 0.0155 -0.4226
44.0652 -169.3812 1.3734 71.6127 0.0250 0.9058 0.0134 -0.4228
44.1690 -170.0844 1.3967 71.0356 0.0251 0.9056 0.0122 -0.4233
44.2728 -170.7831 1.4057 70.4680 0.0238 0.9054 0.0134 -0.4237
44.3767 -171.4722 1.4162 69.9057 0.0237 0.9053 0.0142 -0.4238
44.4805 -172.1588 1.4256 69.3526 0.0237 0.9054 0.0142 -0.4237
44.5843 -172.8299 1.4369 68.8075 0.0236 0.9054 0.0138 -0.4236
44.6882 -173.4939 1.4484 68.2700 0.0237 0.9054 0.0136 -0.4236
44.7922 -174.1451 1.4601 67.7391 0.0235 0.9055 0.0137 -0.4236
44.8959 -174.7856 1.4704 67.2161 0.0231 0.9054 0.0141 -0.4236
44.9997 -175.4193 1.4827 66.6982 0.0231 0.9055 0.0141 -0.4235
45.1035 -176.0447 1.4962 66.1884 0.0234 0.9056 0.0143 -0.4233
45.2073 -176.6638 1.5104 65.6842 0.0239 0.9056 0.0152 -0.4232
45.3112 -177.2745 1.5251 65.1854 0.0246 0.9056 0.0161 -0.4231
45.4152 -177.8683 1.5380 64.6893 0.0255 0.9056 0.0167 -0.4231
45.5189 -178.4448 1.5503 64.1974 0.0263 0.9056 0.0169 -0.4229
45.6230 -179.0078 1.5619 63.7122 0.0274 0.9057 0.0168 -0.4228
45.7265 -179.5612 1.5754 63.2407 0.0279 0.9058 0.0166 -0.4225
45.8311 -180.1003 1.5865 62.7652 0.0278 0.9060 0.0169 -0.4221
45.9343 -180.6249 1.6001 62.3114 0.0286 0.9062 0.0165 -0.4216
46.0382 -181.1416 1.6119 61.8606 0.0291 0.9067 0.0155 -0.4205
46.1420 -181.6486 1.6239 61.4196 0.0301 0.9076 0.0144 -0.4184
46.2459 -182.1422 1.6352 60.9800 0.0312 0.9090 0.0135 -0.4154
46.3497 -182.6223 1.6485 60.5453 0.0325 0.9111 0.0127 -0.4107
46.4534 -183.0885 1.6622 60.1103 0.0337 0.9135 0.0124 -0.4053
46.5572 -183.5369 1.6736 59.6725 0.0346 0.9162 0.0122 -0.3991
46.6610 -183.9747 1.6854 59.2357 0.0358 0.9194 0.0119 -0.3915
46.7645 -184.4045 1.6987 58.8012 0.0377 0.9232 0.0110 -0.3823
46.8683 -184.8122 1.7137 58.3607 0.0395 0.9275 0.0102 -0.3717
46.9719 -185.1982 1.7326 57.9120 0.0401 0.9323 0.0102 -0.3594
47.0756 -185.5495 1.7495 57.4583 0.0394 0.9374 0.0111 -0.3458
47.1792 -185.8798 1.7679 57.0003 0.0382 0.9427 0.0122 -0.3311
47.2829 -186.1871 1.7850 56.5376 0.0367 0.9483 0.0133 -0.3150
47.3865 -186.4550 1.8075 56.0661 0.0356 0.9540 0.0141 -0.2974
47.4902 -186.7152 1.8267 55.5968 0.0361 0.9599 0.0149 -0.2777
47.5939 -186.9445 1.8429 55.1256 0.0341 0.9659 0.0156 -0.2560
47.6974 -187.1206 1.8564 54.6476 0.0304 0.9718 0.0157 -0.2334
47.8012 -187.2835 1.8702 54.1709 0.0245 0.9771 0.0157 -0.2109
47.9049 -187.4227 1.8833 53.6942 0.0200 0.9818 0.0153 -0.1883
48.0086 -187.5256 1.8874 53.2131 0.0164 0.9861 0.0141 -0.1646
48.1123 -187.6307 1.8934 52.7371 0.0154 0.9899 0.0131 -0.1402
48.2161 -187.6915 1.9003 52.2528 0.0150 0.9931 0.0132 -0.1153
48.3198 -187.7485 1.9013 51.7723 0.0150 0.9957 0.0139 -0.0905
48.4236 -187.7723 1.9008 51.2910 0.0116 0.9977 0.0157 -0.0655
48.5274 -187.7414 1.9016 50.8034 0.0065 0.9990 0.0186 -0.0403
48.6312 -187.7165 1.9039 50.3304 0.0047 0.9997 0.0207 -0.0150
48.7349 -187.6828 1.9096 49.8672 0.0068 0.9997 0.0202 0.0109
48.8388 -187.6045 1.9139 49.4038 0.0110 0.9991 0.0194 0.0367
48.9425 -187.5198 1.9161 48.9547 0.0127 0.9978 0.0182 0.0621
49.0464 -187.3856 1.9160 48.5087 0.0134 0.9959 0.0175 0.0873
49.1503 -187.2454 1.9195 48.0832 0.0130 0.9935 0.0163 0.1122
49.2540 -187.0919 1.9219 47.6676 0.0139 0.9903 0.0152 0.1371
49.3579 -186.9050 1.9251 47.2498 0.0164 0.9865 0.0152 0.1624
49.4618 -186.7142 1.9227 46.8409 0.0182 0.9823 0.0147 0.1857
49.5658 -186.4782 1.9176 46.4306 0.0159 0.9780 0.0152 0.2077
49.6698 -186.2433 1.9106 46.0250 0.0143 0.9733 0.0172 0.2283
49.7738 -185.9999 1.9069 45.6206 0.0152 0.9687 0.0194 0.2468
49.8780 -185.7437 1.9049 45.2175 0.0170 0.9644 0.0213 0.2632
49.9822 -185.4762 1.9035 44.8249 0.0171 0.9603 0.0217 0.2777
50.0864 -185.1904 1.9040 44.4335 0.0164 0.9566 0.0221 0.2903
50.1907 -184.8981 1.9062 44.0442 0.0157 0.9534 0.0215 0.3006
50.2951 -184.5971 1.9083 43.6515 0.0154 0.9507 0.0211 0.3089
50.3993 -184.2874 1.9088 43.2572 0.0148 0.9486 0.0206 0.3155
50.5037 -183.9689 1.9092 42.8590 0.0139 0.9469 0.0198 0.3207
50.6080 -183.6434 1.9111 42.4564 0.0131 0.9455 0.0184 0.3249
50.7124 -183.3133 1.9149 42.0461 0.0138 0.9443 0.0177 0.3284
50.8167 -182.9728 1.9213 41.6286 0.0146 0.9433 0.0177 0.3311
50.9209 -182.6247 1.9286 41.2043 0.0166 0.9425 0.0181 0.3332
51.0253 -182.2608 1.9335 40.7774 0.0154 0.9420 0.0173 0.3349
51.1295 -181.8872 1.9365 40.3447 0.0137 0.9416 0.0158 0.3361
51.2338 -181.5012 1.9448 39.8949 0.0121 0.9414 0.0152 0.3368
51.3380 -181.1166 1.9528 39.4325 0.0130 0.9412 0.0160 0.3373
51.4422 -180.7267 1.9543 38.9518 0.0155 0.9411 0.0170 0.3372
51.5464 -180.3265 1.9510 38.4615 0.0159 0.9413 0.0170 0.3367
51.6505 -179.9121 1.9485 37.9651 0.0145 0.9415 0.0144 0.3364
51.7546 -179.4927 1.9509 37.4591 0.0152 0.9416 0.0109 0.3362
51.8588 -179.0635 1.9505 36.9374 0.0155 0.9417 0.0084 0.3359
51.9628 -178.6239 1.9469 36.3942 0.0168 0.9418 0.0089 0.3355
52.0669 -178.1621 1.9422 35.8492 0.0156 0.9419 0.0098 0.3354
52.1710 -177.6842 1.9376 35.2962 0.0124 0.9420 0.0099 0.3353
52.2750 -177.1997 1.9297 34.7269 0.0102 0.9419 0.0100 0.3355
52.3790 -176.7106 1.9232 34.1427 0.0098 0.9418 0.0104 0.3357
52.4832 -176.2079 1.9226 33.5389 0.0090 0.9419 0.0119 0.3357
52.5872 -175.6955 1.9237 32.9221 0.0088 0.9419 0.0141 0.3354
52.6912 -175.1718 1.9222 32.2967 0.0071 0.9419 0.0146 0.3355
52.7951 -174.6388 1.9214 31.6650 0.0058 0.9418 0.0130 0.3358
52.8992 -174.1052 1.9271 31.0220 0.0070 0.9418 0.0114 0.3360
53.0032 -173.5590 1.9330 30.3633 0.0081 0.9416 0.0121 0.3365
53.1072 -173.0021 1.9384 29.6960 0.0080 0.9416 0.0152 0.3363
53.2112 -172.4382 1.9458 29.0236 0.0092 0.9416 0.0170 0.3363
53.3152 -171.8670 1.9514 28.3468 0.0099 0.9415 0.0171 0.3366
53.4192 -171.2881 1.9563 27.6606 0.0120 0.9414 0.0159 0.3367
53.5232 -170.7093 1.9587 26.9633 0.0147 0.9413 0.0145 0.3368
53.6270 -170.1234 1.9511 26.2593 0.0154 0.9414 0.0134 0.3367
53.7310 -169.5314 1.9433 25.5462 0.0152 0.9416 0.0128 0.3362
53.8351 -168.9342 1.9367 24.8236 0.0142 0.9417 0.0140 0.3357
53.9389 -168.3371 1.9296 24.0978 0.0132 0.9419 0.0153 0.3354
54.0429 -167.7434 1.9219 23.3687 0.0134 0.9420 0.0169 0.3349
54.1468 -167.1591 1.9143 22.6392 0.0155 0.9421 0.0184 0.3346
54.2508 -166.5815 1.9088 21.9087 0.0189 0.9421 0.0200 0.3342
54.3547 -166.0001 1.9081 21.1796 0.0200 0.9422 0.0221 0.3339
54.4587 -165.4129 1.9142 20.4484 0.0206 0.9422 0.0254 0.3336
54.5625 -164.8351 1.9238 19.7147 0.0212 0.9421 0.0289 0.3334
54.6664 -164.2567 1.9341 18.9925 0.0223 0.9422 0.0287 0.3331
54.7704 -163.6778 1.9403 18.2802 0.0227 0.9424 0.0247 0.3328
54.8743 -163.1045 1.9416 17.5739 0.0242 0.9427 0.0203 0.3321
54.9785 -162.5251 1.9427 16.8568 0.0250 0.9429 0.0186 0.3316
55.0820 -161.9505 1.9393 16.1439 0.0246 0.9431 0.0199 0.3310
55.1859 -161.3773 1.9365 15.4292 0.0244 0.9432 0.0213 0.3306
55.2908 -160.8026 1.9357 14.7121 0.0242 0.9434 0.0220 0.3302
55.3937 -160.2415 1.9366 14.0138 0.0228 0.9439 0.0217 0.3287
55.4977 -159.6822 1.9360 13.3035 0.0210 0.9450 0.0212 0.3256
55.6017 -159.1338 1.9350 12.5910 0.0200 0.9465 0.0211 0.3213
55.7057 -158.6027 1.9391 11.8759 0.0203 0.9484 0.0210 0.3159
55.8097 -158.0880 1.9455 11.1536 0.0209 0.9506 0.0216 0.3089
55.9138 -157.5933 1.9522 10.4231 0.0223 0.9533 0.0233 0.3004
56.0179 -157.1079 1.9581 9.6860 0.0227 0.9562 0.0255 0.2906
56.1221 -156.6525 1.9680 8.9409 0.0237 0.9596 0.0263 0.2790
56.2262 -156.2137 1.9814 8.1875 0.0257 0.9634 0.0270 0.2654
56.3305 -155.8113 2.0027 7.4197 0.0271 0.9674 0.0278 0.2502
56.4347 -155.4337 2.0208 6.6405 0.0283 0.9714 0.0287 0.2341
56.5389 -155.0736 2.0395 5.8543 0.0294 0.9750 0.0283 0.2182
56.6430 -154.7551 2.0560 5.0667 0.0314 0.9785 0.0247 0.2021
56.7473 -154.4511 2.0707 4.2758 0.0331 0.9818 0.0196 0.1858
56.8514 -154.1799 2.0768 3.4753 0.0318 0.9849 0.0161 0.1694
56.9556 -153.9186 2.0815 2.6603 0.0294 0.9876 0.0155 0.1535
57.0596 -153.6909 2.0811 1.8361 0.0282 0.9898 0.0154 0.1390
57.1636 -153.4863 2.0827 1.0043 0.0288 0.9915 0.0149 0.1262
57.2675 -153.2952 2.0890 0.1643 0.0307 0.9928 0.0137 0.1151
57.3713 -153.1167 2.0947 -0.6849 0.0305 0.9939 0.0141 0.1055
57.4751 -152.9463 2.0992 -1.5510 0.0284 0.9949 0.0169 0.0958
57.5791 -152.7936 2.1081 -2.4223 0.0282 0.9957 0.0184 0.0865
57.6829 -152.6592 2.1210 -3.3018 0.0283 0.9964 0.0182 0.0775
57.7867 -152.5347 2.1300 -4.1844 0.0278 0.9971 0.0160 0.0693
57.8906 -152.4224 2.1452 -5.0818 0.0292 0.9975 0.0145 0.0621
57.9949 -152.3238 2.1645 -6.0034 0.0321 0.9977 0.0157 0.0568
58.0981 -152.2301 2.1845 -6.9327 0.0347 0.9977 0.0211 0.0534
58.2019 -152.1344 2.2080 -7.8757 0.0362 0.9977 0.0258 0.0517
58.3054 -152.0349 2.2366 -8.8184 0.0360 0.9977 0.0261 0.0509
58.4092 -151.9309 2.2644 -9.7673 0.0345 0.9978 0.0244 0.0504
58.5128 -151.8222 2.2905 -10.7234 0.0320 0.9980 0.0223 0.0499
58.6166 -151.7054 2.3148 -11.6965 0.0279 0.9982 0.0208 0.0498
58.7204 -151.5906 2.3403 -12.6860 0.0253 0.9982 0.0208 0.0498
58.8240 -151.4796 2.3662 -13.6844 0.0241 0.9982 0.0219 0.0502
58.9278 -151.3681 2.3907 -14.6894 0.0229 0.9982 0.0228 0.0507
59.0317 -151.2539 2.4193 -15.7097 0.0228 0.9982 0.0229 0.0513
59.1354 -151.1385 2.4463 -16.7300 0.0218 0.9982 0.0225 0.0520
59.2392 -151.0183 2.4717 -17.7606 0.0209 0.9982 0.0215 0.0525
59.3431 -150.8986 2.4954 -18.7945 0.0200 0.9982 0.0205 0.0529
59.4468 -150.7787 2.5162 -19.8363 0.0184 0.9982 0.0200 0.0529
59.5507 -150.6584 2.5311 -20.8846 0.0172 0.9983 0.0200 0.0522
59.6546 -150.5418 2.5469 -21.9352 0.0164 0.9983 0.0204 0.0515
59.7584 -150.4287 2.5629 -22.9878 0.0162 0.9984 0.0206 0.0508
59.8625 -150.3173 2.5805 -24.0396 0.0157 0.9984 0.0209 0.0500
59.9660 -150.2100 2.6022 -25.0939 0.0158 0.9984 0.0215 0.0494
60.0697 -150.1008 2.6248 -26.1481 0.0155 0.9984 0.0228 0.0490
60.1735 -149.9955 2.6521 -27.1987 0.0151 0.9984 0.0236 0.0486
60.2772 -149.8915 2.6773 -28.2432 0.0146 0.9985 0.0231 0.0480
60.3811 -149.7898 2.7037 -29.2848 0.0145 0.9985 0.0219 0.0476
60.4848 -149.6882 2.7275 -30.3262 0.0142 0.9986 0.0212 0.0473
60.5885 -149.5881 2.7494 -31.3652 0.0139 0.9986 0.0213 0.0468
60.6926 -149.4892 2.7721 -32.4061 0.0135 0.9986 0.0218 0.0459
60.7970 -149.3925 2.7983 -33.4488 0.0129 0.9987 0.0223 0.0446
60.9002 -149.3004 2.8229 -34.4724 0.0124 0.9987 0.0227 0.0432
61.0039 -149.2116 2.8478 -35.5003 0.0121 0.9988 0.0220 0.0417
61.1077 -149.1247 2.8721 -36.5257 0.0115 0.9989 0.0218 0.0402
61.2116 -149.0389 2.8933 -37.5499 0.0111 0.9989 0.0223 0.0387
61.3153 -148.9571 2.9149 -38.5707 0.0110 0.9990 0.0232 0.0373
61.4192 -148.8814 2.9368 -39.5889 0.0112 0.9990 0.0239 0.0359
61.5230 -148.8101 2.9589 -40.6028 0.0116 0.9990 0.0240 0.0348
61.6268 -148.7352 2.9808 -41.6118 0.0115 0.9991 0.0238 0.0336
61.7310 -148.6636 3.0029 -42.6214 0.0120 0.9991 0.0232 0.0327
61.8345 -148.5927 3.0273 -43.6216 0.0116 0.9992 0.0232 0.0320
61.9384 -148.5176 3.0550 -44.6255 0.0109 0.9992 0.0235 0.0314
62.0421 -148.4441 3.0791 -45.6222 0.0105 0.9992 0.0230 0.0310
62.1459 -148.3689 3.1021 -46.6139 0.0104 0.9993 0.0209 0.0307
62.2499 -148.2960 3.1222 -47.6026 0.0099 0.9993 0.0192 0.0306
62.3537 -148.2258 3.1428 -48.5908 0.0101 0.9993 0.0190 0.0307
62.4574 -148.1556 3.1597 -49.5761 0.0105 0.9993 0.0190 0.0310
62.5613 -148.0851 3.1753 -50.5584 0.0113 0.9992 0.0198 0.0314
62.6653 -148.0135 3.1894 -51.5384 0.0124 0.9992 0.0204 0.0318
62.7691 -147.9424 3.2058 -52.5118 0.0128 0.9992 0.0209 0.0323
62.8728 -147.8700 3.2197 -53.4797 0.0131 0.9992 0.0212 0.0328
62.9767 -147.7977 3.2319 -54.4485 0.0126 0.9991 0.0214 0.0333
63.0807 -147.7243 3.2435 -55.4135 0.0126 0.9991 0.0209 0.0337
63.1845 -147.6532 3.2573 -56.3728 0.0136 0.9991 0.0203 0.0345
63.2882 -147.5797 3.2703 -57.3302 0.0143 0.9991 0.0198 0.0360
63.3921 -147.5001 3.2824 -58.2811 0.0137 0.9990 0.0195 0.0374
63.4958 -147.4207 3.2914 -59.2293 0.0136 0.9990 0.0188 0.0386
63.5997 -147.3415 3.3010 -60.1716 0.0138 0.9989 0.0185 0.0396
63.7036 -147.2599 3.3109 -61.1080 0.0134 0.9989 0.0186 0.0402
63.8074 -147.1781 3.3174 -62.0374 0.0126 0.9989 0.0197 0.0404
63.9114 -147.0991 3.3246 -62.9565 0.0122 0.9989 0.0207 0.0401
64.0158 -147.0218 3.3325 -63.8691 0.0120 0.9989 0.0213 0.0396
64.1195 -146.9462 3.3415 -64.7616 0.0113 0.9989 0.0214 0.0390
64.2234 -146.8736 3.3509 -65.6419 0.0107 0.9990 0.0213 0.0379
64.3274 -146.8046 3.3628 -66.5073 0.0102 0.9991 0.0214 0.0361
64.4314 -146.7409 3.3761 -67.3578 0.0103 0.9992 0.0216 0.0334
64.5356 -146.6842 3.3879 -68.1890 0.0106 0.9993 0.0217 0.0298
64.6396 -146.6370 3.4009 -68.9992 0.0115 0.9994 0.0219 0.0259
64.7436 -146.6018 3.4100 -69.7869 0.0127 0.9994 0.0227 0.0220
64.8476 -146.5750 3.4160 -70.5509 0.0144 0.9995 0.0228 0.0181
64.9515 -146.5515 3.4214 -71.2894 0.0152 0.9995 0.0232 0.0143
65.0555 -146.5298 3.4263 -72.0034 0.0159 0.9995 0.0235 0.0106
65.1595 -146.5152 3.4309 -72.6894 0.0163 0.9996 0.0235 0.0072
65.2635 -146.5063 3.4365 -73.3485 0.0170 0.9996 0.0233 0.0040
65.3675 -146.4990 3.4432 -73.9819 0.0175 0.9996 0.0231 0.0010
65.4715 -146.4960 3.4512 -74.5886 0.0180 0.9996 0.0228 -0.0017
65.5753 -146.4997 3.4547 -75.1677 0.0191 0.9996 0.0225 -0.0041
65.6793 -146.5087 3.4583 -75.7243 0.0199 0.9995 0.0232 -0.0064
65.7833 -146.5201 3.4607 -76.2492 0.0202 0.9995 0.0242 -0.0084
65.8873 -146.5310 3.4649 -76.7450 0.0206 0.9994 0.0247 -0.0103
65.9912 -146.5458 3.4691 -77.2084 0.0209 0.9994 0.0250 -0.0118
66.0953 -146.5624 3.4750 -77.6445 0.0216 0.9994 0.0253 -0.0130
66.1991 -146.5828 3.4811 -78.0456 0.0227 0.9993 0.0256 -0.0140
66.3031 -146.5982 3.4877 -78.4153 0.0233 0.9993 0.0259 -0.0146
66.4070 -146.6147 3.4898 -78.7529 0.0232 0.9993 0.0265 -0.0148
66.5129 -146.6267 3.4923 -79.0606 0.0227 0.9993 0.0268 -0.0145
66.6148 -146.6358 3.4934 -79.3269 0.0220 0.9993 0.0265 -0.0140
66.7188 -146.6444 3.4968 -79.5719 0.0211 0.9993 0.0262 -0.0131
66.8241 -146.6502 3.5018 -79.7972 0.0203 0.9994 0.0258 -0.0119
66.9268 -146.6574 3.5074 -79.9988 0.0198 0.9994 0.0252 -0.0107
67.0316 -146.6613 3.5134 -80.1958 0.0196 0.9995 0.0239 -0.0092
67.1346 -146.6636 3.5238 -80.3847 0.0199 0.9995 0.0228 -0.0081
67.2385 -146.6635 3.5320 -80.5699 0.0203 0.9995 0.0227 -0.0070
67.3425 -146.6558 3.5444 -80.7462 0.0199 0.9995 0.0232 -0.0058
67.4465 -146.6452 3.5533 -80.9115 0.0189 0.9995 0.0234 -0.0046
67.5503 -146.6315 3.5621 -81.0616 0.0180 0.9996 0.0231 -0.0032
67.6543 -146.6264 3.5684 -81.2022 0.0183 0.9996 0.0227 -0.0014
67.7582 -146.6236 3.5746 -81.3349 0.0189 0.9996 0.0223 0.0009
67.8622 -146.6172 3.5802 -81.4609 0.0191 0.9996 0.0221 0.0036
67.9661 -146.6064 3.5864 -81.5800 0.0186 0.9996 0.0220 0.0069
68.0702 -146.5910 3.5916 -81.6918 0.0176 0.9995 0.0219 0.0108
68.1740 -146.5743 3.5959 -81.7961 0.0165 0.9995 0.0220 0.0147
68.2779 -146.5544 3.5990 -81.8880 0.0159 0.9995 0.0225 0.0182
68.3818 -146.5371 3.6016 -81.9641 0.0152 0.9994 0.0228 0.0214
68.4859 -146.5218 3.6051 -82.0253 0.0148 0.9993 0.0229 0.0238
68.5900 -146.5098 3.6079 -82.0727 0.0149 0.9993 0.0225 0.0259
68.6940 -146.4988 3.6109 -82.1081 0.0148 0.9993 0.0223 0.0275
68.7980 -146.4897 3.6124 -82.1331 0.0150 0.9992 0.0223 0.0286
68.9021 -146.4813 3.6149 -82.1479 0.0147 0.9992 0.0220 0.0295
69.0060 -146.4749 3.6166 -82.1547 0.0146 0.9992 0.0221 0.0300
69.1108 -146.4700 3.6187 -82.1516 0.0146 0.9992 0.0221 0.0299
69.2142 -146.4675 3.6184 -82.1445 0.0149 0.9992 0.0217 0.0299
69.3182 -146.4666 3.6175 -82.1429 0.0152 0.9992 0.0211 0.0300
69.4223 -146.4691 3.6192 -82.1460 0.0150 0.9992 0.0209 0.0299
69.5263 -146.4743 3.6214 -82.1485 0.0149 0.9992 0.0211 0.0300
69.6303 -146.4784 3.6223 -82.1481 0.0149 0.9992 0.0209 0.0301
69.7343 -146.4809 3.6263 -82.1469 0.0150 0.9992 0.0209 0.0300
69.8384 -146.4837 3.6310 -82.1459 0.0150 0.9992 0.0211 0.0301
69.9433 -146.4853 3.6357 -82.1443 0.0150 0.9992 0.0210 0.0301
70.0473 -146.4860 3.6422 -82.1434 0.0151 0.9992 0.0210 0.0302
70.1505 -146.4874 3.6464 -82.1448 0.0151 0.9992 0.0211 0.0303
70.2545 -146.4896 3.6509 -82.1465 0.0151 0.9992 0.0210 0.0303
70.3584 -146.4903 3.6531 -82.1473 0.0152 0.9992 0.0210 0.0304
70.4625 -146.4929 3.6608 -82.1510 0.0152 0.9992 0.0210 0.0305
70.5665 -146.4935 3.6661 -82.1526 0.0152 0.9992 0.0211 0.0305
70.6706 -146.4950 3.6727 -82.1546 0.0153 0.9992 0.0210 0.0306
70.7745 -146.4952 3.6770 -82.1554 0.0153 0.9992 0.0210 0.0306
70.8786 -146.4961 3.6829 -82.1566 0.0153 0.9992 0.0210 0.0308
70.9825 -146.4944 3.6866 -82.1561 0.0153 0.9992 0.0211 0.0309
71.0867 -146.4943 3.6926 -82.1566 0.0154 0.9992 0.0210 0.0310
71.1907 -146.4929 3.6977 -82.1552 0.0155 0.9992 0.0210 0.0312
71.2947 -146.4903 3.7040 -82.1518 0.0156 0.9992 0.0210 0.0314
71.3988 -146.4878 3.7113 -82.1484 0.0156 0.9992 0.0210 0.0317
71.5030 -146.4858 3.7173 -82.1454 0.0157 0.9991 0.0210 0.0319
71.6069 -146.4866 3.7214 -82.1430 0.0157 0.9991 0.0210 0.0318
71.7110 -146.4873 3.7254 -82.1409 0.0158 0.9991 0.0210 0.0319
71.8177 -146.4876 3.7302 -82.1384 0.0158 0.9991 0.0210 0.0320
71.9190 -146.4871 3.7338 -82.1363 0.0158 0.9991 0.0210 0.0320
72.0231 -146.4865 3.7363 -82.1351 0.0159 0.9991 0.0210 0.0320
72.1270 -146.4860 3.7371 -82.1336 0.0159 0.9991 0.0210 0.0322
72.2320 -146.4879 3.7382 -82.1333 0.0160 0.9991 0.0210 0.0322
72.3351 -146.4881 3.7397 -82.1325 0.0160 0.9991 0.0210 0.0322
72.4392 -146.4887 3.7440 -82.1330 0.0160 0.9991 0.0210 0.0323
72.5432 -146.4887 3.7468 -82.1332 0.0160 0.9991 0.0210 0.0323
72.6472 -146.4890 3.7497 -82.1335 0.0160 0.9991 0.0211 0.0324
72.7512 -146.4885 3.7520 -82.1332 0.0161 0.9991 0.0211 0.0325
72.8552 -146.4862 3.7567 -82.1336 0.0161 0.9991 0.0211 0.0326
72.9592 -146.4847 3.7604 -82.1335 0.0161 0.9991 0.0211 0.0327
73.0633 -146.4850 3.7627 -82.1336 0.0161 0.9991 0.0211 0.0327
73.1675 -146.4854 3.7633 -82.1338 0.0162 0.9991 0.0211 0.0328
73.2717 -146.4849 3.7634 -82.1335 0.0161 0.9991 0.0211 0.0328
73.3753 -146.4851 3.7644 -82.1334 0.0161 0.9991 0.0211 0.0328
73.4794 -146.4851 3.7658 -82.1330 0.0162 0.9991 0.0212 0.0327
73.5835 -146.4801 3.7698 -82.1337 0.0161 0.9991 0.0212 0.0328
73.6876 -146.4764 3.7726 -82.1328 0.0161 0.9991 0.0212 0.0328
73.7916 -146.4733 3.7737 -82.1323 0.0161 0.9991 0.0211 0.0328
73.8957 -146.4721 3.7747 -82.1319 0.0161 0.9991 0.0211 0.0329
73.9996 -146.4755 3.7751 -82.1328 0.0161 0.9991 0.0212 0.0328
74.1037 -146.4771 3.7752 -82.1331 0.0161 0.9991 0.0212 0.0328
74.2077 -146.4775 3.7760 -82.1332 0.0161 0.9991 0.0212 0.0328
74.3117 -146.4765 3.7783 -82.1332 0.0161 0.9991 0.0211 0.0328
74.4157 -146.5060 3.8176 -82.1500 0.0161 0.9991 0.0212 0.0328
74.5198 -146.5250 3.8449 -82.1620 0.0161 0.9991 0.0211 0.0331
74.6239 -146.5414 3.8680 -82.1761 0.0160 0.9991 0.0209 0.0343
74.7278 -146.5569 3.8919 -82.1956 0.0158 0.9990 0.0207 0.0352
74.8319 -146.5659 3.9088 -82.2173 0.0155 0.9990 0.0205 0.0367
74.9359 -146.5794 3.9273 -82.2456 0.0157 0.9989 0.0206 0.0391
75.0399 -146.5858 3.9403 -82.2754 0.0157 0.9988 0.0206 0.0419
75.1438 -146.5906 3.9550 -82.3101 0.0154 0.9987 0.0206 0.0450
75.2478 -146.5878 3.9638 -82.3443 0.0153 0.9985 0.0206 0.0488
75.3517 -146.5882 3.9741 -82.3844 0.0153 0.9982 0.0206 0.0533
75.4557 -146.5818 3.9808 -82.4262 0.0152 0.9980 0.0206 0.0581
75.5596 -146.5780 3.9884 -82.4735 0.0150 0.9977 0.0206 0.0633
75.6636 -146.5675 3.9939 -82.5226 0.0150 0.9973 0.0206 0.0693
75.7675 -146.5518 4.0008 -82.5742 0.0149 0.9968 0.0205 0.0758
75.8714 -146.5331 4.0066 -82.6323 0.0148 0.9962 0.0200 0.0829
75.9752 -146.5075 4.0132 -82.6980 0.0145 0.9956 0.0190 0.0910
76.0791 -146.4759 4.0192 -82.7785 0.0139 0.9948 0.0179 0.0996
76.1830 -146.4452 4.0244 -82.8803 0.0133 0.9938 0.0174 0.1086
76.2868 -146.3964 4.0293 -82.9878 0.0129 0.9928 0.0176 0.1177
76.3907 -146.3513 4.0336 -83.1167 0.0135 0.9916 0.0183 0.1273
76.4951 -146.2958 4.0378 -83.2584 0.0143 0.9902 0.0191 0.1379
76.5983 -146.2309 4.0410 -83.4100 0.0138 0.9885 0.0197 0.1494
76.7021 -146.1563 4.0457 -83.5744 0.0129 0.9866 0.0210 0.1614
76.8058 -146.0701 4.0519 -83.7430 0.0129 0.9845 0.0220 0.1738
76.9097 -145.9804 4.0582 -83.9210 0.0138 0.9820 0.0226 0.1868
77.0134 -145.8795 4.0636 -84.1062 0.0143 0.9793 0.0238 0.2006
77.1171 -145.7599 4.0701 -84.2913 0.0147 0.9760 0.0255 0.2157
77.2208 -145.6332 4.0763 -84.4845 0.0149 0.9722 0.0263 0.2322
77.3245 -145.4913 4.0836 -84.6826 0.0152 0.9677 0.0259 0.2504
77.4282 -145.3153 4.0897 -84.8808 0.0148 0.9623 0.0246 0.2703
77.5318 -145.1255 4.0951 -85.0975 0.0136 0.9561 0.0232 0.2917
77.6354 -144.8957 4.1001 -85.3185 0.0134 0.9489 0.0223 0.3146
77.7391 -144.6601 4.1099 -85.5649 0.0153 0.9404 0.0216 0.3391
77.8427 -144.3964 4.1211 -85.8194 0.0177 0.9311 0.0204 0.3638
77.9465 -144.0775 4.1289 -86.0654 0.0187 0.9212 0.0187 0.3882
78.0503 -143.7422 4.1345 -86.3272 0.0188 0.9108 0.0182 0.4121
78.1540 -143.3707 4.1377 -86.5914 0.0193 0.8995 0.0185 0.4360
78.2578 -142.9474 4.1416 -86.8406 0.0199 0.8876 0.0193 0.4599
78.3616 -142.5033 4.1436 -87.0880 0.0189 0.8750 0.0205 0.4833
78.4654 -142.0100 4.1482 -87.3156 0.0185 0.8616 0.0228 0.5068
78.5693 -141.5092 4.1534 -87.5434 0.0193 0.8473 0.0256 0.5301
78.6731 -140.9762 4.1563 -87.7514 0.0198 0.8324 0.0280 0.5532
78.7769 -140.3921 4.1587 -87.9243 0.0195 0.8170 0.0297 0.5755
78.8808 -139.7985 4.1600 -88.0876 0.0191 0.8017 0.0312 0.5966
78.9849 -139.1586 4.1622 -88.2199 0.0193 0.7862 0.0323 0.6168
79.0888 -138.5086 4.1660 -88.3388 0.0208 0.7716 0.0326 0.6349
79.1930 -137.8281 4.1689 -88.4333 0.0217 0.7586 0.0317 0.6504
79.2971 -137.1128 4.1713 -88.5015 0.0216 0.7473 0.0303 0.6634
79.4013 -136.3792 4.1717 -88.5603 0.0220 0.7381 0.0287 0.6737
79.5057 -135.6148 4.1699 -88.6075 0.0229 0.7306 0.0276 0.6818
79.6101 -134.8254 4.1684 -88.6465 0.0235 0.7247 0.0273 0.6881
79.7145 -134.0129 4.1648 -88.6761 0.0245 0.7195 0.0272 0.6936
79.8188 -133.1801 4.1568 -88.6966 0.0258 0.7146 0.0269 0.6986
79.9231 -132.3277 4.1476 -88.7056 0.0277 0.7094 0.0260 0.7038
80.0274 -131.4527 4.1366 -88.7011 0.0291 0.7044 0.0246 0.7088
80.1317 -130.5520 4.1226 -88.6805 0.0284 0.7000 0.0232 0.7132
80.2359 -129.6312 4.1040 -88.6495 0.0268 0.6966 0.0216 0.7167
80.3403 -128.6888 4.0848 -88.6121 0.0249 0.6947 0.0200 0.7186
80.4446 -127.7239 4.0659 -88.5757 0.0244 0.6938 0.0187 0.7195
80.5489 -126.7352 4.0482 -88.5405 0.0236 0.6935 0.0187 0.7198
80.6532 -125.7210 4.0311 -88.5049 0.0234 0.6931 0.0194 0.7202
80.7573 -124.6835 4.0140 -88.4643 0.0234 0.6920 0.0198 0.7212
80.8614 -123.6288 3.9969 -88.4197 0.0237 0.6905 0.0200 0.7227
80.9655 -122.5531 3.9781 -88.3683 0.0239 0.6888 0.0198 0.7243
81.0697 -121.4602 3.9603 -88.2943 0.0238 0.6870 0.0197 0.7260
81.1738 -120.3502 3.9407 -88.2108 0.0236 0.6850 0.0195 0.7279
81.2778 -119.2271 3.9203 -88.1306 0.0230 0.6831 0.0205 0.7297
81.3818 -118.0866 3.9018 -88.0406 0.0220 0.6811 0.0222 0.7315
81.4859 -116.9301 3.8833 -87.9487 0.0212 0.6794 0.0232 0.7331
81.5899 -115.7614 3.8680 -87.8486 0.0213 0.6786 0.0231 0.7338
81.6941 -114.5794 3.8497 -87.7451 0.0217 0.6786 0.0220 0.7339
81.7981 -113.3837 3.8310 -87.6392 0.0217 0.6790 0.0216 0.7335
81.9022 -112.1817 3.8122 -87.5392 0.0211 0.6792 0.0228 0.7333
82.0062 -110.9751 3.7918 -87.4387 0.0207 0.6793 0.0241 0.7332
82.1102 -109.7745 3.7717 -87.3429 0.0206 0.6795 0.0250 0.7330
82.2142 -108.5794 3.7506 -87.2471 0.0204 0.6796 0.0253 0.7329
82.3182 -107.3857 3.7267 -87.1468 0.0204 0.6798 0.0254 0.7327
82.4222 -106.1976 3.7017 -87.0499 0.0206 0.6800 0.0248 0.7325
82.5262 -105.0099 3.6772 -86.9530 0.0214 0.6802 0.0239 0.7324
82.6302 -103.8211 3.6532 -86.8597 0.0215 0.6803 0.0238 0.7322
82.7340 -102.6322 3.6287 -86.7640 0.0203 0.6805 0.0242 0.7321
82.8381 -101.4446 3.6072 -86.6722 0.0196 0.6807 0.0251 0.7319
82.9421 -100.2617 3.5887 -86.5720 0.0198 0.6808 0.0244 0.7318
83.0460 -99.0844 3.5694 -86.4807 0.0210 0.6809 0.0240 0.7317
83.1499 -97.9101 3.5475 -86.3863 0.0215 0.6810 0.0235 0.7316
83.2540 -96.7361 3.5268 -86.2939 0.0202 0.6811 0.0238 0.7315
83.3579 -95.5628 3.5065 -86.2014 0.0189 0.6812 0.0245 0.7315
83.4619 -94.3923 3.4901 -86.1102 0.0173 0.6814 0.0248 0.7313
83.5659 -93.2289 3.4741 -86.0175 0.0167 0.6815 0.0235 0.7312
83.6698 -92.0708 3.4573 -85.9301 0.0169 0.6816 0.0226 0.7312
83.7737 -90.9148 3.4399 -85.8444 0.0170 0.6816 0.0223 0.7311
83.8776 -89.7608 3.4205 -85.7575 0.0164 0.6817 0.0221 0.7311
83.9816 -88.6076 3.4023 -85.6741 0.0161 0.6817 0.0230 0.7311
84.0856 -87.4582 3.3838 -85.5912 0.0165 0.6817 0.0232 0.7311
84.1897 -86.3143 3.3657 -85.5113 0.0180 0.6818 0.0233 0.7309
84.2934 -85.1764 3.3473 -85.4316 0.0194 0.6816 0.0236 0.7311
84.3971 -84.0421 3.3271 -85.3526 0.0202 0.6810 0.0247 0.7316
84.5010 -82.9048 3.3061 -85.2667 0.0201 0.6800 0.0254 0.7325
84.6047 -81.7744 3.2857 -85.1782 0.0199 0.6788 0.0259 0.7336
84.7086 -80.6466 3.2666 -85.0825 0.0192 0.6777 0.0257 0.7346
84.8123 -79.5258 3.2454 -84.9828 0.0186 0.6767 0.0244 0.7356
84.9161 -78.4097 3.2218 -84.8824 0.0190 0.6756 0.0232 0.7366
85.0201 -77.2890 3.1919 -84.7846 0.0190 0.6747 0.0230 0.7375
85.1237 -76.1748 3.1625 -84.6850 0.0184 0.6739 0.0235 0.7382
85.2274 -75.0636 3.1339 -84.5844 0.0182 0.6732 0.0239 0.7388
85.3312 -73.9560 3.1085 -84.4815 0.0180 0.6727 0.0240 0.7393
85.4351 -72.8496 3.0827 -84.3755 0.0175 0.6721 0.0244 0.7398
85.5389 -71.7486 3.0593 -84.2675 0.0167 0.6718 0.0239 0.7402
85.6426 -70.6505 3.0359 -84.1597 0.0165 0.6718 0.0236 0.7401
85.7464 -69.5564 3.0146 -84.0517 0.0161 0.6721 0.0227 0.7399
85.8504 -68.4631 2.9935 -83.9466 0.0162 0.6726 0.0225 0.7395
85.9542 -67.3687 2.9732 -83.8445 0.0163 0.6732 0.0230 0.7389
86.0581 -66.2698 2.9591 -83.7442 0.0173 0.6740 0.0239 0.7381
86.1619 -65.1736 2.9452 -83.6486 0.0190 0.6748 0.0246 0.7374
86.2664 -64.0723 2.9301 -83.5538 0.0203 0.6756 0.0251 0.7365
86.3697 -62.9885 2.9146 -83.4639 0.0209 0.6764 0.0260 0.7358
86.4736 -61.8939 2.8945 -83.3719 0.0201 0.6773 0.0269 0.7350
86.5775 -60.8017 2.8734 -83.2798 0.0190 0.6781 0.0270 0.7342
86.6813 -59.7253 2.8515 -83.1923 0.0189 0.6790 0.0265 0.7334
86.7855 -58.6532 2.8261 -83.1058 0.0188 0.6798 0.0256 0.7327
86.8891 -57.5889 2.8016 -83.0229 0.0194 0.6806 0.0245 0.7320
86.9929 -56.5119 2.7797 -82.9287 0.0201 0.6812 0.0232 0.7314
87.0967 -55.4392 2.7564 -82.8456 0.0213 0.6818 0.0229 0.7309
87.2006 -54.3629 2.7316 -82.7595 0.0214 0.6822 0.0228 0.7305
87.3044 -53.2880 2.7073 -82.6778 0.0209 0.6824 0.0236 0.7303
87.4083 -52.2149 2.6843 -82.5945 0.0199 0.6823 0.0244 0.7304
87.5122 -51.1511 2.6632 -82.5098 0.0183 0.6821 0.0242 0.7306
87.6161 -50.1024 2.6446 -82.4238 0.0169 0.6820 0.0232 0.7308
87.7198 -49.0533 2.6265 -82.3370 0.0153 0.6818 0.0215 0.7310
87.8236 -48.0047 2.6092 -82.2502 0.0143 0.6817 0.0201 0.7312
87.9273 -46.9613 2.5916 -82.1617 0.0133 0.6816 0.0185 0.7314
88.0311 -45.9138 2.5731 -82.0772 0.0132 0.6815 0.0177 0.7315
88.1351 -44.8540 2.5606 -81.9936 0.0137 0.6812 0.0163 0.7318
88.2387 -43.7950 2.5471 -81.9131 0.0139 0.6810 0.0165 0.7319
88.3426 -42.7298 2.5395 -81.8360 0.0140 0.6807 0.0192 0.7322
88.4463 -41.6687 2.5282 -81.7552 0.0120 0.6803 0.0219 0.7325
88.5502 -40.6058 2.5158 -81.6696 0.0129 0.6798 0.0231 0.7329
88.6539 -39.5517 2.5040 -81.5933 0.0153 0.6793 0.0226 0.7333
88.7578 -38.4964 2.4881 -81.5130 0.0171 0.6790 0.0214 0.7336
88.8617 -37.4470 2.4679 -81.4292 0.0173 0.6789 0.0207 0.7337
88.9656 -36.3993 2.4493 -81.3435 0.0174 0.6787 0.0204 0.7339
89.0695 -35.3589 2.4306 -81.2601 0.0178 0.6786 0.0210 0.7340
89.1733 -34.3241 2.4098 -81.1785 0.0193 0.6785 0.0209 0.7340
89.2774 -33.2907 2.3882 -81.0983 0.0214 0.6786 0.0210 0.7339
89.3812 -32.2657 2.3647 -81.0189 0.0224 0.6787 0.0212 0.7337
89.4851 -31.2342 2.3415 -80.9389 0.0222 0.6790 0.0227 0.7335
89.5890 -30.2054 2.3199 -80.8633 0.0214 0.6792 0.0247 0.7332
89.6929 -29.1820 2.3015 -80.7900 0.0208 0.6795 0.0254 0.7330
89.7968 -28.1649 2.2865 -80.7195 0.0209 0.6799 0.0247 0.7326
89.9007 -27.1549 2.2739 -80.6509 0.0208 0.6803 0.0235 0.7323
90.0046 -26.1425 2.2583 -80.5796 0.0204 0.6807 0.0233 0.7319
90.1087 -25.1309 2.2434 -80.5129 0.0195 0.6810 0.0239 0.7316
90.2125 -24.1262 2.2244 -80.4451 0.0188 0.6814 0.0243 0.7313
90.3165 -23.1231 2.2009 -80.3801 0.0195 0.6817 0.0248 0.7310
90.4203 -22.1281 2.1792 -80.3138 0.0196 0.6819 0.0248 0.7308
90.5243 -21.1362 2.1581 -80.2473 0.0195 0.6822 0.0248 0.7305
90.6282 -20.1591 2.1365 -80.1810 0.0183 0.6825 0.0246 0.7303
90.7322 -19.2034 2.1157 -80.1180 0.0177 0.6828 0.0245 0.7300
90.8362 -18.2654 2.0948 -80.0561 0.0173 0.6831 0.0245 0.7297
90.9401 -17.3430 2.0766 -79.9931 0.0167 0.6833 0.0246 0.7295
91.0441 -16.4400 2.0567 -79.9296 0.0155 0.6834 0.0246 0.7295
91.1481 -15.5580 2.0381 -79.8663 0.0155 0.6831 0.0249 0.7298
91.2519 -14.7019 2.0215 -79.7976 0.0160 0.6823 0.0245 0.7305
91.3559 -13.8624 2.0069 -79.7310 0.0165 0.6811 0.0242 0.7316
91.4598 -13.0480 1.9826 -79.6577 0.0158 0.6797 0.0233 0.7330
91.5638 -12.2521 1.9557 -79.5809 0.0152 0.6781 0.0222 0.7345
91.6677 -11.4710 1.9314 -79.5052 0.0155 0.6762 0.0217 0.7362
91.7717 -10.7141 1.9073 -79.4284 0.0163 0.6737 0.0215 0.7385
91.8756 -9.9786 1.8821 -79.3469 0.0178 0.6703 0.0215 0.7416
91.9795 -9.2673 1.8550 -79.2587 0.0191 0.6662 0.0214 0.7452
92.0837 -8.5770 1.8246 -79.1590 0.0192 0.6617 0.0210 0.7492
92.1873 -7.9154 1.7935 -79.0516 0.0193 0.6569 0.0208 0.7534
92.2918 -7.2723 1.7650 -78.9405 0.0192 0.6516 0.0209 0.7580
92.3948 -6.6610 1.7322 -78.8234 0.0188 0.6457 0.0219 0.7630
92.4987 -6.0688 1.7024 -78.6964 0.0183 0.6392 0.0214 0.7685
92.6071 -5.4729 1.6696 -78.5495 0.0178 0.6317 0.0196 0.7748
92.7063 -4.9403 1.6428 -78.4073 0.0171 0.6242 0.0180 0.7809
92.8127 -4.3826 1.6161 -78.2486 0.0173 0.6154 0.0181 0.7878
92.9139 -3.8678 1.5948 -78.0863 0.0167 0.6066 0.0179 0.7946
93.0176 -3.3590 1.5760 -77.9027 0.0160 0.5971 0.0169 0.8018
93.1213 -2.8648 1.5578 -77.7113 0.0159 0.5862 0.0161 0.8098
93.2251 -2.3856 1.5388 -77.5040 0.0164 0.5740 0.0147 0.8186
93.3287 -1.9217 1.5193 -77.2871 0.0180 0.5598 0.0138 0.8283
93.4324 -1.4697 1.5006 -77.0545 0.0192 0.5438 0.0131 0.8389
93.5362 -1.0279 1.4876 -76.8001 0.0201 0.5256 0.0143 0.8504
93.6397 -0.6037 1.4729 -76.5331 0.0199 0.5043 0.0160 0.8631
93.7433 -0.2051 1.4558 -76.2388 0.0184 0.4819 0.0152 0.8759
93.8472 0.1668 1.4348 -75.9119 0.0172 0.4593 0.0122 0.8880
93.9506 0.5205 1.4185 -75.5816 0.0174 0.4362 0.0101 0.8996
94.0544 0.8592 1.4001 -75.2418 0.0190 0.4122 0.0099 0.9108
94.1581 1.1820 1.3767 -74.8830 0.0207 0.3882 0.0113 0.9213
94.2618 1.4730 1.3503 -74.5093 0.0189 0.3646 0.0091 0.9309
94.3657 1.7338 1.3245 -74.1108 0.0158 0.3410 0.0047 0.9399
94.4694 1.9772 1.3085 -73.7097 0.0134 0.3166 0.0019 0.9485
94.5733 2.2113 1.2953 -73.2991 0.0105 0.2919 0.0022 0.9564
94.6771 2.4317 1.2827 -72.8688 0.0075 0.2673 0.0040 0.9636
94.7808 2.6256 1.2688 -72.4325 0.0039 0.2428 0.0032 0.9701
94.8848 2.7787 1.2583 -71.9684 -0.0007 0.2183 -0.0021 0.9759
94.9886 2.9156 1.2540 -71.5118 -0.0025 0.1940 -0.0042 0.9810
95.0924 3.0463 1.2584 -71.0534 -0.0013 0.1698 -0.0050 0.9855
95.1965 3.1609 1.2580 -70.5796 -0.0003 0.1475 -0.0046 0.9891
95.3004 3.2579 1.2646 -70.1026 -0.0003 0.1276 -0.0051 0.9918
95.4046 3.3328 1.2671 -69.6101 -0.0005 0.1090 -0.0080 0.9940
95.5086 3.3950 1.2725 -69.1165 0.0001 0.0919 -0.0108 0.9957
95.6128 3.4530 1.2707 -68.6114 -0.0002 0.0777 -0.0120 0.9969
95.7171 3.5057 1.2671 -68.0968 -0.0008 0.0664 -0.0125 0.9977
95.8212 3.5511 1.2617 -67.5757 -0.0013 0.0560 -0.0129 0.9983
95.9254 3.5916 1.2595 -67.0463 -0.0011 0.0465 -0.0117 0.9989
96.0297 3.6231 1.2529 -66.5056 -0.0001 0.0389 -0.0113 0.9992
96.1339 3.6478 1.2431 -65.9503 0.0005 0.0318 -0.0119 0.9994
96.2382 3.6638 1.2349 -65.3770 0.0006 0.0245 -0.0123 0.9996
96.3423 3.6739 1.2272 -64.7900 0.0008 0.0176 -0.0122 0.9998
96.4465 3.6773 1.2187 -64.1850 0.0010 0.0106 -0.0119 0.9999
96.5506 3.6760 1.2095 -63.5634 0.0007 0.0035 -0.0108 0.9999
96.6547 3.6640 1.1999 -62.9254 0.0009 -0.0031 -0.0107 0.9999
96.7589 3.6430 1.1898 -62.2713 0.0015 -0.0082 -0.0113 0.9999
96.8631 3.6172 1.1790 -61.6024 0.0021 -0.0125 -0.0122 0.9998
96.9672 3.5912 1.1681 -60.9157 0.0028 -0.0158 -0.0121 0.9998
97.0714 3.5564 1.1525 -60.2096 0.0031 -0.0179 -0.0122 0.9998
97.1756 3.5203 1.1396 -59.4935 0.0032 -0.0197 -0.0120 0.9997
97.2797 3.4856 1.1289 -58.7604 0.0027 -0.0211 -0.0120 0.9997
97.3838 3.4513 1.1175 -58.0127 0.0017 -0.0224 -0.0113 0.9997
97.4879 3.4153 1.1066 -57.2552 0.0005 -0.0240 -0.0106 0.9997
97.5921 3.3757 1.0949 -56.4937 -0.0007 -0.0256 -0.0101 0.9996
97.6962 3.3324 1.0842 -55.7296 -0.0019 -0.0271 -0.0099 0.9996
97.8003 3.2886 1.0744 -54.9651 -0.0029 -0.0287 -0.0090 0.9995
97.9043 3.2431 1.0649 -54.2035 -0.0033 -0.0305 -0.0079 0.9995
98.0083 3.1924 1.0565 -53.4380 -0.0034 -0.0323 -0.0069 0.9994
98.1123 3.1329 1.0496 -52.6733 -0.0034 -0.0342 -0.0066 0.9994
98.2165 3.0698 1.0428 -51.9072 -0.0031 -0.0361 -0.0064 0.9993
98.3203 3.0055 1.0353 -51.1424 -0.0032 -0.0377 -0.0064 0.9993
98.4243 2.9379 1.0279 -50.3764 -0.0034 -0.0387 -0.0068 0.9992
98.5283 2.8717 1.0190 -49.6123 -0.0032 -0.0393 -0.0071 0.9992
98.6323 2.8032 1.0100 -48.8462 -0.0032 -0.0396 -0.0077 0.9992
98.7363 2.7420 0.9981 -48.0822 -0.0033 -0.0397 -0.0078 0.9992
98.8403 2.6903 0.9818 -47.3187 -0.0037 -0.0397 -0.0073 0.9992
98.9443 2.6328 0.9666 -46.5559 -0.0041 -0.0397 -0.0072 0.9992
99.0482 2.5737 0.9515 -45.7973 -0.0046 -0.0397 -0.0073 0.9992
99.1522 2.5146 0.9390 -45.0397 -0.0051 -0.0397 -0.0071 0.9992
99.2561 2.4559 0.9260 -44.2863 -0.0051 -0.0397 -0.0070 0.9992
99.3601 2.3953 0.9139 -43.5356 -0.0049 -0.0395 -0.0075 0.9992
99.4641 2.3365 0.9025 -42.7870 -0.0046 -0.0391 -0.0074 0.9992
99.5679 2.2814 0.8911 -42.0436 -0.0043 -0.0385 -0.0069 0.9992
99.6719 2.2290 0.8766 -41.3040 -0.0043 -0.0377 -0.0070 0.9993
99.7759 2.1761 0.8564 -40.5742 -0.0040 -0.0370 -0.0075 0.9993
99.8799 2.1282 0.8398 -39.8533 -0.0047 -0.0363 -0.0062 0.9993
99.9838 2.0805 0.8234 -39.1418 -0.0056 -0.0358 -0.0053 0.9993
100.0878 2.0238 0.8104 -38.4413 -0.0066 -0.0351 -0.0067 0.9993
100.1918 1.9754 0.7934 -37.7538 -0.0068 -0.0344 -0.0070 0.9994
100.2957 1.9332 0.7802 -37.0788 -0.0055 -0.0342 -0.0056 0.9994
100.3997 1.8955 0.7597 -36.4147 -0.0045 -0.0341 -0.0053 0.9994
100.5037 1.8516 0.7422 -35.7576 -0.0024 -0.0335 -0.0065 0.9994
100.6077 1.8080 0.7221 -35.1059 -0.0015 -0.0333 -0.0080 0.9994
100.7116 1.7667 0.7015 -34.4582 -0.0012 -0.0331 -0.0084 0.9994
100.8156 1.7274 0.6817 -33.8138 -0.0013 -0.0328 -0.0084 0.9994
100.9196 1.6878 0.6643 -33.1769 -0.0006 -0.0325 -0.0084 0.9994
101.0236 1.6456 0.6488 -32.5445 -0.0001 -0.0325 -0.0091 0.9994
101.1274 1.6028 0.6338 -31.9172 0.0003 -0.0325 -0.0099 0.9994
101.2315 1.5616 0.6192 -31.2933 0.0005 -0.0325 -0.0105 0.9994
101.3354 1.5247 0.6036 -30.6745 0.0002 -0.0327 -0.0103 0.9994
101.4393 1.4881 0.5855 -30.0592 -0.0003 -0.0330 -0.0099 0.9994
101.5433 1.4500 0.5616 -29.4493 -0.0004 -0.0335 -0.0097 0.9994
101.6472 1.4124 0.5424 -28.8403 -0.0002 -0.0341 -0.0093 0.9994
101.7512 1.3783 0.5197 -28.2346 0.0004 -0.0350 -0.0090 0.9993
101.8551 1.3408 0.4975 -27.6306 0.0009 -0.0357 -0.0090 0.9993
101.9591 1.3060 0.4777 -27.0287 0.0009 -0.0366 -0.0090 0.9993
102.0629 1.2677 0.4591 -26.4307 0.0009 -0.0377 -0.0089 0.9992
102.1669 1.2292 0.4406 -25.8341 0.0009 -0.0387 -0.0084 0.9992
102.2708 1.1911 0.4256 -25.2395 0.0008 -0.0396 -0.0075 0.9992
102.3748 1.1521 0.4125 -24.6469 0.0001 -0.0407 -0.0070 0.9991
102.4787 1.1114 0.4027 -24.0604 -0.0003 -0.0416 -0.0071 0.9991
102.5827 1.0674 0.3920 -23.4769 -0.0008 -0.0424 -0.0073 0.9991
102.6866 1.0228 0.3817 -22.8985 -0.0015 -0.0433 -0.0076 0.9990
102.7906 0.9778 0.3707 -22.3266 -0.0018 -0.0440 -0.0076 0.9990
102.8944 0.9346 0.3612 -21.7655 -0.0019 -0.0443 -0.0075 0.9990
102.9985 0.8868 0.3506 -21.2127 -0.0019 -0.0444 -0.0077 0.9990
103.1024 0.8446 0.3428 -20.6705 -0.0020 -0.0441 -0.0083 0.9990
103.2065 0.8029 0.3330 -20.1402 -0.0020 -0.0434 -0.0088 0.9990
103.3103 0.7667 0.3282 -19.6200 -0.0019 -0.0427 -0.0090 0.9990
103.4143 0.7322 0.3216 -19.1116 -0.0019 -0.0421 -0.0087 0.9991
103.5183 0.6995 0.3171 -18.6159 -0.0018 -0.0413 -0.0086 0.9991
103.6223 0.6674 0.3108 -18.1320 -0.0014 -0.0405 -0.0087 0.9991
103.7263 0.6355 0.3060 -17.6573 -0.0012 -0.0399 -0.0088 0.9992
103.8303 0.6018 0.2965 -17.1963 -0.0012 -0.0394 -0.0089 0.9992
103.9343 0.5679 0.2867 -16.7443 -0.0012 -0.0388 -0.0091 0.9992
104.0384 0.5366 0.2754 -16.3070 -0.0014 -0.0382 -0.0090 0.9992
104.1423 0.5073 0.2645 -15.8858 -0.0016 -0.0377 -0.0087 0.9993
104.2510 0.4757 0.2539 -15.4649 -0.0020 -0.0371 -0.0084 0.9993
104.3506 0.4466 0.2451 -15.0950 -0.0027 -0.0366 -0.0089 0.9993
104.4552 0.4170 0.2363 -14.7267 -0.0031 -0.0362 -0.0096 0.9993
104.5582 0.3916 0.2279 -14.3851 -0.0030 -0.0357 -0.0099 0.9993
104.6622 0.3700 0.2141 -14.0646 -0.0028 -0.0353 -0.0093 0.9993
104.7662 0.3513 0.2032 -13.7606 -0.0024 -0.0350 -0.0088 0.9993
104.8702 0.3319 0.1919 -13.4744 -0.0021 -0.0347 -0.0086 0.9994
104.9742 0.3139 0.1822 -13.1991 -0.0018 -0.0344 -0.0088 0.9994
105.0786 0.2995 0.1737 -12.9304 -0.0013 -0.0341 -0.0088 0.9994
105.1819 0.2861 0.1661 -12.6700 -0.0004 -0.0340 -0.0086 0.9994
105.2860 0.2756 0.1593 -12.4109 0.0005 -0.0338 -0.0083 0.9994
105.3900 0.2639 0.1529 -12.1530 0.0007 -0.0336 -0.0083 0.9994
105.4940 0.2561 0.1473 -11.8967 0.0005 -0.0336 -0.0083 0.9994
105.5979 0.2503 0.1411 -11.6435 0.0002 -0.0335 -0.0080 0.9994
105.7018 0.2386 0.1355 -11.3911 0.0001 -0.0335 -0.0077 0.9994
105.8057 0.2256 0.1288 -11.1402 -0.0001 -0.0334 -0.0075 0.9994
105.9097 0.2115 0.1229 -10.8933 -0.0001 -0.0335 -0.0077 0.9994
106.0137 0.1982 0.1204 -10.6449 -0.0002 -0.0336 -0.0075 0.9994
106.1176 0.1840 0.1142 -10.3981 -0.0001 -0.0340 -0.0070 0.9994
106.2215 0.1694 0.1079 -10.1522 -0.0002 -0.0354 -0.0063 0.9994
106.3255 0.1512 0.1011 -9.9079 -0.0002 -0.0376 -0.0062 0.9993
106.4293 0.1328 0.0965 -9.6651 -0.0003 -0.0407 -0.0064 0.9992
106.5332 0.1131 0.0920 -9.4245 -0.0001 -0.0445 -0.0066 0.9990
106.6377 0.0910 0.0883 -9.1835 -0.0001 -0.0483 -0.0072 0.9988
106.7410 0.0654 0.0824 -8.9477 -0.0001 -0.0511 -0.0083 0.9987
106.8450 0.0408 0.0741 -8.7136 0.0001 -0.0535 -0.0090 0.9985
106.9494 0.0169 0.0690 -8.4767 0.0002 -0.0559 -0.0085 0.9984
107.0529 -0.0081 0.0653 -8.2426 0.0003 -0.0584 -0.0079 0.9983
107.1568 -0.0371 0.0622 -8.0089 0.0003 -0.0605 -0.0084 0.9981
107.2607 -0.0709 0.0579 -7.7784 0.0005 -0.0616 -0.0098 0.9981
107.3647 -0.1056 0.0506 -7.5499 0.0007 -0.0619 -0.0109 0.9980
107.4688 -0.1332 0.0449 -7.3214 0.0008 -0.0615 -0.0109 0.9980
107.5728 -0.1584 0.0407 -7.0940 0.0007 -0.0609 -0.0107 0.9981
107.6768 -0.1817 0.0355 -6.8676 0.0006 -0.0600 -0.0103 0.9981
107.7809 -0.2082 0.0261 -6.6383 0.0004 -0.0589 -0.0104 0.9982
107.8850 -0.2343 0.0169 -6.4127 0.0003 -0.0576 -0.0103 0.9983
107.9890 -0.2605 0.0065 -6.1888 0.0006 -0.0564 -0.0102 0.9984
108.0930 -0.2849 -0.0030 -5.9659 0.0007 -0.0550 -0.0101 0.9984
108.1971 -0.3079 -0.0126 -5.7423 0.0006 -0.0534 -0.0102 0.9985
108.3011 -0.3276 -0.0212 -5.5193 0.0006 -0.0515 -0.0100 0.9986
108.4051 -0.3442 -0.0278 -5.2960 0.0006 -0.0494 -0.0100 0.9987
108.5091 -0.3604 -0.0337 -5.0690 0.0010 -0.0475 -0.0099 0.9988
108.6130 -0.3762 -0.0402 -4.8338 0.0019 -0.0454 -0.0099 0.9989
108.7170 -0.3884 -0.0441 -4.5869 0.0027 -0.0431 -0.0096 0.9990
108.8210 -0.4016 -0.0485 -4.3280 0.0029 -0.0409 -0.0094 0.9991
108.9250 -0.4129 -0.0518 -4.0576 0.0027 -0.0384 -0.0091 0.9992
109.0288 -0.4241 -0.0570 -3.7761 0.0026 -0.0360 -0.0087 0.9993
109.1328 -0.4313 -0.0631 -3.4832 0.0022 -0.0335 -0.0078 0.9994
109.2368 -0.4409 -0.0699 -3.1816 0.0014 -0.0309 -0.0069 0.9995
109.3407 -0.4540 -0.0754 -2.8727 0.0007 -0.0285 -0.0063 0.9996
109.4447 -0.4645 -0.0807 -2.5559 0.0004 -0.0261 -0.0059 0.9996
109.5486 -0.4726 -0.0831 -2.2313 0.0001 -0.0240 -0.0059 0.9997
109.6526 -0.4805 -0.0873 -1.8970 -0.0004 -0.0219 -0.0060 0.9997
109.7565 -0.4879 -0.0934 -1.5563 -0.0009 -0.0198 -0.0055 0.9998
109.8605 -0.4929 -0.0999 -1.2069 -0.0011 -0.0180 -0.0046 0.9998
109.9644 -0.4949 -0.1051 -0.8507 -0.0003 -0.0168 -0.0034 0.9999
110.0682 -0.4997 -0.1106 -0.4852 0.0009 -0.0160 -0.0027 0.9999
110.1721 -0.5088 -0.1158 -0.1089 0.0020 -0.0153 -0.0033 0.9999
110.2760 -0.5210 -0.1196 0.2785 0.0020 -0.0140 -0.0050 0.9999
110.3800 -0.5116 -0.1105 0.6797 0.0015 -0.0113 -0.0075 0.9999
110.4840 -0.4737 -0.0922 1.0889 0.0010 -0.0074 -0.0065 1.0000
110.5878 -0.4340 -0.0877 1.4921 0.0010 -0.0035 -0.0023 1.0000
110.6917 -0.3884 -0.0866 1.8904 0.0022 -0.0017 0.0021 1.0000
110.7956 -0.3696 -0.0941 2.2815 0.0039 -0.0032 0.0039 1.0000
110.8992 -0.3686 -0.0962 2.6692 0.0049 -0.0088 0.0021 0.9999
111.0029 -0.3878 -0.0976 3.0507 0.0067 -0.0171 -0.0005 0.9998
111.1066 -0.4147 -0.0995 3.4286 0.0085 -0.0258 -0.0043 0.9996
111.2102 -0.4428 -0.1045 3.8031 0.0095 -0.0353 -0.0047 0.9993
111.3140 -0.4734 -0.1130 4.1753 0.0093 -0.0468 -0.0028 0.9989
111.4177 -0.5213 -0.1245 4.5458 0.0062 -0.0588 -0.0029 0.9982
111.5213 -0.5908 -0.1371 4.9092 0.0028 -0.0715 -0.0058 0.9974
111.6251 -0.6695 -0.1455 5.2629 0.0009 -0.0846 -0.0084 0.9964
111.7287 -0.7540 -0.1526 5.6087 0.0001 -0.0976 -0.0097 0.9952
111.8325 -0.8389 -0.1578 5.9516 -0.0016 -0.1097 -0.0101 0.9939
111.9364 -0.9297 -0.1628 6.2919 -0.0032 -0.1203 -0.0097 0.9927
112.0402 -1.0320 -0.1683 6.6264 -0.0048 -0.1273 -0.0120 0.9918
112.1442 -1.1360 -0.1743 6.9585 -0.0062 -0.1315 -0.0156 0.9912
112.2483 -1.2293 -0.1750 7.2894 -0.0074 -0.1326 -0.0177 0.9910
112.3525 -1.3129 -0.1762 7.6176 -0.0074 -0.1303 -0.0185 0.9913
112.4567 -1.3838 -0.1784 7.9441 -0.0074 -0.1264 -0.0174 0.9918
112.5610 -1.4386 -0.1800 8.2494 -0.0093 -0.1223 -0.0145 0.9923
112.6651 -1.4853 -0.1785 8.5211 -0.0105 -0.1176 -0.0129 0.9929
112.7692 -1.5311 -0.1801 8.7513 -0.0112 -0.1124 -0.0137 0.9935
112.8733 -1.5655 -0.1844 8.9469 -0.0113 -0.1075 -0.0141 0.9940
112.9775 -1.5894 -0.1876 9.1066 -0.0106 -0.1027 -0.0140 0.9946
113.0816 -1.6038 -0.1881 9.2322 -0.0101 -0.0988 -0.0126 0.9950
113.1857 -1.6158 -0.1882 9.3246 -0.0096 -0.0961 -0.0117 0.9953
113.2897 -1.6266 -0.1886 9.3809 -0.0091 -0.0942 -0.0119 0.9954
113.3937 -1.6350 -0.1888 9.4055 -0.0083 -0.0933 -0.0124 0.9955
113.4977 -1.6359 -0.1890 9.4048 -0.0081 -0.0934 -0.0123 0.9955
113.6017 -1.6368 -0.1925 9.3870 -0.0070 -0.0936 -0.0125 0.9955
113.7057 -1.6376 -0.1977 9.3788 -0.0045 -0.0934 -0.0126 0.9955
113.8097 -1.6403 -0.1994 9.3762 -0.0030 -0.0936 -0.0125 0.9955
113.9136 -1.6411 -0.1963 9.3725 -0.0032 -0.0936 -0.0123 0.9955
114.0176 -1.6431 -0.1933 9.3696 -0.0037 -0.0934 -0.0123 0.9955
114.1216 -1.6435 -0.1933 9.3711 -0.0039 -0.0936 -0.0123 0.9955
114.2256 -1.6437 -0.1925 9.3703 -0.0042 -0.0935 -0.0125 0.9955
114.3296 -1.6436 -0.1911 9.3675 -0.0042 -0.0935 -0.0125 0.9955
