0.0000 -0.0000 0.0000 0.0000 0.0000 -0.0000 -0.0000 1.0000
0.1039 -0.0099 -0.0057 0.0784 -0.0001 -0.0029 -0.0001 1.0000
0.2079 -0.0198 -0.0061 0.1428 -0.0001 -0.0065 -0.0002 1.0000
0.3117 -0.0338 -0.0060 0.1981 0.0000 -0.0104 -0.0003 0.9999
0.4156 -0.0588 -0.0093 0.3211 0.0003 -0.0150 -0.0003 0.9999
0.5195 -0.0677 -0.0074 0.4879 0.0006 -0.0205 -0.0005 0.9998
0.6234 -0.0771 -0.0115 0.6108 0.0008 -0.0274 -0.0003 0.9996
0.7271 -0.0973 -0.0110 0.7494 0.0007 -0.0355 -0.0004 0.9994
0.8309 -0.1276 -0.0240 0.8999 0.0006 -0.0447 -0.0002 0.9990
0.9346 -0.1582 -0.0304 1.0632 0.0006 -0.0548 -0.0001 0.9985
1.0384 -0.2041 -0.0232 1.2340 0.0007 -0.0657 -0.0002 0.9978
1.1421 -0.2646 -0.0269 1.4136 0.0021 -0.0780 -0.0017 0.9969
1.2459 -0.3466 -0.0347 1.6018 0.0027 -0.0909 -0.0031 0.9959
1.3496 -0.4130 -0.0454 1.7574 0.0031 -0.1045 -0.0050 0.9945
1.4533 -0.4990 -0.0496 1.9692 0.0039 -0.1194 -0.0057 0.9928
1.5570 -0.5662 -0.0558 2.1428 0.0040 -0.1353 -0.0061 0.9908
1.6608 -0.6917 -0.0529 2.3625 0.0039 -0.1515 -0.0066 0.9884
1.7644 -0.8089 -0.0715 2.5528 0.0034 -0.1690 -0.0084 0.9856
1.8680 -0.8807 -0.0661 2.7238 0.0036 -0.1866 -0.0095 0.9824
1.9717 -1.0313 -0.0668 2.9273 0.0038 -0.2041 -0.0117 0.9789
2.0755 -1.1726 -0.0561 3.1266 0.0042 -0.2228 -0.0124 0.9748
2.1791 -1.2822 -0.0544 3.3034 0.0045 -0.2425 -0.0103 0.9701
2.2829 -1.4672 -0.0656 3.5143 0.0040 -0.2633 -0.0085 0.9647
2.3865 -1.5989 -0.0806 3.6732 0.0029 -0.2859 -0.0089 0.9582
2.4901 -1.8120 -0.0647 3.8707 0.0023 -0.3098 -0.0117 0.9507
2.5936 -2.0397 -0.0773 4.0288 0.0022 -0.3345 -0.0132 0.9423
2.6973 -2.2131 -0.0705 4.1750 0.0022 -0.3602 -0.0132 0.9328
2.8009 -2.4887 -0.0941 4.3553 0.0013 -0.3865 -0.0113 0.9222
2.9046 -2.7204 -0.0918 4.5045 0.0001 -0.4128 -0.0096 0.9108
3.0082 -2.9433 -0.0938 4.6236 -0.0012 -0.4389 -0.0089 0.8985
3.1120 -3.2556 -0.0760 4.7795 -0.0025 -0.4653 -0.0086 0.8851
3.2158 -3.5493 -0.0822 4.9135 -0.0035 -0.4918 -0.0087 0.8707
3.3194 -3.8465 -0.0807 4.9723 -0.0043 -0.5176 -0.0088 0.8555
3.4231 -4.2016 -0.0745 5.1178 -0.0055 -0.5432 -0.0092 0.8395
3.5269 -4.5301 -0.0735 5.1501 -0.0061 -0.5678 -0.0100 0.8231
3.6306 -4.9282 -0.0667 5.2462 -0.0078 -0.5916 -0.0106 0.8061
3.7344 -5.3120 -0.0588 5.2999 -0.0097 -0.6138 -0.0102 0.7893
3.8383 -5.6662 -0.0708 5.3103 -0.0106 -0.6341 -0.0100 0.7731
3.9421 -6.1209 -0.0610 5.3517 -0.0105 -0.6526 -0.0107 0.7575
4.0463 -6.5236 -0.0446 5.3323 -0.0097 -0.6687 -0.0114 0.7434
4.1503 -6.9988 -0.0399 5.3462 -0.0085 -0.6829 -0.0120 0.7304
4.2544 -7.4629 -0.0262 5.3498 -0.0079 -0.6955 -0.0113 0.7184
4.3585 -7.9111 -0.0310 5.3026 -0.0070 -0.7067 -0.0103 0.7074
4.4626 -8.4188 -0.0170 5.2605 0.0065 0.7161 0.0099 -0.6979
4.5669 -8.9235 -0.0124 5.2276 0.0057 0.7235 0.0093 -0.6903
4.6712 -9.4709 -0.0031 5.1779 0.0047 0.7291 0.0091 -0.6843
4.7755 -10.0039 0.0024 5.1256 0.0051 0.7336 0.0091 -0.6795
4.8800 -10.5537 0.0117 5.0577 0.0053 0.7369 0.0096 -0.6759
4.9843 -11.1328 0.0072 5.0200 0.0059 0.7393 0.0095 -0.6732
5.0885 -11.7327 0.0140 4.9263 0.0062 0.7407 0.0098 -0.6718
5.1929 -12.3368 0.0278 4.8748 0.0064 0.7414 0.0105 -0.6710
5.2972 -12.9448 0.0380 4.8284 0.0080 0.7411 0.0106 -0.6713
5.4015 -13.6016 0.0425 4.7454 0.0087 0.7405 0.0110 -0.6719
5.5057 -14.2553 0.0487 4.6844 0.0083 0.7401 0.0113 -0.6724
5.6100 -14.9021 0.0614 4.6202 0.0063 0.7394 0.0124 -0.6731
5.7143 -15.5994 0.0695 4.5377 0.0060 0.7390 0.0125 -0.6736
5.8184 -16.2955 0.0846 4.4708 0.0067 0.7384 0.0130 -0.6742
5.9225 -17.0092 0.1002 4.4055 0.0085 0.7378 0.0140 -0.6748
6.0268 -17.7549 0.1040 4.3398 0.0090 0.7370 0.0145 -0.6756
6.1309 -18.5004 0.1194 4.2743 0.0082 0.7365 0.0153 -0.6762
6.2350 -19.2305 0.1281 4.1798 0.0066 0.7359 0.0154 -0.6769
6.3390 -19.9955 0.1399 4.1203 0.0055 0.7353 0.0161 -0.6775
6.4431 -20.7975 0.1561 4.0554 0.0072 0.7349 0.0154 -0.6779
6.5473 -21.5648 0.1665 4.0007 0.0087 0.7345 0.0153 -0.6784
6.6513 -22.3830 0.2028 3.9387 0.0092 0.7341 0.0154 -0.6789
6.7554 -23.1894 0.2075 3.8538 0.0084 0.7338 0.0138 -0.6792
6.8594 -23.9887 0.2097 3.7921 0.0067 0.7337 0.0112 -0.6793
6.9634 -24.8313 0.2079 3.7423 0.0055 0.7338 0.0089 -0.6792
7.0674 -25.6205 0.2160 3.6518 0.0056 0.7340 0.0092 -0.6791
7.1713 -26.4853 0.2327 3.5916 0.0082 0.7340 0.0115 -0.6790
7.2753 -27.3497 0.2580 3.5179 0.0101 0.7340 0.0140 -0.6789
7.3793 -28.1859 0.2827 3.4432 0.0116 0.7341 0.0158 -0.6787
7.4833 -29.0179 0.2843 3.3677 0.0120 0.7341 0.0165 -0.6787
7.5873 -29.8536 0.2865 3.3021 0.0110 0.7344 0.0160 -0.6784
7.6911 -30.6974 0.2964 3.2315 0.0095 0.7346 0.0155 -0.6783
7.7951 -31.5556 0.3121 3.1607 0.0097 0.7345 0.0164 -0.6784
7.8990 -32.3865 0.3422 3.0583 0.0098 0.7345 0.0167 -0.6783
8.0030 -33.2280 0.3553 2.9887 0.0093 0.7344 0.0170 -0.6785
8.1070 -34.0582 0.3544 2.9247 0.0074 0.7342 0.0157 -0.6787
8.2110 -34.8677 0.3671 2.8515 0.0054 0.7342 0.0151 -0.6787
8.3150 -35.7078 0.3846 2.7775 0.0051 0.7340 0.0154 -0.6789
8.4189 -36.5167 0.3684 2.7069 0.0065 0.7339 0.0154 -0.6791
8.5229 -37.3605 0.4187 2.6373 0.0075 0.7337 0.0176 -0.6792
8.6269 -38.2107 0.4319 2.5779 0.0109 0.7335 0.0179 -0.6794
8.7308 -39.0430 0.4370 2.5042 0.0119 0.7335 0.0187 -0.6794
8.8348 -39.8506 0.4509 2.4300 0.0115 0.7335 0.0195 -0.6793
8.9388 -40.6853 0.4609 2.3640 0.0103 0.7334 0.0184 -0.6794
9.0428 -41.5346 0.4625 2.2860 0.0090 0.7333 0.0169 -0.6797
9.1466 -42.3609 0.4895 2.2179 0.0066 0.7332 0.0172 -0.6798
9.2507 -43.1740 0.4951 2.1456 0.0055 0.7333 0.0171 -0.6797
9.3545 -43.9924 0.5188 2.0745 0.0044 0.7336 0.0169 -0.6794
9.4585 -44.8465 0.5272 2.0002 0.0041 0.7339 0.0144 -0.6791
9.5625 -45.6549 0.5246 1.9519 0.0049 0.7342 0.0128 -0.6788
9.6664 -46.4896 0.5346 1.8741 0.0062 0.7347 0.0136 -0.6782
9.7704 -47.3198 0.5500 1.7967 0.0088 0.7354 0.0144 -0.6774
9.8742 -48.1477 0.5669 1.7364 0.0104 0.7360 0.0154 -0.6767
9.9781 -48.9119 0.5660 1.6588 0.0104 0.7366 0.0152 -0.6761
10.0821 -49.7301 0.5622 1.5761 0.0092 0.7371 0.0145 -0.6756
10.1860 -50.5238 0.5687 1.4855 0.0067 0.7374 0.0146 -0.6752
10.2900 -51.3285 0.5827 1.3997 0.0049 0.7377 0.0154 -0.6749
10.3939 -52.1172 0.5906 1.3218 0.0050 0.7383 0.0158 -0.6743
10.4978 -52.9108 0.6011 1.2413 0.0052 0.7386 0.0165 -0.6739
10.6017 -53.6992 0.6111 1.1629 0.0050 0.7388 0.0166 -0.6737
10.7056 -54.4818 0.6126 1.0865 0.0050 0.7390 0.0166 -0.6735
10.8096 -55.2639 0.6214 1.0098 0.0057 0.7392 0.0168 -0.6733
10.9135 -56.0308 0.6273 0.9351 0.0066 0.7393 0.0175 -0.6731
11.0175 -56.8115 0.6575 0.8560 0.0080 0.7391 0.0193 -0.6733
11.1214 -57.5751 0.6518 0.7721 0.0085 0.7394 0.0201 -0.6730
11.2254 -58.3162 0.6708 0.7032 0.0086 0.7395 0.0201 -0.6727
11.3293 -59.0734 0.6768 0.6172 0.0083 0.7397 0.0196 -0.6726
11.4333 -59.8011 0.6812 0.5312 0.0074 0.7400 0.0181 -0.6724
11.5372 -60.4874 0.6902 0.4726 0.0066 0.7398 0.0174 -0.6726
11.6411 -61.2281 0.6957 0.3990 0.0058 0.7394 0.0166 -0.6730
11.7451 -61.9366 0.6967 0.3170 0.0046 0.7386 0.0169 -0.6739
11.8491 -62.5871 0.7150 0.2673 0.0046 0.7373 0.0173 -0.6753
11.9533 -63.2559 0.7210 0.2014 0.0049 0.7354 0.0184 -0.6773
12.0573 -63.9210 0.7245 0.1509 0.0056 0.7327 0.0180 -0.6802
12.1614 -64.5577 0.7457 0.1058 0.0056 0.7297 0.0187 -0.6835
12.2655 -65.1578 0.7495 0.0579 0.0055 0.7258 0.0203 -0.6876
12.3696 -65.7747 0.7565 0.0342 0.0051 0.7205 0.0216 -0.6931
12.4739 -66.3640 0.7705 0.0266 0.0049 0.7140 0.0225 -0.6998
12.5781 -66.9219 0.7742 0.0370 -0.0048 -0.7063 -0.0227 0.7076
12.6824 -67.4611 0.7818 0.0656 -0.0050 -0.6972 -0.0226 0.7165
12.7868 -67.9739 0.7754 0.1122 -0.0053 -0.6869 -0.0223 0.7264
12.8911 -68.4784 0.7831 0.1707 -0.0060 -0.6742 -0.0215 0.7382
12.9955 -68.9602 0.7946 0.2718 -0.0061 -0.6603 -0.0211 0.7507
13.0999 -69.4193 0.7992 0.3770 -0.0062 -0.6449 -0.0208 0.7639
13.2044 -69.8487 0.8014 0.4981 -0.0073 -0.6271 -0.0200 0.7786
13.3088 -70.2880 0.8033 0.6660 -0.0086 -0.6083 -0.0181 0.7934
13.4133 -70.7146 0.7975 0.8323 -0.0103 -0.5872 -0.0140 0.8093
13.5176 -71.1061 0.7877 1.0544 -0.0110 -0.5657 -0.0103 0.8245
13.6221 -71.4943 0.7915 1.2607 -0.0116 -0.5420 -0.0074 0.8403
13.7265 -71.8493 0.8011 1.5387 -0.0118 -0.5186 -0.0068 0.8549
13.8308 -72.2068 0.8300 1.7776 -0.0121 -0.4946 -0.0058 0.8690
13.9351 -72.5450 0.8426 2.0551 -0.0146 -0.4713 -0.0025 0.8818
14.0394 -72.8596 0.8146 2.3780 -0.0176 -0.4477 0.0023 0.8940
14.1436 -73.1493 0.8124 2.6665 -0.0167 -0.4232 0.0038 0.9059
14.2479 -73.4455 0.8341 2.9952 -0.0130 -0.3984 0.0045 0.9171
14.3521 -73.7086 0.8280 3.3031 -0.0074 -0.3721 0.0052 0.9281
14.4564 -73.9738 0.8313 3.7070 -0.0027 -0.3451 0.0051 0.9386
14.5606 -74.2288 0.8364 4.0682 -0.0007 -0.3169 0.0051 0.9485
14.6649 -74.4424 0.8190 4.4952 -0.0000 -0.2888 0.0055 0.9574
14.7690 -74.6826 0.8194 4.9637 0.0015 -0.2610 0.0049 0.9653
14.8732 -74.8941 0.7924 5.4173 0.0009 -0.2344 0.0042 0.9721
14.9771 -75.1001 0.8150 5.9287 0.0013 -0.2103 0.0020 0.9776
15.0812 -75.2684 0.8011 6.4339 0.0024 -0.1884 -0.0007 0.9821
15.1850 -75.4433 0.7965 6.9776 0.0022 -0.1691 -0.0028 0.9856
15.2888 -75.6069 0.7944 7.5515 0.0014 -0.1532 -0.0033 0.9882
15.3925 -75.7591 0.7685 8.1100 0.0003 -0.1404 -0.0028 0.9901
15.4962 -75.9225 0.7613 8.7190 -0.0008 -0.1294 -0.0029 0.9916
15.5999 -76.0600 0.7624 9.3359 -0.0020 -0.1202 -0.0034 0.9927
15.7036 -76.2065 0.7617 9.9419 -0.0026 -0.1122 -0.0057 0.9937
15.8073 -76.3622 0.7669 10.5952 -0.0032 -0.1053 -0.0071 0.9944
15.9110 -76.4829 0.7471 11.2609 -0.0031 -0.0986 -0.0071 0.9951
16.0148 -76.6012 0.7384 11.9293 -0.0032 -0.0916 -0.0066 0.9958
16.1185 -76.7241 0.7500 12.6257 -0.0034 -0.0842 -0.0067 0.9964
16.2224 -76.8374 0.7425 13.3443 -0.0039 -0.0771 -0.0073 0.9970
16.3261 -76.9281 0.7316 14.0556 -0.0027 -0.0706 -0.0077 0.9975
16.4299 -77.0284 0.7172 14.7736 -0.0001 -0.0652 -0.0091 0.9978
16.5338 -77.1122 0.7070 15.5030 0.0031 -0.0601 -0.0080 0.9982
16.6375 -77.1974 0.6970 16.2603 0.0032 -0.0562 -0.0080 0.9984
16.7413 -77.2751 0.6876 17.0367 0.0005 -0.0528 -0.0080 0.9986
16.8451 -77.3586 0.6878 17.8304 -0.0033 -0.0505 -0.0106 0.9987
16.9489 -77.4359 0.6765 18.6003 -0.0054 -0.0482 -0.0104 0.9988
17.0526 -77.5121 0.6656 19.3614 -0.0053 -0.0464 -0.0101 0.9989
17.1564 -77.5813 0.6486 20.1230 -0.0051 -0.0450 -0.0104 0.9989
17.2603 -77.6596 0.6575 20.8941 -0.0057 -0.0435 -0.0095 0.9990
17.3640 -77.7420 0.6499 21.6723 -0.0067 -0.0421 -0.0087 0.9991
17.4679 -77.8125 0.6438 22.4491 -0.0079 -0.0407 -0.0077 0.9991
17.5717 -77.8576 0.6296 23.2029 -0.0064 -0.0392 -0.0073 0.9992
17.6755 -77.9237 0.6243 23.9595 -0.0029 -0.0384 -0.0086 0.9992
17.7794 -77.9901 0.6061 24.7042 0.0008 -0.0374 -0.0096 0.9993
17.8831 -78.0628 0.5845 25.4864 0.0029 -0.0370 -0.0097 0.9993
17.9870 -78.1193 0.5661 26.2441 0.0026 -0.0359 -0.0105 0.9993
18.0909 -78.1891 0.5505 27.0087 0.0005 -0.0345 -0.0120 0.9993
18.1948 -78.2368 0.5521 27.7622 -0.0020 -0.0337 -0.0134 0.9993
18.2985 -78.2938 0.5152 28.5417 -0.0028 -0.0323 -0.0133 0.9994
18.4024 -78.3413 0.5009 29.2758 -0.0029 -0.0317 -0.0122 0.9994
18.5063 -78.3913 0.4977 30.0387 -0.0030 -0.0313 -0.0117 0.9994
18.6101 -78.4422 0.4920 30.7662 -0.0023 -0.0308 -0.0119 0.9995
18.7139 -78.4933 0.4846 31.5234 -0.0018 -0.0304 -0.0112 0.9995
18.8178 -78.5313 0.4670 32.2750 -0.0017 -0.0301 -0.0110 0.9995
18.9216 -78.5853 0.4688 33.0604 -0.0020 -0.0298 -0.0116 0.9995
19.0255 -78.6492 0.4521 33.8487 -0.0016 -0.0297 -0.0114 0.9995
19.1294 -78.7019 0.4517 34.6261 -0.0015 -0.0305 -0.0113 0.9995
19.2333 -78.7391 0.4427 35.4108 -0.0016 -0.0316 -0.0110 0.9994
19.3370 -78.8110 0.4290 36.1918 -0.0018 -0.0329 -0.0111 0.9994
19.4409 -78.8807 0.4228 36.9997 -0.0016 -0.0343 -0.0128 0.9993
19.5448 -78.9523 0.4077 37.7951 0.0004 -0.0357 -0.0130 0.9993
19.6485 -79.0074 0.3885 38.6115 0.0025 -0.0369 -0.0135 0.9992
19.7524 -79.0796 0.3629 39.4273 0.0029 -0.0379 -0.0134 0.9992
19.8563 -79.1507 0.3653 40.2437 0.0027 -0.0388 -0.0129 0.9992
19.9601 -79.2204 0.3387 41.0796 0.0023 -0.0401 -0.0125 0.9991
20.0640 -79.2880 0.3100 41.8991 0.0019 -0.0410 -0.0126 0.9991
20.1679 -79.3639 0.3124 42.7278 -0.0003 -0.0414 -0.0121 0.9991
20.2719 -79.4399 0.3111 43.5893 -0.0029 -0.0419 -0.0110 0.9991
20.3758 -79.5263 0.2947 44.4345 -0.0039 -0.0416 -0.0107 0.9991
20.4797 -79.5927 0.2869 45.3072 -0.0039 -0.0405 -0.0119 0.9991
20.5836 -79.6631 0.2617 46.1874 -0.0035 -0.0398 -0.0123 0.9991
20.6875 -79.7423 0.2730 47.0533 -0.0027 -0.0386 -0.0111 0.9992
20.7915 -79.8171 0.2455 47.9153 -0.0021 -0.0378 -0.0099 0.9992
20.8954 -79.8925 0.2378 48.8003 -0.0018 -0.0371 -0.0088 0.9993
20.9993 -79.9585 0.2401 49.6806 -0.0029 -0.0363 -0.0078 0.9993
21.1033 -80.0135 0.2303 50.5480 -0.0037 -0.0361 -0.0059 0.9993
21.2071 -80.0859 0.2141 51.4106 -0.0039 -0.0354 -0.0061 0.9993
21.3111 -80.1562 0.2147 52.2997 -0.0029 -0.0352 -0.0058 0.9994
21.4150 -80.2280 0.1830 53.1371 -0.0004 -0.0346 -0.0077 0.9994
21.5190 -80.3076 0.1646 53.9950 0.0026 -0.0340 -0.0085 0.9994
21.6229 -80.3843 0.1382 54.8358 0.0054 -0.0337 -0.0109 0.9994
21.7269 -80.4401 0.1083 55.7196 0.0059 -0.0332 -0.0114 0.9994
21.8308 -80.5041 0.0948 56.5660 0.0034 -0.0327 -0.0093 0.9994
21.9346 -80.5758 0.0850 57.4277 -0.0011 -0.0334 -0.0083 0.9994
22.0387 -80.6302 0.1108 58.2884 -0.0041 -0.0339 -0.0064 0.9994
22.1426 -80.6971 0.0625 59.1155 -0.0043 -0.0349 -0.0072 0.9994
22.2465 -80.7522 0.0126 59.9641 -0.0031 -0.0358 -0.0060 0.9993
22.3504 -80.8179 0.0063 60.7804 -0.0023 -0.0372 -0.0055 0.9993
22.4544 -80.8925 -0.0149 61.6195 -0.0010 -0.0386 -0.0066 0.9992
22.5584 -80.9773 -0.0213 62.4319 0.0007 -0.0402 -0.0060 0.9992
22.6623 -81.0679 -0.0438 63.2623 0.0026 -0.0424 -0.0071 0.9991
22.7661 -81.1446 -0.0727 64.0802 0.0041 -0.0436 -0.0085 0.9990
22.8702 -81.2186 -0.0878 64.8742 0.0046 -0.0452 -0.0103 0.9989
22.9740 -81.3159 -0.1242 65.6689 0.0039 -0.0468 -0.0118 0.9988
23.0780 -81.4090 -0.1215 66.4879 0.0014 -0.0488 -0.0125 0.9987
23.1820 -81.4800 -0.1290 67.2785 -0.0018 -0.0509 -0.0119 0.9986
23.2859 -81.5943 -0.1509 68.0757 -0.0031 -0.0532 -0.0122 0.9985
23.3898 -81.6836 -0.1703 68.8650 -0.0034 -0.0565 -0.0136 0.9983
23.4938 -81.7822 -0.1674 69.6719 -0.0052 -0.0596 -0.0118 0.9981
23.5976 -81.8876 -0.1888 70.4350 -0.0054 -0.0629 -0.0122 0.9979
23.7015 -82.0067 -0.1943 71.2022 -0.0052 -0.0657 -0.0130 0.9977
23.8055 -82.1156 -0.2098 71.9551 -0.0033 -0.0688 -0.0156 0.9975
23.9094 -82.2474 -0.2080 72.7416 -0.0020 -0.0717 -0.0133 0.9973
24.0134 -82.3707 -0.2382 73.5078 -0.0011 -0.0744 -0.0150 0.9971
24.1173 -82.5166 -0.2197 74.2916 -0.0034 -0.0769 -0.0159 0.9969
24.2213 -82.6545 -0.2330 75.0748 -0.0055 -0.0798 -0.0150 0.9967
24.3251 -82.7684 -0.2428 75.8203 -0.0066 -0.0830 -0.0160 0.9964
24.4291 -82.9083 -0.2563 76.5490 -0.0051 -0.0865 -0.0149 0.9961
24.5330 -83.0438 -0.2806 77.2728 -0.0014 -0.0906 -0.0143 0.9958
24.6369 -83.2173 -0.2779 78.0467 -0.0006 -0.0957 -0.0115 0.9953
24.7408 -83.3549 -0.2870 78.7945 -0.0019 -0.1009 -0.0118 0.9948
24.8446 -83.5326 -0.3080 79.5267 -0.0044 -0.1068 -0.0130 0.9942
24.9485 -83.7159 -0.2872 80.2799 -0.0083 -0.1126 -0.0127 0.9935
25.0524 -83.9066 -0.3114 81.0016 -0.0104 -0.1182 -0.0124 0.9929
25.1563 -84.0877 -0.3169 81.7046 -0.0085 -0.1244 -0.0132 0.9921
25.2601 -84.3126 -0.3001 82.4234 -0.0034 -0.1304 -0.0141 0.9914
25.3640 -84.5152 -0.3274 83.1137 -0.0010 -0.1365 -0.0136 0.9905
25.4679 -84.7301 -0.3135 83.8414 -0.0029 -0.1427 -0.0129 0.9897
25.5718 -84.9669 -0.3206 84.5594 -0.0071 -0.1487 -0.0120 0.9888
25.6756 -85.2235 -0.3307 85.2840 -0.0098 -0.1548 -0.0123 0.9878
25.7795 -85.4511 -0.3390 85.9795 -0.0092 -0.1615 -0.0109 0.9868
25.8834 -85.7220 -0.3231 86.6781 -0.0068 -0.1674 -0.0100 0.9858
25.9874 -85.9703 -0.3374 87.3885 -0.0036 -0.1722 -0.0088 0.9850
26.0913 -86.2440 -0.3468 88.1127 -0.0008 -0.1760 -0.0080 0.9843
26.1953 -86.5099 -0.3648 88.8127 0.0001 -0.1800 -0.0079 0.9836
26.2993 -86.8172 -0.3536 89.5046 0.0008 -0.1840 -0.0093 0.9829
26.4031 -87.1027 -0.3700 90.1952 -0.0000 -0.1880 -0.0104 0.9821
26.5070 -87.3886 -0.3760 90.8801 -0.0034 -0.1923 -0.0098 0.9813
26.6110 -87.6901 -0.3595 91.6026 -0.0075 -0.1959 -0.0088 0.9806
26.7149 -88.0213 -0.3565 92.3237 -0.0107 -0.1993 -0.0106 0.9798
26.8189 -88.3451 -0.3716 92.9989 -0.0087 -0.2020 -0.0157 0.9792
26.9229 -88.6366 -0.3737 93.6844 -0.0045 -0.2050 -0.0168 0.9786
27.0269 -88.9473 -0.3942 94.3667 -0.0010 -0.2075 -0.0144 0.9781
27.1309 -89.2930 -0.3881 95.0903 -0.0002 -0.2096 -0.0146 0.9777
27.2348 -89.6170 -0.3852 95.7913 -0.0023 -0.2119 -0.0170 0.9771
27.3386 -89.9610 -0.3837 96.4979 -0.0049 -0.2148 -0.0161 0.9765
27.4427 -90.2968 -0.4128 97.1864 -0.0045 -0.2176 -0.0156 0.9759
27.5465 -90.6426 -0.4193 97.8699 -0.0013 -0.2201 -0.0156 0.9754
27.6505 -90.9897 -0.4249 98.5661 0.0025 -0.2225 -0.0152 0.9748
27.7544 -91.3315 -0.4250 99.2593 0.0036 -0.2253 -0.0165 0.9741
27.8584 -91.6747 -0.4383 99.9221 0.0010 -0.2273 -0.0154 0.9737
27.9623 -92.0394 -0.4488 100.6280 0.0000 -0.2297 -0.0163 0.9731
28.0662 -92.3932 -0.4623 101.2852 0.0001 -0.2319 -0.0176 0.9726
28.1700 -92.7389 -0.4746 101.9553 0.0006 -0.2347 -0.0176 0.9719
28.2740 -93.1293 -0.4899 102.6864 0.0007 -0.2371 -0.0165 0.9714
28.3779 -93.4854 -0.4953 103.3482 0.0003 -0.2392 -0.0158 0.9708
28.4819 -93.8484 -0.5049 104.0002 0.0003 -0.2415 -0.0165 0.9703
28.5858 -94.2110 -0.5125 104.6538 0.0000 -0.2437 -0.0159 0.9697
28.6897 -94.5582 -0.5268 105.3312 0.0019 -0.2462 -0.0155 0.9691
28.7937 -94.9533 -0.5533 105.9762 0.0037 -0.2486 -0.0136 0.9685
28.8975 -95.3141 -0.5704 106.5960 0.0053 -0.2507 -0.0141 0.9680
29.0015 -95.6729 -0.5739 107.2529 0.0038 -0.2525 -0.0144 0.9675
29.1054 -96.0213 -0.5763 107.8682 -0.0005 -0.2540 -0.0145 0.9671
29.2094 -96.3804 -0.5760 108.4940 -0.0050 -0.2555 -0.0151 0.9667
29.3133 -96.7682 -0.5999 109.1348 -0.0078 -0.2572 -0.0146 0.9662
29.4173 -97.1127 -0.6108 109.7565 -0.0081 -0.2589 -0.0134 0.9658
29.5211 -97.4842 -0.6173 110.3450 -0.0067 -0.2609 -0.0130 0.9653
29.6250 -97.8305 -0.6251 110.8938 -0.0054 -0.2622 -0.0119 0.9649
29.7290 -98.1511 -0.6180 111.4622 -0.0047 -0.2636 -0.0121 0.9646
29.8329 -98.4924 -0.6312 112.0185 -0.0047 -0.2651 -0.0116 0.9641
29.9368 -98.7958 -0.6376 112.5259 -0.0054 -0.2661 -0.0110 0.9639
30.0408 -99.1189 -0.6464 113.0452 -0.0064 -0.2672 -0.0102 0.9636
30.1446 -99.4078 -0.6425 113.5127 -0.0066 -0.2685 -0.0093 0.9632
30.2485 -99.6609 -0.6513 113.9584 -0.0069 -0.2696 -0.0089 0.9629
30.3524 -99.9531 -0.6613 114.3928 -0.0068 -0.2707 -0.0083 0.9626
30.4563 -100.2099 -0.6727 114.7962 -0.0052 -0.2717 -0.0085 0.9623
30.5603 -100.4586 -0.6785 115.2044 -0.0034 -0.2731 -0.0080 0.9619
30.6640 -100.7182 -0.6842 115.5889 -0.0024 -0.2752 -0.0065 0.9614
30.7679 -100.9461 -0.6904 115.9678 -0.0031 -0.2775 -0.0043 0.9607
30.8718 -101.1896 -0.7038 116.3356 -0.0040 -0.2808 -0.0041 0.9598
30.9757 -101.4066 -0.6948 116.6606 -0.0044 -0.2836 -0.0056 0.9589
31.0795 -101.6284 -0.6884 116.9447 -0.0057 -0.2869 -0.0080 0.9579
31.1833 -101.8366 -0.6791 117.2513 -0.0080 -0.2903 -0.0104 0.9569
31.2871 -102.0288 -0.6996 117.5390 -0.0105 -0.2941 -0.0109 0.9557
31.3909 -102.2298 -0.7045 117.7956 -0.0121 -0.2986 -0.0088 0.9543
31.4947 -102.4103 -0.7117 118.0570 -0.0128 -0.3037 -0.0076 0.9526
31.5984 -102.5722 -0.7087 118.2840 -0.0136 -0.3106 -0.0063 0.9504
31.7021 -102.7463 -0.7091 118.4971 -0.0143 -0.3184 -0.0065 0.9478
31.8058 -102.9325 -0.7116 118.6655 -0.0139 -0.3274 -0.0074 0.9447
31.9095 -103.0993 -0.7267 118.8354 -0.0131 -0.3374 -0.0072 0.9412
32.0132 -103.2692 -0.7242 119.0243 -0.0106 -0.3481 -0.0070 0.9374
32.1169 -103.4179 -0.7198 119.1251 -0.0077 -0.3586 -0.0059 0.9334
32.2206 -103.6170 -0.7252 119.2815 -0.0050 -0.3686 -0.0070 0.9295
32.3244 -103.7876 -0.7105 119.3758 -0.0030 -0.3787 -0.0097 0.9254
32.4282 -103.9273 -0.6925 119.5023 -0.0024 -0.3897 -0.0111 0.9209
32.5318 -104.1168 -0.7137 119.6517 -0.0032 -0.4013 -0.0103 0.9159
32.6355 -104.3037 -0.7061 119.7681 -0.0042 -0.4131 -0.0091 0.9106
32.7393 -104.4516 -0.7232 119.9068 -0.0050 -0.4261 -0.0099 0.9046
32.8429 -104.6529 -0.7010 120.0199 -0.0061 -0.4394 -0.0119 0.8982
32.9466 -104.8484 -0.7021 120.0812 -0.0071 -0.4527 -0.0140 0.8915
33.0504 -105.0436 -0.6945 120.1938 -0.0076 -0.4661 -0.0153 0.8846
33.1540 -105.2495 -0.7030 120.2622 -0.0075 -0.4795 -0.0173 0.8774
33.2578 -105.4289 -0.6885 120.3282 -0.0077 -0.4927 -0.0199 0.8699
33.3616 -105.6457 -0.6849 120.4130 -0.0081 -0.5061 -0.0215 0.8622
33.4653 -105.8298 -0.6980 120.5158 -0.0083 -0.5203 -0.0215 0.8537
33.5690 -106.0514 -0.6991 120.5318 -0.0071 -0.5352 -0.0209 0.8444
33.6728 -106.3115 -0.7028 120.6351 -0.0054 -0.5509 -0.0200 0.8343
33.7764 -106.5376 -0.6951 120.6720 -0.0044 -0.5678 -0.0192 0.8229
33.8800 -106.8406 -0.6881 120.7368 -0.0045 -0.5857 -0.0190 0.8103
33.9836 -107.1386 -0.6790 120.7609 -0.0043 -0.6036 -0.0185 0.7970
34.0874 -107.4098 -0.6687 120.7657 -0.0036 -0.6224 -0.0175 0.7825
34.1910 -107.7627 -0.6609 120.8100 -0.0033 -0.6417 -0.0170 0.7667
34.2948 -108.0948 -0.6504 120.7732 -0.0035 -0.6609 -0.0168 0.7503
34.3984 -108.4232 -0.6340 120.7459 -0.0044 -0.6799 -0.0170 0.7331
34.5021 -108.8175 -0.6282 120.7262 -0.0066 -0.6992 -0.0169 0.7147
34.6059 -109.1328 -0.6260 120.6659 0.0086 0.7178 0.0166 -0.6960
34.7097 -109.5644 -0.6130 120.6171 0.0105 0.7364 0.0161 -0.6763
34.8134 -109.9525 -0.6070 120.5162 0.0120 0.7541 0.0158 -0.6565
34.9171 -110.3184 -0.5898 120.3741 0.0130 0.7707 0.0157 -0.6369
35.0210 -110.7561 -0.5751 120.2540 0.0146 0.7869 0.0152 -0.6168
35.1248 -111.1972 -0.5599 120.0845 0.0166 0.8021 0.0141 -0.5967
35.2287 -111.5766 -0.5554 119.8850 0.0184 0.8163 0.0128 -0.5772
35.3325 -112.0684 -0.5465 119.6786 0.0200 0.8301 0.0118 -0.5571
35.4364 -112.4607 -0.5255 119.4281 0.0210 0.8425 0.0111 -0.5382
35.5404 -112.9364 -0.5132 119.1688 0.0221 0.8542 0.0105 -0.5194
35.6444 -113.3806 -0.4877 118.8705 0.0224 0.8641 0.0103 -0.5027
35.7486 -113.8373 -0.4769 118.5557 0.0221 0.8722 0.0103 -0.4885
35.8528 -114.3188 -0.4606 118.2091 0.0215 0.8790 0.0103 -0.4763
35.9571 -114.8144 -0.4533 117.8675 0.0208 0.8840 0.0104 -0.4669
36.0613 -115.3131 -0.4308 117.4826 0.0199 0.8881 0.0107 -0.4592
36.1657 -115.8439 -0.4161 117.1030 0.0210 0.8911 0.0104 -0.4531
36.2699 -116.3805 -0.3934 116.7009 0.0205 0.8940 0.0110 -0.4475
36.3742 -116.9304 -0.3797 116.2708 0.0213 0.8962 0.0109 -0.4429
36.4784 -117.4436 -0.3638 115.8260 0.0218 0.8980 0.0111 -0.4392
36.5827 -118.0023 -0.3495 115.3986 0.0218 0.8996 0.0112 -0.4361
36.6869 -118.5605 -0.3264 114.9294 0.0213 0.9008 0.0117 -0.4336
36.7911 -119.1602 -0.3090 114.4778 0.0224 0.9017 0.0114 -0.4315
36.8952 -119.7337 -0.2868 113.9658 0.0225 0.9024 0.0116 -0.4302
36.9995 -120.3168 -0.2594 113.4919 0.0225 0.9026 0.0116 -0.4297
37.1035 -120.9216 -0.2377 112.9996 0.0227 0.9029 0.0113 -0.4290
37.2077 -121.5485 -0.2130 112.4814 0.0225 0.9032 0.0110 -0.4286
37.3118 -122.2106 -0.1978 111.9408 0.0225 0.9033 0.0107 -0.4282
37.4159 -122.8484 -0.1758 111.4073 0.0230 0.9034 0.0108 -0.4280
37.5200 -123.5081 -0.1521 110.8538 0.0227 0.9036 0.0120 -0.4276
37.6242 -124.1746 -0.1227 110.2877 0.0231 0.9038 0.0128 -0.4271
37.7281 -124.8414 -0.1078 109.7457 0.0224 0.9040 0.0130 -0.4268
37.8323 -125.5128 -0.0858 109.1761 0.0222 0.9042 0.0123 -0.4264
37.9363 -126.2108 -0.0536 108.5934 0.0222 0.9043 0.0117 -0.4261
38.0403 -126.9357 -0.0265 107.9874 0.0232 0.9045 0.0112 -0.4256
38.1443 -127.6297 0.0008 107.4136 0.0238 0.9048 0.0105 -0.4251
38.2483 -128.3641 0.0191 106.8141 0.0234 0.9050 0.0092 -0.4246
38.3523 -129.0825 0.0354 106.1790 0.0226 0.9054 0.0075 -0.4240
38.4562 -129.8184 0.0365 105.5567 0.0214 0.9055 0.0063 -0.4237
38.5602 -130.5903 0.0550 104.9259 0.0206 0.9057 0.0061 -0.4235
38.6641 -131.3248 0.0662 104.2742 0.0203 0.9055 0.0070 -0.4238
38.7681 -132.0474 0.0855 103.6672 0.0205 0.9055 0.0083 -0.4237
38.8720 -132.8264 0.1058 102.9981 0.0209 0.9056 0.0095 -0.4236
38.9760 -133.5973 0.1181 102.3713 0.0222 0.9056 0.0098 -0.4235
39.0799 -134.3509 0.1356 101.7196 0.0225 0.9056 0.0102 -0.4233
39.1839 -135.0986 0.1498 101.0787 0.0226 0.9057 0.0105 -0.4232
39.2878 -135.8479 0.1673 100.4543 0.0221 0.9057 0.0109 -0.4232
39.3918 -136.6066 0.1882 99.8010 0.0223 0.9057 0.0113 -0.4231
39.4958 -137.3779 0.2008 99.1614 0.0227 0.9058 0.0119 -0.4230
39.5996 -138.1452 0.2292 98.5008 0.0230 0.9059 0.0123 -0.4228
39.7036 -138.8955 0.2445 97.8732 0.0228 0.9059 0.0124 -0.4226
39.8079 -139.6298 0.2726 97.2463 0.0226 0.9061 0.0121 -0.4224
39.9113 -140.4035 0.2876 96.5875 0.0224 0.9064 0.0121 -0.4216
40.0153 -141.1399 0.3159 95.9588 0.0229 0.9067 0.0118 -0.4211
40.1191 -141.9007 0.3363 95.3128 0.0228 0.9069 0.0116 -0.4207
40.2230 -142.6314 0.3472 94.6737 0.0227 0.9070 0.0113 -0.4203
40.3269 -143.3743 0.3655 94.0341 0.0223 0.9071 0.0113 -0.4201
40.4308 -144.1275 0.3830 93.3846 0.0221 0.9073 0.0113 -0.4198
40.5350 -144.8806 0.4032 92.7416 0.0205 0.9074 0.0122 -0.4197
40.6387 -145.6286 0.4218 92.0955 0.0199 0.9071 0.0122 -0.4203
40.7425 -146.3828 0.4439 91.4307 0.0189 0.9069 0.0124 -0.4207
40.8464 -147.1089 0.4505 90.7894 0.0187 0.9066 0.0114 -0.4213
40.9504 -147.8542 0.4601 90.1603 0.0188 0.9062 0.0116 -0.4222
41.0546 -148.6160 0.4805 89.5403 0.0197 0.9059 0.0121 -0.4228
41.1582 -149.3741 0.5075 88.9154 0.0210 0.9055 0.0143 -0.4235
41.2625 -150.1195 0.5393 88.2844 0.0238 0.9053 0.0162 -0.4238
41.3659 -150.8976 0.5639 87.6309 0.0254 0.9052 0.0164 -0.4240
41.4698 -151.6346 0.5820 86.9973 0.0242 0.9052 0.0151 -0.4241
41.5736 -152.3893 0.6028 86.3685 0.0230 0.9052 0.0131 -0.4241
41.6774 -153.1231 0.6206 85.7266 0.0231 0.9051 0.0130 -0.4243
41.7812 -153.8931 0.6514 85.1025 0.0238 0.9052 0.0141 -0.4241
41.8851 -154.6306 0.6838 84.4505 0.0245 0.9052 0.0145 -0.4239
41.9888 -155.3668 0.6985 83.8450 0.0243 0.9054 0.0140 -0.4237
42.0927 -156.1022 0.7091 83.2194 0.0247 0.9055 0.0131 -0.4235
42.1964 -156.8557 0.7388 82.6004 0.0248 0.9056 0.0134 -0.4231
42.3002 -157.6079 0.7805 81.9730 0.0252 0.9058 0.0152 -0.4226
42.4041 -158.3350 0.8019 81.3407 0.0267 0.9059 0.0162 -0.4224
42.5078 -159.0747 0.8308 80.7279 0.0269 0.9060 0.0164 -0.4221
42.6116 -159.7929 0.8508 80.1010 0.0271 0.9063 0.0158 -0.4215
42.7153 -160.5297 0.8726 79.4619 0.0270 0.9064 0.0150 -0.4213
42.8192 -161.2558 0.9012 78.8585 0.0260 0.9065 0.0149 -0.4212
42.9229 -161.9759 0.9294 78.2337 0.0247 0.9063 0.0151 -0.4217
43.0269 -162.6824 0.9538 77.6348 0.0241 0.9062 0.0152 -0.4219
43.1305 -163.4116 0.9772 77.0033 0.0234 0.9060 0.0155 -0.4224
43.2344 -164.1190 1.0094 76.4104 0.0229 0.9059 0.0159 -0.4225
43.3383 -164.8455 1.0256 75.7849 0.0231 0.9057 0.0160 -0.4231
43.4421 -165.5747 1.0438 75.1691 0.0229 0.9056 0.0155 -0.4231
43.5459 -166.2843 1.0691 74.5672 0.0223 0.9054 0.0152 -0.4237
43.6498 -166.9995 1.0988 73.9649 0.0224 0.9053 0.0151 -0.4238
43.7537 -167.7176 1.1302 73.3660 0.0238 0.9052 0.0150 -0.4241
43.8575 -168.4233 1.1505 72.7770 0.0241 0.9050 0.0150 -0.4244
43.9613 -169.1166 1.1598 72.1870 0.0238 0.9050 0.0141 -0.4245
44.0652 -169.8045 1.1819 71.5946 0.0234 0.9048 0.0121 -0.4251
44.1690 -170.5207 1.1910 70.9992 0.0235 0.9046 0.0114 -0.4254
44.2728 -171.1971 1.2194 70.4220 0.0225 0.9045 0.0120 -0.4257
44.3767 -171.8890 1.2323 69.8655 0.0225 0.9044 0.0125 -0.4260
44.4805 -172.5554 1.2437 69.2969 0.0226 0.9045 0.0124 -0.4258
44.5843 -173.2116 1.2615 68.7407 0.0225 0.9045 0.0122 -0.4257
44.6882 -173.8659 1.2757 68.1826 0.0223 0.9045 0.0123 -0.4257
44.7922 -174.5046 1.2884 67.6463 0.0221 0.9045 0.0124 -0.4257
44.8959 -175.1469 1.2974 67.1089 0.0220 0.9044 0.0124 -0.4259
44.9997 -175.7590 1.3071 66.5957 0.0219 0.9045 0.0126 -0.4256
45.1035 -176.3969 1.3212 66.0782 0.0222 0.9046 0.0129 -0.4255
45.2073 -176.9998 1.3395 65.5665 0.0225 0.9047 0.0134 -0.4253
45.3112 -177.6041 1.3628 65.0755 0.0230 0.9046 0.0146 -0.4254
45.4152 -178.2009 1.3760 64.5772 0.0237 0.9047 0.0152 -0.4251
45.5189 -178.7842 1.3972 64.0852 0.0249 0.9047 0.0153 -0.4250
45.6230 -179.3827 1.4063 63.5944 0.0262 0.9048 0.0152 -0.4247
45.7265 -179.9206 1.4204 63.1391 0.0264 0.9050 0.0152 -0.4244
45.8311 -180.4607 1.4425 62.6882 0.0268 0.9053 0.0151 -0.4238
45.9343 -181.0095 1.4536 62.2250 0.0274 0.9055 0.0148 -0.4232
46.0382 -181.4978 1.4660 61.8031 0.0281 0.9060 0.0139 -0.4221
46.1420 -182.0392 1.4892 61.3446 0.0289 0.9069 0.0129 -0.4202
46.2459 -182.5372 1.5022 60.9222 0.0301 0.9084 0.0121 -0.4168
46.3497 -183.0227 1.5147 60.4694 0.0312 0.9105 0.0115 -0.4122
46.4534 -183.5017 1.5446 60.0419 0.0321 0.9129 0.0111 -0.4068
46.5572 -183.9432 1.5514 59.6149 0.0332 0.9157 0.0108 -0.4004
46.6610 -184.3978 1.5628 59.1796 0.0346 0.9189 0.0103 -0.3928
46.7645 -184.8295 1.5670 58.7492 0.0363 0.9227 0.0096 -0.3837
46.8683 -185.2231 1.5709 58.3169 0.0381 0.9270 0.0088 -0.3731
46.9719 -185.6081 1.5838 57.8775 0.0386 0.9318 0.0088 -0.3609
47.0756 -185.9558 1.5912 57.4101 0.0380 0.9370 0.0096 -0.3471
47.1792 -186.3091 1.6095 56.9460 0.0366 0.9423 0.0109 -0.3326
47.2829 -186.6230 1.6085 56.4723 0.0355 0.9478 0.0116 -0.3166
47.3865 -186.8883 1.6168 56.0350 0.0344 0.9537 0.0125 -0.2984
47.4902 -187.1678 1.6184 55.5298 0.0347 0.9596 0.0133 -0.2788
47.5939 -187.3732 1.6201 55.0820 0.0326 0.9657 0.0141 -0.2571
47.6974 -187.5595 1.6329 54.6404 0.0286 0.9716 0.0144 -0.2343
47.8012 -187.7222 1.6377 54.1209 0.0232 0.9770 0.0142 -0.2116
47.9049 -187.8634 1.6451 53.6360 0.0189 0.9817 0.0137 -0.1888
48.0086 -187.9720 1.6501 53.1953 0.0153 0.9860 0.0126 -0.1654
48.1123 -188.0691 1.6473 52.6777 0.0142 0.9899 0.0116 -0.1407
48.2161 -188.1310 1.6469 52.2302 0.0136 0.9931 0.0117 -0.1161
48.3198 -188.1785 1.6430 51.7160 0.0132 0.9957 0.0126 -0.0912
48.4236 -188.1950 1.6500 51.2396 0.0098 0.9977 0.0147 -0.0661
48.5274 -188.1755 1.6757 50.8038 0.0052 0.9990 0.0173 -0.0413
48.6312 -188.1459 1.6997 50.2923 0.0040 0.9997 0.0187 -0.0156
48.7349 -188.0961 1.7031 49.8145 0.0059 0.9998 0.0185 0.0103
48.8388 -188.0365 1.6603 49.4172 0.0093 0.9991 0.0182 0.0359
48.9425 -187.9455 1.6835 48.9302 0.0111 0.9979 0.0169 0.0614
49.0464 -187.8322 1.6775 48.5250 0.0118 0.9961 0.0161 0.0865
49.1503 -187.6829 1.6977 48.0640 0.0116 0.9936 0.0150 0.1115
49.2540 -187.5160 1.7040 47.6358 0.0122 0.9904 0.0140 0.1367
49.3579 -187.3542 1.7207 47.2876 0.0150 0.9867 0.0141 0.1615
49.4618 -187.1643 1.6845 46.8452 0.0157 0.9825 0.0142 0.1850
49.5658 -186.9439 1.7085 46.4674 0.0139 0.9782 0.0143 0.2067
49.6698 -186.6833 1.7230 46.0425 0.0128 0.9736 0.0162 0.2273
49.7738 -186.4485 1.7181 45.6183 0.0136 0.9690 0.0184 0.2459
49.8780 -186.2002 1.7117 45.2514 0.0154 0.9647 0.0204 0.2619
49.9822 -185.9128 1.6980 44.8584 0.0152 0.9606 0.0207 0.2767
50.0864 -185.6318 1.7229 44.4826 0.0147 0.9570 0.0210 0.2888
50.1907 -185.3300 1.7207 44.0874 0.0138 0.9538 0.0206 0.2993
50.2951 -185.0307 1.7275 43.6926 0.0135 0.9512 0.0202 0.3075
50.3993 -184.7241 1.7280 43.2953 0.0132 0.9491 0.0200 0.3141
50.5037 -184.4011 1.7454 42.8846 0.0121 0.9474 0.0191 0.3193
50.6080 -184.0658 1.7460 42.4814 0.0113 0.9460 0.0178 0.3234
50.7124 -183.7298 1.7414 42.0738 0.0114 0.9448 0.0170 0.3269
50.8167 -183.3983 1.7619 41.6591 0.0125 0.9439 0.0171 0.3295
50.9209 -183.0555 1.7530 41.2224 0.0139 0.9431 0.0174 0.3317
51.0253 -182.6929 1.7611 40.7887 0.0138 0.9425 0.0166 0.3334
51.1295 -182.3188 1.7574 40.3686 0.0111 0.9422 0.0150 0.3344
51.2338 -181.9430 1.7757 39.9144 0.0097 0.9420 0.0145 0.3353
51.3380 -181.5555 1.7797 39.4348 0.0116 0.9418 0.0156 0.3357
51.4422 -181.1668 1.7814 38.9688 0.0136 0.9418 0.0165 0.3356
51.5464 -180.7753 1.7800 38.4744 0.0146 0.9419 0.0161 0.3352
51.6505 -180.3542 1.7945 37.9922 0.0138 0.9420 0.0138 0.3351
51.7546 -179.9328 1.7779 37.4944 0.0124 0.9421 0.0101 0.3349
51.8588 -179.5095 1.7857 36.9757 0.0119 0.9423 0.0074 0.3346
51.9628 -179.0763 1.7712 36.4253 0.0135 0.9423 0.0080 0.3344
52.0669 -178.6149 1.7785 35.8922 0.0136 0.9424 0.0090 0.3342
52.1710 -178.1535 1.7824 35.3340 0.0109 0.9424 0.0095 0.3341
52.2750 -177.6609 1.7763 34.7446 0.0095 0.9424 0.0095 0.3343
52.3790 -177.1873 1.7711 34.1649 0.0080 0.9424 0.0100 0.3341
52.4832 -176.6770 1.7780 33.5513 0.0073 0.9424 0.0115 0.3343
52.5872 -176.1806 1.7844 32.9410 0.0081 0.9424 0.0136 0.3341
52.6912 -175.6506 1.8064 32.3044 0.0072 0.9424 0.0143 0.3341
52.7951 -175.1300 1.8039 31.6598 0.0059 0.9424 0.0128 0.3343
52.8992 -174.5927 1.7957 31.0164 0.0048 0.9423 0.0112 0.3347
53.0032 -174.0636 1.7959 30.3709 0.0050 0.9422 0.0116 0.3349
53.1072 -173.5112 1.8293 29.7018 0.0070 0.9422 0.0147 0.3346
53.2112 -172.9585 1.8354 29.0189 0.0075 0.9422 0.0160 0.3345
53.3152 -172.3909 1.8328 28.3304 0.0085 0.9421 0.0161 0.3347
53.4192 -171.8376 1.8248 27.6383 0.0097 0.9422 0.0149 0.3347
53.5232 -171.2510 1.8411 26.9197 0.0114 0.9421 0.0135 0.3349
53.6270 -170.6633 1.8407 26.2008 0.0123 0.9422 0.0124 0.3347
53.7310 -170.0737 1.8385 25.4840 0.0120 0.9423 0.0121 0.3343
53.8351 -169.4740 1.8324 24.7640 0.0120 0.9423 0.0130 0.3343
53.9389 -168.8794 1.8504 24.0434 0.0116 0.9425 0.0146 0.3337
54.0429 -168.3019 1.8518 23.3106 0.0114 0.9426 0.0160 0.3335
54.1468 -167.7078 1.8525 22.5819 0.0135 0.9426 0.0174 0.3333
54.2508 -167.1090 1.8453 21.8570 0.0160 0.9425 0.0192 0.3332
54.3547 -166.5209 1.8515 21.1155 0.0168 0.9425 0.0212 0.3330
54.4587 -165.9413 1.8647 20.3940 0.0178 0.9425 0.0244 0.3330
54.5625 -165.3539 1.8930 19.6884 0.0201 0.9424 0.0279 0.3328
54.6664 -164.7473 1.8949 18.9175 0.0206 0.9424 0.0277 0.3327
54.7704 -164.1533 1.8982 18.2142 0.0207 0.9426 0.0238 0.3326
54.8743 -163.5939 1.8987 17.5129 0.0207 0.9428 0.0195 0.3322
54.9785 -162.9975 1.9089 16.8050 0.0214 0.9430 0.0181 0.3316
55.0820 -162.4123 1.9126 16.0738 0.0215 0.9431 0.0192 0.3313
55.1859 -161.8383 1.9036 15.3503 0.0219 0.9433 0.0206 0.3307
55.2908 -161.2632 1.9023 14.6464 0.0221 0.9434 0.0214 0.3303
55.3937 -160.7013 1.9122 13.9376 0.0206 0.9439 0.0214 0.3289
55.4977 -160.1343 1.9212 13.2192 0.0196 0.9451 0.0210 0.3256
55.6017 -159.5836 1.9299 12.5254 0.0190 0.9466 0.0209 0.3212
55.7057 -159.0236 1.9287 11.7996 0.0190 0.9484 0.0208 0.3157
55.8097 -158.5223 1.9362 11.0692 0.0192 0.9507 0.0212 0.3087
55.9138 -157.9963 1.9426 10.3354 0.0185 0.9534 0.0224 0.3004
56.0179 -157.5120 1.9524 9.5870 0.0203 0.9563 0.0243 0.2906
56.1221 -157.0209 1.9675 8.8364 0.0208 0.9599 0.0251 0.2785
56.2262 -156.5925 1.9622 8.0761 0.0223 0.9636 0.0258 0.2651
56.3305 -156.1746 1.9881 7.2906 0.0238 0.9677 0.0264 0.2497
56.4347 -155.7974 2.0045 6.5200 0.0247 0.9715 0.0273 0.2340
56.5389 -155.4303 2.0453 5.7218 0.0276 0.9752 0.0268 0.2180
56.6430 -155.0955 2.0426 4.9208 0.0280 0.9788 0.0230 0.2017
56.7473 -154.8013 2.0359 4.1170 0.0290 0.9820 0.0191 0.1856
56.8514 -154.5143 2.0412 3.3319 0.0283 0.9850 0.0158 0.1693
56.9556 -154.2437 2.0575 2.4922 0.0266 0.9877 0.0149 0.1536
57.0596 -154.0075 2.0650 1.6774 0.0262 0.9898 0.0145 0.1390
57.1636 -153.8018 2.0721 0.8352 0.0264 0.9916 0.0138 0.1262
57.2675 -153.5978 2.0540 -0.0206 0.0280 0.9929 0.0135 0.1151
57.3713 -153.4106 2.0432 -0.8549 0.0270 0.9940 0.0141 0.1053
57.4751 -153.2569 2.0940 -1.7318 0.0260 0.9949 0.0154 0.0958
57.5791 -153.1055 2.0955 -2.6232 0.0264 0.9958 0.0167 0.0862
57.6829 -152.9598 2.1083 -3.5003 0.0262 0.9965 0.0165 0.0774
57.7867 -152.8387 2.1021 -4.4082 0.0256 0.9972 0.0148 0.0692
57.8906 -152.7393 2.1027 -5.3328 0.0261 0.9976 0.0133 0.0625
57.9949 -152.6261 2.1168 -6.2245 0.0290 0.9978 0.0152 0.0569
58.0981 -152.5450 2.1453 -7.1743 0.0323 0.9979 0.0194 0.0534
58.2019 -152.4479 2.2004 -8.1044 0.0344 0.9978 0.0233 0.0515
58.3054 -152.3509 2.2030 -9.0669 0.0337 0.9978 0.0242 0.0508
58.4092 -152.2386 2.2240 -10.0009 0.0322 0.9979 0.0228 0.0505
58.5128 -152.1357 2.2284 -10.9572 0.0297 0.9981 0.0210 0.0499
58.6166 -152.0161 2.2666 -11.9476 0.0250 0.9983 0.0193 0.0495
58.7204 -151.9006 2.2779 -12.9275 0.0224 0.9983 0.0191 0.0496
58.8240 -151.7878 2.3092 -13.9092 0.0219 0.9983 0.0201 0.0498
58.9278 -151.6741 2.3425 -14.9335 0.0213 0.9983 0.0208 0.0502
59.0317 -151.5667 2.3578 -15.9461 0.0213 0.9983 0.0211 0.0510
59.1354 -151.4503 2.3853 -16.9696 0.0206 0.9983 0.0206 0.0512
59.2392 -151.3325 2.4040 -17.9914 0.0201 0.9983 0.0197 0.0519
59.3431 -151.2193 2.4185 -19.0088 0.0191 0.9983 0.0187 0.0522
59.4468 -151.0919 2.4402 -20.0548 0.0176 0.9983 0.0179 0.0520
59.5507 -150.9634 2.4639 -21.1184 0.0167 0.9984 0.0181 0.0515
59.6546 -150.8550 2.4675 -22.1531 0.0156 0.9984 0.0183 0.0508
59.7584 -150.7418 2.4866 -23.2145 0.0157 0.9985 0.0184 0.0498
59.8625 -150.6304 2.4967 -24.2726 0.0154 0.9985 0.0186 0.0492
59.9660 -150.5169 2.5114 -25.3296 0.0153 0.9985 0.0191 0.0484
60.0697 -150.3968 2.5217 -26.3786 0.0148 0.9985 0.0198 0.0483
60.1735 -150.3025 2.5521 -27.4164 0.0147 0.9985 0.0208 0.0478
60.2772 -150.1845 2.5641 -28.4721 0.0143 0.9986 0.0205 0.0471
60.3811 -150.0776 2.5889 -29.4933 0.0139 0.9986 0.0198 0.0466
60.4848 -149.9844 2.6028 -30.5217 0.0126 0.9987 0.0190 0.0466
60.5885 -149.8926 2.6265 -31.5643 0.0131 0.9987 0.0191 0.0457
60.6926 -149.7754 2.6351 -32.6072 0.0117 0.9987 0.0192 0.0451
60.7970 -149.6770 2.6623 -33.6445 0.0112 0.9988 0.0198 0.0438
60.9002 -149.5650 2.6745 -34.6874 0.0116 0.9988 0.0199 0.0425
61.0039 -149.4720 2.6889 -35.7082 0.0113 0.9989 0.0196 0.0411
61.1077 -149.3823 2.7104 -36.7351 0.0106 0.9990 0.0194 0.0395
61.2116 -149.2758 2.7343 -37.7692 0.0105 0.9990 0.0197 0.0380
61.3153 -149.2031 2.7421 -38.8157 0.0107 0.9991 0.0201 0.0364
61.4192 -149.1327 2.7618 -39.8120 0.0106 0.9991 0.0207 0.0356
61.5230 -149.0574 2.7866 -40.8349 0.0106 0.9991 0.0209 0.0342
61.6268 -148.9847 2.8005 -41.8497 0.0094 0.9992 0.0209 0.0328
61.7310 -148.9097 2.8198 -42.8477 0.0095 0.9992 0.0206 0.0320
61.8345 -148.8511 2.8345 -43.8417 0.0096 0.9993 0.0207 0.0313
61.9384 -148.7756 2.8609 -44.8578 0.0091 0.9993 0.0206 0.0307
62.0421 -148.6986 2.8909 -45.8767 0.0087 0.9993 0.0204 0.0302
62.1459 -148.6302 2.8772 -46.8695 0.0086 0.9993 0.0187 0.0299
62.2499 -148.5781 2.9019 -47.8586 0.0082 0.9994 0.0172 0.0298
62.3537 -148.4985 2.9153 -48.8533 0.0090 0.9994 0.0165 0.0298
62.4574 -148.4459 2.9288 -49.8485 0.0087 0.9994 0.0169 0.0301
62.5613 -148.3761 2.9459 -50.8220 0.0093 0.9993 0.0170 0.0306
62.6653 -148.3173 2.9478 -51.7922 0.0093 0.9993 0.0178 0.0309
62.7691 -148.2500 2.9688 -52.7917 0.0089 0.9993 0.0181 0.0314
62.8728 -148.1800 2.9809 -53.7729 0.0089 0.9993 0.0185 0.0319
62.9767 -148.1145 3.0021 -54.7213 0.0091 0.9993 0.0184 0.0323
63.0807 -148.0340 3.0035 -55.7091 0.0093 0.9993 0.0183 0.0327
63.1845 -147.9678 3.0224 -56.6634 0.0095 0.9992 0.0179 0.0338
63.2882 -147.8986 3.0301 -57.6284 0.0097 0.9992 0.0176 0.0351
63.3921 -147.8175 3.0324 -58.5808 0.0101 0.9991 0.0171 0.0365
63.4958 -147.7372 3.0479 -59.5197 0.0100 0.9991 0.0166 0.0378
63.5997 -147.6543 3.0575 -60.4904 0.0102 0.9991 0.0162 0.0387
63.7036 -147.5719 3.0713 -61.4289 0.0104 0.9991 0.0163 0.0389
63.8074 -147.4838 3.0854 -62.3444 0.0103 0.9990 0.0171 0.0393
63.9114 -147.4140 3.0905 -63.2451 0.0100 0.9990 0.0180 0.0393
64.0158 -147.3351 3.0911 -64.1477 0.0101 0.9990 0.0188 0.0388
64.1195 -147.2618 3.1034 -65.0364 0.0101 0.9990 0.0188 0.0381
64.2234 -147.1916 3.1109 -65.9472 0.0095 0.9991 0.0188 0.0370
64.3274 -147.1192 3.1249 -66.7861 0.0088 0.9992 0.0189 0.0351
64.4314 -147.0603 3.1416 -67.6539 0.0096 0.9993 0.0189 0.0323
64.5356 -147.0219 3.1511 -68.4794 0.0095 0.9994 0.0190 0.0290
64.6396 -146.9693 3.1589 -69.2789 0.0097 0.9995 0.0192 0.0250
64.7436 -146.9501 3.1753 -70.0645 0.0109 0.9995 0.0197 0.0211
64.8476 -146.9205 3.1779 -70.8545 0.0126 0.9996 0.0200 0.0170
64.9515 -146.8992 3.1888 -71.6162 0.0133 0.9996 0.0201 0.0134
65.0555 -146.8853 3.1958 -72.3034 0.0140 0.9996 0.0204 0.0095
65.1595 -146.8741 3.2024 -72.9854 0.0145 0.9997 0.0205 0.0062
65.2635 -146.8650 3.2108 -73.6594 0.0150 0.9997 0.0203 0.0030
65.3675 -146.8759 3.2309 -74.2917 0.0151 0.9997 0.0201 0.0000
65.4715 -146.8657 3.2267 -74.9003 0.0158 0.9997 0.0199 -0.0027
65.5753 -146.8841 3.2255 -75.4854 0.0160 0.9997 0.0199 -0.0050
65.6793 -146.9034 3.2461 -76.0473 0.0163 0.9996 0.0202 -0.0072
65.7833 -146.8983 3.2585 -76.5445 0.0170 0.9996 0.0209 -0.0093
65.8873 -146.9073 3.2561 -77.0395 0.0168 0.9996 0.0215 -0.0111
65.9912 -146.9169 3.2534 -77.5044 0.0174 0.9995 0.0220 -0.0125
66.0953 -146.9276 3.2652 -77.9646 0.0180 0.9995 0.0221 -0.0138
66.1991 -146.9415 3.2684 -78.3781 0.0183 0.9995 0.0220 -0.0149
66.3031 -146.9646 3.2606 -78.7479 0.0185 0.9994 0.0228 -0.0156
66.4070 -146.9616 3.2794 -79.0917 0.0183 0.9994 0.0229 -0.0159
66.5129 -146.9850 3.2878 -79.4031 0.0182 0.9994 0.0232 -0.0160
66.6148 -147.0003 3.2949 -79.6683 0.0180 0.9994 0.0232 -0.0155
66.7188 -146.9967 3.2960 -79.9208 0.0177 0.9995 0.0233 -0.0147
66.8241 -146.9924 3.3005 -80.1504 0.0176 0.9995 0.0233 -0.0137
66.9268 -146.9922 3.3018 -80.3513 0.0175 0.9995 0.0228 -0.0123
67.0316 -146.9963 3.3058 -80.5353 0.0173 0.9996 0.0217 -0.0110
67.1346 -147.0085 3.3117 -80.7262 0.0174 0.9996 0.0206 -0.0097
67.2385 -147.0135 3.3127 -80.9210 0.0174 0.9996 0.0204 -0.0087
67.3425 -147.0024 3.3070 -81.0803 0.0170 0.9996 0.0209 -0.0074
67.4465 -146.9996 3.3125 -81.2677 0.0169 0.9996 0.0211 -0.0061
67.5503 -146.9868 3.3154 -81.4203 0.0166 0.9996 0.0207 -0.0045
67.6543 -147.0001 3.3176 -81.5594 0.0169 0.9996 0.0204 -0.0027
67.7582 -147.0012 3.3101 -81.6981 0.0170 0.9996 0.0203 -0.0005
67.8622 -146.9973 3.3206 -81.8354 0.0170 0.9997 0.0201 0.0022
67.9661 -146.9685 3.3356 -81.9690 0.0168 0.9996 0.0199 0.0055
68.0702 -146.9383 3.3279 -82.0859 0.0165 0.9996 0.0198 0.0093
68.1740 -146.9338 3.3330 -82.1840 0.0161 0.9996 0.0198 0.0133
68.2779 -146.9271 3.3358 -82.2897 0.0143 0.9996 0.0203 0.0167
68.3818 -146.9072 3.3289 -82.3702 0.0139 0.9995 0.0206 0.0199
68.4859 -146.8894 3.3309 -82.4167 0.0139 0.9994 0.0204 0.0222
68.5900 -146.8863 3.3278 -82.4725 0.0140 0.9994 0.0202 0.0244
68.6940 -146.8783 3.3327 -82.5127 0.0140 0.9994 0.0202 0.0259
68.7980 -146.8953 3.3328 -82.5322 0.0140 0.9993 0.0202 0.0271
68.9021 -146.8690 3.3299 -82.5644 0.0139 0.9993 0.0200 0.0280
69.0060 -146.8682 3.3306 -82.5654 0.0139 0.9993 0.0201 0.0285
69.1108 -146.8674 3.3311 -82.5683 0.0139 0.9993 0.0201 0.0284
69.2142 -146.8815 3.3289 -82.5695 0.0141 0.9993 0.0198 0.0284
69.3182 -146.8797 3.3281 -82.5653 0.0140 0.9993 0.0193 0.0286
69.4223 -146.8761 3.3304 -82.5682 0.0140 0.9993 0.0192 0.0284
69.5263 -146.8677 3.3359 -82.5681 0.0140 0.9993 0.0192 0.0284
69.6303 -146.8771 3.3358 -82.5599 0.0140 0.9993 0.0193 0.0285
69.7343 -146.8708 3.3283 -82.5705 0.0139 0.9993 0.0193 0.0284
69.8384 -146.8744 3.3356 -82.5593 0.0140 0.9993 0.0194 0.0285
69.9433 -146.8732 3.3364 -82.5563 0.0140 0.9993 0.0194 0.0285
70.0473 -146.8818 3.3353 -82.5620 0.0140 0.9993 0.0193 0.0285
70.1505 -146.8798 3.3354 -82.5622 0.0140 0.9993 0.0193 0.0286
70.2545 -146.8767 3.3323 -82.5732 0.0140 0.9993 0.0194 0.0286
70.3584 -146.8721 3.3346 -82.5727 0.0140 0.9993 0.0193 0.0287
70.4625 -146.8764 3.3354 -82.5696 0.0140 0.9993 0.0193 0.0287
70.5665 -146.8776 3.3370 -82.5724 0.0140 0.9993 0.0193 0.0288
70.6706 -146.8851 3.3347 -82.5699 0.0140 0.9993 0.0193 0.0288
70.7745 -146.8848 3.3376 -82.5634 0.0140 0.9993 0.0192 0.0289
70.8786 -146.8883 3.3338 -82.5651 0.0140 0.9993 0.0193 0.0290
70.9825 -146.8847 3.3371 -82.5675 0.0140 0.9993 0.0192 0.0290
71.0867 -146.8848 3.3390 -82.5614 0.0140 0.9993 0.0192 0.0292
71.1907 -146.8888 3.3377 -82.5599 0.0140 0.9993 0.0192 0.0294
71.2947 -146.8872 3.3405 -82.5605 0.0141 0.9993 0.0191 0.0296
71.3988 -146.8972 3.3357 -82.5627 0.0141 0.9993 0.0193 0.0299
71.5030 -146.8893 3.3325 -82.5591 0.0141 0.9993 0.0192 0.0300
71.6069 -146.8797 3.3370 -82.5595 0.0141 0.9993 0.0192 0.0299
71.7110 -146.8864 3.3351 -82.5649 0.0141 0.9993 0.0192 0.0301
71.8177 -146.8840 3.3378 -82.5639 0.0141 0.9993 0.0193 0.0302
71.9190 -146.8894 3.3356 -82.5641 0.0141 0.9993 0.0192 0.0302
72.0231 -146.8931 3.3406 -82.5683 0.0141 0.9993 0.0192 0.0303
72.1270 -146.8880 3.3391 -82.5608 0.0142 0.9993 0.0192 0.0304
72.2320 -146.8885 3.3370 -82.5629 0.0141 0.9992 0.0193 0.0305
72.3351 -146.8862 3.3381 -82.5639 0.0142 0.9992 0.0192 0.0305
72.4392 -146.8884 3.3366 -82.5645 0.0141 0.9992 0.0192 0.0305
72.5432 -146.8836 3.3382 -82.5644 0.0142 0.9992 0.0192 0.0306
72.6472 -146.8937 3.3381 -82.5722 0.0141 0.9992 0.0191 0.0306
72.7512 -146.8892 3.3403 -82.5658 0.0142 0.9992 0.0192 0.0307
72.8552 -146.8814 3.3369 -82.5651 0.0141 0.9992 0.0191 0.0309
72.9592 -146.8863 3.3377 -82.5687 0.0142 0.9992 0.0192 0.0310
73.0633 -146.8923 3.3385 -82.5705 0.0142 0.9992 0.0192 0.0309
73.1675 -146.8891 3.3393 -82.5628 0.0142 0.9992 0.0192 0.0310
73.2717 -146.8776 3.3424 -82.5649 0.0142 0.9992 0.0193 0.0310
73.3753 -146.8850 3.3379 -82.5708 0.0142 0.9992 0.0192 0.0310
73.4794 -146.8814 3.3397 -82.5658 0.0142 0.9992 0.0192 0.0311
73.5835 -146.8856 3.3379 -82.5634 0.0142 0.9992 0.0192 0.0311
73.6876 -146.8889 3.3386 -82.5685 0.0142 0.9992 0.0192 0.0311
73.7916 -146.8875 3.3330 -82.5727 0.0142 0.9992 0.0192 0.0310
73.8957 -146.8869 3.3362 -82.5740 0.0142 0.9992 0.0193 0.0310
73.9996 -146.8839 3.3389 -82.5661 0.0142 0.9992 0.0191 0.0310
74.1037 -146.8849 3.3370 -82.5719 0.0142 0.9992 0.0192 0.0310
74.2077 -146.8859 3.3376 -82.5670 0.0142 0.9992 0.0193 0.0310
74.3117 -146.8870 3.3380 -82.5726 0.0142 0.9992 0.0191 0.0311
74.4157 -146.8895 3.3341 -82.5711 0.0141 0.9992 0.0194 0.0310
74.5198 -146.8847 3.3376 -82.5651 0.0141 0.9992 0.0193 0.0314
74.6239 -146.8703 3.3333 -82.5643 0.0141 0.9992 0.0192 0.0325
74.7278 -146.8717 3.3405 -82.5806 0.0141 0.9992 0.0189 0.0334
74.8319 -146.8749 3.3425 -82.5963 0.0141 0.9991 0.0186 0.0350
74.9359 -146.8568 3.3354 -82.6121 0.0141 0.9990 0.0188 0.0375
75.0399 -146.8491 3.3411 -82.6364 0.0142 0.9989 0.0188 0.0403
75.1438 -146.8350 3.3435 -82.6601 0.0141 0.9988 0.0189 0.0434
75.2478 -146.8256 3.3411 -82.6814 0.0141 0.9986 0.0189 0.0472
75.3517 -146.7929 3.3378 -82.7179 0.0141 0.9984 0.0188 0.0518
75.4557 -146.7861 3.3376 -82.7503 0.0143 0.9981 0.0188 0.0565
75.5596 -146.7646 3.3340 -82.8056 0.0142 0.9978 0.0188 0.0619
75.6636 -146.7529 3.3332 -82.8445 0.0143 0.9974 0.0189 0.0679
75.7675 -146.7190 3.3383 -82.8855 0.0144 0.9970 0.0187 0.0743
75.8714 -146.7054 3.3358 -82.9412 0.0143 0.9964 0.0183 0.0816
75.9752 -146.6782 3.3254 -83.0054 0.0139 0.9957 0.0170 0.0896
76.0791 -146.6449 3.3362 -83.0859 0.0130 0.9950 0.0159 0.0982
76.1830 -146.5966 3.3519 -83.2069 0.0115 0.9940 0.0155 0.1072
76.2868 -146.5691 3.3571 -83.2664 0.0114 0.9930 0.0158 0.1164
76.3907 -146.5148 3.3535 -83.4349 0.0118 0.9918 0.0161 0.1260
76.4951 -146.4683 3.3466 -83.5524 0.0120 0.9904 0.0170 0.1366
76.5983 -146.3820 3.3528 -83.7275 0.0121 0.9887 0.0179 0.1482
76.7021 -146.2914 3.3471 -83.8788 0.0120 0.9868 0.0188 0.1603
76.8058 -146.2193 3.3443 -84.0257 0.0122 0.9847 0.0195 0.1726
76.9097 -146.1072 3.3488 -84.2293 0.0126 0.9823 0.0201 0.1856
77.0134 -146.0143 3.3506 -84.4051 0.0130 0.9796 0.0214 0.1994
77.1171 -145.9228 3.3563 -84.5663 0.0133 0.9763 0.0225 0.2147
77.2208 -145.7572 3.3606 -84.7882 0.0135 0.9725 0.0238 0.2312
77.3245 -145.6084 3.3608 -84.9691 0.0133 0.9680 0.0238 0.2495
77.4282 -145.4525 3.3760 -85.1485 0.0130 0.9626 0.0227 0.2695
77.5318 -145.2309 3.3711 -85.3864 0.0118 0.9564 0.0214 0.2909
77.6354 -145.0463 3.3799 -85.5877 0.0117 0.9491 0.0204 0.3140
77.7391 -144.7785 3.3826 -85.8382 0.0135 0.9407 0.0200 0.3385
77.8427 -144.4977 3.3678 -86.0847 0.0150 0.9313 0.0188 0.3635
77.9465 -144.2127 3.3856 -86.2905 0.0157 0.9214 0.0171 0.3879
78.0503 -143.8365 3.4125 -86.5809 0.0156 0.9110 0.0165 0.4119
78.1540 -143.4463 3.4106 -86.8358 0.0162 0.8997 0.0169 0.4359
78.2578 -143.0728 3.3967 -87.0557 0.0165 0.8877 0.0179 0.4597
78.3616 -142.5752 3.4135 -87.3191 0.0164 0.8749 0.0186 0.4836
78.4654 -142.1182 3.4223 -87.5138 0.0163 0.8616 0.0207 0.5069
78.5693 -141.5814 3.4286 -87.7649 0.0168 0.8472 0.0236 0.5306
78.6731 -141.0269 3.4285 -87.9542 0.0170 0.8321 0.0261 0.5537
78.7769 -140.4984 3.4404 -88.1016 0.0168 0.8169 0.0278 0.5758
78.8808 -139.8412 3.4493 -88.2746 0.0166 0.8012 0.0294 0.5974
78.9849 -139.2449 3.4694 -88.3514 0.0168 0.7860 0.0305 0.6172
79.0888 -138.5595 3.4603 -88.4826 0.0178 0.7713 0.0309 0.6355
79.1930 -137.8666 3.4616 -88.5514 0.0183 0.7582 0.0304 0.6511
79.2971 -137.1829 3.4756 -88.6100 0.0184 0.7472 0.0291 0.6637
79.4013 -136.4089 3.4814 -88.6715 0.0187 0.7376 0.0280 0.6743
79.5057 -135.6638 3.4711 -88.7085 0.0196 0.7304 0.0271 0.6823
79.6101 -134.8581 3.4761 -88.7459 0.0204 0.7244 0.0268 0.6886
79.7145 -134.0272 3.4785 -88.7646 0.0210 0.7192 0.0264 0.6940
79.8188 -133.2036 3.4835 -88.7904 0.0224 0.7142 0.0257 0.6991
79.9231 -132.3304 3.4648 -88.7811 0.0247 0.7090 0.0259 0.7043
80.0274 -131.4414 3.4521 -88.7713 0.0255 0.7040 0.0242 0.7094
80.1317 -130.5369 3.4368 -88.7156 0.0255 0.6996 0.0232 0.7137
80.2359 -129.6041 3.4284 -88.6841 0.0236 0.6963 0.0209 0.7171
80.3403 -128.6636 3.4201 -88.6290 0.0219 0.6944 0.0189 0.7190
80.4446 -127.6985 3.4017 -88.5928 0.0214 0.6934 0.0183 0.7200
80.5489 -126.6919 3.3889 -88.5425 0.0213 0.6932 0.0187 0.7201
80.6532 -125.6638 3.3707 -88.5042 0.0212 0.6927 0.0191 0.7206
80.7573 -124.6420 3.3633 -88.4557 0.0212 0.6918 0.0193 0.7215
80.8614 -123.5963 3.3417 -88.4033 0.0207 0.6902 0.0189 0.7230
80.9655 -122.5417 3.3216 -88.3521 0.0206 0.6885 0.0184 0.7247
81.0697 -121.4428 3.3122 -88.2785 0.0210 0.6868 0.0187 0.7263
81.1738 -120.3215 3.2852 -88.2047 0.0200 0.6851 0.0177 0.7280
81.2778 -119.2047 3.2707 -88.1218 0.0203 0.6832 0.0190 0.7297
81.3818 -118.0807 3.2790 -88.0334 0.0189 0.6814 0.0200 0.7314
81.4859 -116.9239 3.2525 -87.9304 0.0194 0.6798 0.0224 0.7328
81.5899 -115.7737 3.2341 -87.8424 0.0189 0.6793 0.0215 0.7333
81.6941 -114.5808 3.2147 -87.7624 0.0174 0.6793 0.0188 0.7334
81.7981 -113.3720 3.1976 -87.6575 0.0180 0.6796 0.0194 0.7331
81.9022 -112.1829 3.1757 -87.5503 0.0187 0.6800 0.0211 0.7327
82.0062 -110.9898 3.1717 -87.4539 0.0192 0.6801 0.0232 0.7325
82.1102 -109.7845 3.1466 -87.3652 0.0189 0.6803 0.0243 0.7323
82.2142 -108.5812 3.1251 -87.2653 0.0186 0.6805 0.0241 0.7321
82.3182 -107.3970 3.1188 -87.1742 0.0186 0.6808 0.0242 0.7319
82.4222 -106.2324 3.0894 -87.0844 0.0191 0.6811 0.0241 0.7316
82.5262 -105.0108 3.0668 -87.0032 0.0178 0.6813 0.0214 0.7315
82.6302 -103.8693 3.0477 -86.9063 0.0182 0.6815 0.0217 0.7313
82.7340 -102.6471 3.0312 -86.8119 0.0187 0.6817 0.0231 0.7310
82.8381 -101.4363 3.0089 -86.7270 0.0188 0.6819 0.0242 0.7308
82.9421 -100.2441 2.9850 -86.6305 0.0177 0.6822 0.0226 0.7306
83.0460 -99.0903 2.9752 -86.5471 0.0182 0.6824 0.0221 0.7304
83.1499 -97.9026 2.9386 -86.4611 0.0181 0.6825 0.0213 0.7304
83.2540 -96.7234 2.9338 -86.3699 0.0184 0.6824 0.0224 0.7304
83.3579 -95.5450 2.9193 -86.2841 0.0164 0.6826 0.0229 0.7302
83.4619 -94.3892 2.9037 -86.1991 0.0167 0.6828 0.0241 0.7300
83.5659 -93.2277 2.8760 -86.1087 0.0156 0.6830 0.0228 0.7299
83.6698 -92.0684 2.8559 -86.0242 0.0151 0.6831 0.0218 0.7299
83.7737 -90.8827 2.8476 -85.9401 0.0152 0.6831 0.0215 0.7298
83.8776 -89.7430 2.8315 -85.8617 0.0149 0.6832 0.0214 0.7297
83.9816 -88.5973 2.8091 -85.7762 0.0146 0.6832 0.0216 0.7297
84.0856 -87.4307 2.7990 -85.6910 0.0149 0.6833 0.0219 0.7297
84.1897 -86.2892 2.7738 -85.6201 0.0158 0.6833 0.0218 0.7296
84.2934 -85.1352 2.7579 -85.5447 0.0160 0.6831 0.0213 0.7298
84.3971 -83.9930 2.7304 -85.4675 0.0176 0.6827 0.0230 0.7301
84.5010 -82.8898 2.7286 -85.3899 0.0178 0.6817 0.0235 0.7310
84.6047 -81.7508 2.6968 -85.3115 0.0180 0.6805 0.0243 0.7321
84.7086 -80.6200 2.6733 -85.2055 0.0176 0.6795 0.0241 0.7331
84.8123 -79.5064 2.6625 -85.1098 0.0168 0.6784 0.0226 0.7341
84.9161 -78.3746 2.6425 -85.0033 0.0171 0.6774 0.0223 0.7351
85.0201 -77.2407 2.6202 -84.9052 0.0165 0.6765 0.0216 0.7359
85.1237 -76.1208 2.5981 -84.8095 0.0159 0.6757 0.0214 0.7367
85.2274 -75.0135 2.5897 -84.6959 0.0162 0.6751 0.0220 0.7373
85.3312 -73.9245 2.5618 -84.5939 0.0155 0.6744 0.0217 0.7379
85.4351 -72.8330 2.5395 -84.4832 0.0156 0.6739 0.0223 0.7383
85.5389 -71.7208 2.5216 -84.3738 0.0147 0.6737 0.0219 0.7385
85.6426 -70.5982 2.5117 -84.2572 0.0151 0.6737 0.0223 0.7385
85.7464 -69.4974 2.4964 -84.1529 0.0142 0.6740 0.0212 0.7383
85.8504 -68.4066 2.4861 -84.0470 0.0143 0.6744 0.0209 0.7379
85.9542 -67.3703 2.4636 -83.9611 0.0140 0.6751 0.0209 0.7373
86.0581 -66.2616 2.4538 -83.8626 0.0150 0.6759 0.0216 0.7366
86.1619 -65.1477 2.4336 -83.7655 0.0162 0.6767 0.0220 0.7358
86.2664 -64.0620 2.4148 -83.6757 0.0169 0.6775 0.0223 0.7350
86.3697 -62.9814 2.4039 -83.5882 0.0176 0.6783 0.0231 0.7343
86.4736 -61.8943 2.3846 -83.4932 0.0175 0.6791 0.0239 0.7335
86.5775 -60.8084 2.3617 -83.4122 0.0173 0.6799 0.0242 0.7327
86.6813 -59.7419 2.3449 -83.3212 0.0170 0.6808 0.0244 0.7319
86.7855 -58.6652 2.3352 -83.2295 0.0172 0.6816 0.0243 0.7312
86.8891 -57.5658 2.3160 -83.1458 0.0182 0.6823 0.0240 0.7304
86.9929 -56.4886 2.2928 -83.0676 0.0189 0.6830 0.0227 0.7299
87.0967 -55.4167 2.2780 -82.9924 0.0188 0.6835 0.0213 0.7294
87.2006 -54.3232 2.2552 -82.9161 0.0187 0.6838 0.0210 0.7291
87.3044 -53.2529 2.2361 -82.8589 0.0183 0.6841 0.0211 0.7289
87.4083 -52.1873 2.2149 -82.7844 0.0180 0.6840 0.0224 0.7289
87.5122 -51.0808 2.2046 -82.6977 0.0171 0.6838 0.0221 0.7292
87.6161 -50.0284 2.1827 -82.6234 0.0149 0.6837 0.0207 0.7294
87.7198 -48.9704 2.1660 -82.5362 0.0138 0.6834 0.0198 0.7296
87.8236 -47.9401 2.1472 -82.4695 0.0127 0.6833 0.0183 0.7298
87.9273 -46.8643 2.1365 -82.3826 0.0129 0.6833 0.0180 0.7298
88.0311 -45.8120 2.1157 -82.3085 0.0121 0.6831 0.0167 0.7300
88.1351 -44.7538 2.1029 -82.2364 0.0121 0.6829 0.0158 0.7302
88.2387 -43.6872 2.0753 -82.1517 0.0122 0.6827 0.0152 0.7305
88.3426 -42.6285 2.0706 -82.0845 0.0116 0.6825 0.0167 0.7306
88.4463 -41.5667 2.0615 -82.0067 0.0109 0.6821 0.0196 0.7309
88.5502 -40.5074 2.0478 -81.9245 0.0115 0.6817 0.0207 0.7313
88.6539 -39.4283 2.0256 -81.8500 0.0126 0.6813 0.0197 0.7316
88.7578 -38.3717 1.9984 -81.7702 0.0143 0.6811 0.0188 0.7318
88.8617 -37.3494 1.9955 -81.6830 0.0149 0.6809 0.0185 0.7320
88.9656 -36.2986 1.9801 -81.5944 0.0149 0.6807 0.0181 0.7322
89.0695 -35.2695 1.9617 -81.5164 0.0154 0.6805 0.0187 0.7323
89.1733 -34.2309 1.9355 -81.4430 0.0177 0.6805 0.0196 0.7323
89.2774 -33.1992 1.9037 -81.3601 0.0189 0.6806 0.0188 0.7322
89.3812 -32.1593 1.8800 -81.2869 0.0197 0.6807 0.0194 0.7320
89.4851 -31.0967 1.8571 -81.2002 0.0202 0.6810 0.0206 0.7317
89.5890 -30.0659 1.8452 -81.1319 0.0193 0.6812 0.0223 0.7315
89.6929 -29.0598 1.8099 -81.0570 0.0192 0.6816 0.0232 0.7311
89.7968 -28.0425 1.7876 -80.9813 0.0193 0.6820 0.0230 0.7307
89.9007 -27.0298 1.7679 -80.9031 0.0191 0.6823 0.0221 0.7305
90.0046 -26.0170 1.7592 -80.8227 0.0189 0.6828 0.0221 0.7301
90.1087 -24.9928 1.7364 -80.7474 0.0183 0.6832 0.0222 0.7297
90.2125 -23.9674 1.7117 -80.6780 0.0183 0.6835 0.0227 0.7294
90.3165 -22.9601 1.6902 -80.6093 0.0183 0.6839 0.0230 0.7290
90.4203 -21.9837 1.6871 -80.5342 0.0185 0.6841 0.0231 0.7288
90.5243 -20.9983 1.6671 -80.4672 0.0181 0.6843 0.0228 0.7286
90.6282 -20.0115 1.6540 -80.4163 0.0174 0.6846 0.0231 0.7283
90.7322 -19.0331 1.6331 -80.3463 0.0170 0.6850 0.0230 0.7280
90.8362 -18.0774 1.6273 -80.2909 0.0170 0.6853 0.0233 0.7277
90.9401 -17.1407 1.5998 -80.2178 0.0165 0.6855 0.0235 0.7275
91.0441 -16.2118 1.5776 -80.1651 0.0156 0.6856 0.0233 0.7274
91.1481 -15.3407 1.5652 -80.1150 0.0154 0.6853 0.0237 0.7277
91.2519 -14.4806 1.5403 -80.0512 0.0155 0.6844 0.0233 0.7286
91.3559 -13.6417 1.5374 -79.9906 0.0157 0.6833 0.0230 0.7296
91.4598 -12.8332 1.5119 -79.9258 0.0153 0.6818 0.0225 0.7310
91.5638 -12.0296 1.5028 -79.8528 0.0149 0.6803 0.0217 0.7325
91.6677 -11.2536 1.4874 -79.7810 0.0154 0.6783 0.0216 0.7343
91.7717 -10.4856 1.4698 -79.7172 0.0157 0.6758 0.0210 0.7366
91.8756 -9.7604 1.4486 -79.6373 0.0171 0.6725 0.0209 0.7396
91.9795 -9.0180 1.4310 -79.5389 0.0182 0.6682 0.0203 0.7434
92.0837 -8.3433 1.4167 -79.4518 0.0181 0.6638 0.0199 0.7474
92.1873 -7.6772 1.3925 -79.3505 0.0184 0.6590 0.0198 0.7517
92.2918 -7.0349 1.3793 -79.2412 0.0183 0.6537 0.0199 0.7563
92.3948 -6.4127 1.3575 -79.1459 0.0183 0.6478 0.0206 0.7613
92.4987 -5.8209 1.3365 -79.0206 0.0182 0.6414 0.0203 0.7668
92.6071 -5.2456 1.3184 -78.8718 0.0181 0.6340 0.0194 0.7728
92.7063 -4.6683 1.2919 -78.7277 0.0182 0.6262 0.0188 0.7792
92.8127 -4.1294 1.2677 -78.5768 0.0183 0.6177 0.0187 0.7860
92.9139 -3.5864 1.2514 -78.4227 0.0181 0.6087 0.0185 0.7930
93.0176 -3.0688 1.2327 -78.2486 0.0179 0.5990 0.0180 0.8004
93.1213 -2.5688 1.2066 -78.0447 0.0181 0.5882 0.0175 0.8083
93.2251 -2.0929 1.1960 -77.8656 0.0186 0.5757 0.0165 0.8173
93.3287 -1.6139 1.1722 -77.6293 0.0199 0.5615 0.0151 0.8271
93.4324 -1.1633 1.1602 -77.4001 0.0205 0.5456 0.0142 0.8377
93.5362 -0.7330 1.1315 -77.1695 0.0206 0.5272 0.0145 0.8494
93.6397 -0.2925 1.1182 -76.8963 0.0196 0.5063 0.0155 0.8620
93.7433 0.0878 1.0925 -76.6055 0.0193 0.4837 0.0150 0.8749
93.8472 0.4454 1.0632 -76.3090 0.0192 0.4612 0.0129 0.8870
93.9506 0.8299 1.0356 -75.9285 0.0195 0.4380 0.0111 0.8987
94.0544 1.1472 1.0286 -75.5972 0.0207 0.4141 0.0107 0.9099
94.1581 1.4438 0.9785 -75.2857 0.0210 0.3902 0.0110 0.9204
94.2618 1.7633 0.9537 -74.8929 0.0201 0.3665 0.0094 0.9301
94.3657 1.9878 0.9493 -74.5281 0.0179 0.3430 0.0057 0.9391
94.4694 2.2533 0.9269 -74.0903 0.0151 0.3188 0.0028 0.9477
94.5733 2.4853 0.9093 -73.6830 0.0122 0.2941 0.0026 0.9557
94.6771 2.6733 0.8928 -73.2949 0.0088 0.2697 0.0040 0.9629
94.7808 2.8991 0.8529 -72.8180 0.0053 0.2450 0.0027 0.9695
94.8848 3.0227 0.8730 -72.4017 0.0015 0.2208 -0.0015 0.9753
94.9886 3.1787 0.8479 -71.8937 -0.0001 0.1962 -0.0037 0.9806
95.0924 3.2855 0.8390 -71.4511 0.0003 0.1722 -0.0046 0.9850
95.1965 3.3768 0.8022 -71.0418 0.0011 0.1503 -0.0046 0.9886
95.3004 3.4912 0.7869 -70.5125 0.0014 0.1302 -0.0051 0.9915
95.4046 3.5482 0.7891 -70.0525 0.0012 0.1120 -0.0073 0.9937
95.5086 3.6313 0.7958 -69.5429 0.0015 0.0948 -0.0106 0.9954
95.6128 3.6694 0.7923 -69.0518 0.0013 0.0807 -0.0116 0.9967
95.7171 3.7457 0.7665 -68.5386 0.0009 0.0695 -0.0121 0.9975
95.8212 3.7878 0.7720 -67.9931 0.0007 0.0590 -0.0125 0.9982
95.9254 3.8075 0.7443 -67.4825 0.0007 0.0500 -0.0116 0.9987
96.0297 3.8571 0.7365 -66.9423 0.0011 0.0422 -0.0115 0.9990
96.1339 3.8740 0.7274 -66.3685 0.0019 0.0351 -0.0120 0.9993
96.2382 3.8972 0.7115 -65.8207 0.0022 0.0282 -0.0124 0.9995
96.3423 3.9038 0.7034 -65.2202 0.0022 0.0213 -0.0124 0.9997
96.4465 3.9126 0.6983 -64.6057 0.0023 0.0145 -0.0122 0.9998
96.5506 3.9080 0.6835 -63.9754 0.0022 0.0072 -0.0108 0.9999
96.6547 3.8905 0.6815 -63.3550 0.0022 0.0011 -0.0106 0.9999
96.7589 3.8821 0.6627 -62.6935 0.0027 -0.0040 -0.0115 0.9999
96.8631 3.8507 0.6438 -62.0260 0.0035 -0.0083 -0.0120 0.9999
96.9672 3.8339 0.6361 -61.3533 0.0038 -0.0113 -0.0125 0.9999
97.0714 3.8103 0.6277 -60.6520 0.0043 -0.0134 -0.0122 0.9998
97.1756 3.7645 0.6124 -59.9055 0.0043 -0.0149 -0.0117 0.9998
97.2797 3.7354 0.5898 -59.1828 0.0040 -0.0163 -0.0115 0.9998
97.3838 3.7089 0.5710 -58.4295 0.0034 -0.0177 -0.0109 0.9998
97.4879 3.6778 0.5607 -57.6816 0.0024 -0.0193 -0.0111 0.9998
97.5921 3.6409 0.5435 -56.9090 0.0012 -0.0209 -0.0102 0.9997
97.6962 3.6003 0.5264 -56.1304 0.0002 -0.0224 -0.0099 0.9997
97.8003 3.5553 0.5069 -55.3844 -0.0004 -0.0240 -0.0091 0.9997
97.9043 3.5085 0.4853 -54.6239 -0.0010 -0.0258 -0.0085 0.9996
98.0083 3.4715 0.4722 -53.8528 -0.0011 -0.0274 -0.0074 0.9996
98.1123 3.4207 0.4669 -53.0858 -0.0011 -0.0293 -0.0072 0.9995
98.2165 3.3570 0.4469 -52.3182 -0.0010 -0.0309 -0.0072 0.9995
98.3203 3.2984 0.4329 -51.5580 -0.0010 -0.0325 -0.0063 0.9995
98.4243 3.2452 0.4249 -50.8048 -0.0012 -0.0333 -0.0071 0.9994
98.5283 3.1704 0.4174 -50.0208 -0.0012 -0.0338 -0.0074 0.9994
98.6323 3.1225 0.3933 -49.2607 -0.0011 -0.0342 -0.0075 0.9994
98.7363 3.0620 0.3845 -48.4877 -0.0011 -0.0343 -0.0077 0.9994
98.8403 3.0107 0.3717 -47.7320 -0.0015 -0.0344 -0.0075 0.9994
98.9443 2.9371 0.3576 -46.9717 -0.0019 -0.0347 -0.0077 0.9994
99.0482 2.8950 0.3448 -46.2096 -0.0021 -0.0347 -0.0075 0.9994
99.1522 2.8348 0.3345 -45.4572 -0.0027 -0.0347 -0.0074 0.9994
99.2561 2.7791 0.3204 -44.6997 -0.0027 -0.0347 -0.0077 0.9994
99.3601 2.7025 0.3136 -43.9419 -0.0026 -0.0348 -0.0075 0.9994
99.4641 2.6427 0.3007 -43.1843 -0.0025 -0.0342 -0.0076 0.9994
99.5679 2.6044 0.2885 -42.4703 -0.0022 -0.0336 -0.0080 0.9994
99.6719 2.5488 0.2740 -41.7370 -0.0021 -0.0330 -0.0074 0.9994
99.7759 2.4950 0.2657 -40.9913 -0.0021 -0.0323 -0.0071 0.9995
99.8799 2.4519 0.2512 -40.2870 -0.0025 -0.0317 -0.0064 0.9995
99.9838 2.3986 0.2349 -39.5713 -0.0035 -0.0313 -0.0048 0.9995
100.0878 2.3496 0.2356 -38.8638 -0.0046 -0.0307 -0.0052 0.9995
100.1918 2.2883 0.2231 -38.1686 -0.0046 -0.0300 -0.0049 0.9995
100.2957 2.2631 0.1889 -37.5013 -0.0036 -0.0297 -0.0058 0.9995
100.3997 2.2165 0.1826 -36.8325 -0.0025 -0.0296 -0.0053 0.9995
100.5037 2.1622 0.1657 -36.1456 -0.0005 -0.0291 -0.0071 0.9996
100.6077 2.1042 0.1704 -35.5040 0.0001 -0.0288 -0.0073 0.9996
100.7116 2.0592 0.1480 -34.8637 0.0001 -0.0288 -0.0083 0.9996
100.8156 2.0333 0.1416 -34.2417 0.0003 -0.0284 -0.0074 0.9996
100.9196 1.9802 0.1190 -33.5656 0.0007 -0.0283 -0.0077 0.9996
101.0236 1.9483 0.1115 -32.9615 0.0013 -0.0283 -0.0088 0.9996
101.1274 1.9019 0.0968 -32.3195 0.0018 -0.0282 -0.0084 0.9996
101.2315 1.8603 0.0769 -31.6895 0.0018 -0.0283 -0.0091 0.9996
101.3354 1.8219 0.0594 -31.0633 0.0013 -0.0285 -0.0098 0.9995
101.4393 1.7792 0.0487 -30.4706 0.0013 -0.0288 -0.0091 0.9995
101.5433 1.7472 0.0444 -29.8658 0.0013 -0.0291 -0.0082 0.9995
101.6472 1.6986 0.0177 -29.2293 0.0016 -0.0300 -0.0091 0.9995
101.7512 1.6496 -0.0063 -28.5988 0.0020 -0.0307 -0.0095 0.9995
101.8551 1.6003 -0.0121 -27.9930 0.0023 -0.0314 -0.0089 0.9995
101.9591 1.5779 -0.0315 -27.4177 0.0022 -0.0323 -0.0093 0.9994
102.0629 1.5137 -0.0395 -26.8033 0.0023 -0.0334 -0.0083 0.9994
102.1669 1.4718 -0.0617 -26.2036 0.0023 -0.0343 -0.0086 0.9994
102.2708 1.4220 -0.0819 -25.6192 0.0021 -0.0353 -0.0074 0.9993
102.3748 1.3771 -0.0936 -25.0242 0.0017 -0.0363 -0.0071 0.9993
102.4787 1.3383 -0.1045 -24.4308 0.0014 -0.0371 -0.0071 0.9993
102.5827 1.2859 -0.1248 -23.8386 0.0013 -0.0380 -0.0070 0.9993
102.6866 1.2364 -0.1415 -23.2694 0.0007 -0.0388 -0.0068 0.9992
102.7906 1.1862 -0.1487 -22.7000 0.0004 -0.0395 -0.0071 0.9992
102.8944 1.1286 -0.1592 -22.1304 0.0005 -0.0397 -0.0079 0.9992
102.9985 1.0892 -0.1682 -21.5862 0.0004 -0.0397 -0.0079 0.9992
103.1024 1.0323 -0.1903 -21.0636 0.0000 -0.0395 -0.0073 0.9992
103.2065 0.9911 -0.2154 -20.5216 0.0001 -0.0388 -0.0080 0.9992
103.3103 0.9420 -0.2202 -19.9946 0.0002 -0.0381 -0.0081 0.9992
103.4143 0.9064 -0.2243 -19.4946 0.0002 -0.0374 -0.0080 0.9993
103.5183 0.8617 -0.2335 -19.0127 0.0003 -0.0367 -0.0081 0.9993
103.6223 0.8306 -0.2368 -18.5229 0.0005 -0.0358 -0.0078 0.9993
103.7263 0.7889 -0.2476 -18.0484 0.0007 -0.0352 -0.0082 0.9993
103.8303 0.7654 -0.2607 -17.5781 0.0007 -0.0348 -0.0080 0.9994
103.9343 0.7235 -0.2714 -17.1198 0.0006 -0.0341 -0.0077 0.9994
104.0384 0.6915 -0.2872 -16.6612 0.0005 -0.0337 -0.0079 0.9994
104.1423 0.6689 -0.3004 -16.2443 0.0004 -0.0333 -0.0079 0.9994
104.2510 0.6366 -0.3135 -15.8489 0.0002 -0.0327 -0.0075 0.9994
104.3506 0.6026 -0.3155 -15.4535 -0.0003 -0.0322 -0.0079 0.9995
104.4552 0.5780 -0.3258 -15.0881 -0.0008 -0.0317 -0.0080 0.9995
104.5582 0.5535 -0.3357 -14.7418 -0.0008 -0.0314 -0.0083 0.9995
104.6622 0.5270 -0.3565 -14.4272 -0.0007 -0.0310 -0.0080 0.9995
104.7662 0.5111 -0.3640 -14.1095 -0.0003 -0.0308 -0.0078 0.9995
104.8702 0.5000 -0.3738 -13.8262 -0.0002 -0.0304 -0.0078 0.9995
104.9742 0.4688 -0.3780 -13.5437 0.0001 -0.0301 -0.0080 0.9995
105.0786 0.4446 -0.3852 -13.2878 0.0003 -0.0299 -0.0081 0.9995
105.1819 0.4353 -0.3984 -13.0198 0.0015 -0.0297 -0.0077 0.9995
105.2860 0.4232 -0.4062 -12.7636 0.0021 -0.0294 -0.0078 0.9995
105.3900 0.4023 -0.4029 -12.4958 0.0023 -0.0294 -0.0075 0.9995
105.4940 0.3900 -0.4068 -12.2296 0.0022 -0.0292 -0.0080 0.9995
105.5979 0.3644 -0.4278 -11.9868 0.0018 -0.0290 -0.0073 0.9995
105.7018 0.3592 -0.4243 -11.7300 0.0018 -0.0290 -0.0068 0.9996
105.8057 0.3359 -0.4353 -11.4732 0.0018 -0.0290 -0.0072 0.9996
105.9097 0.3136 -0.4383 -11.2347 0.0019 -0.0291 -0.0072 0.9995
106.0137 0.3088 -0.4517 -10.9837 0.0016 -0.0292 -0.0070 0.9995
106.1176 0.2911 -0.4587 -10.7342 0.0016 -0.0296 -0.0069 0.9995
106.2215 0.2825 -0.4703 -10.5036 0.0015 -0.0310 -0.0067 0.9995
106.3255 0.2484 -0.4752 -10.2374 0.0014 -0.0335 -0.0061 0.9994
106.4293 0.2209 -0.4834 -10.0161 0.0013 -0.0363 -0.0064 0.9993
106.5332 0.1908 -0.4879 -9.7578 0.0016 -0.0401 -0.0063 0.9992
106.6377 0.1614 -0.4929 -9.5498 0.0016 -0.0439 -0.0074 0.9990
106.7410 0.1206 -0.4926 -9.3067 0.0017 -0.0467 -0.0076 0.9989
106.8450 0.0981 -0.4902 -9.0724 0.0017 -0.0491 -0.0084 0.9988
106.9494 0.0651 -0.5047 -8.8267 0.0018 -0.0515 -0.0082 0.9986
107.0529 0.0287 -0.5075 -8.6017 0.0018 -0.0539 -0.0073 0.9985
107.1568 -0.0068 -0.5026 -8.3523 0.0020 -0.0561 -0.0076 0.9984
107.2607 -0.0427 -0.5174 -8.1337 0.0019 -0.0570 -0.0089 0.9983
107.3647 -0.0619 -0.5267 -7.8777 0.0020 -0.0573 -0.0104 0.9983
107.4688 -0.0907 -0.5242 -7.6613 0.0025 -0.0570 -0.0103 0.9983
107.5728 -0.1156 -0.5221 -7.4527 0.0022 -0.0563 -0.0099 0.9984
107.6768 -0.1374 -0.5365 -7.2235 0.0021 -0.0555 -0.0096 0.9984
107.7809 -0.1583 -0.5424 -6.9858 0.0020 -0.0544 -0.0098 0.9985
107.8850 -0.1928 -0.5495 -6.7743 0.0020 -0.0531 -0.0096 0.9985
107.9890 -0.2105 -0.5517 -6.5400 0.0023 -0.0519 -0.0093 0.9986
108.0930 -0.2381 -0.5567 -6.3371 0.0023 -0.0504 -0.0092 0.9987
108.1971 -0.2596 -0.5527 -6.1116 0.0024 -0.0487 -0.0087 0.9988
108.3011 -0.2750 -0.5671 -5.8835 0.0023 -0.0469 -0.0094 0.9989
108.4051 -0.2875 -0.5761 -5.6645 0.0023 -0.0449 -0.0092 0.9989
108.5091 -0.3178 -0.5776 -5.4243 0.0026 -0.0428 -0.0087 0.9990
108.6130 -0.3330 -0.5887 -5.1874 0.0035 -0.0405 -0.0089 0.9991
108.7170 -0.3430 -0.5947 -4.9575 0.0043 -0.0384 -0.0082 0.9992
108.8210 -0.3514 -0.6004 -4.6934 0.0044 -0.0360 -0.0088 0.9993
108.9250 -0.3898 -0.6063 -4.4319 0.0044 -0.0337 -0.0084 0.9994
109.0288 -0.4009 -0.6094 -4.1602 0.0044 -0.0313 -0.0079 0.9995
109.1328 -0.4092 -0.6221 -3.8557 0.0040 -0.0288 -0.0069 0.9996
109.2368 -0.4217 -0.6275 -3.5540 0.0034 -0.0261 -0.0064 0.9996
109.3407 -0.4220 -0.6370 -3.2482 0.0028 -0.0238 -0.0061 0.9997
109.4447 -0.4353 -0.6339 -2.9155 0.0027 -0.0214 -0.0054 0.9998
109.5486 -0.4541 -0.6399 -2.6128 0.0024 -0.0192 -0.0060 0.9998
109.6526 -0.4553 -0.6561 -2.2619 0.0019 -0.0171 -0.0058 0.9998
109.7565 -0.4603 -0.6670 -1.9244 0.0011 -0.0149 -0.0057 0.9999
109.8605 -0.4583 -0.6696 -1.5687 0.0009 -0.0132 -0.0053 0.9999
109.9644 -0.4709 -0.6815 -1.2202 0.0019 -0.0118 -0.0046 0.9999
110.0682 -0.4891 -0.6975 -0.8444 0.0026 -0.0110 -0.0040 0.9999
110.1721 -0.4873 -0.7131 -0.4716 0.0036 -0.0103 -0.0039 0.9999
110.2760 -0.5146 -0.7138 -0.0701 0.0037 -0.0089 -0.0054 0.9999
110.3800 -0.5243 -0.7116 0.3310 0.0035 -0.0064 -0.0073 0.9999
110.4840 -0.5219 -0.7145 0.7239 0.0031 -0.0024 -0.0061 1.0000
110.5878 -0.4947 -0.7229 1.1342 0.0031 0.0013 -0.0028 1.0000
110.6917 -0.4663 -0.7398 1.5335 0.0042 0.0029 0.0011 1.0000
110.7956 -0.4610 -0.7729 1.9282 0.0054 0.0012 0.0025 1.0000
110.8992 -0.4945 -0.7830 2.3039 0.0069 -0.0045 0.0012 1.0000
111.0029 -0.5368 -0.7980 2.6792 0.0083 -0.0126 -0.0016 0.9999
111.1066 -0.5781 -0.7907 3.0445 0.0102 -0.0216 -0.0046 0.9997
111.2102 -0.6133 -0.8079 3.4306 0.0107 -0.0312 -0.0050 0.9994
111.3140 -0.6718 -0.8119 3.7860 0.0105 -0.0426 -0.0037 0.9990
111.4177 -0.7221 -0.8396 4.1170 0.0080 -0.0547 -0.0038 0.9985
111.5213 -0.7960 -0.8444 4.5021 0.0047 -0.0673 -0.0062 0.9977
111.6251 -0.8781 -0.8522 4.8359 0.0027 -0.0805 -0.0087 0.9967
111.7287 -0.9905 -0.8509 5.2165 0.0019 -0.0934 -0.0100 0.9956
111.8325 -1.0931 -0.8591 5.5472 0.0005 -0.1057 -0.0102 0.9943
111.9364 -1.1661 -0.8873 5.8483 -0.0015 -0.1161 -0.0102 0.9932
112.0402 -1.2838 -0.8961 6.1879 -0.0029 -0.1233 -0.0118 0.9923
112.1442 -1.3959 -0.8843 6.5302 -0.0044 -0.1273 -0.0147 0.9917
112.2483 -1.4916 -0.8986 6.8574 -0.0054 -0.1283 -0.0175 0.9916
112.3525 -1.5717 -0.8946 7.1864 -0.0054 -0.1259 -0.0183 0.9919
112.4567 -1.6523 -0.9045 7.5328 -0.0055 -0.1219 -0.0176 0.9924
112.5610 -1.7129 -0.9019 7.8253 -0.0072 -0.1179 -0.0149 0.9929
112.6651 -1.7710 -0.9249 8.1144 -0.0084 -0.1130 -0.0131 0.9935
112.7692 -1.8146 -0.9113 8.3470 -0.0089 -0.1079 -0.0139 0.9940
112.8733 -1.8502 -0.9197 8.5638 -0.0087 -0.1030 -0.0142 0.9945
112.9775 -1.8807 -0.9150 8.7168 -0.0083 -0.0982 -0.0140 0.9950
113.0816 -1.8775 -0.9237 8.8421 -0.0081 -0.0943 -0.0128 0.9954
113.1857 -1.8908 -0.9207 8.9386 -0.0078 -0.0916 -0.0117 0.9957
113.2897 -1.8867 -0.9262 8.9907 -0.0072 -0.0897 -0.0121 0.9959
113.3937 -1.9049 -0.9140 9.0155 -0.0066 -0.0887 -0.0121 0.9960
113.4977 -1.9019 -0.9177 9.0048 -0.0064 -0.0888 -0.0124 0.9959
113.6017 -1.9007 -0.9227 8.9854 -0.0058 -0.0890 -0.0122 0.9959
113.7057 -1.8980 -0.9250 8.9944 -0.0031 -0.0890 -0.0125 0.9959
113.8097 -1.8991 -0.9340 8.9802 -0.0015 -0.0891 -0.0124 0.9959
113.9136 -1.8928 -0.9310 8.9824 -0.0016 -0.0890 -0.0123 0.9960
114.0176 -1.8965 -0.9292 8.9869 -0.0024 -0.0890 -0.0123 0.9960
114.1216 -1.8966 -0.9272 8.9919 -0.0025 -0.0891 -0.0123 0.9959
114.2256 -1.8979 -0.9292 8.9958 -0.0028 -0.0891 -0.0123 0.9959
114.3296 -1.9035 -0.9268 8.9906 -0.0027 -0.0890 -0.0123 0.9959
