0.019834
0.056033
0.066026
0.06702
0.070906
0.066855
0.069529
0.067471
0.072036
0.070012
0.067794
0.072764
0.070529
0.072267
0.067436
0.071071
0.066937
0.069067
0.064188
0.066375
0.063114
0.060568
0.062519
0.060294
0.060298
0.056159
0.057754
0.053582
0.055126
0.052494
0.054951
0.05637
0.056978
0.056548
0.056502
0.057988
0.055126
0.056245
0.057474
0.057297
0.058452
0.054339
0.062434
0.05936
0.063171
0.064399
0.063388
0.059847
0.06472
0.060176
0.067985
0.065279
0.071297
0.071819
0.082282
0.078555
0.07994
0.081184
0.075998
0.08101
0.080294
0.08176
0.077391
0.078838
0.079645
0.080267
0.080834
0.080621
0.079926
0.077777
0.076802
0.073375
0.076751
0.074888
0.07496
0.075875
0.07593
0.073297
0.0677
0.071954
0.07786
0.075467
0.078875
0.075272
0.073417
0.07354
0.071854
0.072803
0.072306
0.073595
0.074367
0.072977
0.074404
0.074989
0.074166
0.072371
0.070806
0.077378
0.073382
0.074085
0.072844
0.075683
0.075912
0.074917
0.07374
0.075318
0.075566
0.078829
0.073432
0.079772
0.078764
0.077848
0.080157
0.083883
0.084873
0.078655
0.081562
0.081629
0.081463
0.0815
0.082948
0.081557
0.080537
0.083456
0.087725
0.086454
0.089098
0.087727
0.084241
0.085539
0.085415
0.089208
0.086849
0.091399
0.089933
0.08745
0.093862
0.085345
0.088315
0.090913
0.088637
0.090385
0.088651
0.088016
0.089326
0.091155
0.090625
0.089536
0.09347
0.088925
0.089101
0.089443
0.091357
0.095332
0.090451
0.095383
0.094104
0.096072
0.091153
0.093963
0.088796
0.091577
0.090561
0.09361
0.092064
0.096425
0.097781
0.097306
0.092785
0.095484
0.091535
0.093133
0.088456
0.098888
0.094874
0.097474
0.098664
0.098118
0.09369
0.093464
0.091793
0.087869
0.093798
0.100611
0.100017
0.095989
0.094154
0.094158
0.095808
0.092791
0.0939
0.087518
0.090936
0.088095
0.093489
0.091827
0.092809
0.091811
0.088197
0.089195
0.086815
0.086001
0.082526
0.08396
0.083772
0.092323
0.091524
0.091839
0.09125
0.092636
0.085527
0.089532
0.089023
0.087612
0.089152
0.088236
0.086162
0.08804
0.084442
0.08705
0.085899
0.085991
0.084858
0.082
0.080209
0.084618
0.082133
0.086299
0.086674
0.086325
0.084336
0.085883
0.086876
0.086182
0.082634
0.083795
0.083165
0.083756
0.089845
0.08121
0.081057
0.086428
0.083411
0.083155
0.08246
0.08239
0.081436
0.081856
0.080214
0.083064
0.081747
0.078754
0.081279
0.081597
0.076598
0.078437
0.075945
0.079852
0.081955
0.081959
0.081311
0.081006
0.080554
0.077748
0.080147
0.083428
0.089714
0.081955
0.083184
0.080727
0.081563
0.08149
0.076593
0.077887
0.079079
0.075541
0.082136
0.087351
0.087063
0.083227
0.087031
0.083632
0.085014
0.084895
0.08156
0.087641
0.089837
0.084663
0.090445
0.088968
0.088092
0.08579
0.086399
0.084208
0.084065
0.084131
0.089123
0.090049
0.089704
0.090588
0.088243
0.085908
0.087451
0.085655
0.086437
0.087127
0.083597
0.09233
0.091668
0.091419
0.089193
0.090119
0.08721
0.088182
0.084826
0.084069
0.082922
0.084845
0.088858
0.088837
0.086695
0.086602
0.088388
0.086715
0.087376
0.084383
0.085885
0.086788
0.089371
0.090364
0.088866
0.085605
0.081247
0.084053
0.081711
0.08557
0.089455
0.091694
0.089417
0.087918
0.085239
0.087113
0.084167
0.082745
0.083166
0.07991
0.086084
0.085598
0.089141
0.084212
0.084061
0.078971
0.080297
0.081348
0.081387
0.086477
0.08322
0.083381
0.087711
0.085055
0.083394
0.081296
0.080979
0.084802
0.083436
0.085404
0.085128
0.086275
0.08821
0.081072
0.082327
0.076173
0.079575
0.080912
0.077371
0.080752
0.081896
0.08232
0.080834
0.077811
0.080801
0.074281
0.081225
0.079981
0.079352
0.079933
0.08355
0.082168
0.075685
0.078498
0.07605
0.075562
0.0755
0.077184
0.078474
0.071017
0.074235
0.077751
0.075522
0.071
0.071851
0.073926
0.070511
0.067685
0.067321
0.065915
0.066466
0.068429
0.06325
0.071333
0.066841
0.062459
0.063257
0.064352
0.065871
0.060744
0.061959
0.056949
0.056361
0.057038
0.064011
0.062283
0.059796
0.059993
0.054404
0.057044
0.056724
0.06072
0.059071
0.060225
0.056755
0.061412
0.0613
0.065072
0.067427
0.066137
0.06295
0.062683
0.063866
0.062953
0.068774
0.066324
0.066695
0.065247
0.067254
0.067137
0.069169
0.068314
0.067955
0.068641
0.067326
0.06653
0.070969
0.069831
0.069166
0.070688
0.066963
0.064534
0.062741
0.063487
0.061354
0.064981
0.065925
0.064927
0.064464
0.06414
0.06586
0.069108
0.07108
0.070613
0.072676
0.071054
0.081115
0.074901
0.075223
0.07711
0.076985
0.075667
0.071603
0.075378
0.078882
0.076262
0.073039
0.077686
0.075855
0.083764
0.080412
0.079433
0.08084
0.077853
0.075532
0.075251
0.077323
0.077736
0.074648
0.072851
0.076197
0.074022
0.076065
0.081765
0.082682
0.082139
0.078049
0.077098
0.080427
0.080093
0.076216
0.073987
0.079393
0.082704
0.077613
0.079378
0.071255
0.074953
0.071745
0.072694
0.07394
0.06761
0.068952
0.064828
0.066555
0.065141
0.063419
0.062549
0.061586
0.061176
0.065252
0.067768
0.068877
0.070444
0.067107
0.066966
0.064484
0.063073
0.06761
0.062686
0.066244
0.064371
0.064931
0.061399
0.066358
0.06496
0.065955
0.064582
0.063317
0.062707
0.063276
0.062227
0.064541
0.06349
0.064605
0.063343
0.071098
0.070649
0.068041
0.070707
0.067168
0.068143
0.069444
0.067977
0.067372
0.068612
0.067231
0.067849
0.063182
0.064372
0.066343
0.067462
0.065899
0.062053
0.067402
0.06587
0.061644
0.066041
0.067597
0.071805
0.069432
0.069186
0.071359
0.06959
0.068911
0.069236
0.067992
0.067394
0.06507
0.064407
0.064058
0.062697
0.062714
0.06357
0.063994
0.062238
0.058029
0.058982
0.060908
0.060595
0.061429
0.060608
0.060999
0.059831
0.060882
0.062505
0.066019
0.064644
0.065102
0.065645
0.065743
0.064658
0.063985
0.064127
0.064917
0.063031
0.066989
0.06718
0.066585
0.066894
0.064208
0.063309
0.062021
0.061173
0.061307
0.059589
0.059589
0.058956
0.057989
0.059143
0.056755
0.056736
0.056932
0.058294
0.056218
0.056039
0.055943
0.057314
0.056929
0.057224
0.061899
0.055373
0.060054
0.05845
0.059007
0.057016
0.05694
0.052183
0.056166
0.056393
0.056307
0.054504
0.054079
0.053531
0.053495
0.051192
0.050402
0.054985
0.051704
0.051024
0.050044
0.049654
0.052693
0.052793
0.054624
0.05494
0.052387
0.053191
0.052355
0.053416
0.053054
0.052299
0.053826
0.050775
0.051743
0.052376
0.053786
0.050967
0.051552
0.05019
0.049844
0.048393
0.048241
0.04613
0.046542
0.045868
0.047225
0.049371
0.048613
0.04798
0.044749
0.047323
0.050593
0.051708
0.050786
0.051151
0.051497
0.049222
0.050557
0.048962
0.050929
0.048998
0.048803
0.04885
0.051782
0.051771
0.052169
0.051364
0.050212
0.052069
0.05033
0.052164
0.047119
0.046948
0.047701
0.049955
0.04553
0.047079
0.047419
0.049343
0.048883
0.044988
0.048732
0.04442
0.048029
0.049715
0.049635
0.048604
0.050575
0.049287
0.050507
0.048069
0.046423
0.048184
0.047961
0.047003
0.04686
0.047519
0.048054
0.049456
0.046856
0.05035
0.04783
0.048942
0.048552
0.051664
0.050004
0.050006
0.050759
0.049726
0.050089
0.050435
0.053117
0.051096
0.04855
0.051088
0.048788
0.048244
0.049877
0.049668
0.050231
0.050833
0.052242
0.049448
0.05229
0.050968
0.052601
0.05184
0.049123
0.052038
0.049385
0.047109
0.046295
0.048641
0.043328
0.042715
0.040508
0.039784
0.04102
0.034296
0.03669
0.036152
0.034516
0.033582
0.034852
0.035079
0.033929
0.035592
0.032964
0.034246
0.033518
0.035755
0.035101
0.034112
0.03359
0.033481
0.032761
0.032967
0.031561
0.034426
0.033454
0.035244
0.034501
0.03183
0.034871
0.036774
0.034768
0.034739
0.033099
0.034213
0.036269
0.033745
0.03352
0.034979
0.032512
0.033854
0.032507
0.03442
0.034669
0.035384
0.034526
0.034584
0.035559
0.036974
0.034917
0.035372
0.034464
0.035799
0.037608
0.035926
0.037843
0.036514
0.039949
0.03965
0.044788
0.04363
0.041846
0.041231
0.043549
0.042979
0.044848
0.044651
0.048817
0.048267
0.050344
0.047949
0.048831
0.050939
0.051391
0.051782
0.050357
0.05117
0.052596
0.048377
0.050092
0.052585
0.054341
0.04806
0.052009
0.052332
0.053017
0.04732
0.050462
0.057469
0.056049
0.056534
0.056008
0.055111
0.05325
0.056102
0.054
0.05092
0.052155
0.049866
0.055144
0.056324
0.056156
0.054558
0.05536
0.054779
0.056005
0.054512
0.054382
0.055692
0.056793
0.053351
0.055178
0.054544
0.054281
0.054218
0.05565
0.054984
0.056809
0.053713
0.055874
0.054669
0.057174
0.053148
0.056158
0.054159
0.055341
0.054088
0.056762
0.055494
0.054856
0.053587
0.053298
0.055709
0.054709
0.053744
0.055717
0.055102
0.05488
0.050347
0.054983
0.054694
0.055266
0.054944
0.054746
0.052899
0.055594
0.053187
0.054778
0.049259
0.055233
0.052198
0.053149
0.050124
0.051952
0.049787
0.050441
0.04954
0.04732
0.048262
0.047483
0.046903
0.051755
0.04905
0.048294
0.049465
0.049389
0.048009
0.048665
0.047138
0.048606
0.045217
0.047061
0.046646
0.046625
0.045642
0.045778
0.044988
0.044982
0.052084
0.049682
0.046363
0.045457
0.046896
0.047533
0.046074
0.04974
0.043379
0.046739
0.046351
0.042561
0.044223
0.041107
0.044109
0.044654
0.042176
0.04362
0.043517
0.04191
0.042685
0.044203
0.044055
0.040053
0.042199
0.046275
0.043683
0.042641
0.041503
0.041176
0.041385
0.041156
0.040577
0.039077
0.041176
0.042429
0.044478
0.043671
0.045131
0.042439
0.043134
0.045102
0.044434
0.043477
0.042938
0.042877
0.043566
0.048191
0.046726
0.046991
0.049046
0.047134
0.048635
0.050209
0.049715
0.048734
0.048423
0.048545
0.04932
0.046094
0.050016
0.048714
0.050485
0.048727
0.049211
0.050381
0.050719
0.055873
0.056943
0.05437
0.057206
0.055289
0.054377
0.053418
0.054597
0.056539
0.052535
0.05267
0.052365
0.049352
0.052491
0.051961
0.055067
0.05268
0.054069
0.054422
0.052728
0.054016
0.055521
0.051815
0.056904
0.059745
0.05887
0.057904
0.056672
0.055242
0.051903
0.054759
0.053764
0.052774
0.055911
0.056121
0.05152
0.054253
0.054576
0.055375
0.055299
0.054654
0.054771
0.05363
0.054028
0.0536
0.053962
0.052795
0.060077
0.055219
0.057991
0.05511
0.057668
0.055043
0.055622
0.053264
0.053873
0.053462
0.055548
0.05269
0.054788
0.056303
0.05286
0.054698
0.056891
0.056571
0.058883
0.057119
0.057348
0.05726
0.055838
0.051733
0.054583
0.065221
0.060234
0.061702
0.061616
0.060667
0.056986
0.061591
0.060966
0.061333
0.060853
0.059287
0.062106
0.058685
0.057839
0.059421
0.058241
0.059632
0.058976
0.056492
0.060596
0.056747
0.05944
0.057911
0.058296
0.058553
0.062362
0.058416
0.057577
0.05797
0.05634
0.05827
0.056558
0.05959
0.057739
0.059641
0.05874
0.055923
0.056619
0.05665
0.05484
0.059317
0.060069
0.059961
0.060741
0.061011
0.058644
0.059301
0.061486
0.060932
0.062748
0.063123
0.058187
0.055807
0.062961
0.060352
0.060143
0.063465
0.05851
0.062099
0.059678
0.058337
0.062146
0.065768
0.06606
0.063522
0.061713
0.059425
0.061896
0.061864
0.060756
0.061528
0.063129
0.061217
0.059395
0.055035
0.055003
0.05323
0.053995
0.054663
0.052444
0.053702
0.057315
0.05623
0.058551
0.059832
0.060646
0.060496
0.060094
0.060477
0.061195
0.059107
0.05982
0.060378
0.056585
0.060256
0.058898
0.058857
0.058237
0.057572
0.055932
0.056434
0.056959
0.055969
0.054819
0.055609
0.055725
0.055107
0.054529
0.05555
0.059608
0.05895
0.059237
0.059071
0.058034
0.058366
0.054748
0.055833
0.054461
0.055221
0.053375
0.056131
0.05371
0.057654
0.054653
0.055964
0.055504
0.05679
0.05392
0.051293
0.052183
0.053361
0.053536
0.052678
0.053977
0.05087
0.052146
0.051085
0.051675
0.049299
0.052375
0.05121
0.052055
0.051132
0.049102
0.049991
0.050256
0.047008
0.049548
0.04816
0.051792
0.055031
0.054321
0.054806
0.054503
0.054081
0.051503
0.057133
0.051062
0.054371
0.053775
0.053399
0.054442
0.054595
0.057242
0.054151
0.054495
0.053086
0.053761
0.056135
0.054841
0.05379
0.054222
0.052194
0.056642
0.058416
0.064656
0.057206
0.062962
0.061902
0.061777
0.060359
0.057612
0.05754
0.062326
0.061402
0.06271
0.059114
0.060836
0.061603
0.063338
0.064082
0.061441
0.064255
0.062813
0.065212
0.063828
0.06108
0.065085
0.062998
0.063376
0.060301
0.066325
0.065628
0.066115
0.061199
0.064322
0.059194
0.063833
0.063397
0.063614
0.059784
0.063946
0.060822
0.060234
0.059802
0.064463
0.056647
0.061416
0.063015
0.06633
0.06184
0.068049
0.063393
0.064072
0.066409
0.064249
0.067671
0.066252
0.061081
0.062167
0.064484
0.064306
0.063965
0.064342
0.061256
0.060053
0.061871
0.059513
0.069217
0.059353
0.058079
0.05747
0.061181
0.060418
0.063674
0.062213
0.063174
0.062812
0.057827
0.06218
0.061555
0.062726
0.059368
0.063795
0.061401
0.058453
0.059339
0.064012
0.063683
0.059753
0.064103
0.064253
0.064905
0.058865
0.062418
0.060928
0.062723
0.063143
0.064674
0.064121
0.063526
0.063907
0.059871
0.066003
0.061273
0.063838
0.06271
0.060663
0.06027
0.068269
0.06796
0.067741
0.068071
0.070752
0.069214
0.066644
0.067943
0.065686
0.065941
0.063299
0.064885
0.062246
0.064047
0.062121
0.065001
0.067423
0.063521
0.062156
0.062203
0.065631
0.064614
0.064268
0.066941
0.06753
0.06478
0.064453
0.067307
0.067804
0.06545
0.063568
0.065934
0.064726
0.063724
0.0641
0.068499
0.067266
0.067369
0.067618
0.069956
0.063089
0.068022
0.0655
0.063624
0.063465
0.063032
0.065547
0.061166
0.06111
0.064438
0.060579
0.064143
0.063793
0.064236
0.062857
0.061056
0.065097
0.062814
0.064039
0.063616
0.06461
0.064218
0.058246
0.062852
0.058723
0.059561
0.060276
0.060938
0.061673
0.061981
0.059131
0.058759
0.056498
0.061143
0.0617
0.057247
0.057845
0.05949
0.059971
0.055808
0.061059
0.059248
0.058195
0.057626
0.062272
0.056368
0.060457
0.056495
0.060364
0.057034
0.05887
0.056349
0.061913
0.058464
0.058691
0.054611
0.057702
0.058918
0.060942
0.056141
0.058705
0.057589
0.055011
0.054814
0.054959
0.059977
0.058946
0.057206
0.05785
0.056907
0.058408
0.057944
0.056644
0.060704
0.057927
0.058541
0.058811
0.057188
0.057188
0.055444
0.054728
0.060086
0.059396
0.060147
0.057735
0.058717
0.057061
0.055489
0.057936
0.057304
0.058917
0.059514
0.057403
0.05977
0.059762
0.055843
0.057819
0.055848
0.061096
0.058955
0.061048
0.057289
0.056984
0.058825
0.059079
0.058979
0.060162
0.05841
0.060452
0.057001
0.059815
0.059423
0.057113
0.055684
0.059076
0.056699
0.061166
0.055379
0.057301
0.058279
0.058971
0.056039
0.054903
0.057895
0.056661
0.060131
0.06153
0.064251
0.059151
0.061162
0.056719
0.060444
0.056802
0.061018
0.057579
0.058783
0.058507
0.055194
0.058366
0.059286
0.059353
0.060374
0.057237
0.057753
0.058276
0.059989
0.057315
0.060912
0.057554
0.059095
0.059927
0.059617
0.059395
0.06088
0.059781
0.056002
0.057523
0.058225
0.056699
0.058679
0.060433
0.061018
0.056436
0.056436
0.059544
0.059166
0.056631
0.058543
0.058733
0.059284
0.061053
0.05611
0.055282
0.060262
0.058958
0.058824
0.05769
0.060079
0.059482
0.056764
0.059421
0.05813
0.057565
0.059487
0.057552
0.060179
0.060521
0.058582
0.057239
0.058421
0.05888
0.060034
0.057628
0.061029
0.059516
0.060665
0.057441
0.062815
0.059642
0.060942
0.061184
0.058006
0.056652
0.05985
0.058689
0.06009
0.057518
0.059698
0.0581
0.054898
0.061407
0.061913
0.05767
0.057322
0.058786
0.056318
0.061768
0.059319
0.058786
0.05835
0.057487
0.057156
0.055905
0.056344
0.062746
0.05973
0.059573
0.057966
0.059894
0.059646
0.061687
0.058665
0.057652
0.058416
0.05911
0.058987
0.058749
0.054944
0.058671
0.060849
0.057655
0.058466
0.057709
0.056704
0.06049
0.056811
0.058753
0.058342
0.054939
0.057803
0.061083
0.05766
0.059238
0.056582
0.057054
0.058195
0.057825
0.059128
0.060579
0.058226
0.059179
0.059083
0.053604
0.057259
0.056328
0.058003
0.057095
0.057653
0.059844
0.05809
0.057056
0.058616
0.058913
0.057287
0.058256
0.05969
0.057655
0.056196
0.055577
0.053682
0.057812
0.058605
0.059735
0.060203
0.059548
0.061195
0.059749
0.056834
0.062815
0.06129
0.060118
0.063405
0.060199
0.059928
0.059026
0.057181
0.056776
0.055691
0.05646
0.059619
0.056881
0.056907
0.059026
0.056341
0.05772
0.057389
0.059872
0.058437
0.060746
0.060047
0.060515
0.0621
0.060226
0.058928
0.059875
0.05674
0.059002
0.059436
0.058012
0.060108
0.055588
0.059028
0.060333
0.057944
0.056333
0.058417
0.058965
0.056365
0.059413
0.060325
0.060321
0.058862
0.058113
0.058456
0.060466
0.061081
0.054654
0.059059
0.055687
0.059266
0.05488
0.060629
0.060205
0.058834
0.058761
0.056338
0.055605
0.054857
0.056566
0.054809
0.056169
0.058331
0.056774
0.06016
0.05592
0.057742
0.058355
0.055978
0.058161
0.056593
0.055314
0.055782
0.054733
0.054654
0.060427
0.056116
0.058142
0.057334
0.058541
0.059508
0.056665
0.058441
0.060466
0.054825
0.05883
0.054961
0.058471
0.057833
0.055639
0.055839
0.053413
0.059653
0.057231
0.058418
0.060025
0.057868
0.059531
0.055676
0.056178
0.056281
0.059565
0.056796
0.061951
0.055632
0.058086
0.055807
0.060866
0.057755
0.058208
0.05733
0.060266
0.061092
0.058426
0.059164
0.060058
0.056456
0.057604
0.057999
0.059076
0.061716
0.059695
0.056236
0.058826
0.061032
0.062065
0.063087
0.06279
0.057278
0.062795
0.060312
0.059672
0.060885
0.059198
0.064377
0.058145
0.063984
0.059036
0.058737
0.058919
0.063934
0.060864
0.061062
0.063862
0.060576
0.061776
0.063706
0.058983
0.065058
0.06061
0.063433
0.064306
0.063804
0.060604
0.063756
0.062149
0.065778
0.063807
0.062256
0.060937
0.061213
0.059767
0.064675
0.061918
0.063165
0.06144
0.063993
0.062423
0.059203
0.061123
0.063239
0.065824
0.065203
0.065853
0.065508
0.063946
0.062316
0.061008
0.061604
0.061068
0.061365
0.065309
0.061445
0.062676
0.061665
0.061414
0.061555
0.062767
0.063924
0.062403
0.06392
0.059989
0.06636
0.065123
0.060978
0.061037
0.062824
0.063308
0.065479
0.062738
0.066554
0.067463
0.067783
0.06477
0.062722
0.066468
0.068814
0.06371
0.066333
0.066074
0.064705
0.063698
0.064293
0.065438
0.063376
0.063377
0.066091
0.065392
0.062763
0.063785
0.065417
0.06221
0.063034
0.065169
0.064064
0.06328
0.067011
0.062809
0.066807
0.064644
0.065997
0.065227
0.06528
0.063975
0.063631
0.0626
0.066633
0.064248
0.061673
0.068104
0.06414
0.065642
0.065252
0.066719
0.065568
0.064415
0.063454
0.066428
0.066087
0.065413
0.066132
0.066364
0.065482
0.06354
0.066377
0.062168
0.066802
0.06111
0.063598
0.064704
0.061943
0.065278
0.065473
0.06918
0.064431
0.066276
0.064772
0.065714
0.067187
0.068458
0.067194
0.068154
0.067287
0.06387
0.063567
0.063089
0.064773
0.063157
0.059462
0.060921
0.06504
0.069341
0.071249
0.06495
0.070037
0.067999
0.062782
0.06533
0.060825
0.05722
0.060946
0.057515
0.05859
0.057811
0.061797
0.058297
0.064743
0.058929
0.060874
0.058892
0.060438
0.058896
0.058771
0.057773
0.057127
0.054908
0.059676
0.070384
0.069613
0.065407
0.067375
0.063292
0.062745
0.059344
0.060772
0.06043
0.057585
0.062361
0.059045
0.063735
0.067386
0.064851
0.062694
0.064214
0.065086
0.063459
0.064016
0.063423
0.058522
0.060717
0.058694
0.055091
0.055492
0.060251
0.057939
0.057727
0.053782
0.060375
0.06015
0.056934
0.05598
0.054183
0.052095
0.053001
0.051659
0.049743
0.051394
0.049859
0.049885
0.047629
0.049526
0.051034
0.050763
0.051006
0.051304
0.049201
0.049518
0.04697
0.0528
0.05099
0.050402
0.053276
0.051857
0.051431
0.05222
0.049761
0.052034
0.053263
0.050011
0.053673
0.051858
0.054694
0.053523
0.055833
0.054122
0.058505
0.054549
0.057472
0.053379
0.057216
0.055363
0.05274
0.051277
0.056789
0.056368
0.058089
0.055805
0.055385
0.060337
0.056266
0.060348
0.057112
0.058938
0.060463
0.056103
0.058553
0.060007
0.057454
0.057135
0.056699
0.056869
0.056462
0.056673
0.059015
0.060426
0.055487
0.059738
0.059739
0.061078
0.059774
0.060106
0.060993
0.065066
0.063694
0.063376
0.063458
0.063208
0.063415
0.063098
0.067142
0.065251
0.063415
0.062036
0.062944
0.063267
0.062395
0.064943
0.065764
0.065473
0.065624
0.063119
0.061615
0.064284
0.063266
0.061068
0.061001
0.062312
0.0637
0.064771
0.063905
0.06387
0.067054
0.068619
0.063426
0.062056
0.06571
0.066052
0.073248
0.071028
0.071498
0.071472
0.068578
0.071292
0.071392
0.071056
0.070188
0.073837
0.070926
0.067594
0.071218
0.072786
0.071267
0.0741
0.071287
0.070994
0.065801
0.063176
0.06767
0.066081
0.064795
0.068105
0.069403
0.067635
0.06879
0.066376
0.068567
0.07426
0.074218
0.075541
0.073512
0.072812
0.070184
0.074276
0.077063
0.072752
0.074071
0.073028
0.070386
0.073222
0.077005
0.077706
0.075202
0.074905
0.076896
0.07702
0.079093
0.079981
0.07993
0.078816
0.078474
0.081184
0.088243
0.084557
0.083797
0.077622
0.080708
0.077624
0.078939
0.080364
0.074864
0.078204
0.075468
0.073491
0.074381
0.073642
0.07744
0.075954
0.077036
0.07559
0.072737
0.071625
0.074793
0.073017
0.06981
0.069272
0.074665
0.076943
0.074499
0.069829
0.07015
0.069877
0.068265
0.070117
0.069644
0.068775
0.065358
0.067195
0.065387
0.063934
0.062983
0.067446
0.066614
0.067508
0.067964
0.067868
0.067747
0.069071
0.066674
0.068606
0.064355
0.066828
0.068162
0.068102
0.068472
0.069188
0.068014
0.069473
0.067136
0.065258
0.066903
0.069269
0.070882
0.070408
0.071988
0.07072
0.07059
0.069238
0.06989
0.071453
0.072777
0.070078
0.069
0.072835
0.075689
0.07376
0.074179
0.069538
0.069448
0.072135
0.073313
0.070133
0.073578
0.070717
0.074837
0.071559
0.069141
0.068094
0.066623
0.072538
0.068015
0.064544
0.06609
0.067577
0.063924
0.069356
0.065895
0.06842
0.070685
0.071538
0.070126
0.070539
0.065648
0.06874
0.071606
0.06757
0.071812
0.072207
0.073294
0.07338
0.069696
0.072954
0.066792
0.068828
0.070978
0.0764
0.075394
0.074137
0.066974
0.070246
0.071281
0.072161
0.073244
0.073543
0.07394
0.072407
0.069783
0.077901
0.071992
0.080316
0.082062
0.081142
0.077148
0.081197
0.080221
0.080291
0.080374
0.076251
0.078085
0.075828
0.073804
0.077396
0.077115
0.078555
0.077921
0.077463
0.073631
0.082658
0.080586
0.081197
0.07864
0.075337
0.074341
0.076873
0.07779
0.078168
0.075332
0.078054
0.077177
0.08097
0.078233
0.08531
0.084841
0.089098
0.08783
0.082875
0.083833
0.079793
0.079949
0.081354
0.079456
0.079498
0.079338
0.078561
0.08129
0.082655
0.079563
0.082036
0.087347
0.08484
0.084214
0.084725
0.085549
0.082799
0.081871
0.079547
0.078381
0.083294
0.082766
0.079373
0.08199
0.082426
0.096668
0.085894
0.089441
0.090802
0.082744
0.086271
0.087926
0.082529
0.081819
0.081163
0.086279
0.089502
0.084793
0.088293
0.083695
0.094196
0.092659
0.090628
0.084621
0.086389
0.087102
0.086899
0.088981
0.085054
0.085896
0.089028
0.093447
0.090838
0.087494
0.090726
0.100578
0.098376
0.096199
0.098143
0.098225
0.096899
0.094113
0.093757
0.095625
0.09448
0.091839
0.092884
0.091913
0.087354
0.09531
0.092878
0.090111
0.089086
0.084501
0.083941
0.086941
0.082988
0.08365
0.084802
0.08391
0.083803
0.084301
0.080399
0.081409
0.080879
0.079228
0.081772
0.084563
0.084455
0.085247
0.083256
0.086995
0.081691
0.081975
0.080473
0.083705
0.086523
0.087895
0.086138
0.081343
0.08343
0.081905
0.079261
0.084
0.078362
0.079709
0.081406
0.085254
0.084092
0.081499
0.081948
0.080593
0.080911
0.076352
0.082416
0.081877
0.081456
0.087241
0.079396
0.081129
0.083497
0.080871
0.079085
0.083119
0.082729
0.077048
0.082454
0.080314
0.081804
0.081393
0.076608
0.079974
0.077272
0.079185
0.080646
0.08026
0.082434
0.078228
0.077605
0.082908
0.082887
0.084941
0.081322
0.083039
0.080983
0.084406
0.09223
0.086257
0.09201
0.089322
0.08519
0.093247
0.084567
0.086237
0.087979
0.087289
0.085485
0.084552
0.093962
0.087532
0.08666
0.09657
0.094387
0.090848
0.088514
0.08915
0.090691
0.086672
0.091873
0.08833
0.095637
0.092818
0.093352
0.092832
0.093944
0.086364
0.097917
0.096288
0.095768
0.095186
0.096407
0.097442
0.095489
0.096605
0.093648
0.096383
0.094325
0.094802
0.095248
0.097817
0.094926
0.093668
0.094788
0.098675
0.096694
0.099791
0.09555
0.10112
0.09792
0.091489
0.097558
0.09244
0.096445
0.091457
0.098928
0.095923
0.095213
0.093534
0.091508
0.092652
0.094423
0.096762
0.095677
0.094354
0.091845
0.089841
0.086045
0.088885
0.08211
0.087766
0.086783
0.08706
0.080256
0.083704
0.080344
0.083024
0.081164
0.084727
0.082701
0.083985
0.081252
0.082155
0.078457
0.079779
0.077969
0.078955
0.078582
0.078916
0.080756
0.079028
0.084229
0.083393
0.08248
0.077734
0.086015
0.084777
0.081181
0.081437
0.080231
0.079921
0.080881
0.080159
0.079689
0.077422
0.077075
0.077987
0.07535
0.076954
0.080862
0.082978
0.082479
0.075212
0.079024
0.078717
0.079463
0.077881
0.07329
0.075153
0.07605
0.080878
0.076898
0.084242
0.073148
0.07913
0.077625
0.074019
0.07602
0.073394
0.072131
0.075895
0.073152
0.067808
0.070266
0.068833
0.069811
0.06876
0.068573
0.071067
0.067658
0.067477
0.071562
0.068027
0.066877
0.07073
0.073972
0.073081
0.07632
0.075036
0.073783
0.073339
0.070744
0.076769
0.075741
0.07511
0.075154
0.074509
0.072869
0.077761
0.068997
0.072362
0.07263
0.072758
0.072129
0.070374
0.071456
0.066655
0.070499
0.070193
0.069871
0.070865
0.070781
0.066326
0.06963
0.068267
0.062949
0.070155
0.065445
0.063352
0.065188
0.061323
0.062687
0.063789
0.064902
0.063046
0.060057
0.06528
0.062715
0.061143
0.064711
0.061835
0.06285
0.061944
0.058982
0.059649
0.062389
0.060509
0.059953
0.061239
0.061587
0.064288
0.060354
0.060741
0.060731
0.059829
0.060406
0.060517
0.060831
0.061647
0.063385
