0.014352
0.055663
0.057179
0.05611
0.054791
0.054383
0.055951
0.054547
0.054371
0.049802
0.052029
0.06022
0.058368
0.058068
0.065984
0.058882
0.056872
0.058488
0.055434
0.056542
0.054547
0.05546
0.055667
0.05443
0.053135
0.053254
0.052624
0.054491
0.052579
0.059131
0.059439
0.060382
0.056721
0.058477
0.063673
0.059099
0.060145
0.059117
0.05822
0.057089
0.067284
0.062627
0.061586
0.061754
0.0596
0.060184
0.059581
0.061569
0.057565
0.06343
0.059317
0.058537
0.059879
0.057955
0.057721
0.056468
0.055937
0.058958
0.056784
0.055931
0.053765
0.056653
0.054756
0.06234
0.053498
0.05467
0.054274
0.052528
0.05081
0.051405
0.049871
0.052703
0.049879
0.04969
0.048858
0.061689
0.054184
0.056291
0.053477
0.056841
0.05381
0.057983
0.053047
0.056254
0.053066
0.058888
0.058817
0.059604
0.062368
0.069522
0.061385
0.062841
0.0631
0.064909
0.061896
0.060598
0.063003
0.066263
0.063519
0.063199
0.061852
0.063763
0.05954
0.063002
0.06409
0.066232
0.064202
0.061111
0.06931
0.069183
0.064883
0.068201
0.066498
0.066236
0.065039
0.064176
0.063839
0.062608
0.062395
0.066649
0.067939
0.06763
0.064363
0.067065
0.064266
0.068079
0.067239
0.06703
0.063552
0.060251
0.064983
0.063207
0.062649
0.067533
0.066861
0.065429
0.064463
0.064753
0.062831
0.063032
0.060371
0.060263
0.06247
0.064784
0.06368
0.064883
0.059879
0.062876
0.059667
0.066252
0.062492
0.061847
0.060543
0.061168
0.059276
0.060482
0.056035
0.062129
0.057491
0.057243
0.054459
0.056118
0.055196
0.062433
0.056701
0.058354
0.057568
0.058801
0.055608
0.058887
0.063642
0.062423
0.061243
0.060981
0.05799
0.058611
0.062653
0.05779
0.05753
0.058128
0.055883
0.059398
0.058518
0.06187
0.059308
0.058903
0.059364
0.060883
0.059454
0.063959
0.062613
0.060911
0.060913
0.062248
0.061739
0.061616
0.059689
0.059581
0.058641
0.059373
0.059695
0.057072
0.056404
0.058213
0.05765
0.057572
0.056796
0.059079
0.058448
0.057197
0.05723
0.05664
0.054333
0.055749
0.055874
0.057101
0.056132
0.059345
0.055401
0.05522
0.052261
0.051745
0.051012
0.049545
0.046729
0.046265
0.044686
0.045231
0.046089
0.051709
0.050306
0.049454
0.05078
0.049613
0.057077
0.051963
0.054304
0.055718
0.054027
0.054095
0.053027
0.05463
0.055439
0.054621
0.054734
0.055604
0.054053
0.053707
0.053711
0.053504
0.053406
0.052639
0.052311
0.052101
0.049528
0.051639
0.055009
0.056344
0.053145
0.054571
0.053772
0.053589
0.051989
0.053616
0.05202
0.052433
0.051347
0.053353
0.05277
0.056315
0.054414
0.056534
0.055238
0.063588
0.057991
0.058634
0.057462
0.058268
0.057844
0.061925
0.060072
0.06114
0.060762
0.060353
0.059901
0.060824
0.060789
0.063063
0.062429
0.060904
0.06277
0.066101
0.061622
0.06265
0.060577
0.061806
0.060667
0.061026
0.061062
0.06101
0.060396
0.062146
0.064998
0.066806
0.064124
0.065886
0.064915
0.064085
0.069562
0.062921
0.066516
0.061401
0.061538
0.060174
0.06217
0.060133
0.061783
0.0591
0.059037
0.058235
0.056721
0.058158
0.058106
0.057748
0.057418
0.055905
0.058289
0.054466
0.052597
0.05233
0.052299
0.05318
0.056148
0.053325
0.054115
0.050918
0.054234
0.054382
0.053308
0.05206
0.055552
0.055536
0.057057
0.054532
0.056668
0.05368
0.056366
0.062625
0.053685
0.057523
0.055041
0.054436
0.055999
0.054594
0.05459
0.055882
0.055923
0.054134
0.058454
0.057825
0.069852
0.063877
0.060497
0.065616
0.058627
0.057674
0.05914
0.061812
0.058178
0.059129
0.061083
0.056669
0.0608
0.056119
0.05861
0.062952
0.060527
0.061538
0.059149
0.05806
0.057918
0.059553
0.065205
0.06078
0.062809
0.061905
0.060013
0.0586
0.058956
0.057103
0.06257
0.060831
0.063411
0.058669
0.059121
0.058243
0.058353
0.069921
0.065969
0.064578
0.065778
0.061007
0.061679
0.053671
0.053764
0.052971
0.056643
0.054216
0.053177
0.053079
0.051409
0.050916
0.052485
0.058108
0.053496
0.051794
0.053175
0.053327
0.054435
0.056586
0.055383
0.053572
0.053709
0.052754
0.054986
0.052456
0.057653
0.056392
0.059922
0.056376
0.059281
0.059924
0.057621
0.059051
0.059156
0.056645
0.056504
0.05489
0.055695
0.056778
0.063621
0.055551
0.061176
0.057907
0.060067
0.056878
0.061013
0.060324
0.062483
0.063352
0.066235
0.063027
0.06197
0.062287
0.066273
0.064693
0.0667
0.068329
0.067911
0.067722
0.064808
0.063513
0.065876
0.067073
0.066521
0.064905
0.067355
0.068437
0.069545
0.067127
0.069092
0.067753
0.066706
0.06641
0.066338
0.066054
0.065859
0.061696
0.065332
0.063999
0.062499
0.063301
0.064497
0.064702
0.066239
0.061656
0.063249
0.061768
0.061471
0.057957
0.061554
0.063062
0.061584
0.060299
0.062699
0.063875
0.059509
0.063803
0.061767
0.059797
0.060275
0.058119
0.058693
0.057029
0.05804
0.058284
0.058562
0.057585
0.05437
0.051337
0.052936
0.04957
0.051788
0.049543
0.051307
0.04951
0.049484
0.05134
0.05054
0.046322
0.050411
0.049289
0.049805
0.048602
0.051037
0.050131
0.047988
0.050889
0.054328
0.051366
0.056045
0.054375
0.054521
0.055141
0.062803
0.057673
0.057512
0.059184
0.057231
0.056447
0.056727
0.054771
0.057635
0.058531
0.057037
0.054796
0.053341
0.063968
0.05733
0.05551
0.059032
0.058555
0.062795
0.060811
0.065425
0.059038
0.061219
0.059541
0.058982
0.057448
0.058717
0.061886
0.059959
0.059718
0.060218
0.060898
0.058844
0.064126
0.063023
0.059919
0.061441
0.058261
0.058343
0.057477
0.060496
0.053891
0.060301
0.057133
0.057344
0.055532
0.053634
0.061017
0.055692
0.055632
0.055284
0.052419
0.060744
0.057334
0.059051
0.054169
0.055459
0.05259
0.053207
0.05251
0.05465
0.055461
0.054671
0.054227
0.055061
0.0531
0.062062
0.057235
0.057275
0.057248
0.057575
0.056258
0.055292
0.054772
0.059679
0.057499
0.05796
0.056192
0.057507
0.064788
0.061599
0.058684
0.059682
0.056129
0.058932
0.056049
0.059169
0.058933
0.056717
0.056594
0.057317
0.056442
0.058494
0.0566
0.064478
0.057935
0.059547
0.059579
0.060096
0.057558
0.05803
0.057108
0.058384
0.059422
0.057489
0.057927
0.058429
0.058243
0.066401
0.061682
0.060754
0.060296
0.06064
0.059411
0.060415
0.05888
0.059357
0.05907
0.059369
0.058769
0.059655
0.058317
0.059705
0.058403
0.054716
0.055109
0.053203
0.056624
0.057183
0.056374
0.057707
0.055996
0.056148
0.053514
0.055192
0.056488
0.057868
0.054754
0.053792
0.057157
0.056148
0.055276
0.05554
0.057691
0.054892
0.056163
0.054946
0.055609
0.056973
0.055945
0.055715
0.055411
0.056147
0.057691
0.061839
0.06056
0.064182
0.062154
0.063093
0.061101
0.062796
0.060677
0.064549
0.065665
0.065125
0.062941
0.068728
0.062997
0.065146
0.065261
0.064419
0.063563
0.062689
0.061848
0.06396
0.061019
0.065192
0.06612
0.066525
0.063427
0.066572
0.067778
0.065398
0.066141
0.067291
0.066485
0.066034
0.064286
0.067479
0.065631
0.061606
0.062742
0.061198
0.06195
0.064545
0.060987
0.060783
0.060392
0.056397
0.058657
0.056095
0.060185
0.059933
0.060485
0.058453
0.056847
0.056417
0.056099
0.057685
0.062126
0.058955
0.059864
0.059215
0.056992
0.061075
0.058354
0.059644
0.060629
0.057753
0.060933
0.058805
0.060633
0.060324
0.061438
0.059811
0.062002
0.061973
0.06136
0.067899
0.063912
0.064203
0.062883
0.060702
0.060027
0.059274
0.063134
0.058228
0.058175
0.054059
0.057812
0.059139
0.058734
0.057618
0.055562
0.057417
0.055449
0.066046
0.057027
0.056118
0.057418
0.056704
0.054664
0.061687
0.058751
0.057293
0.059294
0.058626
0.060285
0.067555
0.063222
0.061904
0.064556
0.063885
0.061474
0.059794
0.066459
0.060087
0.063398
0.060147
0.057102
0.058448
0.056149
0.05569
0.059549
0.056739
0.056679
0.055529
0.05397
0.055177
0.061746
0.058673
0.057671
0.056832
0.057277
0.053916
0.058486
0.061524
0.062254
0.060406
0.060581
0.058736
0.061046
0.058565
0.058697
0.062066
0.061624
0.059474
0.060272
0.061325
0.07085
0.063155
0.065498
0.062941
0.063829
0.060659
0.061244
0.059578
0.059168
0.061583
0.060437
0.058518
0.059758
0.059175
0.065778
0.061412
0.060622
0.05878
0.058861
0.05741
0.059033
0.058124
0.056449
0.057073
0.055862
0.058462
0.059077
0.058242
0.057924
0.056378
0.067381
0.058627
0.057104
0.059074
0.057999
0.056163
0.063
0.058669
0.060718
0.058865
0.061159
0.056449
0.058511
0.062764
0.059671
0.058882
0.060283
0.057257
0.058586
0.055853
0.057196
0.057302
0.058671
0.057742
0.05668
0.058094
0.058486
0.053434
0.060325
0.05393
0.055806
0.053832
0.053674
0.052239
0.054072
0.055325
0.052472
0.049544
0.049441
0.048681
0.059541
0.051234
0.053185
0.052418
0.052922
0.05908
0.056089
0.056877
0.057317
0.055945
0.055643
0.055156
0.064327
0.060731
0.06094
0.061287
0.060973
0.059454
0.062041
0.067882
0.063615
0.064426
0.063458
0.062679
0.065422
0.063938
0.064117
0.061169
0.067202
0.061612
0.059912
0.064258
0.064555
0.067294
0.063099
0.061102
0.062026
0.064133
0.071923
0.064065
0.066089
0.062388
0.064611
0.066621
0.061388
0.06009
0.065017
0.06377
0.062574
0.060243
0.063535
0.059555
0.059615
0.058565
0.067571
0.061234
0.060608
0.0643
0.061994
0.060595
0.067646
0.064026
0.065549
0.062811
0.061608
0.062272
0.062737
0.062319
0.061556
0.063184
0.065288
0.062953
0.063667
0.058049
0.058831
0.065497
0.061606
0.05987
0.060562
0.058334
0.060815
0.05785
0.055691
0.059388
0.055534
0.054008
0.054416
0.055165
0.063235
0.057483
0.056856
0.058136
0.056699
0.054607
0.064034
0.059683
0.059586
0.059966
0.060166
0.059216
0.059629
0.056787
0.062835
0.060776
0.061021
0.059197
0.059959
0.058167
0.057444
0.062157
0.062726
0.061074
0.059706
0.064017
0.062708
0.059336
0.061244
0.057548
0.059291
0.056961
0.056305
0.054892
0.055585
0.056445
0.058278
0.056503
0.058696
0.055746
0.05553
0.054358
0.05716
0.055295
0.055153
0.058086
0.05692
0.058041
0.058292
0.055393
0.055463
0.053335
0.04969
0.049004
0.04667
0.046416
0.048876
0.05128
0.051642
0.050159
0.050443
0.049788
0.052242
0.05793
0.055029
0.052964
0.057091
0.054595
0.057782
0.054971
0.057322
0.05562
0.056753
0.054824
0.058748
0.05414
0.055909
0.053281
0.054792
0.054079
0.049541
0.053082
0.051212
0.052807
0.053647
0.05667
0.055158
0.055674
0.052549
0.052687
0.053575
0.053127
0.054206
0.053853
0.05679
0.054597
0.05572
0.063989
0.058243
0.057411
0.057403
0.054944
0.05684
0.054413
0.05986
0.062873
0.060564
0.062029
0.060752
0.060686
