0.006723
0.029729
0.033885
0.032103
0.033509
0.032136
0.031849
0.033113
0.03099
0.031672
0.03
0.032721
0.033782
0.032864
0.036112
0.032921
0.032914
0.033332
0.031767
0.033913
0.030332
0.033123
0.030986
0.032314
0.030559
0.03102
0.031908
0.031168
0.030102
0.031864
0.031909
0.031105
0.030359
0.031725
0.030858
0.031611
0.032298
0.031835
0.030913
0.035713
0.032936
0.032948
0.031799
0.033829
0.031702
0.031312
0.030275
0.029301
0.029268
0.030103
0.032017
0.029365
0.031636
0.029433
0.031697
0.030159
0.032003
0.031986
0.032194
0.032133
0.032011
0.032598
0.032974
0.032096
0.032477
0.034147
0.033461
0.032129
0.031712
0.032701
0.032534
0.03185
0.030788
0.031583
0.032309
0.031917
0.031848
0.03157
0.031671
0.032508
0.033352
0.032955
0.033229
0.03353
0.03358
0.033606
0.032906
0.032308
0.032557
0.034136
0.032392
0.032453
0.032288
0.034886
0.035361
0.037442
0.034816
0.035789
0.033018
0.033836
0.033557
0.034012
0.033441
0.032695
0.031246
0.031057
0.034599
0.036488
0.036554
0.035452
0.035899
0.033889
0.034845
0.033939
0.034014
0.033757
0.032604
0.033555
0.034196
0.036405
0.036762
0.036785
0.035541
0.037832
0.037151
0.036772
0.037201
0.035095
0.035268
0.03927
0.040467
0.038027
0.039146
0.038636
0.038699
0.0387
0.038637
0.038141
0.037629
0.037396
0.036286
0.036409
0.037562
0.039913
0.039147
0.039094
0.040197
0.038548
0.039973
0.037789
0.037407
0.036685
0.037819
0.037419
0.036533
0.039833
0.041102
0.039303
0.039654
0.03739
0.036645
0.035676
0.034964
0.036314
0.034938
0.034527
0.035238
0.035767
0.035461
0.035078
0.035427
0.035423
0.035664
0.035437
0.036153
0.036738
0.03728
0.038666
0.039213
0.037785
0.03807
0.037907
0.03606
0.03539
0.035211
0.033756
0.037746
0.037662
0.038141
0.037964
0.037832
0.038242
0.03619
0.03496
0.036465
0.036025
0.033285
0.034887
0.035073
0.035488
0.034987
0.034606
0.034642
0.032701
0.033815
0.033958
0.033165
0.034109
0.034447
0.03387
0.03383
0.034043
0.033165
0.032637
0.032924
0.03244
0.03447
0.035891
0.034099
0.035306
0.035946
0.035494
0.03528
0.035215
0.033846
0.034024
0.033617
0.038202
0.035553
0.035353
0.03458
0.03493
0.034128
0.034061
0.035566
0.034044
0.034275
0.03443
0.033868
0.034321
0.033935
0.033657
0.032665
0.037143
0.034702
0.034493
0.037288
0.034236
0.034857
0.034902
0.035069
0.035174
0.035401
0.034665
0.035975
0.034053
0.034976
0.035178
0.034027
0.034278
0.033892
0.033229
0.033399
0.034482
0.032729
0.034239
0.032188
0.032953
0.034473
0.038009
0.032787
0.034464
0.032981
0.038626
0.033405
0.035018
0.034019
0.032852
0.033595
0.032817
0.035261
0.032666
0.032908
0.033362
0.032323
0.034722
0.039114
0.036371
0.036184
0.035897
0.036534
0.035807
0.036469
0.034845
0.035457
0.035628
0.033773
0.034287
0.036366
0.035054
0.035836
0.034096
0.033163
0.033016
0.033077
0.033645
0.032223
0.033162
0.035582
0.032792
0.033295
0.033044
0.034159
0.03184
0.036385
0.036032
0.034894
0.0365
0.033529
0.034955
0.034149
0.034141
0.036642
0.034467
0.039718
0.034728
0.034021
0.034329
0.034068
0.033602
0.033322
0.034171
0.033955
0.035333
0.0357
0.03595
0.036111
0.036267
0.035142
0.035609
0.035066
0.035358
0.034757
0.035571
0.03707
0.038185
0.038675
0.038104
0.03595
0.036417
0.036912
0.037611
0.037094
0.037336
0.036327
0.03841
0.036916
0.037028
0.037313
0.036434
0.037371
0.038241
0.036919
0.038476
0.036734
0.036155
0.036686
0.03526
0.038217
0.038246
0.037694
0.037316
0.038712
0.036352
0.035729
0.03613
0.037255
0.036762
0.036248
0.035766
0.036289
0.033742
0.032997
0.03569
0.033802
0.032597
0.032986
0.033555
0.034436
0.032333
0.030844
0.030117
0.031232
0.030736
0.029939
0.030839
0.031705
0.030264
0.029322
0.034659
0.030856
0.030258
0.030702
0.029625
0.028909
0.03134
0.030639
0.031381
0.03062
0.029779
0.030198
0.029876
0.028862
0.029455
0.031714
0.031808
0.030061
0.031712
0.030297
0.030031
0.029342
0.033396
0.031374
0.030842
0.031153
0.033312
0.030268
0.031444
0.029584
0.032935
0.030831
0.028192
0.030527
0.030182
0.029896
0.036003
0.031683
0.037619
0.030487
0.030479
0.030427
0.030031
0.030322
0.029713
0.035255
0.030983
0.029779
0.029286
0.030945
0.029714
0.027737
0.032792
0.029658
0.030348
0.028753
0.028676
0.029444
0.029412
0.028728
0.029556
0.031627
0.028495
0.027894
0.029031
0.028294
0.02774
0.028538
0.031372
0.031513
0.033175
0.030493
0.031338
0.03049
0.036168
0.028269
0.032057
0.032952
0.030764
0.031607
0.033715
0.030589
0.030436
0.032899
0.031463
0.033303
0.030871
0.03194
0.031164
0.031408
0.030787
0.031862
0.033283
0.033638
0.030284
0.030231
0.029355
0.029328
0.029891
0.030471
0.033607
0.030041
0.027898
0.029492
0.028872
0.029181
0.031278
0.031061
0.031194
0.037105
0.032549
0.031847
0.032352
0.032743
0.032152
0.03245
0.032611
0.031465
0.030937
0.032953
0.032658
0.034974
0.032279
0.031864
0.031173
0.031931
0.033652
0.032314
0.03583
0.034131
0.03222
0.033027
0.032414
0.034332
0.032141
0.032608
0.034617
0.032953
0.033733
0.033389
0.03545
0.03377
0.039265
0.03581
0.037353
0.034905
0.035694
0.034543
0.033676
0.035043
0.035568
0.038467
0.038798
0.038504
0.037912
0.03676
0.036966
0.037056
0.039973
0.036991
0.038037
0.037707
0.038455
0.038219
0.037077
0.040259
0.040717
0.03589
0.03588
0.035433
0.037126
0.036519
0.04037
0.037312
0.036449
0.036271
0.03651
0.036332
0.038318
0.041743
0.038247
0.038717
0.037826
0.037659
0.037948
0.038906
0.043114
0.040648
0.039264
0.039688
0.039636
0.038819
0.039715
0.038568
0.039751
0.040925
0.043108
0.041073
0.040728
0.040061
0.039983
0.038856
0.039052
0.038145
0.039439
0.039275
0.038683
0.038548
0.038653
0.038264
0.039399
0.036701
0.037201
0.037155
0.036811
0.037377
0.038508
0.039457
0.038159
0.038519
0.037185
0.03748
0.037344
0.036749
0.035603
0.03574
0.036303
0.036891
0.036124
0.036624
0.03598
0.035067
0.034893
0.034234
0.036639
0.035818
0.033985
0.034197
0.035122
0.035357
0.035906
0.034794
0.035442
0.035779
0.035708
0.035109
0.034909
0.033981
0.034301
0.034345
0.034025
0.036456
0.036277
0.038513
0.035152
0.035918
0.034639
0.034614
0.033511
0.034104
0.034305
0.033951
0.033864
0.034586
0.034379
0.035313
0.043167
0.037635
0.035529
0.035766
0.03454
0.033867
0.034106
0.034979
0.034625
0.035276
0.036588
0.037595
0.037065
0.037231
0.036993
0.036723
0.038594
0.03641
0.037293
0.035322
0.036098
0.036478
0.03673
0.040934
0.036051
0.037369
0.036882
0.03506
0.035992
0.03775
0.039021
0.037674
0.037361
0.036005
0.03529
0.036481
0.034733
0.035996
0.038044
0.036389
0.036112
0.035318
0.035337
0.034585
0.039834
0.037333
0.034801
0.034493
0.034536
0.035118
0.040644
0.036588
0.035938
0.034874
0.040615
0.038526
0.036642
0.037227
0.035095
0.034672
0.033655
0.036033
0.035044
0.035398
0.033157
0.03515
0.038396
0.038617
0.045566
0.04103
0.038032
0.039448
0.036439
0.036811
0.036417
0.037183
0.0351
0.037497
0.034767
0.036289
0.036387
0.039278
0.037463
0.046372
0.040104
0.039497
0.040364
0.040312
0.03819
0.038392
0.040428
0.04081
0.039109
0.039019
0.037797
0.035678
0.03715
0.040528
0.036574
0.035774
0.035718
0.033872
0.035633
0.033652
0.039341
0.036687
0.035792
0.033656
0.035181
0.03472
0.040946
0.037101
0.03492
0.035836
0.037193
0.034429
0.041035
0.039829
0.038496
0.039049
0.037518
0.037151
0.040077
0.04092
0.043974
0.039194
0.038896
0.037668
0.037994
0.045205
0.03977
0.040763
0.038969
0.038549
0.039542
0.040244
0.045173
0.040314
0.042182
0.041018
0.039041
0.041798
0.040237
0.046888
0.042923
0.042992
0.041662
0.041596
0.039965
0.044772
0.040835
0.044069
0.041768
0.042856
0.041446
0.043206
0.044506
0.042939
0.043618
0.041831
0.04133
0.043646
0.045887
0.045637
0.044438
0.044652
0.045271
0.044005
0.043373
0.046739
0.04531
0.046281
0.044265
0.04625
0.043486
0.043788
0.041061
0.041735
0.043387
0.044064
0.040773
0.043784
0.040966
0.041813
0.039126
0.040453
0.039675
0.039696
0.039175
0.040552
0.039992
0.040698
0.039789
0.040787
0.040307
0.043627
0.040796
0.040925
0.039817
0.039648
0.038439
0.040664
0.039481
0.041186
0.038363
0.043029
0.039081
0.040913
0.037525
0.039729
0.038616
0.041673
0.039627
0.039618
0.04181
0.041133
0.039499
0.038318
0.038554
0.037001
0.038013
0.038366
0.038323
0.040322
0.039257
0.040335
0.038663
0.03902
0.039143
0.037823
0.039661
0.040715
0.038223
0.039906
0.040153
0.039027
0.037804
0.038616
0.037618
0.041128
0.039892
0.040768
0.039273
0.040475
0.038584
0.039441
0.038291
0.041777
0.039685
0.037528
0.037412
0.039071
0.038494
0.037893
0.038757
0.039077
0.036808
0.03973
0.039385
0.040756
0.040305
0.040833
0.039308
0.039774
0.039774
0.039368
0.041212
0.042813
0.041852
0.043437
0.042887
0.043992
0.047351
0.045799
0.04414
0.045099
0.043645
0.044528
0.044785
0.044518
0.044323
0.046599
0.045747
0.045775
0.044999
0.048478
0.045492
0.041579
0.042403
0.04535
0.043384
0.04116
0.039572
0.042207
0.041366
0.047533
0.042755
0.043085
0.043024
0.042501
0.040987
0.042629
0.04142
0.040488
0.043646
0.043591
0.042018
0.04128
0.041687
0.041653
0.045643
0.042991
0.043142
0.04162
0.041902
0.041125
0.047647
0.044408
0.040589
0.042124
0.042119
0.040871
0.049247
0.042978
0.041859
0.042428
0.040368
0.048621
0.044281
0.044961
0.042989
0.043282
0.041153
0.041073
0.045489
0.042722
0.042629
0.043747
0.041381
0.042737
0.047619
0.043662
0.044793
0.041329
0.041807
0.042228
0.042275
0.046719
0.04211
0.043226
0.041013
0.041895
0.048248
0.044775
0.040357
0.042704
0.041575
0.040841
0.043735
0.042535
0.039979
0.041264
0.040698
0.039344
0.040625
0.04374
0.042874
0.044801
0.043999
0.043106
0.042817
0.042314
0.04942
0.048021
0.045936
0.045756
0.044588
0.043327
0.043793
0.043909
0.047175
0.047056
0.043542
0.042708
0.042874
0.050296
0.046513
0.046924
0.044822
0.043454
0.046769
0.043214
0.047535
0.04478
0.045664
0.047653
0.043669
0.047782
0.042457
0.043535
0.048208
0.045519
0.043919
0.043527
0.042184
0.043316
0.044048
0.043961
0.044715
0.044463
0.045007
0.042845
0.042217
0.043735
0.049236
0.045814
0.042158
0.042706
0.041212
0.042362
0.043565
0.040757
0.044056
0.041475
0.041225
0.040527
0.041655
0.046122
0.04684
0.044481
0.042729
0.042599
0.041522
0.040849
0.044086
0.042987
0.042581
0.042167
0.040403
0.041226
0.042276
0.038387
0.043721
0.045691
0.042189
0.041656
0.039977
0.040027
0.039883
0.03903
0.045924
0.038886
0.039417
0.037783
0.037771
0.03812
0.045331
0.038805
0.040405
0.040501
0.038316
0.039811
0.039561
0.043716
0.043604
0.042821
0.040039
0.039581
0.039552
0.045247
0.041321
0.042369
0.041136
0.041685
0.04287
0.041999
0.0426
0.041477
0.041568
0.042465
0.041072
0.043074
0.04176
0.043823
0.043924
0.04453
0.041953
0.042961
0.04232
0.043608
0.042877
0.04256
0.045736
0.044114
0.042285
0.046317
0.044532
0.0457
0.044928
0.043067
0.042441
0.046355
0.047738
0.045999
0.047723
0.045299
0.042605
0.043805
0.045118
0.043538
0.04382
0.043022
0.043274
0.046726
0.045997
0.046687
0.046787
0.044288
0.044863
0.044053
0.043335
0.0433
0.042329
0.04225
0.040977
0.041325
0.040665
0.041819
0.04352
0.043771
0.041651
0.040418
0.041117
0.041319
0.043426
0.041905
0.039622
0.041257
0.041594
0.042305
0.043735
0.04529
0.043082
0.042548
0.044192
0.042509
0.042767
0.042043
0.041201
0.041936
0.041594
0.041389
0.04045
0.040594
0.041096
0.042277
0.042685
0.042514
0.04151
0.043675
0.042482
0.042234
0.04219
0.044752
0.043964
0.044431
0.043453
0.04665
0.041917
0.044028
0.045525
0.049113
0.044262
0.045245
0.04581
0.045951
0.044421
0.044757
0.042437
0.043845
0.042084
0.044723
0.043419
0.044061
0.043631
0.045223
0.043155
0.044074
0.043743
0.044054
0.041964
0.041746
0.042211
0.043865
0.045657
0.046512
0.043121
0.046751
0.041561
0.040795
0.042733
0.042123
0.041286
0.042327
0.043059
0.041841
0.041746
0.042802
0.04215
0.041653
0.041576
0.042288
0.040288
0.042073
0.041863
0.04338
0.041502
0.041312
0.041899
0.041686
0.039526
0.040385
0.040769
0.043026
0.040519
0.04005
0.040068
0.039557
0.039656
0.041173
0.03919
0.043635
0.041181
0.041001
0.040542
0.040146
0.039845
0.04035
0.039335
0.038973
0.03884
0.040453
0.038375
0.038479
0.038173
0.03863
0.037219
0.037225
0.037994
0.040426
0.040029
0.041427
0.039908
0.040336
0.041216
0.03944
0.038462
0.039381
0.03884
0.038482
0.037924
0.038649
0.040761
0.041447
0.039416
0.04192
0.039812
0.039866
0.039356
0.040747
0.038925
0.038776
0.037215
0.03779
0.039021
0.039716
0.040515
0.040053
0.039335
0.039439
0.038049
0.039346
0.03891
0.038717
0.039056
0.040855
0.039619
0.042487
0.04021
0.037984
0.039395
0.039546
0.037475
0.039305
0.039862
0.037551
0.040556
0.038887
0.037595
0.038547
0.038307
0.038237
0.037334
0.037531
0.035207
0.036433
0.036128
0.036172
0.039723
0.03761
0.035782
0.035134
0.03412
0.034705
0.033339
0.033438
0.036639
0.034157
0.0346
0.033118
0.034428
0.034825
0.034498
0.038292
0.03662
0.035585
0.035533
0.035367
0.036609
0.034723
0.039376
0.036635
0.033464
0.035294
0.033799
0.034252
0.034069
0.040023
0.038024
0.037141
0.036558
0.036098
0.03499
0.036771
0.035563
0.035166
0.037768
0.035658
0.036042
0.035186
0.043309
0.038966
0.037753
0.037638
0.03814
0.034659
0.037419
0.034208
0.039089
0.037254
0.034714
0.03486
0.036876
0.035398
0.040945
0.03789
0.037836
0.034607
0.035959
0.034867
0.038179
0.03593
0.041269
0.036287
0.036571
0.036319
0.037944
0.037505
0.038045
0.037644
0.038537
0.039153
0.03942
0.038123
0.039631
0.03834
0.038823
0.036516
0.042075
0.039013
0.03835
0.037123
0.038555
0.038914
0.040144
0.037204
0.041962
0.038621
0.039301
0.038666
0.039473
0.037104
0.043975
0.038329
0.039243
0.038886
0.038028
0.036361
0.037803
0.039215
0.039113
0.038405
0.038452
0.035044
0.036834
0.038116
0.040668
0.039639
0.037357
0.03822
0.037118
0.036642
0.037803
0.038476
0.04104
0.038495
0.035864
0.037995
0.037556
0.036994
0.037503
0.037545
0.036159
0.039324
0.037472
0.037773
0.038161
0.036954
0.038628
0.042528
0.039969
0.036292
0.036291
0.036183
0.036403
0.037136
0.03737
0.03937
0.038972
0.037005
0.036803
0.03888
0.038369
0.043027
0.041182
0.040031
0.04194
0.040364
0.042131
0.041338
0.042909
0.042794
0.041452
0.041028
0.040629
0.039536
0.039749
0.046669
0.042763
0.041753
0.041558
0.04048
0.039366
0.040698
0.04611
0.040983
0.038693
0.03994
0.038911
0.039265
0.0454
0.040066
0.039951
0.039529
0.039768
0.037992
0.039291
0.038188
0.041206
0.038951
0.039371
0.036619
0.038114
0.037198
0.04335
0.039531
0.038895
0.036865
0.035451
0.035045
0.03709
0.036186
0.036716
0.037394
0.036634
0.034393
0.03642
0.035681
0.035674
0.035029
0.035123
0.037642
0.034216
0.038606
0.033505
0.035447
0.035712
0.035496
0.034411
0.036999
0.03655
0.035844
0.034648
0.035916
0.036324
0.03444
0.035439
0.03518
0.037119
0.036696
0.035658
0.036773
0.036626
0.036609
0.035387
0.034157
0.035916
0.035371
0.034687
0.034929
0.034184
0.034979
0.036007
0.036415
0.036247
0.036071
0.034148
0.035575
0.035671
0.034418
0.031833
0.034224
0.033183
0.032002
0.03324
0.033723
0.034417
0.03405
0.034625
0.035198
0.034454
0.034637
0.034
0.033556
0.033668
0.034415
0.035364
0.035923
0.036093
0.035656
0.034633
0.035224
0.035378
0.035238
0.03536
0.03476
0.035709
0.037007
0.03688
0.037818
0.036909
0.036321
0.036396
0.040659
0.036786
0.039008
0.036841
0.036742
0.036324
0.036032
0.036088
0.035539
0.038239
0.036814
0.036159
0.035855
0.035104
0.035707
0.040452
0.038364
0.035487
0.035564
0.036228
0.034882
0.035919
0.034124
0.038249
0.036426
0.035849
0.03633
0.035771
0.035946
0.039614
0.037574
0.037698
0.03673
0.037644
0.037522
0.035643
0.037097
0.038716
0.03797
0.036745
0.035289
0.035196
0.034888
0.034506
0.037966
0.035578
0.03586
0.03541
0.034937
0.036448
0.036179
0.039468
0.03715
0.036456
0.035449
0.035172
0.036677
0.035586
0.039956
0.037401
0.036493
0.035866
0.036284
0.036014
0.035847
0.035255
0.034868
0.034091
0.034186
0.033845
0.033453
0.034854
0.034467
0.034812
0.034327
0.034158
0.033498
0.033156
0.032922
0.031832
0.03336
0.032824
0.030956
0.032781
0.033312
0.032302
0.031736
0.032241
0.032932
0.033524
0.032569
0.032195
0.031496
0.032207
0.031935
0.029871
0.031222
0.030101
0.030857
0.031454
0.030914
0.03135
0.03165
0.031889
0.030965
0.030935
0.033368
0.032527
0.031348
0.032268
0.031716
0.032562
0.033179
0.032765
0.033273
0.033754
0.033557
0.033635
0.034511
0.03544
0.036286
0.034678
0.037647
0.036318
0.035875
0.035806
0.035166
0.035779
0.036338
0.036206
0.036111
0.037504
0.037195
0.036277
0.037767
0.036188
0.035775
0.035697
0.03543
0.038536
0.037966
0.037411
0.037439
0.038175
0.038015
0.037212
0.036738
0.036497
0.035715
0.03711
0.037099
0.036544
0.0379
0.039692
0.037101
0.036614
0.036441
0.039641
0.037447
0.036515
0.03512
0.036146
0.036902
0.036016
0.035081
0.038803
0.036254
0.035979
0.035877
0.036269
0.036886
0.036136
0.035326
0.035338
0.036707
0.036772
0.036497
0.037162
0.036396
0.036772
0.036276
0.040278
0.038158
0.037226
0.036739
0.037055
0.037469
0.036585
0.036987
0.040468
0.037667
0.039153
0.037127
0.038671
0.036599
0.037515
0.036065
0.035908
0.037478
0.036318
0.036244
0.03731
0.037315
0.036454
0.035539
0.035823
0.03861
0.038257
0.037435
0.038541
0.038492
0.038686
0.037166
0.037433
0.036574
0.039159
0.038208
0.037054
0.039325
0.038756
0.037985
0.037963
0.037035
0.03884
0.03738
0.035972
0.035822
0.034916
0.035821
0.035064
0.035634
0.034821
0.033551
0.034948
0.034546
0.035407
0.035098
0.034379
0.03958
0.034679
0.037099
0.033719
0.033815
0.03434
0.034264
0.035816
0.039318
0.037508
0.036177
0.034871
0.037129
0.036423
0.035507
0.034689
0.039193
0.036146
0.035198
0.034878
0.035698
0.035623
0.034693
0.034291
0.033968
0.035846
0.035052
0.033983
0.033881
0.033405
0.032676
0.033269
0.038018
0.033548
0.033524
0.033804
0.032978
0.033807
0.033599
0.032831
0.034038
0.03158
0.032043
0.031887
0.03158
0.037664
0.032269
0.031991
0.032306
0.033148
0.032847
0.03225
0.033992
0.033686
0.034615
0.034532
0.03457
0.034794
0.035081
0.033729
0.03492
0.040407
0.034172
0.035253
0.034
0.033184
0.032863
0.033831
0.034771
0.035764
0.036885
0.03623
0.036285
0.03589
0.035406
0.03539
0.035011
0.036697
0.03504
0.034611
0.033641
0.03568
0.035476
0.036984
0.036199
0.036456
0.036837
0.036608
0.03534
0.035275
0.034109
0.03524
0.034723
0.034633
0.035708
0.03819
0.03862
0.036985
0.038487
0.037143
0.03644
0.03551
0.035172
0.035705
0.034575
0.035067
0.03362
0.034454
0.035206
0.036248
0.037061
0.036355
0.036152
0.036245
0.03487
0.034737
0.034398
0.035141
0.035422
0.03607
0.036292
0.036233
0.035555
0.036143
0.035541
0.035534
0.03837
0.038328
0.035977
0.03721
0.037067
0.03802
0.035619
0.037127
0.036613
0.039006
0.037404
0.036127
0.037022
0.036429
0.035947
0.036298
0.035787
0.037596
0.036507
0.036369
0.035562
0.037383
0.036856
0.037546
0.035644
0.035865
0.035517
0.035966
0.035006
0.036148
0.035172
0.034873
0.034076
0.033572
0.035723
0.033324
0.03361
0.032777
0.033002
0.032117
0.030977
0.030895
0.033245
0.031982
0.030336
0.034494
0.030709
0.033094
0.030387
0.034495
0.031095
0.031584
0.03106
0.03083
0.030291
0.032972
0.029817
0.031639
0.031282
0.030925
0.028049
0.031685
0.030955
0.029163
0.02946
0.031126
0.029755
0.029976
0.029841
0.029684
0.029797
0.028971
0.032486
0.03082
0.031606
0.029052
0.037296
0.030384
0.030153
0.030185
0.032592
0.030873
0.030756
0.029865
0.031377
0.030067
0.030458
0.036024
0.032145
0.031256
0.031996
0.030142
0.030073
0.030819
0.028991
0.031255
0.030444
0.030611
0.030284
0.030874
0.030698
0.029756
0.029842
0.029303
0.032221
0.029612
0.029428
0.029585
0.028435
0.02885
0.029981
0.029375
0.029788
0.029697
0.027572
0.028032
0.028909
0.028538
0.030076
0.029211
0.031464
0.030321
0.030269
0.029513
0.029646
0.029157
0.030071
0.028613
0.032704
0.030493
0.029689
0.029784
0.029948
0.029195
0.029209
0.029066
0.0315
0.031087
0.030704
0.030477
0.030768
0.033838
0.032034
0.030324
0.028477
0.028718
0.027294
0.029471
0.029213
0.032325
0.029583
0.02882
0.028263
0.030144
0.029527
0.037287
0.032555
0.032429
0.032745
0.031125
0.03165
0.031285
0.031337
0.031302
0.031362
0.031367
0.036438
0.032635
0.032376
0.031243
0.031197
0.031825
0.03301
0.033107
0.035361
0.034189
0.033234
0.031913
0.032718
0.032348
0.038905
0.034586
0.033175
0.034171
0.033429
0.032954
0.033827
0.036767
0.036513
0.035545
0.034973
0.034092
0.035522
0.034041
0.0379
0.036647
0.037659
0.037012
0.035158
0.034391
0.039424
0.03599
0.037355
0.037119
0.036688
0.036214
0.037064
0.038955
0.037051
0.035868
0.035524
0.034468
0.035768
0.040704
0.037818
0.037222
0.036823
0.036263
0.035807
0.041869
0.039211
0.037994
0.037499
0.037649
0.036876
0.038618
0.039476
0.044036
0.040933
0.04245
0.038248
0.042435
0.038777
0.03966
0.039511
0.042782
0.040536
0.038625
0.039387
0.04078
0.041255
0.040252
0.041269
0.042178
0.041361
0.040944
0.039805
0.040301
0.039418
0.040191
0.040217
0.039834
0.03789
0.040807
0.038438
0.038601
0.039407
0.040302
0.039013
0.039073
0.037711
0.039827
0.037548
0.039594
0.036738
0.037244
0.038954
0.038691
0.039675
0.038801
0.037374
0.036652
0.037354
0.036172
0.035633
0.034851
0.037342
0.037558
0.037753
0.037148
0.036946
0.03565
0.035853
0.038221
0.037536
0.036085
0.035751
0.035328
0.035963
0.035737
0.03926
0.038127
0.037223
0.036379
0.035426
0.040888
0.034289
0.034293
0.033668
0.035413
0.035789
0.035299
0.036307
0.035776
0.041588
0.038
0.036974
0.035845
0.035383
0.034514
0.03511
0.035687
0.036745
0.035019
0.036186
0.037256
0.039187
0.038138
0.03633
0.04218
0.038786
0.038753
0.037473
0.038205
0.037745
0.03641
0.037315
0.035739
0.039399
0.038413
0.037441
0.039458
0.037905
0.036428
0.042096
0.038477
0.036062
0.036443
0.035353
0.034746
0.035722
0.033983
0.036947
0.033975
0.033853
0.032368
0.034858
0.034559
0.034737
0.036008
0.043391
0.039838
0.037281
0.037426
0.036547
0.03516
0.036583
0.034849
0.038758
0.036774
0.034966
0.03471
0.035168
0.034605
0.038448
0.036225
0.03361
0.034683
0.036489
0.036833
0.043858
0.040423
0.039499
0.038109
0.037058
0.035864
0.036277
0.040036
0.037854
0.03762
0.034924
0.037396
0.03823
0.036542
0.037841
0.045634
0.04057
0.039657
0.040482
0.039412
0.036764
0.036107
0.035204
0.038594
0.03821
0.035689
0.035566
0.036626
0.037999
0.041406
0.038366
0.03879
0.036597
0.037249
0.036498
0.034258
0.038837
0.039673
0.036589
0.037071
0.036354
0.043554
0.036816
0.036121
0.03762
0.038599
0.036629
0.037893
0.039315
0.04011
0.037687
0.038165
0.036671
0.040771
0.043839
0.041893
0.038729
0.039642
0.037508
0.040564
0.041723
0.046516
0.043698
0.042903
0.039793
0.041971
0.041664
0.049074
0.042729
0.046098
0.043149
0.045787
0.043082
0.04483
0.046903
0.046189
0.045759
0.047105
0.046933
0.045075
0.044035
0.044638
0.047319
0.04791
0.045002
0.048212
0.045961
0.047781
0.043566
0.04579
0.045297
0.04476
0.045047
0.049465
0.044357
0.051829
0.045115
0.045745
0.04609
0.045119
0.042721
0.044504
0.043127
0.041852
0.042547
0.04536
0.043625
0.044022
0.042372
0.041726
0.039451
0.04153
0.038614
0.038002
0.039694
0.040974
0.041482
0.041666
0.039956
0.040879
0.040435
0.044757
0.040886
0.041549
0.040682
0.040344
0.040082
0.041595
0.039203
0.040553
0.039385
0.039699
0.038418
0.039631
0.039423
0.040755
0.040552
0.038945
0.038499
0.039904
0.037129
0.0395
0.042389
0.040097
0.041536
0.040696
0.03931
0.041087
0.039904
0.038044
0.038586
0.040401
0.040065
0.040052
0.040474
0.040925
0.038738
0.039807
0.0401
0.037673
0.043356
0.042039
0.044113
0.042393
0.041664
0.0414
0.040714
0.040464
0.042184
0.040147
0.041014
0.040657
0.040985
0.0396
0.038875
0.038022
0.043338
0.041967
0.040095
0.038666
0.041392
0.041136
0.042751
0.041006
0.040137
0.042811
0.042324
0.042596
0.043642
0.041631
0.040652
0.044187
0.043881
0.043394
0.043501
0.043372
0.043215
0.044301
0.047402
0.045361
0.044117
0.043454
0.043562
0.044691
0.042728
0.048656
0.045444
0.045396
0.045142
0.043825
0.04261
0.043717
0.041593
0.045127
0.041588
0.04163
0.040566
0.041794
0.041686
0.043495
0.040969
0.043883
0.043829
0.043542
0.040986
0.041817
0.039941
0.049444
0.044042
0.042886
0.041894
0.042607
0.039586
0.047187
0.041673
0.042982
0.041157
0.041891
0.047916
0.046612
0.043998
0.045104
0.04985
0.045933
0.04438
0.042828
0.042687
0.042017
0.040611
0.045242
0.042371
0.042724
0.040618
0.042519
0.047995
0.042821
0.043246
0.042268
0.043441
0.042834
0.041503
0.047876
0.043182
0.043745
0.042272
0.042751
0.04964
0.046442
0.044896
0.044179
0.042119
0.043609
0.045719
0.041943
0.041323
0.040234
0.039203
0.039204
0.041854
0.042327
0.041935
0.044984
0.043489
0.043346
0.04237
0.043819
0.048713
0.04617
0.044715
0.044696
0.043503
0.042625
0.041618
0.047699
0.044792
0.042869
0.041931
0.042338
0.042323
0.049376
0.044166
0.045563
0.043541
0.041944
0.041833
0.043637
0.045951
0.043446
0.043084
0.041934
0.04184
0.042608
0.04653
0.044103
0.042869
0.042931
0.042153
0.040703
0.043045
0.047818
0.044536
0.044237
0.04186
0.042396
0.043124
0.046576
0.04295
0.0422
0.041864
0.041652
0.04144
0.041684
0.049111
0.043945
0.041799
0.043103
0.041589
0.042624
0.048437
0.04327
0.042171
0.04157
0.041197
0.040053
0.041372
0.040736
0.044408
0.041118
0.041861
0.040606
0.041083
0.04313
0.045387
0.04011
0.039515
0.037824
0.03883
0.040559
0.044106
0.042713
0.04001
0.039737
0.038075
0.045812
0.041542
0.040598
0.042812
0.040709
0.038352
0.043972
0.041186
0.039687
0.039674
0.038587
0.045408
0.042034
0.039436
0.039993
0.039687
0.043672
0.040861
0.039645
0.03973
0.040277
0.045995
0.043782
0.04215
0.04113
0.041533
0.046117
0.045305
0.044159
0.041892
0.044916
0.042863
0.048596
0.043603
0.04185
0.041267
0.042096
0.041329
0.049618
0.044734
0.044946
0.043548
0.043786
0.041331
0.042562
0.047081
0.044772
0.043636
0.043413
0.043266
0.04501
0.041969
0.047257
0.044735
0.044613
0.042434
0.042591
0.044475
0.04444
0.04811
0.046391
0.044008
0.045862
0.042775
0.045777
0.043857
0.049301
0.046106
0.045911
0.044001
0.045403
0.044192
0.050113
0.043867
0.043815
0.04148
0.041268
0.041767
0.040973
0.043186
0.04372
0.040289
0.040751
0.039585
0.042954
0.041295
0.043944
0.04325
0.041118
0.042755
0.049706
0.0422
0.043644
0.046581
0.04471
0.042595
0.041661
0.039462
0.048816
0.043346
0.043201
0.041442
0.040277
0.041332
0.047076
0.042337
0.043398
0.041862
0.040128
0.041709
0.048734
0.045437
0.04526
0.043524
0.042519
0.044225
0.051178
0.045929
0.044285
0.044064
0.04455
0.049294
0.047918
0.045462
0.044174
0.043194
0.04317
0.04785
0.047276
0.044432
0.04572
0.049385
0.047441
0.045779
0.044572
0.043685
0.042881
0.046299
0.044464
0.043409
0.042611
0.041413
0.048646
0.047177
0.044971
0.045108
0.042645
0.041668
0.04861
0.045825
0.043999
0.042222
0.042451
0.043057
0.042871
0.048251
0.045684
0.042142
0.041476
0.048616
0.042548
0.042662
0.041593
0.042039
0.040934
0.040411
0.040645
0.043431
0.043325
0.044025
0.043088
0.044937
0.043661
0.05337
0.045955
0.044913
0.047573
0.042957
0.045062
0.041175
0.041027
0.042991
0.041371
0.041443
0.040291
0.041807
0.040358
0.039485
0.044239
0.041269
0.038102
0.037285
0.044601
0.040354
0.038476
0.034116
0.031966
0.02844
0.029161
0.033833
0.031329
0.031516
0.033198
0.033592
0.041393
0.036589
0.04094
0.040529
0.042005
0.040521
0.042345
0.039229
0.039862
0.038351
0.043445
0.039638
0.03809
0.039389
0.038328
0.04407
0.042037
0.039907
0.039702
0.038811
0.038435
0.043866
0.040033
0.039059
0.039922
0.037801
0.038361
0.038916
0.043849
0.039812
0.039504
0.038345
0.046811
0.040853
0.040228
0.039112
0.04144
0.036813
0.038141
0.040722
0.038697
0.038158
0.037555
0.037467
0.039127
0.05018
0.045669
0.042797
0.040613
0.041569
0.04151
0.041549
0.03989
0.040609
0.040685
0.040022
0.039263
0.038007
0.039256
0.039835
0.042252
0.041175
0.049402
0.043206
0.041895
0.040732
0.040024
0.038769
0.040205
0.0375
0.038489
0.038272
0.038818
0.035973
0.037599
0.037516
0.042894
0.037063
0.037605
0.037765
0.037941
0.037681
0.035771
0.039726
0.040209
0.03779
0.038731
0.040555
0.037487
0.043124
0.040293
0.039056
0.039063
0.037741
0.040518
0.04198
0.043878
0.03934
0.041184
0.043105
0.040847
0.041012
0.041076
0.047058
0.042349
0.040596
0.04047
0.039562
0.041401
0.039723
0.040895
0.040302
0.04105
0.041583
0.041156
0.043105
0.039945
0.039818
0.046132
0.040894
0.041992
0.041224
0.039288
0.039077
0.042904
0.039781
0.040317
0.03942
0.039997
0.039668
0.042785
0.041045
0.041578
0.047045
0.043715
0.040087
0.041069
0.039247
0.037761
0.037923
0.039059
0.037766
0.039556
0.038691
0.038841
0.037854
0.040476
0.039058
0.045138
0.041244
0.042477
0.039991
0.041529
0.040388
0.043848
0.042183
0.042139
0.041151
0.040904
0.041819
0.044439
0.041824
0.043532
0.041744
0.044371
0.04054
0.040797
0.044937
0.044302
0.042518
0.042866
0.041403
0.041887
0.040759
0.041185
0.040396
0.043328
0.040918
0.040855
0.042093
0.042045
0.040944
0.040507
0.039911
0.043471
0.041846
0.043517
0.040336
0.04292
0.040653
0.041798
0.040602
0.045167
0.042013
0.04173
0.040205
0.040628
0.040401
0.046009
0.040519
0.041589
0.040622
0.039902
0.039098
0.04005
0.039449
0.039412
0.044081
0.03961
0.039478
0.039413
0.043003
0.040562
0.044844
0.041043
0.039045
0.039122
0.040136
0.039416
0.040347
0.041033
0.04144
0.040915
0.039095
0.038515
0.037923
0.0451
0.040048
0.039384
0.038084
0.038006
0.03794
0.038711
0.039387
0.040602
0.037556
0.037601
0.035899
0.03681
0.03728
0.034474
0.035985
0.038321
0.03539
0.0348
0.042988
0.039342
0.037554
0.039012
0.03897
0.039224
0.037738
0.037413
0.035402
0.034704
0.034358
0.035929
0.035822
0.036599
0.035453
0.034706
0.040664
0.036797
0.037028
0.035295
0.0349
0.033101
0.033847
0.039334
0.036765
0.035308
0.034884
0.036048
0.035444
0.034624
0.039872
0.037996
0.035202
0.035426
0.034588
0.035275
0.034822
0.03449
0.035092
0.036297
0.034444
0.03552
0.035164
0.035431
0.034782
0.039034
0.03656
0.036707
0.035075
0.034545
0.033871
0.03463
0.034304
0.03815
0.036337
0.034862
0.035394
0.037085
0.036048
0.04208
0.036171
0.035863
0.035468
0.035978
0.035004
0.035144
0.033427
0.033934
0.035683
0.034647
0.033832
0.036265
0.035742
0.036723
0.036232
0.042154
0.038742
0.038791
0.037995
0.035948
0.038677
0.037083
0.036881
0.040633
0.038575
0.038143
0.037338
0.03967
0.037904
0.039934
0.038303
0.039102
0.037804
0.039562
0.039902
0.041344
0.040897
0.039797
0.037726
0.040043
0.037801
0.041896
0.041835
0.041338
0.03797
0.038781
0.037024
0.036461
0.036412
0.036026
0.037466
0.037066
0.037079
0.038274
0.035825
0.0368
0.035525
0.035357
0.037292
0.036559
0.035816
0.035445
0.036225
0.035899
0.036139
0.035403
0.034896
0.03475
0.033707
0.033219
0.034217
0.033725
0.032951
0.033772
0.034591
0.033289
0.036363
0.034349
0.033904
0.032588
0.031823
0.033534
0.037793
0.035534
0.034139
0.034393
0.034396
0.038887
0.038755
0.03799
0.036955
0.038378
0.036844
0.038302
0.037786
0.046137
0.038852
0.040239
0.038064
0.03822
0.038029
0.036641
0.03574
0.036394
0.035718
0.03613
0.037094
0.037791
0.035302
0.044746
0.039533
0.038355
0.03981
0.037535
0.035303
0.035486
0.033917
0.037685
0.037617
0.0378
0.037376
0.037903
0.039099
0.038763
0.038112
0.036921
0.039319
0.037966
0.038525
0.038412
0.035059
0.042621
0.035686
0.033364
0.034228
0.034276
0.034114
0.032159
0.033947
0.03601
0.034789
0.034325
0.034193
0.034179
0.038973
0.035367
0.035193
0.035329
0.035016
0.033455
0.033331
0.034051
0.036929
0.036896
0.034439
0.033506
0.033657
0.031943
0.036999
0.033524
0.033624
0.031241
0.031731
0.031277
0.031696
0.034782
0.03027
0.030343
0.031531
0.030754
0.031703
0.035936
0.031854
0.032266
0.029355
0.030178
0.031161
0.03362
0.032464
0.032063
0.030989
0.030662
0.035974
0.033339
0.031106
0.031751
0.030894
0.030734
0.029874
0.034943
0.029874
0.031219
0.030634
0.0303
0.031253
0.030466
0.02856
0.028045
0.030714
0.029234
0.027989
0.028169
0.02885
0.025435
0.026146
0.025866
0.031716
0.027233
0.026311
0.030889
0.031838
0.027756
0.028767
0.028719
0.030882
0.031462
0.031314
0.030866
0.030752
0.034351
0.032183
0.033344
0.031069
0.033179
0.032721
0.035731
0.039558
0.034449
0.033185
0.032233
0.039122
0.035519
0.035653
0.034733
0.033584
0.033395
0.037194
0.035994
0.035
0.035003
0.03485
0.033735
0.034101
0.034166
0.036567
0.034789
0.035168
0.033868
0.033948
0.034974
0.035245
0.035946
0.040704
0.036648
0.042153
0.035059
0.037638
0.038014
0.042167
0.039045
0.03788
0.036168
0.034417
0.034593
0.036144
0.038336
0.035767
0.034502
0.034665
0.034851
0.03521
0.034877
0.034402
0.03878
0.033377
0.033653
0.032736
0.040953
0.034907
0.035541
0.034288
0.033031
0.033504
0.032465
0.031513
0.034071
0.032244
0.032469
0.030378
0.030376
0.036315
0.033411
0.031186
0.030357
0.029666
0.030046
0.029888
0.034498
0.031525
0.03133
0.029934
0.030079
0.030505
0.029445
0.031521
0.031729
0.032446
0.03209
0.031664
0.032171
0.03494
0.033473
0.034107
0.03343
0.033619
0.040573
0.034616
0.034328
0.036298
0.033904
0.034857
0.034635
0.035888
0.035451
0.035115
0.035022
0.034029
0.035139
0.034948
0.034566
0.034994
0.035752
0.035791
0.03731
0.038305
0.037444
0.035463
0.03568
0.035565
0.036982
0.034659
0.036496
0.03431
0.035135
0.034518
0.036462
0.035693
0.038171
0.03661
0.036076
0.036748
0.034964
0.03715
0.036686
0.036201
0.036539
0.033946
0.035447
0.034693
0.033212
0.03431
0.032852
0.035561
0.037407
0.035213
0.035965
0.037466
0.035321
0.03522
0.034874
0.035794
0.037179
0.035068
0.033637
0.033985
0.032889
0.034592
0.034312
0.03807
0.036758
0.033851
0.037157
0.034059
0.033697
0.032731
0.034614
0.034852
0.041543
0.036973
0.035456
0.040444
0.037454
0.035752
0.04046
0.038132
0.036525
0.036788
0.038831
0.037626
0.035929
0.04129
0.04004
0.03758
0.037966
0.038877
0.038815
0.038382
0.039799
0.041195
0.040859
0.039791
0.041085
0.04031
0.041744
0.046578
0.0428
0.040705
0.041174
0.039528
0.040893
0.040371
0.04332
0.040319
0.041056
0.040706
0.037744
0.040964
0.040242
0.043948
0.043598
0.04097
0.040199
0.038941
0.04194
0.040496
0.041552
0.03897
0.043718
0.039428
0.038955
0.039124
0.039422
0.037868
0.043318
0.040162
0.040199
0.039144
0.042448
0.037974
0.04259
0.043537
0.039176
0.037663
0.036684
0.036059
0.041577
0.036998
0.037172
0.03579
0.03485
0.034968
0.041204
0.037813
0.03737
0.037266
0.036327
0.043579
0.039862
0.039595
0.040237
0.039635
0.040056
0.03859
0.043445
0.040058
0.03976
0.037693
0.038398
0.039451
0.039162
0.043354
0.041042
0.040709
0.04008
0.040099
0.04136
0.039616
0.039604
0.041818
0.040595
0.039532
0.041107
0.038244
0.03885
0.043518
0.040652
0.040202
0.039668
0.038377
0.03773
0.039935
0.043286
0.03983
0.039924
0.038541
0.038692
0.040294
0.038489
0.038632
0.039724
0.037526
0.038908
0.043889
0.04012
0.038203
0.03923
0.037352
0.037202
0.03661
0.039093
0.039219
0.037989
0.036606
0.037825
0.036651
0.038614
0.035925
0.036733
0.035478
0.034889
0.034745
0.034214
0.034822
0.037647
0.036275
0.035135
0.03495
0.035637
0.042347
0.037275
0.037115
0.037286
0.037273
0.034372
0.035898
0.039486
0.035274
0.03539
0.033052
0.032547
0.033473
0.036595
0.03369
0.03261
0.032177
0.03049
0.038454
0.033891
0.03348
0.034021
0.032229
0.038366
0.037496
0.03596
0.035692
0.03638
0.034833
0.032967
0.037065
0.035915
0.035305
0.034745
0.034229
0.034728
0.031939
0.035942
0.032831
0.032035
0.032662
0.031743
0.031833
0.035785
0.032987
0.033135
0.031417
0.03288
0.037674
0.036657
0.035175
0.034841
0.033752
0.033658
0.033638
0.034983
0.038461
0.035759
0.035015
0.035475
0.037163
0.036332
0.041835
0.039457
0.038814
0.038417
0.037963
0.037176
0.038502
0.037504
0.037283
0.038726
0.038924
0.037532
0.040398
0.039045
0.039819
0.039376
0.037976
0.038463
0.040194
0.040142
0.039713
0.041612
0.040045
0.041867
0.039621
0.039178
0.040344
0.03997
0.040645
0.040395
0.041899
0.039745
0.040566
0.040112
0.043312
0.043592
0.043739
0.042042
0.043372
0.042177
0.046974
0.044094
0.042457
0.043372
0.042943
0.042586
0.042632
0.04227
0.042187
0.043494
0.043572
0.042807
0.044418
0.044028
0.043598
0.04436
0.043634
0.045086
0.04736
0.044934
0.046486
0.045003
0.045754
0.045589
0.046817
0.043762
0.044259
0.047075
0.04715
0.046865
0.048554
0.048166
0.048006
0.047869
0.049077
0.046244
0.04605
0.046789
0.046103
0.050238
0.051436
0.0499
0.047515
0.049706
0.050566
0.045991
0.048736
0.046135
0.046734
0.047364
0.045247
0.046538
0.0463
0.045929
0.047765
0.045209
0.047234
0.049249
0.051208
0.049871
0.051099
0.049584
0.050181
0.051143
0.050798
0.050172
0.048163
0.049529
0.050448
0.0497
0.048642
0.04881
0.048177
0.047235
0.048925
0.049613
0.048572
0.049819
0.049328
0.048403
0.051532
0.045886
0.04945
0.049185
0.053018
0.054628
0.05282
0.051026
0.050229
0.051768
0.052391
0.050844
0.051158
0.048984
0.051016
0.049358
0.050541
0.049066
0.049248
0.047211
0.048982
0.046588
0.048201
0.048291
0.048973
0.048782
0.051592
0.051853
0.051611
0.050307
0.051395
0.049099
0.049648
0.049637
0.050227
0.049358
0.04933
0.048664
0.04785
0.047925
0.048541
0.046341
0.046831
0.048814
0.049752
0.048611
0.049304
0.047981
0.048496
0.047473
0.047491
0.04683
0.045967
0.045249
0.046379
0.045336
0.04473
0.043739
0.044395
0.044666
0.044037
0.044686
0.046936
0.049706
0.048755
0.046083
0.04816
0.045703
0.046765
0.045346
0.045645
0.043511
0.044225
0.04142
0.042976
0.043363
0.043453
0.042545
0.045285
0.043886
0.044895
0.041629
0.042403
0.040725
0.040893
0.039608
0.039405
0.039819
0.040577
0.040836
0.039842
0.037474
0.038535
0.037758
0.038139
0.037363
0.03797
0.037724
0.039902
0.039034
0.040006
0.039344
0.038838
0.037671
0.038347
0.037735
0.039387
0.040689
0.040933
0.038896
0.040197
0.039496
0.039422
0.041121
0.041459
0.040565
0.040998
0.042232
0.043783
0.041561
0.042003
0.042448
0.042335
0.040527
0.041549
0.04252
0.042986
0.04221
0.045594
0.045122
0.044721
0.043974
0.043745
0.042327
0.046518
0.045907
0.045321
0.046991
0.046999
0.044269
0.043803
0.04253
0.042113
0.042995
0.043315
0.042796
0.042995
0.042825
0.043206
0.04
0.040773
0.045973
0.043912
0.043272
0.044156
0.043681
0.04497
0.043321
0.044486
0.043287
0.044149
0.042041
0.046194
0.044246
0.047594
0.044477
0.043918
0.043116
0.042946
0.042185
0.043958
0.044137
0.045335
0.044662
0.044165
0.042705
0.043056
0.04585
0.045903
0.044802
0.043213
0.042877
0.044407
0.042361
0.041977
0.042107
0.044478
0.042155
0.043608
0.042455
0.041544
0.042167
0.048759
0.044411
0.043692
0.042718
0.042658
0.041181
0.041699
0.046194
0.043804
0.041776
0.042439
0.041129
0.042736
0.047348
0.045736
0.042286
0.044062
0.04032
0.043139
0.048327
0.045741
0.042558
0.043662
0.041973
0.041792
0.04768
0.046544
0.044897
0.044545
0.042114
0.044293
0.04832
0.045724
0.041872
0.043793
0.041865
0.040472
0.047675
0.043145
0.040441
0.041078
0.040306
0.041496
0.048039
0.043465
0.039772
0.042491
0.045346
0.044858
0.042033
0.042556
0.041617
0.043994
0.041254
0.040158
0.040812
0.040841
0.040509
0.045409
0.040253
0.041362
0.041162
0.041271
0.040177
0.03945
0.045606
0.042617
0.040879
0.042022
0.039045
0.04239
0.046285
0.041047
0.040318
0.041533
0.038761
0.038289
0.044664
0.040926
0.040889
0.041073
0.040509
0.041168
0.039792
0.04693
0.03997
0.040312
0.040661
0.041279
0.041157
0.0479
0.041486
0.042245
0.041109
0.042302
0.047552
0.045208
0.043808
0.042627
0.043417
0.041626
0.043127
0.048048
0.042143
0.043677
0.040836
0.040974
0.041704
0.045551
0.04237
0.041864
0.041048
0.041255
0.040074
0.042637
0.043105
0.041185
0.041666
0.041623
0.039125
0.041018
0.038928
0.040978
0.038475
0.039525
0.038916
0.036686
0.039101
0.039324
0.036791
0.038091
0.036854
0.037908
0.037812
0.038952
0.037356
0.04503
0.040124
0.038975
0.037064
0.039238
0.035831
0.036338
0.036577
0.035743
0.038931
0.036693
0.03656
0.038879
0.037163
0.036278
0.040672
0.037863
0.038018
0.038417
0.037686
0.0397
0.038248
0.037917
0.036933
0.038489
0.040027
0.040037
0.040103
0.040472
0.039668
0.038648
0.043481
0.042629
0.042674
0.041659
0.040451
0.038671
0.039449
0.040167
0.039311
0.038132
0.037964
0.040617
0.039686
0.042871
0.03817
0.040156
0.03866
0.043512
0.042347
0.044353
0.041645
0.04125
0.040122
0.041966
0.040817
0.040171
0.039813
0.038818
0.036488
0.038516
0.03873
0.039563
0.037179
0.038139
0.037929
0.037698
0.036887
0.035773
0.038195
0.037932
0.037009
0.035805
0.036631
0.035608
0.036671
0.039553
0.036602
0.038704
0.037323
0.038884
0.04014
0.039701
0.038334
0.038015
0.039157
0.040549
0.040097
0.041454
0.041075
0.040961
0.040448
0.040049
0.039526
0.042467
0.039271
0.039893
0.038291
0.040328
0.039636
0.039014
0.041798
0.040879
0.039859
0.039725
0.039739
0.040869
0.040374
0.04122
0.040182
0.038798
0.038469
0.039434
0.039272
0.040159
0.039552
0.038492
0.038304
0.037541
0.037546
0.037776
0.037582
0.038377
0.036872
0.038348
0.0395
0.039391
0.038845
0.039814
0.038022
0.039359
0.038323
0.037036
0.037245
0.036597
0.036652
0.035145
0.035121
0.037456
0.035859
0.036917
0.038303
0.03718
0.03542
0.03727
0.036615
0.038064
0.036924
0.038055
0.036413
0.03565
0.0347
0.035448
0.03729
0.035581
0.034013
0.035922
0.037019
0.036402
0.035573
0.036061
0.037491
0.037508
0.036185
0.037116
0.037303
0.037715
0.04215
0.040224
0.038063
0.03853
0.037456
0.037704
0.038668
0.039201
0.036733
0.039607
0.037787
0.038346
0.037705
0.038112
0.037148
0.042143
0.039189
0.037962
0.037819
0.038685
0.036024
0.036521
0.036627
0.034972
0.037839
0.035828
0.034835
0.035958
0.034899
0.039705
0.034803
0.033944
0.031945
0.030492
0.033278
0.031731
0.033905
0.032523
0.038963
0.036125
0.036258
0.035787
0.034901
0.034292
0.034645
0.034194
0.034385
0.034352
0.03407
0.0359
0.035817
0.035267
0.034374
0.041427
0.037394
0.035573
0.035394
0.034872
0.034159
0.034147
0.038021
0.035319
0.034925
0.034668
0.034304
0.04102
0.037834
0.036616
0.037153
0.036288
0.035632
0.03591
0.037754
0.035113
0.036503
0.037673
0.035295
0.034686
0.034846
0.037005
0.042652
0.036631
0.038597
0.035164
0.034699
0.035412
0.034585
0.03843
0.035582
0.033779
0.033156
0.03303
0.033308
0.037414
0.034261
0.033435
0.032863
0.03347
0.032827
0.034512
0.033666
0.036945
0.035537
0.033794
0.034066
0.033674
0.035287
0.034523
0.036672
0.036271
0.036778
0.036387
0.035783
0.037355
0.035919
0.036277
0.035234
0.035644
0.036382
0.037392
0.03676
0.036491
0.0358
0.036813
0.035864
0.035785
0.034897
0.03772
0.034523
0.034183
0.036749
0.036763
0.036517
0.036672
0.035752
0.03577
0.036173
0.035747
0.035387
0.035296
0.03499
0.035048
0.03453
0.035257
0.036018
0.037772
0.039332
0.038883
0.038293
0.03745
0.038976
0.03767
0.037377
0.036428
0.036251
0.036311
0.036253
0.035997
0.036174
0.035768
0.03721
0.036285
0.037695
0.039603
0.041
0.039781
0.039186
0.038251
0.039856
0.036382
0.038081
0.036492
0.036447
0.03747
0.036592
0.034652
0.034947
0.03509
0.037181
0.036567
0.035623
0.035172
0.035127
0.033856
0.034286
0.037776
0.037768
0.039249
0.038395
0.038581
0.037606
0.035083
0.037189
0.036041
0.035341
0.036389
0.036513
0.035165
0.036275
0.035044
0.035398
0.034646
0.035072
0.036011
0.03598
0.037549
0.037566
0.038015
0.036878
0.036984
0.036392
0.035564
0.034299
0.034263
0.034699
0.03494
0.034541
0.035283
0.034277
0.034771
0.03544
0.036343
0.035389
0.034716
0.033982
0.033902
0.033698
0.033746
0.033297
0.032991
0.034211
0.035782
0.036365
0.034733
0.034724
0.034
0.03362
0.033747
0.033678
0.035424
0.034824
0.034749
0.034304
0.034035
0.033359
0.033756
0.036633
0.035661
0.035356
0.035407
0.033353
0.034001
0.034277
0.038897
0.037612
0.034679
0.035445
0.035624
0.038792
0.034773
0.03444
0.036859
0.034879
0.034223
0.033165
0.034117
0.033233
0.034966
0.037291
0.034858
0.03384
0.032586
0.033116
0.034131
0.034368
0.03381
0.037801
0.036211
0.038056
0.034282
0.037264
0.034276
0.036151
0.03745
0.034505
0.034073
0.034721
0.033757
0.033991
0.033593
0.035414
0.036125
0.035066
0.034028
0.033489
0.033561
0.035151
0.032738
0.037844
0.035774
0.035607
0.036873
0.035305
0.034353
0.037681
0.038239
0.034869
0.035608
0.036211
0.036696
0.03693
0.040686
0.039001
0.037286
0.038585
0.036853
0.038113
0.036219
0.039125
0.037241
0.035782
0.036918
0.034058
0.037007
0.035867
0.038471
0.037614
0.034633
0.034988
0.034708
0.04214
0.036046
0.035549
0.034591
0.034572
0.033736
0.032625
0.038234
0.034096
0.034213
0.033324
0.03384
0.032909
0.039143
0.034716
0.034555
0.033147
0.032441
0.040017
0.035789
0.034808
0.035522
0.036398
0.035871
0.035396
0.039563
0.034479
0.033239
0.033604
0.032957
0.039104
0.033121
0.033445
0.032615
0.032265
0.032614
0.035237
0.033485
0.032619
0.031685
0.031168
0.031703
0.03352
0.033558
0.035271
0.031435
0.030169
0.030915
0.031
0.034482
0.030646
0.028689
0.034306
0.029479
0.034366
0.031745
0.031121
0.031124
0.030788
0.030816
0.031599
0.035974
0.033281
0.032848
0.03211
0.032767
0.031523
0.031032
0.031738
0.034163
0.032766
0.032526
0.03222
0.033447
0.033711
0.04274
0.03635
0.036854
0.036245
0.035533
0.034826
0.034193
0.03523
0.034372
0.035018
0.03563
0.036266
0.035392
0.035325
0.040092
0.036616
0.036026
0.035224
0.035119
0.033982
0.037124
0.036444
0.035776
0.035329
0.033972
0.034931
0.040171
0.039741
0.037551
0.036883
0.035899
0.037293
0.03788
0.037634
0.038887
0.037975
0.035015
0.033701
0.036001
0.040206
0.037316
0.038397
0.036604
0.03596
0.035519
0.034758
0.037876
0.041579
0.037851
0.038222
0.036847
0.036457
0.037945
0.043662
0.04268
0.039702
0.039756
0.039897
0.038287
0.040967
0.037036
0.042168
0.038933
0.03849
0.037806
0.038999
0.039863
0.040322
0.039433
0.041187
0.040394
0.041009
0.045281
0.043098
0.041617
0.040706
0.040519
0.04087
0.043011
0.040108
0.040665
0.042385
0.040758
0.04047
0.04341
0.042334
0.043418
0.041602
0.04062
0.040966
0.038045
0.041535
0.038733
0.038314
0.039021
0.040742
0.038192
0.041604
0.037294
0.038298
0.038108
0.038283
0.03721
0.040235
0.038218
0.038303
0.038353
0.038292
0.036482
0.037329
0.037506
0.037495
0.035748
0.035291
0.036003
0.038634
0.036522
0.035176
0.036118
0.033857
0.03842
0.036942
0.035372
0.035401
0.034024
0.035772
0.035069
0.034722
0.033936
0.03602
0.037157
0.036964
0.035333
0.036714
0.038055
0.039507
0.037249
0.038707
0.037697
0.038679
0.036803
0.034857
0.037826
0.03563
0.038526
0.037981
0.036937
0.037131
0.042567
0.038906
0.038239
0.03632
0.035677
0.036467
0.035489
0.04027
0.03747
0.038019
0.035371
0.03584
0.037067
0.041707
0.037661
0.036033
0.036478
0.035299
0.035608
0.037618
0.04206
0.038029
0.038231
0.038891
0.038876
0.040016
0.038578
0.042988
0.039085
0.037836
0.036496
0.035356
0.042939
0.039364
0.038464
0.038135
0.039115
0.038163
0.037162
0.043425
0.039164
0.038604
0.036846
0.036978
0.03681
0.043408
0.038911
0.039753
0.037689
0.038428
0.035628
0.037015
0.042183
0.039652
0.038274
0.039668
0.037198
0.039424
0.036582
0.04245
0.037785
0.038015
0.036543
0.036874
0.037234
0.036783
0.037173
0.035741
0.034766
0.037113
0.037603
0.03771
0.037826
0.037534
0.037225
0.036651
0.040802
0.038612
0.037605
0.038857
0.037211
0.038722
0.037227
0.037085
0.037217
0.038572
0.037446
0.039015
0.038722
0.038726
0.038573
0.04033
0.043179
0.040741
0.040308
0.039991
0.040911
0.040837
0.040097
0.040627
0.040607
0.041331
0.039882
0.03987
0.03963
0.041536
0.041644
0.041391
0.04146
0.041918
0.040943
0.040415
0.040261
0.041086
0.039627
0.040041
0.03834
0.038348
0.043439
0.040409
0.040299
0.041616
0.039905
0.041295
0.038018
0.039929
0.039585
0.039154
0.037687
0.037362
0.037665
0.037296
0.036992
0.036023
0.036884
0.036727
0.038192
0.039277
0.038992
0.039063
0.038636
0.038461
0.03926
0.038315
0.038392
0.038161
0.038512
0.039408
0.037568
0.038174
0.03717
0.038845
0.037043
0.036714
0.036857
0.036792
0.036455
0.037404
0.037158
0.037112
0.03639
0.036611
0.036748
0.036682
0.036672
0.036533
0.036154
0.036324
0.036884
0.036764
0.036749
0.036548
0.036378
0.036229
0.036631
0.036114
0.035608
0.036303
0.036448
0.036263
0.036497
0.036394
0.03527
0.035373
0.035872
0.035791
0.036675
0.036205
0.036411
0.036695
0.038342
0.039987
0.040108
0.039598
0.040307
0.040853
0.042145
0.04332
0.039936
0.041952
0.040385
0.041412
0.042114
0.041823
0.041086
0.041706
0.039349
0.040625
0.040633
0.040604
0.039778
0.040353
0.040067
0.039714
0.039863
0.040681
0.037999
0.039345
0.038154
0.039671
0.037336
0.038692
0.038335
0.039012
0.036996
0.038628
0.037296
0.037699
0.037744
0.037502
0.037009
0.037384
0.037721
0.037203
0.035928
0.035624
0.036898
0.036453
0.035191
0.036354
0.035939
0.035885
0.034344
0.034877
0.035996
0.03588
0.035943
0.035454
0.036247
0.036174
0.035936
0.035596
0.035636
0.035553
0.034975
0.035549
0.036447
0.034728
0.03545
0.036902
0.035409
0.03826
0.037857
0.038979
0.036191
0.036557
0.037119
0.035555
0.036089
0.037324
0.037185
0.037602
0.037787
0.037965
0.038376
0.037267
0.03695
0.037416
0.037554
0.037699
0.036417
0.038019
0.036184
0.037488
0.036989
0.037026
0.036265
0.037391
0.037414
0.038694
0.036969
0.036858
0.037631
0.036208
0.037666
0.036088
0.037429
0.036552
0.037895
0.03619
0.037349
0.038843
0.037501
0.036172
0.037134
0.0391
0.036971
0.037455
0.038394
0.037126
0.037654
0.037795
0.03901
0.03702
0.036667
0.036209
0.037487
0.036353
0.037551
0.03788
0.037458
0.038291
0.037867
0.037267
0.036772
0.037558
0.038251
0.038135
0.037249
0.035953
0.037914
0.037798
0.036112
0.036561
0.037738
0.036462
0.0364
0.037414
0.037527
0.035776
0.037926
0.037194
0.036211
0.038979
0.037991
0.038578
0.038175
0.038578
0.037473
0.036087
0.03786
0.037213
0.037077
0.038227
0.037337
0.040691
0.036209
0.03819
0.037562
0.037774
0.037606
0.038202
0.03776
0.036241
0.036723
0.037922
0.037008
0.035944
0.035948
0.039848
0.037077
0.037439
0.037625
0.038131
0.036959
0.035189
0.036412
0.037366
0.03638
0.037287
0.037314
0.037351
0.037795
0.03647
0.037468
0.036831
0.03678
0.039204
0.036391
0.036184
0.037669
0.036829
0.03757
0.037771
0.038416
0.037462
0.037743
0.03607
0.040891
0.037142
0.037324
0.038533
0.03717
0.03823
0.037519
0.037722
0.037732
0.038091
0.038362
0.038185
0.038438
0.037618
0.038582
0.039567
0.038944
0.037624
0.037343
0.036896
0.03754
0.037833
0.037203
0.038104
0.036991
0.03853
0.036535
0.03838
0.037719
0.039501
0.037921
0.035672
0.039048
0.03737
0.038522
0.038055
0.038356
0.037989
0.038329
0.038798
0.038552
0.038006
0.036851
0.039202
0.037977
0.037232
0.038159
0.038476
0.037391
0.039304
0.0384
0.036766
0.037254
0.035693
0.038466
0.0372
0.036198
0.037604
0.037348
0.03924
0.03797
0.039426
0.037144
0.03619
0.036541
0.035977
0.038475
0.036475
0.037219
0.036621
0.036737
0.036374
0.03596
0.033456
0.034583
0.036465
0.036241
0.038027
0.03594
0.036078
0.037384
0.038485
0.036537
0.038727
0.036875
0.039375
0.036917
0.037512
0.037504
0.037718
0.037207
0.03911
0.037262
0.039085
0.035634
0.036644
0.037263
0.039088
0.036167
0.036424
0.037448
0.037861
0.036867
0.037552
0.036475
0.036933
0.037057
0.037884
0.039513
0.037475
0.037705
0.038355
0.038161
0.037409
0.036723
0.036912
0.036048
0.036682
0.035498
0.035592
0.037201
0.036223
0.037103
0.035576
0.036058
0.035637
0.035702
0.03721
0.0364
0.036368
0.038113
0.037509
0.036304
0.036056
0.036535
0.036658
0.038027
0.038173
0.03796
0.036809
0.037205
0.036132
0.037608
0.036865
0.03663
0.037591
0.035863
0.03708
0.036157
0.036594
0.037347
0.033852
0.03545
0.036359
0.037441
0.03597
0.037598
0.038428
0.038103
0.039241
0.039086
0.039719
0.038249
0.03898
0.03866
0.038535
0.038801
0.039079
0.038241
0.037573
0.037563
0.037545
0.038577
0.039554
0.038281
0.037875
0.037298
0.037244
0.03721
0.037256
0.037952
0.03997
0.041218
0.039802
0.041154
0.04242
0.041048
0.040872
0.038697
0.040134
0.042551
0.039555
0.03892
0.038698
0.040728
0.040905
0.037408
0.038191
0.036778
0.038041
0.036016
0.036203
0.039483
0.03564
0.035695
0.035561
0.035377
0.034047
0.034859
0.034867
0.036656
0.036341
0.037236
0.036594
0.036581
0.034396
0.035305
0.034822
0.034744
0.034847
0.034348
0.034281
0.034535
0.035575
0.039984
0.036138
0.034874
0.035315
0.033398
0.03397
0.036333
0.035004
0.033927
0.034344
0.033575
0.034182
0.034199
0.033674
0.033911
0.034893
0.035345
0.033863
0.03542
0.034641
0.034944
0.034314
0.033995
0.033049
0.035991
0.034094
0.034257
0.034021
0.033922
0.033922
0.034009
0.033281
0.033284
0.032378
0.033438
0.033932
0.034114
0.034721
0.035723
0.034521
0.034624
0.034603
0.035744
0.034658
0.034751
0.035611
0.03633
0.037684
0.03636
0.035322
0.035918
0.035138
0.038666
0.036875
0.035884
0.035843
0.035778
0.035588
0.035836
0.039255
0.036411
0.035645
0.035109
0.035481
0.036453
0.036239
0.041031
0.037219
0.037197
0.036464
0.037591
0.034804
0.036129
0.033811
0.03833
0.035605
0.036094
0.034313
0.036288
0.036058
0.036847
0.037212
0.038067
0.037925
0.036564
0.036403
0.037596
0.038349
0.037098
0.036057
0.034828
0.036791
0.036908
0.03605
0.035586
0.035427
0.036003
0.035131
0.035607
0.033825
0.041065
0.038186
0.035691
0.037478
0.035026
0.035627
0.037257
0.035476
0.036144
0.03944
0.039256
0.037024
0.039623
0.043887
0.039915
0.03808
0.039429
0.037035
0.034906
0.0344
0.03777
0.036303
0.035329
0.043564
0.04125
0.038707
0.039584
0.037496
0.037392
0.037375
0.033954
0.03551
0.037484
0.036348
0.035015
0.037716
0.035462
0.036578
0.041127
0.036704
0.034587
0.034469
0.03374
0.033751
0.039369
0.034788
0.034516
0.032995
0.032255
0.033709
0.034599
0.033245
0.034202
0.033952
0.034943
0.034036
0.033149
0.032495
0.032322
0.030857
0.032718
0.033185
0.033672
0.032437
0.032917
0.038797
0.03453
0.032648
0.033617
0.03323
0.032277
0.032206
0.031487
0.029593
0.029725
0.031683
0.032796
0.032794
0.032386
0.03275
0.032773
0.041004
0.03524
0.033135
0.034086
0.035065
0.033509
0.033374
0.032891
0.032756
0.034235
0.033551
0.032611
0.034237
0.035494
0.034928
0.035036
0.035003
0.036899
0.036313
0.034653
0.034624
0.035235
0.034445
0.03862
0.038417
0.036841
0.037477
0.035942
0.035851
0.03704
0.036468
0.034449
0.033343
0.034437
0.035111
0.035747
0.036151
0.035409
0.035185
0.035369
0.035766
0.040408
0.036061
0.034935
0.034842
0.034772
0.036535
0.039957
0.036378
0.035833
0.035868
0.034406
0.035136
0.035684
0.034236
0.039228
0.037106
0.039122
0.041147
0.039035
0.040561
0.043382
0.040697
0.041412
0.039036
0.037613
0.040818
0.0452
0.039005
0.038992
0.037894
0.03847
0.038302
0.03762
0.037036
0.037695
0.037721
0.038774
0.037118
0.037257
0.035889
0.043233
0.037257
0.035811
0.034699
0.034545
0.035048
0.034296
0.039194
0.038008
0.036348
0.036309
0.035884
0.037378
0.034438
0.035501
0.03823
0.036282
0.035886
0.035667
0.036654
0.035575
0.036155
0.035599
0.037928
0.036739
0.034729
0.034312
0.034893
0.036146
0.036332
0.038692
0.035327
0.035287
0.034607
0.036057
0.036078
0.042414
0.039194
0.038153
0.036429
0.035602
0.03614
0.038548
0.040455
0.039859
0.037251
0.037878
0.037647
0.039001
0.036851
0.041688
0.039727
0.039601
0.039478
0.040116
0.039387
0.040537
0.039151
0.039575
0.039534
0.038602
0.038092
0.038854
0.038758
0.039402
0.039784
0.039584
0.041105
0.04053
0.038987
0.040057
0.04024
0.03975
0.038181
0.03994
0.036776
0.038903
0.038123
0.038898
0.037638
0.038639
0.037337
0.03758
0.041081
0.04069
0.03953
0.039138
0.038606
0.038716
0.038899
0.038116
0.036913
0.035874
0.035741
0.035289
0.035208
0.035232
0.034182
0.034394
0.033649
0.03347
0.03297
0.032874
0.033814
0.034383
0.034892
0.035329
0.033326
0.034094
0.035035
0.032069
0.03443
0.032312
0.032664
0.034232
0.034089
0.034141
0.038958
0.035579
0.034679
0.034423
0.035143
0.034296
0.035091
0.034849
0.034897
0.03468
0.035146
0.036556
0.038059
0.036601
0.036781
0.035556
0.036405
0.03563
0.034654
0.035188
0.035598
0.03721
0.038275
0.036025
0.037162
0.036856
0.036871
0.036551
0.035917
0.035448
0.0354
0.035679
0.038424
0.037466
0.037872
0.040294
0.037115
0.038981
0.037204
0.037125
0.036161
0.035722
0.036833
0.037402
0.041046
0.03778
0.03779
0.037651
0.03709
0.035901
0.035636
0.034735
0.034792
0.034634
0.036358
0.035694
0.035976
0.034859
0.035274
0.039943
0.037086
0.03693
0.036404
0.035779
0.035209
0.034571
0.034953
0.033804
0.034393
0.034538
0.034446
0.035511
0.035701
0.035974
0.041405
0.038246
0.038369
0.035616
0.035635
0.035577
0.036168
0.036054
0.039897
0.038005
0.038272
0.036367
0.03639
0.042353
0.038921
0.039035
0.036734
0.037012
0.037261
0.041371
0.038961
0.039085
0.037122
0.036075
0.03677
0.038488
0.036489
0.038982
0.038071
0.035674
0.035485
0.035561
0.041808
0.036366
0.040204
0.037259
0.036431
0.035733
0.036747
0.042248
0.038976
0.037778
0.038709
0.037343
0.037177
0.0436
0.041283
0.040536
0.041431
0.038826
0.03797
0.037743
0.038325
0.039668
0.039313
0.039989
0.038906
0.038624
0.045578
0.040877
0.044678
0.042821
0.041554
0.040658
0.041864
0.04004
0.041036
0.042416
0.04404
0.041765
0.043927
0.04231
0.042975
0.048381
0.044335
0.04271
0.043124
0.042631
0.042317
0.042238
0.041431
0.045096
0.04495
0.043047
0.043915
0.042575
0.043634
0.049075
0.048274
0.046287
0.048362
0.045697
0.043953
0.045412
0.04654
0.045536
0.045849
0.047211
0.047876
0.047402
0.050107
0.045441
0.048728
0.046529
0.045842
0.04474
0.046683
0.046085
0.050079
0.048805
0.049381
0.049295
0.049566
0.047624
0.0484
0.047676
0.047367
0.046242
0.046491
0.045328
0.046995
0.045641
0.048419
0.049194
0.050453
0.04831
0.047361
0.047617
0.048446
0.046735
0.046291
0.046185
0.045871
0.045605
0.046547
0.044777
0.043748
0.044539
0.043414
0.043457
0.043498
0.043185
0.044297
0.047141
0.047923
0.046379
0.047658
0.046944
0.047032
0.045405
0.046946
0.046917
0.047135
0.045384
0.044946
0.045189
0.045073
0.044609
0.046479
0.044519
0.044905
0.047251
0.047884
0.046742
0.047442
0.045739
0.045018
0.044378
0.043877
0.042909
0.043027
0.041431
0.040351
0.039918
0.040025
0.040384
0.041409
0.040644
0.040049
0.0407
0.038032
0.035595
0.040128
0.037745
0.035529
0.035004
0.036023
0.036002
0.035322
0.038507
0.037819
0.036085
0.038017
0.035393
0.038495
0.042516
0.039613
0.037523
0.039765
0.039012
0.038818
0.039172
0.039868
0.038521
0.0388
0.039875
0.03949
0.04006
0.039437
0.03934
0.041403
0.039131
0.04357
0.041709
0.040436
0.040834
0.040815
0.039293
0.039984
0.039196
0.044213
0.040823
0.040932
0.039209
0.041432
0.039967
0.04598
0.040655
0.041193
0.040695
0.042412
0.041089
0.045022
0.044421
0.042129
0.040062
0.040316
0.038966
0.038707
0.044781
0.040302
0.038464
0.037938
0.037758
0.038946
0.039263
0.040823
0.042806
0.041153
0.038771
0.040769
0.04622
0.042163
0.041981
0.041285
0.04049
0.040837
0.039332
0.043708
0.041424
0.040222
0.038517
0.041554
0.039535
0.039285
0.044006
0.041884
0.039675
0.038999
0.047221
0.042336
0.042049
0.040072
0.03836
0.043653
0.042297
0.042248
0.039298
0.039775
0.041174
0.042587
0.040847
0.05379
0.045855
0.043945
0.045546
0.042171
0.04178
0.040193
0.040691
0.041662
0.040933
0.039264
0.040362
0.041268
0.048454
0.042126
0.039565
0.040481
0.039646
0.045159
0.042214
0.040611
0.042126
0.041483
0.041792
0.047143
0.043796
0.04209
0.042179
0.04103
0.041911
0.04744
0.044605
0.044055
0.041408
0.041527
0.039964
0.042354
0.043714
0.040588
0.041118
0.045839
0.041015
0.046108
0.046913
0.044113
0.038559
0.0466
0.040557
0.041495
0.042448
0.046197
0.041929
0.042533
0.040823
0.041209
0.043374
0.04292
0.04029
0.040218
0.047028
0.040968
0.039964
0.039821
0.039381
0.037145
0.042416
0.041092
0.040467
0.040561
0.039333
0.041177
0.044739
0.042917
0.04109
0.039488
0.04005
0.04564
0.043642
0.044382
0.041829
0.041288
0.039546
0.046013
0.041167
0.042357
0.040812
0.040157
0.040856
0.046642
0.042632
0.043222
0.040921
0.040332
0.040147
0.041912
0.04201
0.046984
0.042188
0.040899
0.040634
0.041554
0.042261
0.044143
0.040176
0.038859
0.04176
0.041555
0.039
0.043902
0.040576
0.040298
0.045828
0.040777
0.039847
0.038925
0.044066
0.041975
0.038945
0.039731
0.039331
0.038368
0.0417
0.040959
0.039192
0.040876
0.044596
0.042248
0.039756
0.040966
0.038991
0.038932
0.042976
0.040551
0.038897
0.039149
0.043399
0.039864
0.039428
0.039713
0.038237
0.038535
0.041671
0.04107
0.039901
0.040591
0.038743
0.040179
0.045725
0.041704
0.040865
0.041895
0.039894
0.040148
0.039493
0.044275
0.040915
0.042058
0.041217
0.040752
0.039663
0.045894
0.041249
0.041561
0.039408
0.038929
0.035933
0.046149
0.0408
0.040661
0.04014
0.040013
0.039972
0.04168
0.044681
0.042004
0.039532
0.040128
0.040268
0.041229
0.039049
0.044093
0.038333
0.038706
0.038895
0.039235
0.042561
0.040638
0.036952
0.039603
0.038509
0.039468
0.037484
0.044749
0.041584
0.042186
0.045064
0.044333
0.041078
0.042446
0.041458
0.0457
0.047291
0.045723
0.043202
0.042936
0.040186
0.039016
0.045821
0.042586
0.041948
0.041297
0.041847
0.041457
0.044996
0.04451
0.043346
0.045615
0.042526
0.042794
0.043499
0.04675
0.046094
0.045051
0.042343
0.044089
0.041597
0.048931
0.044472
0.044955
0.044794
0.043771
0.042204
0.049602
0.045187
0.04566
0.043692
0.043016
0.042689
0.042369
0.045784
0.042834
0.041066
0.04176
0.041403
0.052041
0.04366
0.044615
0.04311
0.043451
0.041794
0.048965
0.043508
0.042819
0.042574
0.042996
0.041042
0.04792
0.042264
0.043459
0.043153
0.041608
0.050793
0.043967
0.043759
0.043579
0.040997
0.042213
0.046676
0.044273
0.043324
0.041863
0.041442
0.041536
0.046531
0.044844
0.043646
0.04404
0.039689
0.041633
0.046844
0.043566
0.040216
0.042928
0.0392
0.038631
0.046
0.041272
0.040891
0.040565
0.044443
0.044204
0.04297
0.042895
0.04049
0.044344
0.041204
0.039389
0.038549
0.037916
0.043422
0.041569
0.040707
0.041155
0.040182
0.038488
0.039695
0.044341
0.042754
0.04016
0.039295
0.039805
0.046609
0.043382
0.042107
0.041407
0.039452
0.03937
0.043152
0.04056
0.039296
0.039061
0.038762
0.038985
0.040013
0.039204
0.04162
0.039823
0.039025
0.039563
0.044675
0.042153
0.039895
0.041242
0.040328
0.042523
0.041674
0.038988
0.05032
0.043744
0.044126
0.046837
0.044919
0.044515
0.043996
0.044349
0.041264
0.045063
0.045065
0.043843
0.043021
0.041569
0.042029
0.042809
0.042401
0.040985
0.04877
0.046587
0.045604
0.043174
0.044113
0.041559
0.041688
0.040731
0.041661
0.041632
0.039361
0.041256
0.041881
0.041501
0.039579
0.039556
0.040303
0.03933
0.037835
0.040356
0.039342
0.039649
0.042142
0.039471
0.038264
0.043238
0.039548
0.040261
0.036978
0.039631
0.036677
0.039562
0.037286
0.037246
0.039933
0.039366
0.037334
0.039459
0.035342
0.038192
0.035317
0.037812
0.039193
0.039967
0.038579
0.038927
0.03763
0.039161
0.036825
0.042463
0.03798
0.039317
0.038268
0.035989
0.03921
0.039571
0.042912
0.039861
0.038414
0.039909
0.038064
0.039226
0.037937
0.037077
0.041594
0.039013
0.03778
0.040966
0.040051
0.039157
0.039114
0.039386
0.04071
0.040032
0.039634
0.037986
0.040207
0.040324
0.038219
0.039135
0.03899
0.038149
0.039016
0.038946
0.038168
0.039441
0.037553
0.042459
0.038846
0.039283
0.038177
0.038061
0.03794
0.039792
0.039221
0.041975
0.039884
0.042228
0.039893
0.04055
0.040701
0.040526
0.038933
0.040674
0.041521
0.042782
0.040263
0.04283
0.042141
0.041799
0.042947
0.042132
0.040831
0.041689
0.041411
0.042695
0.042704
0.042612
0.041582
0.042184
0.040705
0.041952
0.043573
0.042276
0.039414
0.039991
0.041274
0.03922
0.040698
0.040306
0.038528
0.0409
0.039274
0.039566
0.043607
0.040371
0.03872
0.0429
0.038298
0.03899
0.042465
0.037925
0.037569
0.038321
0.042231
0.038384
0.039592
0.038391
0.036667
0.039836
0.036245
0.035047
0.0396
0.038671
0.038464
0.036229
0.039769
0.039164
0.039063
0.035867
0.036825
0.036561
0.037691
0.034585
0.036493
0.034613
0.036232
0.035606
0.040163
0.038437
0.036979
0.035998
0.036467
0.03861
0.040809
0.039984
0.040848
0.039798
0.039095
0.038836
0.037777
0.038081
0.041797
0.041093
0.037803
0.039094
0.038339
0.041381
0.037701
0.041157
0.038586
0.037534
0.035554
0.036462
0.037478
0.035744
0.038837
0.036815
0.03682
0.035634
0.035053
0.035032
0.034848
0.037342
0.0358
0.034742
0.03342
0.031821
0.038136
0.03277
0.033276
0.031112
0.032864
0.033224
0.041551
0.03662
0.035909
0.0362
0.034937
0.034895
0.034518
0.034343
0.034983
0.034852
0.034983
0.037198
0.036802
0.04466
0.039286
0.037418
0.036194
0.035903
0.034586
0.035201
0.035117
0.037844
0.036717
0.035661
0.034541
0.036453
0.039854
0.035872
0.035338
0.036964
0.035547
0.035876
0.034681
0.035917
0.037379
0.036352
0.034645
0.033029
0.034076
0.034242
0.039009
0.036122
0.035385
0.034066
0.033666
0.032475
0.034796
0.038026
0.038572
0.035726
0.035647
0.035751
0.034462
0.034036
0.042004
0.036994
0.03561
0.03491
0.03347
0.035233
0.039463
0.036247
0.0355
0.035345
0.035423
0.034483
0.035696
0.039169
0.03675
0.034183
0.036753
0.034852
0.035003
0.033114
0.037737
0.034467
0.033327
0.032569
0.03227
0.03426
0.040602
0.032623
0.034209
0.033819
0.035367
0.031945
0.033386
0.034167
0.036454
0.034154
0.034645
0.033773
0.035437
0.034223
0.033556
0.036072
0.035187
0.034272
0.032822
0.032614
0.032536
0.03309
0.034902
0.033193
0.033501
0.032871
0.03299
0.032759
0.038087
0.034679
0.034346
0.033535
0.033513
0.034232
0.034021
0.034208
0.036922
0.036389
0.035219
0.034654
0.033449
0.034402
0.032766
0.035944
0.033207
0.03219
0.030742
0.032592
0.033808
0.034541
0.036508
0.035029
0.043238
0.036718
0.034578
0.035908
0.03454
0.034522
0.034627
0.034011
0.03437
0.033146
0.033608
0.035111
0.0358
0.03524
0.036175
0.035239
0.03681
0.034979
0.042822
0.036186
0.033483
0.032001
0.034728
0.033407
0.031762
0.03206
0.032644
0.031965
0.032316
0.032508
0.032963
0.033993
0.031556
0.032876
0.032419
0.035577
0.031857
0.031952
0.030369
0.030845
0.030325
0.031149
0.03047
0.030335
0.029524
0.032035
0.031794
0.029972
0.031897
0.029483
0.029576
0.029148
0.032756
0.030479
0.029262
0.029276
0.028948
0.029823
0.028925
0.028557
0.028548
0.029658
0.029265
0.02778
0.028439
0.027546
0.02758
0.026276
0.028414
0.025477
0.02375
0.023332
0.023122
0.025184
0.02601
0.024398
0.024711
0.031329
0.028742
0.030027
0.029608
0.029566
0.028006
0.027174
0.028153
0.028333
0.026525
0.027054
0.027189
0.027186
0.027029
0.02831
0.028915
0.028506
0.027618
0.027757
0.043411
0.03023
0.029859
0.029538
0.028359
0.02787
0.028996
0.025642
0.025469
0.026439
0.02446
0.022723
0.02809
0.023386
0.026215
0.025745
0.029206
0.025827
0.026031
0.028536
0.029962
0.034056
0.032096
0.029764
0.030419
0.030395
0.036507
0.035126
0.031722
0.033649
0.031618
0.030539
0.032382
0.033474
0.031299
0.031399
0.029507
0.03075
0.030519
0.032061
0.03005
0.030651
0.032384
0.034856
0.031242
0.030757
0.029801
0.034295
0.031001
0.030099
0.030411
0.030886
0.031183
0.030647
0.03302
0.030137
0.029332
0.030274
0.027979
0.031968
0.028452
0.028483
0.031773
0.031447
0.032809
0.029236
0.03081
0.027996
0.035811
0.033694
0.02909
0.028782
0.028506
0.028633
0.030385
0.033734
0.030898
0.031399
0.030965
0.028998
0.028923
0.031379
0.035344
0.02904
0.03076
0.029354
0.029488
0.028565
0.035187
0.030741
0.029993
0.030397
0.029836
0.029309
0.033226
0.031651
0.031701
0.033105
0.032792
0.031989
0.031836
0.03729
0.034072
0.034222
0.032931
0.032258
0.031693
0.034118
0.0347
0.033494
0.033964
0.032739
0.03223
0.037061
0.036536
0.034827
0.032608
0.031741
0.03205
0.03685
0.033418
0.032754
0.03286
0.032672
0.031531
0.037703
0.032986
0.037033
0.030975
0.036227
0.02935
0.035415
0.035486
0.031177
0.030573
0.032072
0.02998
0.029789
0.030031
0.032485
0.029033
0.029117
0.029555
0.03463
0.029928
0.028316
0.028703
0.028968
0.027384
0.028179
0.02821
0.029727
0.029966
0.030264
0.028866
0.030714
0.030769
0.028059
0.030956
0.029715
0.028461
0.027921
0.028234
0.027245
0.027661
0.029259
0.026778
0.033936
0.02986
0.030709
0.03084
0.030163
0.02839
0.031491
0.031197
0.030347
0.032793
0.031566
0.030521
0.030076
0.028828
0.029469
0.029583
0.029108
0.029095
0.03036
0.031567
0.032293
0.033031
0.031513
0.03305
