0.024739
0.120866
0.129535
0.144488
0.145592
0.130609
0.140094
0.145942
0.131829
0.14803
0.142184
0.150035
0.139761
0.134186
0.132633
0.140979
0.147725
0.142497
0.145071
0.143278
0.143677
0.144749
0.146531
0.14373
0.144515
0.133938
0.149693
0.147227
0.147919
0.141583
0.149717
0.147911
0.148642
0.149069
0.135443
0.149129
0.143327
0.146418
0.143076
0.137676
0.132554
0.14962
0.136734
0.126447
0.142763
0.137948
0.12643
0.132101
0.132813
0.135207
0.133929
0.130387
0.125565
0.126374
0.130712
0.128634
0.12747
0.12617
0.128739
0.123852
0.127186
0.127018
0.123943
0.120133
0.121047
0.12182
0.122537
0.120057
0.118743
0.11799
0.116705
0.118208
0.137834
0.134244
0.13614
0.133593
0.144067
0.140099
0.138059
0.143082
0.140189
0.136056
0.138147
0.138079
0.135029
0.137778
0.135475
0.142656
0.131913
0.131385
0.129505
0.127723
0.129938
0.131545
0.131786
0.131469
0.142602
0.146115
0.14649
0.139579
0.143722
0.14356
0.146728
0.136406
0.137904
0.140201
0.139688
0.133815
0.135101
0.136214
0.13634
0.130164
0.131528
0.127736
0.121811
0.140311
0.139004
0.130721
0.126302
0.132212
0.128893
0.125616
0.124855
0.11635
0.115024
0.121952
0.120686
0.118089
0.124385
0.119109
0.124388
0.118086
0.119127
0.113441
0.108815
0.112903
0.113789
0.114711
0.111941
0.113556
0.110405
0.115041
0.113775
0.113464
0.124026
0.120347
0.115531
0.118156
0.120143
0.118831
0.112171
0.112606
0.110178
0.120297
0.111511
0.114375
0.11928
0.116047
0.114805
0.126721
0.112004
0.114303
0.110044
0.114448
0.110933
0.113262
0.123833
0.115181
0.118448
0.11011
0.106692
0.111853
0.110331
0.10732
0.10868
0.108636
0.108202
0.108067
0.107655
0.108447
0.110167
0.109213
0.116924
0.110409
0.114972
0.110204
0.111334
0.11248
0.108849
0.112809
0.114787
0.110653
0.115767
0.105712
0.113501
0.12167
0.115245
0.120514
0.121005
0.116458
0.120844
0.11567
0.125109
0.124095
0.116375
0.122943
0.119105
0.121906
0.117634
0.118383
0.117746
0.122391
0.119747
0.114876
0.11979
0.114972
0.113437
0.117105
0.114348
0.114545
0.116224
0.110434
0.114212
0.110925
0.114911
0.117138
0.108035
0.117384
0.11369
0.11527
0.126327
0.123877
0.124679
0.121075
0.11441
0.117256
0.113212
0.115547
0.116263
0.113117
0.116614
0.116988
0.118291
0.121089
0.115965
0.118751
0.118872
0.111756
0.11907
0.124328
0.124302
0.125579
0.122736
0.124348
0.117022
0.118955
0.120077
0.122184
0.121917
0.122247
0.121657
0.123241
0.124923
0.122597
0.120749
0.124513
0.125843
0.129511
0.128266
0.127616
0.125573
0.124621
0.124042
0.128308
0.122745
0.124545
0.121397
0.129146
0.134472
0.133454
0.126207
0.128163
0.128199
0.128018
0.12543
0.121204
0.118579
0.122072
0.132097
0.130751
0.130526
0.129489
0.121255
0.125887
0.12593
0.124432
0.12425
0.122323
0.125871
0.131284
0.135353
0.128531
0.127796
0.133197
0.128635
0.13023
0.131749
0.132815
0.128401
0.123266
0.131598
0.134484
0.134662
0.133097
0.131642
0.135153
0.131025
0.131364
0.124757
0.127753
0.126865
0.125933
0.1309
0.126284
0.130594
0.127741
0.137619
0.136038
0.136304
0.135329
0.134558
0.134412
0.132643
0.135585
0.137442
0.134379
0.136632
0.132865
0.137318
0.132515
0.146123
0.150401
0.149315
0.145075
0.138799
0.1461
0.141382
0.142374
0.142747
0.145727
0.138814
0.141621
0.140545
0.141099
0.148292
0.154886
0.149168
0.158785
0.150518
0.14989
0.146481
0.13895
0.148875
0.143252
0.145875
0.14891
0.15266
0.156441
0.157114
0.158802
0.149668
0.148987
0.155461
0.149466
0.158203
0.155176
0.158327
0.162058
0.162039
0.154503
0.15921
0.154049
0.152521
0.157451
0.160314
0.16205
0.158502
0.159816
0.153627
0.15408
0.169288
0.15735
0.16721
0.167968
0.167585
0.161948
0.160584
0.181049
0.172694
0.164011
0.163066
0.166185
0.170882
0.162238
0.162665
0.175971
0.161996
0.165787
0.163646
0.16683
0.169692
0.163218
0.168356
0.16875
0.163508
0.173233
0.1739
0.175217
0.167787
0.172118
0.170102
0.166639
0.173177
0.177502
0.171403
0.173047
0.175126
0.176306
0.174093
0.17387
0.171451
0.170971
0.175484
0.181923
0.187124
0.183002
0.182149
0.179574
0.185679
0.182716
0.176915
0.174465
0.179638
0.184746
0.173845
0.178772
0.174965
0.175571
0.194942
0.191619
0.188392
0.184692
0.186927
0.189881
0.180708
0.180329
0.187477
0.186527
0.186145
0.181554
0.182348
0.18255
0.183973
0.175471
0.175011
0.174191
0.179644
0.184028
0.175545
0.173193
0.177659
0.174159
0.176674
0.176998
0.172541
0.176989
0.178449
0.193383
0.195916
0.192942
0.191758
0.192169
0.182587
0.193045
0.185978
0.183989
0.177651
0.182817
0.181386
0.169745
0.179983
0.175518
0.175549
0.172224
0.167707
0.172067
0.170823
0.165533
0.168823
0.16769
0.169174
0.169283
0.16569
0.162691
0.168293
0.177543
0.174708
0.171534
0.174653
0.175323
0.17226
0.166043
0.172308
0.165416
0.165686
0.165069
0.161648
0.16164
0.156235
0.15148
0.152912
0.159376
0.1603
0.159033
0.160531
0.164667
0.160136
0.159392
0.156732
0.156335
0.155275
0.160019
0.163089
0.15745
0.154333
0.159836
0.156489
0.165588
0.158285
0.158858
0.155168
0.15448
0.162828
0.172107
0.165299
0.162742
0.167983
0.167013
0.163914
0.15944
0.164474
0.159085
0.159222
0.159587
0.161787
0.160833
0.160116
0.157374
0.152643
0.158176
0.157403
0.149879
0.1486
0.158973
0.152271
0.156111
0.156655
0.154475
0.152512
0.157114
0.15627
0.154638
0.155809
0.158017
0.148439
0.151858
0.153801
0.1558
0.156866
0.162714
0.163538
0.16042
0.165353
0.1594
0.159553
0.165895
0.159822
0.164818
0.159397
0.163298
0.16149
0.154396
0.151039
0.15234
0.155538
0.151248
0.151578
0.149746
0.148667
0.156075
0.145332
0.143173
0.148058
0.146804
0.148497
0.151922
0.154445
0.157551
0.16001
0.159045
0.153705
0.152026
0.153817
0.15355
0.159781
0.149777
0.155028
0.154568
0.151417
0.15186
0.155879
0.151848
0.149058
0.150386
0.154027
0.148981
0.14828
0.149185
0.144215
0.141498
0.148047
0.143724
0.146625
0.157758
0.149835
0.155102
0.15288
0.160728
0.1515
0.153021
0.15567
0.15153
0.149184
0.147139
0.14931
0.149883
0.146442
0.150085
0.141126
0.146782
0.139068
0.14101
0.139474
0.150022
0.149048
0.149529
0.152368
0.150128
0.144138
0.144272
0.151356
0.151112
0.148409
0.141224
0.147079
0.143858
0.149644
0.139977
0.143666
0.14388
0.145523
0.145209
0.140375
0.157358
0.162046
0.161795
0.159258
0.161113
0.159734
0.161655
0.155295
0.158915
0.157382
0.155305
0.157712
0.153949
0.159672
0.15763
0.144133
0.144903
0.143376
0.143239
0.143183
0.145287
0.152555
0.171675
0.158051
0.16113
0.159983
0.158398
0.157158
0.155006
0.155334
0.152049
0.15489
0.152806
0.153927
0.148434
0.147588
0.146366
0.14442
0.146704
0.149235
0.14792
0.138803
0.144683
0.154513
0.151837
0.151733
0.153961
0.157373
0.153408
0.153018
0.151813
0.152361
0.150183
0.15197
0.148366
0.152342
0.151845
0.150695
0.147451
0.148087
0.152094
0.154973
0.1559
0.158214
0.16571
0.163327
0.162453
0.165064
0.160565
0.154408
0.161644
0.160059
0.151193
0.151688
0.152525
0.149455
0.14543
0.145958
0.154152
0.154441
0.148854
0.149559
0.14142
0.13744
0.1468
0.142335
0.141778
0.14668
0.140343
0.141358
0.147082
0.144164
0.143101
0.132727
0.133002
0.135775
0.133387
0.12799
0.134398
0.135282
0.139427
0.1269
0.131132
0.129894
0.133899
0.141475
0.146322
0.149371
0.144149
0.144355
0.143082
0.144193
0.142803
0.139484
0.14335
0.139876
0.134726
0.138398
0.139471
0.142039
0.148455
0.144625
0.148305
0.141119
0.144453
0.144275
0.136256
0.134742
0.141529
0.145904
0.14764
0.151118
0.144516
0.141828
0.142887
0.148807
0.148092
0.152372
0.153473
0.151508
0.154489
0.146888
0.151401
0.147554
0.148195
0.145258
0.146569
0.142514
0.147301
0.147887
0.144109
0.143618
0.146232
0.146311
0.144725
0.163619
0.161615
0.165351
0.159287
0.163591
0.167579
0.159419
0.158635
0.164575
0.157287
0.156744
0.15328
0.156013
0.159995
0.168055
0.169476
0.166892
0.159658
0.162781
0.161698
0.163791
0.158725
0.16253
0.158507
0.152178
0.158339
0.15874
0.155355
0.148906
0.149673
0.150183
0.147843
0.153064
0.161336
0.154809
0.152789
0.155952
0.154608
0.153523
0.147192
0.14947
0.146566
0.147966
0.149369
0.145936
0.144591
0.150834
0.154616
0.15374
0.155482
0.149895
0.149444
0.15302
0.147459
0.143832
0.148294
0.144626
0.14648
0.142475
0.144916
0.143921
0.151687
0.147051
0.14618
0.13937
0.146246
0.145902
0.145927
0.14634
0.149259
0.148049
0.150736
0.152765
0.145484
0.151939
0.143779
0.14911
0.142079
0.143256
0.139421
0.138344
0.146589
0.144788
0.144762
0.143683
0.146274
0.146012
0.14458
0.14531
0.14929
0.151549
0.144051
0.152756
0.139191
0.145978
0.145973
0.150481
0.1549
0.157503
0.161466
0.158575
0.161352
0.16022
0.153622
0.159588
0.153568
0.160964
0.156143
0.14843
0.151025
0.157389
0.150696
0.151797
0.154048
0.147983
0.150937
0.147673
0.148541
0.147719
0.152651
0.15893
0.161747
0.164505
0.160599
0.155825
0.15766
0.15552
0.15374
0.153577
0.155147
0.150684
0.146485
0.152914
0.149903
0.150784
0.153038
0.158109
0.161325
0.160434
0.164439
0.160956
0.15916
0.160322
0.158653
0.15698
0.159449
0.153803
0.156381
0.157909
0.153027
0.154838
0.164294
0.164252
0.164292
0.162449
0.16636
0.16261
0.159089
0.162062
0.158603
0.159285
0.155905
0.155594
0.154262
0.15048
0.149927
0.15082
0.15521
0.151876
0.163847
0.164998
0.163805
0.159638
0.156401
0.157005
0.157637
0.154902
0.154603
0.148247
0.145212
0.140538
0.140964
0.139477
0.13841
0.133321
0.133882
0.137573
0.141218
0.139211
0.137866
0.132777
0.136496
0.135354
0.138911
0.130376
0.137143
0.139611
0.138759
0.137334
0.135454
0.138067
0.134247
0.129705
0.128835
0.125284
0.121691
0.127268
0.123039
0.122619
0.129176
0.124547
0.12411
0.122321
0.121341
0.118182
0.121693
0.12462
0.127997
0.127963
0.129202
0.129311
0.128714
0.128516
0.125775
0.123559
0.122984
0.11942
0.116657
0.11554
0.116301
0.120276
0.125117
0.125418
0.126091
0.123177
0.12789
0.127523
0.12107
0.124571
0.12734
0.130776
0.130166
0.130765
0.130304
0.128236
0.128979
0.12791
0.127163
0.137354
0.137033
0.134679
0.138372
0.137086
0.130042
0.129806
0.131094
0.132404
0.12803
0.130792
0.130855
0.133511
0.133959
0.131054
0.132545
0.129101
0.130161
0.123098
0.121564
0.119815
0.117722
0.118679
0.115928
0.108313
0.114412
0.118675
0.117026
0.117986
0.120788
0.129497
0.123935
0.123717
0.123028
0.123063
0.128533
0.131641
0.1302
0.130906
0.131291
0.125841
0.130073
0.135745
0.134607
0.133239
0.13302
0.129237
0.126964
0.133625
0.140729
0.139003
0.130806
0.134789
0.140377
0.136827
0.133208
0.13544
0.145022
0.154379
0.160565
0.154612
0.157825
0.156657
0.154837
0.155728
0.15311
0.158889
0.150398
0.144065
0.143084
0.141414
0.138331
0.137925
0.135613
0.13916
0.129898
0.133342
0.136184
0.129019
0.127999
0.136608
0.144615
0.137194
0.131286
0.132541
0.137493
0.132418
0.138464
0.133015
0.140411
0.139879
0.133128
0.133461
0.135697
0.134566
0.134531
0.129174
0.13228
0.135419
0.130849
0.136185
0.124253
0.127777
0.125721
0.140243
0.130567
0.134317
0.1289
0.134559
0.132138
0.129192
0.130837
0.133626
0.13879
0.132885
0.131984
0.13705
0.135359
0.13195
0.129487
0.128228
0.136787
0.13326
0.131821
0.128517
0.134013
0.131177
0.130601
0.143051
0.131761
0.134815
0.127865
0.129533
0.123429
0.126557
0.12369
0.132298
0.133489
0.127321
0.132872
0.146711
0.132952
0.13007
0.133821
0.138586
0.13408
0.130762
0.128328
0.137128
0.137058
0.135796
0.157909
0.145799
0.142261
0.148024
0.143466
0.149678
0.156121
0.150356
0.155551
0.157453
0.15339
0.150543
0.153454
0.154082
0.148559
0.165373
0.164983
0.165111
0.16684
0.164908
0.161474
0.161188
0.15704
0.154407
0.158114
0.144335
0.145082
0.14696
0.141168
0.136175
0.134798
0.136139
0.143693
0.139663
0.137759
0.137733
0.134971
0.138385
0.136558
0.130523
0.136747
0.138556
0.146375
0.147542
0.143858
0.144472
0.136962
0.141254
0.136861
0.146917
0.140087
0.139817
0.138318
0.137677
0.131749
0.13439
0.137497
0.136612
0.13035
0.132287
0.136415
0.1432
0.142563
0.142403
0.139005
0.140283
0.13734
0.137914
0.140999
0.140204
0.142098
0.142468
0.141457
0.138346
0.142357
0.135962
0.141024
0.145136
0.144144
0.138851
0.139083
0.143246
0.14333
0.139879
0.140073
0.143075
0.14312
0.144909
0.136567
0.143614
0.135725
0.151541
0.143519
0.140779
0.137079
0.134976
0.132686
0.133763
0.135437
0.136453
0.135041
0.137462
0.140885
0.14852
0.144813
0.14181
0.148268
0.146191
0.151099
0.150692
0.145656
0.146449
0.144919
0.146883
0.141864
0.145621
0.151203
0.15344
0.151392
0.154472
0.158282
0.149702
0.155571
0.152487
0.155369
0.159558
0.157944
0.15514
0.156918
0.155068
0.148842
0.150477
0.156537
0.157465
0.16027
0.145673
0.147828
0.149681
0.149263
0.149137
0.149354
0.148467
0.14461
0.137084
0.143768
0.143194
0.144593
0.141058
0.144342
0.144768
0.142917
0.139936
0.140832
0.141161
0.145886
0.143815
0.147954
0.143611
0.14961
0.14778
0.146113
0.150203
0.15316
0.145204
0.146456
0.149188
0.154665
0.154015
0.155717
0.156474
0.154395
0.149227
0.143844
0.144533
0.150091
0.146449
0.148418
0.155131
0.157066
0.153579
0.151673
0.162974
0.156999
0.156123
0.153541
0.14774
0.15892
0.154845
0.155406
0.150251
0.147002
0.15173
0.145916
0.14581
0.145045
0.15808
0.158308
0.154092
0.149587
0.149034
0.154315
0.153824
0.149281
0.153358
0.157055
0.159184
0.156739
0.157549
0.150763
0.156386
0.154359
0.153903
0.151936
0.150676
0.151113
0.149599
0.151964
0.157013
0.163937
0.153631
0.156208
0.153075
0.15552
0.153865
0.146562
0.151825
0.156042
0.151671
0.158211
0.161936
0.158679
0.15583
0.154538
0.161678
0.15728
0.155314
0.155357
0.152313
0.147283
0.14687
0.151948
0.156936
0.15695
0.16424
0.155728
0.153253
0.153627
0.154493
0.152552
0.157173
0.160306
0.16242
0.163673
0.162573
0.159948
0.161806
0.161631
0.152063
0.159924
0.156381
0.154997
0.154556
0.156085
0.151139
0.165481
0.159833
0.162536
0.161715
0.159424
0.154017
0.153602
0.153204
0.151602
0.154638
0.150962
0.152314
0.147695
0.148288
0.145441
0.146794
0.141757
0.139113
0.14714
0.148188
0.153386
0.149984
0.149155
0.148405
0.140396
0.153766
0.14725
0.147819
0.14749
0.147798
0.146937
0.159952
0.160562
0.161372
0.163494
0.161443
0.162897
0.163649
0.161361
0.16239
0.160675
0.159572
0.158889
0.156728
0.152006
0.157527
0.15842
0.158982
0.154938
0.150195
0.156434
0.170178
0.171535
0.173228
0.165858
0.165967
0.169635
0.172013
0.166676
0.16801
0.165942
0.159229
0.160997
0.155582
0.162893
0.156799
0.160936
0.157397
0.153262
0.15096
0.151187
0.144072
0.137585
0.145313
0.15201
0.153709
0.148528
0.151438
0.151596
0.151687
0.152412
0.150868
0.157647
0.153863
0.157677
0.158179
0.155406
0.160506
0.160657
0.165098
0.17053
0.167461
0.164232
0.168501
0.168566
0.167671
0.165531
0.160561
0.162209
0.165153
0.166834
0.155816
0.157332
0.155886
0.155702
0.156523
0.159799
0.158567
0.159392
0.165476
0.168857
0.168237
0.167137
0.164904
0.159804
0.160202
0.16067
0.151537
0.151859
0.155176
0.153747
0.152887
0.151273
0.14777
0.157695
0.158616
0.158604
0.155032
0.158955
0.164237
0.153339
0.157442
0.160182
0.151113
0.146789
0.155456
0.159149
0.163683
0.161545
0.158614
0.159723
0.160376
0.151572
0.141873
0.143731
0.141992
0.142781
0.150045
0.143565
0.153454
0.151961
0.144768
0.149469
0.146081
0.146983
0.14579
0.148987
0.147287
0.144968
0.147463
0.148912
0.152046
0.153097
0.148608
0.152146
0.149904
0.148054
0.151404
0.143669
0.138489
0.14127
0.136183
0.134267
0.129838
0.137524
0.140554
0.145129
0.142928
0.138049
0.132399
0.141798
0.130403
0.13613
0.135123
0.134522
0.135965
0.131575
0.130873
0.129256
0.13974
0.134456
0.133217
0.132054
0.131647
0.129109
0.12882
0.121983
0.13364
0.122895
0.12362
0.121231
0.12047
0.121303
0.131571
0.122007
0.12358
0.123409
0.119393
0.120101
0.135722
0.132752
0.131093
0.12459
0.13201
0.127304
0.133929
0.127311
0.133425
0.140406
0.140005
0.141741
0.139696
0.136213
0.141585
0.145686
0.139875
0.139311
0.138322
0.133899
0.139716
0.1514
0.145201
0.149351
0.148312
0.141751
0.143972
0.13929
0.14663
0.150032
0.142526
0.151373
0.155076
0.155972
0.149871
0.15248
0.150211
0.149848
0.145801
0.147757
0.154936
0.157505
0.158378
0.155035
0.152054
0.145282
0.14855
0.145455
0.151146
0.148305
0.146846
0.149716
0.140913
0.144811
0.143128
0.158503
0.14902
0.143667
0.141314
0.143082
0.138366
0.134951
0.134165
0.140842
0.134866
0.138647
0.13409
0.134305
0.13623
0.140754
0.163527
0.145185
0.145925
0.146302
0.139196
0.139151
0.14094
0.136737
0.132837
0.143582
0.144863
0.140038
0.144526
0.144515
0.145925
0.14774
0.145249
0.168667
0.145888
0.15127
0.139417
0.135699
0.14059
0.13797
0.135022
0.134387
0.131022
0.130288
0.139416
0.13712
0.141068
0.140258
0.136694
0.1382
0.13475
0.139409
0.137743
0.142213
0.140146
0.135316
0.140038
0.139193
0.123952
0.133658
0.129531
0.134335
0.130737
0.127945
0.127614
0.130056
0.124421
0.126187
0.139988
0.136868
0.13178
0.130619
0.126945
0.131421
0.132961
0.12967
0.123776
0.123906
0.120543
0.125513
0.124059
0.125025
0.122674
0.142169
0.126699
0.126845
0.128757
0.12369
0.120728
0.125716
0.138441
0.132866
0.135846
0.133711
0.131769
0.135613
0.14294
0.147422
0.141481
0.136617
0.132937
0.136747
0.136815
0.135361
0.14873
0.140705
0.142941
0.142274
0.142457
0.137262
0.134643
0.140311
0.152229
0.143596
0.140323
0.145045
0.146314
0.14335
0.142416
0.145056
0.151321
0.147783
0.143675
0.144766
0.143193
0.142108
0.136709
0.151262
0.144112
0.145226
0.143638
0.139185
0.139907
0.157272
0.144727
0.146806
0.149147
0.147952
0.145929
0.151908
0.146413
0.155461
0.152267
0.15619
0.149839
0.154619
0.160792
0.153196
0.151164
0.148164
0.148466
0.145441
0.141169
0.140146
0.143012
0.134954
0.147877
0.129451
0.150229
0.137255
0.135204
0.129909
0.130662
0.135694
0.139741
0.132014
0.141564
0.135434
0.139923
0.134926
0.132817
0.139727
0.139437
0.135304
0.134692
0.157728
0.146492
0.150277
0.147653
0.155201
0.152125
0.150145
0.146258
0.156849
0.155866
0.155363
0.150742
0.157819
0.155773
0.173623
0.163414
0.168762
0.163729
0.163966
0.162721
0.165534
0.16245
0.162389
0.161598
0.158689
0.160148
0.152147
0.155669
0.156484
0.157427
0.16011
0.153788
0.156627
0.150266
0.153718
0.143158
0.149154
0.149204
0.145968
0.14693
0.146846
0.150569
0.151172
0.142786
0.159486
0.154227
0.151487
0.149909
0.152968
0.146168
0.137761
0.14364
0.149139
0.145354
0.141722
0.143496
0.140681
0.145205
0.163347
0.152295
0.151547
0.149079
0.151284
0.153725
0.144833
0.163032
0.156949
0.15524
0.153988
0.151281
0.149574
0.148406
0.145571
0.14338
0.148421
0.136671
0.14162
0.13994
0.133007
0.137667
0.13231
0.135622
0.146932
0.133292
0.134588
0.134358
0.127209
0.15029
0.14692
0.142179
0.144671
0.140184
0.134557
0.137395
0.142536
0.139268
0.137465
0.144852
0.149288
0.149672
0.146471
0.144792
0.143315
0.145126
0.139241
0.140858
0.140374
0.149158
0.148322
0.149067
0.14633
0.14321
0.143773
0.145816
0.145174
0.149435
0.154107
0.145939
0.146753
0.141665
0.148227
0.145963
0.134415
0.143105
0.138804
0.137268
0.13535
0.136171
0.130675
0.132242
0.130034
0.144874
0.123937
0.130255
0.128062
0.127556
0.13816
0.13175
0.128083
0.127834
0.128083
0.12917
0.130672
0.132289
0.129832
0.13062
0.12703
0.141727
0.131238
0.138501
0.134337
0.136508
0.132427
0.147436
0.142469
0.141858
0.144065
0.142534
0.141225
0.140623
0.142599
0.154702
0.156516
0.154781
0.146721
0.146991
0.166665
0.155896
0.158467
0.155907
0.155851
0.15556
0.155176
0.158329
0.153769
0.157321
0.150064
0.147135
0.151342
0.153508
0.154851
0.15417
0.147607
0.147752
0.147615
0.144296
0.155704
0.151224
0.149424
0.151615
0.157586
0.151601
0.150565
0.153872
0.154846
0.161931
0.151416
0.156868
0.151271
0.154755
0.16564
0.162782
0.152381
0.149607
0.152295
0.154017
0.154147
0.154427
0.150754
0.157196
0.156468
0.159119
0.162086
0.150326
0.156054
0.149654
0.156364
0.149811
0.153161
0.16251
0.154211
0.164878
0.15616
0.153191
0.153763
0.152287
0.157321
0.155909
0.15498
0.145415
0.146163
0.146681
0.152708
0.159097
0.158292
0.157232
0.155823
0.149147
0.149978
0.142979
0.147953
0.143213
0.146794
0.144956
0.143918
0.141277
0.145568
0.145856
0.138129
0.138149
0.14738
0.1444
0.140407
0.138267
0.146446
0.159109
0.155053
0.144634
0.144453
0.147309
0.137732
0.142451
0.144799
0.15999
0.155281
0.14559
0.14376
0.147645
0.151128
0.154537
0.14939
0.153165
0.148516
0.148192
0.153778
0.160544
0.160881
0.160854
0.157097
0.146566
0.155636
0.150204
0.146024
0.151632
0.144052
0.159414
0.15772
0.149186
0.152177
0.147233
0.155458
0.14536
0.153334
0.152699
0.157553
0.156443
0.159973
0.156854
0.162267
0.157341
0.15741
0.160444
0.149923
0.152446
0.153543
0.165733
0.161403
0.158817
0.167936
0.163396
0.162417
0.168505
0.157796
0.157248
0.166974
0.167396
0.172818
0.17051
0.173439
0.17376
0.169157
0.168138
0.164778
0.164132
0.158624
0.165323
0.162414
0.160974
0.16393
0.161935
0.166228
0.174265
0.171439
0.169603
0.174622
0.168933
0.168879
0.168237
0.169287
0.17106
0.167019
0.167306
0.166043
0.176254
0.166589
0.173498
0.169218
0.16962
0.163047
0.160619
0.165319
0.167684
0.163312
0.168714
0.162024
0.163241
0.160506
0.162964
0.151347
0.158926
0.158355
0.154857
0.156318
0.158171
0.159874
0.164921
0.165527
0.16866
0.166238
0.159808
0.165274
0.157646
0.160056
0.157181
0.158901
0.164707
0.159328
0.158379
0.165221
0.151371
0.155979
0.152147
0.152951
0.153172
0.152688
0.155028
0.159292
0.161565
0.159787
0.158253
0.160627
0.163255
0.158421
0.163138
0.163499
0.161852
0.160859
0.159519
0.157571
0.158427
0.15876
0.170321
0.174601
0.178235
0.171754
0.163421
0.170866
0.161746
0.161817
0.166978
0.162514
0.157061
0.162028
0.172398
0.168478
0.172429
0.167278
0.17074
0.175054
0.169506
0.1665
0.16949
0.172065
0.166265
0.166063
0.158999
0.167748
0.17483
0.177791
0.16539
0.166874
0.168407
0.163267
0.171393
0.17221
0.169464
0.175645
0.174521
0.172343
0.175035
0.169598
0.162908
0.169192
0.177821
0.175873
0.166801
0.164884
0.175265
0.169107
0.170126
0.16532
0.164622
0.169973
0.162286
0.163705
0.168382
0.17566
0.164427
0.161857
0.16592
0.167682
0.159563
0.155549
0.16259
0.159615
0.156005
0.167695
0.166446
0.166772
0.161517
0.161695
0.163337
0.160102
0.163645
0.169502
0.166304
0.172249
0.169325
0.167514
0.169135
0.165972
0.164373
0.167728
0.170651
0.169879
0.173073
0.170633
0.165691
0.168954
0.164065
0.159654
0.156314
0.158218
0.16116
0.166379
0.157549
0.166411
0.16233
0.157162
0.158456
0.155936
0.150147
0.156159
0.162688
0.165131
0.160345
0.150816
0.156967
0.152675
0.15743
0.160344
0.160577
0.160975
0.161035
0.162755
0.160906
0.159085
0.161269
0.160638
0.164304
0.158011
0.152766
0.159064
0.158169
0.165225
0.170328
0.17291
0.16813
0.168193
0.16779
0.161055
0.158781
0.165016
0.168548
0.171919
0.177907
0.17255
0.172951
0.166469
0.158869
0.16283
0.159286
0.160842
0.160605
0.163862
0.169182
0.171739
0.173327
0.171099
0.172867
0.162425
0.164873
0.162618
0.16563
0.162623
0.164353
0.167511
0.17489
0.176403
0.174353
0.169284
0.165275
0.160485
0.160997
0.167098
0.159394
0.159573
0.160048
0.166112
0.163342
0.163618
0.1554
0.159483
0.158445
0.1598
0.161387
0.158883
0.155787
0.161884
0.155395
0.155181
0.152643
0.147861
0.1525
0.16075
0.161512
0.156082
0.160266
0.153221
0.1569
0.157643
0.158093
0.15476
0.161159
0.15957
0.161649
0.162455
0.159861
0.164185
0.160632
0.167186
0.170088
0.163648
0.164004
0.165591
0.16777
0.165391
0.165093
0.155177
0.158602
0.159835
0.16026
0.167012
0.161986
0.16285
0.162246
0.157717
0.161218
0.162543
0.157898
0.157521
0.157861
0.153278
0.153663
0.152498
0.153894
0.158262
0.153563
0.149828
0.148711
0.147037
0.148506
0.162726
0.153063
0.158157
0.156167
0.15038
0.15228
0.15223
0.146983
0.1552
0.157204
0.150989
0.149231
0.150481
0.155649
0.15772
0.153013
0.164626
0.159099
0.157014
0.159979
0.16105
0.157483
0.153121
0.155369
0.157083
0.155463
0.15494
0.1553
0.159386
0.156311
0.150473
0.157119
0.160153
0.167427
0.162803
0.164435
0.155184
0.161004
0.163536
0.154963
0.152348
0.157792
0.15419
0.147177
0.160535
0.161497
0.162833
0.154375
0.154323
0.158162
0.154475
0.148168
0.156377
0.161688
0.154321
0.160647
0.15573
0.155024
0.154538
0.160141
0.158329
0.148646
0.154725
0.15359
0.152521
0.160735
0.154554
0.160631
0.149931
0.162943
0.157296
0.17082
0.168928
0.169599
0.165462
0.161816
0.179581
0.167639
0.170529
0.164708
0.1587
0.162889
0.165268
0.161485
0.162838
0.172907
0.173161
0.16882
0.173825
0.171349
0.172466
0.165708
0.181277
0.172005
0.174149
0.172447
0.166815
0.167653
0.165801
0.167922
0.167134
0.171647
0.176258
0.178091
0.179565
0.179332
0.173637
0.177696
0.173915
0.178152
0.177836
0.179487
0.174052
0.173408
0.173549
0.173045
0.180228
0.184414
0.181017
0.184506
0.183413
0.182886
0.17519
0.172122
0.174853
0.173546
0.177649
0.173834
0.186596
0.187804
0.181813
0.181771
0.179875
0.181129
0.178648
0.176566
0.166389
0.16861
0.172411
0.171013
0.173622
0.171942
0.165446
0.161298
0.168777
0.175888
0.16959
0.167339
0.168107
0.166788
0.164877
0.164167
0.161401
0.161941
0.156867
0.15871
0.157785
0.158217
0.159553
0.164518
0.166628
0.166241
0.163021
0.15722
0.15746
0.168383
0.164263
0.163039
0.157539
0.152255
0.157051
0.150514
0.147827
0.153315
0.149735
0.147384
0.148956
0.157476
0.152409
0.149576
0.15234
0.148255
0.151779
0.154624
0.15374
0.158673
0.156404
0.158077
0.154767
0.155358
0.159021
0.151368
0.143037
0.142719
0.147108
0.144482
0.148545
0.140331
0.156312
0.153364
0.149239
0.147188
0.157222
0.152021
0.148068
0.149341
0.147571
0.150078
0.144823
0.14619
0.158296
0.148741
0.149816
0.149754
0.150787
0.147177
0.14855
0.161572
0.159878
0.15992
0.157708
0.159084
0.15341
0.156562
0.157354
0.16325
0.161731
0.151181
0.157883
0.161494
0.16125
0.166946
0.158708
0.152638
0.159591
0.155372
0.155546
0.156146
0.154747
0.155233
0.150157
0.158573
0.161835
0.154975
0.163598
0.158234
0.160755
0.161914
0.160715
0.160543
0.15602
0.159617
0.158838
0.161319
0.165726
0.16834
0.161283
0.151096
0.152845
0.153573
0.160265
0.161012
0.162074
0.162501
0.163034
0.157474
0.153667
0.150239
0.1415
0.152089
0.149225
0.148594
0.147801
0.145735
0.147229
0.16274
0.152884
0.149024
0.14361
0.146469
0.14697
0.152014
0.144813
0.150457
0.156379
0.149414
0.145921
0.154497
0.152658
0.150204
0.151208
0.150072
0.157966
0.157684
0.151842
0.14766
0.15078
0.152384
0.146169
0.144767
0.152866
0.149992
0.143916
0.149006
0.138021
0.145039
0.145699
0.157849
0.152992
0.139344
0.147042
0.146992
0.142828
0.144124
0.143753
0.138087
0.131978
0.132852
0.134715
0.142475
0.137226
0.133313
0.130746
0.143421
0.141552
0.134842
0.141951
0.132378
0.136519
0.136651
0.137319
0.138082
0.139044
0.136329
0.141663
0.133395
0.127976
0.132413
0.128173
0.129324
0.137387
0.132163
0.136267
0.137965
0.138886
0.140081
0.139399
0.140551
0.140044
0.138432
0.135388
0.133044
0.137061
0.137854
0.137121
0.135035
0.133976
0.131289
0.131812
0.131861
0.132212
0.130284
0.127383
0.12977
0.138097
0.136355
0.134327
0.134939
0.137359
0.138346
0.137692
0.136655
0.135408
0.134337
0.136757
0.132138
0.130989
0.130199
0.131602
0.129633
0.132675
0.129522
0.130989
0.138083
0.138519
0.13815
0.13875
0.138095
0.139517
0.139793
0.137953
0.135852
0.135488
0.133017
0.132439
0.136226
0.135392
0.138258
0.133519
0.134219
0.135803
0.133607
0.131056
0.135203
0.134694
0.138392
0.13756
0.139297
0.140153
0.138622
0.132205
0.135992
0.137479
0.137166
0.136831
0.133608
0.134335
0.132169
0.13178
0.134853
0.133715
0.129245
0.132192
0.135322
0.132894
0.131586
0.131526
0.1321
0.131011
0.130328
0.13116
0.13195
0.135173
0.14873
0.15126
0.150165
0.14892
0.152904
0.144297
0.150449
0.153074
0.148237
0.153512
0.149638
0.147974
0.14362
0.148213
0.147251
0.14932
0.149763
0.14673
0.146788
0.149514
0.148339
0.156647
0.160758
0.161086
0.161812
0.157024
0.148344
0.154627
0.156057
0.157741
0.153948
0.15441
0.154163
0.150688
0.148778
0.151848
0.154041
0.150064
0.147892
0.152791
0.150272
0.1523
0.150519
0.144914
0.144749
0.146545
0.143356
0.141041
0.156052
0.16193
0.159182
0.151887
0.15771
0.149482
0.158702
0.155349
0.148999
0.153689
0.152845
0.14606
0.143571
0.14263
0.142997
0.142093
0.15062
0.147952
0.152279
0.149855
0.163883
0.162738
0.164158
0.156817
0.156283
0.159197
0.153832
0.163003
0.1511
0.152441
0.146539
0.158643
0.155882
0.154639
0.151099
0.149475
0.15585
0.166397
0.170232
0.165774
0.168568
0.164777
0.161943
0.163513
0.165577
0.163304
0.155381
0.162051
0.159173
0.150313
0.150946
0.148754
0.157472
0.166884
0.15803
0.164974
0.159964
0.156867
0.155939
0.153321
0.159149
0.159739
0.149249
0.152346
0.153496
0.156597
0.157244
0.154921
0.157764
0.153087
0.156773
0.15798
0.156931
0.156952
0.155169
0.147592
0.146018
0.147006
0.151589
0.156373
0.164645
0.170001
0.168775
0.159885
0.162698
0.158079
0.155414
0.158288
0.155225
0.1586
0.157221
0.149087
0.147737
0.157498
0.154802
0.155919
0.163584
0.168396
0.162026
0.155492
0.1564
0.165273
0.157661
0.159398
0.154577
0.156292
0.161469
0.155178
0.168505
0.160439
0.164285
0.160584
0.155798
0.155517
0.159948
0.154854
0.156338
0.152043
0.153389
0.163389
0.157745
0.155435
0.160136
0.156107
0.158015
0.148165
0.15714
0.157814
0.15743
0.157656
0.1633
0.161143
0.164425
0.159373
0.166795
0.159414
0.159359
0.164293
0.155396
0.156172
0.15552
0.168368
0.169167
0.169848
0.173245
0.168727
0.171011
0.172658
0.170091
0.168674
0.162636
0.161954
0.166503
0.163192
0.164548
0.167638
0.161299
0.168013
0.164262
0.162564
0.15711
0.153155
0.155298
0.154754
0.157252
0.163598
0.160257
0.156949
0.163099
0.158113
0.152283
0.150271
0.152466
0.15183
0.152882
0.153127
0.156557
0.155054
0.154223
0.153584
0.14963
0.154026
0.154974
0.153145
0.146379
0.143752
0.148955
0.151353
0.153853
0.15563
0.165138
0.163544
0.158669
0.15716
0.164201
0.162761
0.165375
0.158382
0.159916
0.161523
0.161784
0.152653
0.159918
0.154672
0.151466
0.156928
0.152207
0.158892
0.158584
0.153951
0.152838
0.150528
0.160204
0.15467
0.154676
0.152545
0.145472
0.146715
0.142456
0.144154
0.144476
0.144413
0.14238
0.141741
0.142606
0.140341
0.141459
0.134291
0.137505
0.136312
0.137868
0.141459
0.150483
0.156741
0.15798
0.156607
0.163145
0.161056
0.150367
0.152845
0.157306
0.161042
0.161947
0.160816
0.160405
0.15299
0.155532
0.157081
0.153336
0.158018
0.146872
0.155697
0.151028
0.155915
0.149368
0.152246
0.15486
0.15249
0.14826
0.143292
0.138201
0.144019
0.141754
0.138672
0.14312
0.141087
0.147434
0.145319
0.143513
0.147173
0.147543
0.146136
0.145709
0.149166
0.148207
0.148195
0.149625
0.149038
0.15635
0.155522
0.158549
0.157237
0.155332
0.154575
