0.014208
0.04796
0.049277
0.050458
0.049192
0.049687
0.047277
0.049605
0.049716
0.049957
0.049266
0.053514
0.054935
0.053968
0.052693
0.05375
0.052532
0.05284
0.052976
0.053578
0.051268
0.052656
0.055241
0.057113
0.054294
0.054629
0.053003
0.054242
0.050561
0.050983
0.048183
0.049636
0.045413
0.047103
0.045012
0.043564
0.043896
0.044507
0.04249
0.044293
0.04449
0.043637
0.051337
0.043255
0.044109
0.044293
0.044393
0.047295
0.045657
0.045928
0.044015
0.043802
0.044437
0.047238
0.042354
0.04415
0.042573
0.044012
0.043651
0.045394
0.042818
0.043924
0.045803
0.04298
0.044312
0.043212
0.052423
0.045496
0.043916
0.042349
0.045084
0.042111
0.046444
0.047856
0.048064
0.04906
0.045383
0.053439
0.049488
0.049742
0.048903
0.047433
0.046715
0.047799
0.05379
0.04937
0.04826
0.049647
0.047429
0.050685
0.055607
0.049503
0.050595
0.048925
0.048533
0.04846
0.048607
0.049151
0.052205
0.052663
0.049931
0.049413
0.05217
0.050765
0.049299
0.049555
0.050268
0.05172
0.048717
0.051836
0.056205
0.053863
0.054464
0.053574
0.052745
0.05105
0.052388
0.054311
0.054984
0.058037
0.052967
0.0564
0.055989
0.055785
0.053877
0.054407
0.053513
0.055417
0.05512
0.056062
0.052618
0.055426
0.055028
0.058969
0.059699
0.057245
0.056531
0.057339
0.057299
0.055052
0.054218
0.055794
0.054377
0.053945
0.053382
0.054563
0.051234
0.050828
0.048929
0.04861
0.049295
0.050975
0.05308
0.051051
0.050767
0.046055
0.049002
0.048554
0.045226
0.043569
0.043501
0.045092
0.043198
0.04189
0.04391
0.042826
0.043134
0.042075
0.047614
0.043245
0.040793
0.042641
0.040769
0.041672
0.042214
0.047821
0.0427
0.043428
0.050335
0.049643
0.046262
0.046868
0.047631
0.045048
0.048136
0.04746
0.046622
0.048295
0.046077
0.047427
0.052671
0.051396
0.046343
0.047032
0.04632
0.047065
0.050196
0.047048
0.046246
0.045963
0.044352
0.043984
0.0444
0.042669
0.044354
0.041576
0.040849
0.042234
0.043452
0.041695
0.041504
0.04092
0.038359
0.038613
0.038602
0.037052
0.037627
0.035426
0.035799
0.037717
0.037455
0.038495
0.037115
0.036457
0.040768
0.041177
0.040146
0.040226
0.038791
0.039503
0.03894
0.043535
0.041637
0.041188
0.041046
0.047204
0.043328
0.04389
0.041115
0.042346
0.045312
0.044849
0.042976
0.04329
0.047695
0.044935
0.04291
0.046347
0.043841
0.043822
0.042785
0.048384
0.047561
0.047057
0.046572
0.045422
0.046142
0.046057
0.045004
0.048664
0.048065
0.045756
0.046475
0.045441
0.045621
0.04464
0.044525
0.043761
0.040708
0.04254
0.042843
0.042077
0.041906
0.044346
0.043727
0.042636
0.044299
0.054915
0.044558
0.046636
0.04519
0.044369
0.043295
0.044169
0.0433
0.044529
0.045687
0.05376
0.047229
0.047795
0.047693
0.046231
0.046063
0.046401
0.046564
0.045965
0.047078
0.046303
0.04308
0.044388
0.04187
0.041902
0.041572
0.042766
0.041045
0.044511
0.043972
0.042474
0.041573
0.042639
0.041109
0.042302
0.041003
0.040804
0.039839
0.040899
0.041335
0.039046
0.040822
0.039351
0.041484
0.040422
0.041932
0.04037
0.039062
0.039311
0.041444
0.040733
0.04282
0.043357
0.042164
0.048916
0.046215
0.046983
0.047412
0.044013
0.042843
0.047376
0.045313
0.045942
0.043886
0.043942
0.04412
0.042886
0.043433
0.042928
0.043497
0.043434
0.041578
0.042429
0.040269
0.042267
0.041423
0.03914
0.040846
0.04165
0.040006
0.039511
0.040635
0.039487
0.038815
0.03965
0.040301
0.038911
0.03977
0.039052
0.036744
0.035395
0.036984
0.033185
0.032139
0.03054
0.030435
0.028957
0.029468
0.034001
0.031092
0.029934
0.032146
0.033141
0.034122
0.033936
0.034926
0.035694
0.04235
0.03645
0.038081
0.037296
0.03692
0.037069
0.037223
0.035439
0.036194
0.038528
0.037338
0.041923
0.041002
0.047974
0.044112
0.04564
0.045235
0.046201
0.044825
0.047126
0.045031
0.049053
0.049285
0.0501
0.046527
0.047116
0.053338
0.054409
0.052365
0.053834
0.052593
0.052922
0.051608
0.054218
0.054165
0.053398
0.052261
0.052813
0.051718
0.051264
0.051995
0.050415
0.05068
0.052221
0.049354
0.050196
0.048075
0.049828
0.050738
0.051076
0.046664
0.051524
0.051914
0.052094
0.047753
0.047541
0.045273
0.04822
0.044572
0.043969
0.044801
0.04408
0.046479
0.047645
0.045428
0.045813
0.04437
0.045646
0.046153
0.04743
0.04543
0.045525
0.043025
0.045657
0.044466
0.047587
0.045061
0.044424
0.04392
0.042115
0.050494
0.048318
0.045862
0.045635
0.043714
0.045601
0.043134
0.043503
0.046522
0.044225
0.044671
0.044105
0.051198
0.046925
0.046414
0.043923
0.044978
0.045865
0.044212
0.043434
0.044922
0.04772
0.046928
0.047569
0.046556
0.04729
0.046658
0.050798
0.049241
0.050515
0.047313
0.050622
0.049823
0.048364
0.048955
0.052903
0.051307
0.052967
0.049622
0.05437
0.049529
0.050262
0.05
0.051444
0.049187
0.050883
0.050182
0.049701
0.049145
0.048447
0.051813
0.052547
0.053173
0.050876
0.052501
0.053605
0.054004
0.053705
0.052566
0.050797
0.051502
0.050236
0.050825
0.050267
0.052979
0.049879
0.051444
0.051632
0.0496
0.053206
0.051718
0.053696
0.052764
0.053515
0.051126
0.051186
0.052489
0.049809
0.051978
0.049984
0.047529
0.050686
0.049309
0.046878
0.046359
0.045946
0.04449
0.047033
0.046123
0.045674
0.042723
0.0443
0.042858
0.043639
0.042065
0.043687
0.04212
0.043883
0.044018
0.044277
0.045488
0.045821
0.043976
0.043481
0.043653
0.043354
0.042426
0.041872
0.041656
0.045229
0.04119
0.039881
0.038419
0.038155
0.038219
0.036803
0.036162
0.036869
0.036222
0.039061
0.037422
0.040061
0.040916
0.040783
0.048811
0.044605
0.040767
0.03964
0.04036
0.041563
0.041235
0.039944
0.041007
0.042648
0.042903
0.043379
0.050562
0.045894
0.043583
0.044514
0.041895
0.042402
0.041247
0.041426
0.040729
0.043948
0.041616
0.043318
0.042473
0.042784
0.042105
0.05073
0.044702
0.043199
0.041528
0.048614
0.044227
0.04514
0.043854
0.043507
0.046878
0.04448
0.043809
0.043907
0.04315
0.045065
0.048161
0.04677
0.045617
0.044817
0.043491
0.043662
0.04365
0.045802
0.042386
0.049173
0.04403
0.045728
0.044263
0.047219
0.044897
0.045262
0.042984
0.047238
0.043387
0.044679
0.043028
0.04234
0.040398
0.048967
0.041895
0.042738
0.041204
0.046678
0.042876
0.044912
0.042271
0.042827
0.04648
0.043934
0.04344
0.043625
0.046843
0.045025
0.043658
0.046441
0.043901
0.041817
0.041391
0.046583
0.043615
0.049247
0.044479
0.045316
0.04391
0.048987
0.044861
0.045866
0.043604
0.044323
0.044161
0.044463
0.045388
0.046682
0.046347
0.044391
0.044433
0.050256
0.05799
0.051572
0.049587
0.053684
0.049329
0.050321
0.048043
0.0499
0.050122
0.054025
0.050446
0.051467
0.05131
0.054214
0.063382
0.059039
0.056384
0.056648
0.055612
0.052477
0.053309
0.051098
0.050749
0.0504
0.048791
0.047753
0.046256
0.044429
0.044093
0.043257
0.044645
0.045812
0.043841
0.043988
0.044759
0.044057
0.045121
0.044933
0.04684
0.045279
0.04342
0.0452
0.053412
0.048682
0.04723
0.050124
0.046636
0.046505
0.045188
0.045318
0.043931
0.048128
0.044064
0.046733
0.045526
0.045753
0.045478
0.045628
0.045615
0.043662
0.045075
0.045421
0.049975
0.042033
0.041408
0.041891
0.039052
0.040247
0.040604
0.040512
0.037673
0.040998
0.038927
0.04024
0.038634
0.041272
0.042236
0.040827
0.042284
0.040874
0.048478
0.043387
0.041929
0.046174
0.042641
0.041382
0.041694
0.050089
0.044464
0.046445
0.04277
0.044062
0.043689
0.046573
0.05018
0.048836
0.045977
0.048655
0.045785
0.050545
0.048161
0.051245
0.047715
0.050495
0.047115
0.05011
0.053585
0.052209
0.053413
0.053119
0.051684
0.053223
0.0553
0.054748
0.053586
0.051734
0.051974
0.052481
0.051613
0.052436
0.053436
0.048585
0.048741
0.054633
0.050137
0.051608
0.049046
0.048558
0.047364
0.049095
0.04775
0.04963
0.050655
0.052814
0.050341
0.050932
0.049956
0.049807
0.047773
0.050336
0.047616
0.048942
0.046736
0.047998
0.048391
0.051816
0.050577
0.052823
0.05086
0.054656
0.050165
0.05337
0.049402
0.052623
0.052171
0.055101
0.050255
0.052328
0.048181
0.048656
0.047077
0.048222
0.047038
0.047724
0.044075
0.046378
0.0435
0.045378
0.043559
0.045689
0.043346
0.044206
0.042863
0.042518
0.042098
0.041792
0.041219
0.041881
0.040481
0.042198
0.043456
0.044833
0.042241
0.043692
0.043923
0.043301
0.043754
0.044237
0.044166
0.041865
0.04355
0.044128
0.045863
0.048312
0.048973
0.047027
0.046574
0.046474
0.048213
0.047978
0.045443
0.048791
0.049597
0.053167
0.051034
0.051961
0.048207
0.049806
0.048143
0.050027
0.05051
0.047904
0.047379
0.050173
0.049343
0.050154
0.047506
0.049803
0.051046
0.049951
0.048672
0.048849
0.045803
0.049073
0.045724
0.048637
0.048807
0.050321
0.046893
0.045255
0.047523
0.046493
0.045103
0.045903
0.044295
0.046079
0.044445
0.043037
0.040929
0.041068
0.040086
0.040391
0.038454
0.040043
0.037792
0.03727
0.035648
0.036228
0.036202
0.037304
0.037787
0.038482
0.047462
0.041916
0.040149
0.03976
0.038007
0.037775
0.036563
0.03927
0.038549
0.038625
0.038854
0.040484
0.040218
0.04167
0.049755
0.044027
0.04408
0.044713
0.044348
0.043522
0.043869
0.043394
0.042369
0.044062
0.043388
0.04378
0.043551
0.042887
0.043233
0.040824
0.051041
0.04612
0.042127
0.042036
0.039979
0.041399
0.040702
0.043075
0.044405
0.044029
0.043984
0.04512
0.044723
0.056489
0.049637
0.049956
0.047329
0.049121
0.047644
0.047045
0.04704
0.048006
0.046544
0.048051
0.04583
0.0472
0.04748
0.048864
0.049199
0.048482
0.053018
0.048144
0.046503
0.048325
0.044735
0.046277
0.044928
0.048116
0.044493
0.046146
0.043199
0.044518
0.042204
0.044826
0.044019
0.043375
0.043285
0.043999
0.043603
0.042943
0.040298
0.043141
0.04211
0.04354
0.042565
0.043086
0.042666
0.043095
0.040839
0.042398
0.042853
0.045574
0.043089
0.043743
0.048938
0.044515
0.042566
0.044099
0.04328
0.047832
0.04588
0.044493
0.050462
0.047891
0.047119
0.047872
0.048125
0.04769
0.048113
0.046963
0.043844
0.046667
0.043539
0.046489
0.043682
0.043647
0.044966
0.04456
0.042607
0.042635
0.044241
0.044194
0.041041
0.040751
0.041219
0.040855
0.043599
0.042193
0.041794
0.041371
0.046906
0.043629
0.044673
0.043408
0.043573
0.043839
0.043664
0.045917
0.045788
0.047472
0.052318
0.049257
0.049783
0.047509
0.044178
0.044322
0.0433
0.045079
0.041854
0.045099
0.043211
0.043039
0.043002
0.044876
0.042459
0.045844
0.0451
0.053248
0.046212
0.047316
0.045837
0.046671
0.043878
0.045068
0.0432
0.047252
0.044794
0.044842
0.044864
0.045296
0.045165
0.046711
0.055482
0.044898
0.046532
0.045403
0.042985
0.042344
0.042225
0.044702
0.044165
0.045072
0.044334
0.052317
0.047033
0.047216
0.047723
0.047678
0.046079
0.045355
0.043654
0.044639
0.045572
0.043934
0.043577
0.043031
0.0417
0.041085
0.039607
0.041116
0.038626
0.041748
0.038141
0.038908
0.038711
0.037975
0.038028
0.038502
0.038851
0.036362
0.033393
0.037058
0.035697
0.036312
0.042802
0.042524
0.038627
0.039013
0.037436
0.038296
0.038704
0.037909
0.039671
0.040982
0.04087
0.041433
0.044238
0.045719
0.042815
0.043197
0.042218
0.045183
0.042072
0.043549
0.043727
0.043771
0.044636
0.045253
0.044381
0.044863
0.049816
0.050812
0.049217
0.049967
0.048858
0.04792
0.047094
0.04919
0.047309
0.048417
0.047836
0.048484
0.048434
0.050613
0.050274
0.051098
0.05219
0.049594
0.052929
0.051603
0.049484
0.049799
0.053622
0.050698
0.048536
0.047803
0.051924
0.05247
0.051519
0.054253
0.050561
0.053853
0.052292
0.051708
0.049457
0.049471
0.050607
0.055512
0.052787
0.052435
0.051909
0.053948
0.050627
0.051163
0.04985
0.050982
0.052006
0.054519
0.055268
0.054854
0.049989
0.052651
0.051145
0.05841
0.054773
0.053133
0.053129
0.053881
0.054259
0.050998
0.049839
0.05246
0.045948
0.046925
0.046837
0.047449
0.046959
0.046503
0.053565
0.047036
0.046252
0.044964
0.042939
0.041984
0.042756
0.041223
0.049366
0.045046
0.044843
0.042352
0.043687
0.043004
0.042651
0.045458
0.039642
0.043332
0.042044
0.038322
0.038856
0.040302
0.042298
0.038774
0.038379
0.039492
0.03855
0.045772
0.040357
0.041986
0.038887
0.040853
0.039955
0.03976
0.040186
0.041119
0.042815
0.042408
0.042421
0.043912
0.043149
0.044237
0.043661
0.047858
0.047037
0.051189
0.04758
0.05096
0.048237
0.049718
0.047811
0.048736
0.048177
0.050707
0.04714
0.04522
0.044968
0.048782
0.045803
0.044855
0.043838
0.045062
0.045168
0.048204
0.044456
0.045563
0.044588
0.045047
0.046048
0.045713
0.043811
0.043568
0.041172
0.042914
0.045667
0.046772
0.0451
0.045748
0.044876
0.043907
0.043636
0.043584
0.040074
0.041331
0.039027
0.037349
0.037761
0.039257
0.038966
0.038354
0.039273
0.039463
0.04235
0.039528
0.048038
0.044117
0.039742
0.042558
0.041535
0.040886
0.040411
0.042294
0.040712
0.043957
0.043835
0.05078
0.044969
0.045155
0.043621
0.044407
0.042592
0.042046
0.041227
0.042842
0.039839
0.04466
0.042086
0.044895
0.042236
0.050969
0.043669
0.04681
0.046543
0.041286
0.042651
0.043912
0.042233
0.042904
0.046394
0.044194
0.04248
0.044008
0.043269
0.04309
0.048042
0.044714
0.044833
0.045443
0.043668
0.044316
0.04286
0.046391
0.050513
0.045394
0.045388
0.045215
0.045911
0.045468
0.043225
0.046682
0.045267
0.043601
0.041804
0.041933
0.041633
0.049383
0.044052
0.043096
0.046467
0.044022
0.043148
0.042565
0.041905
0.045669
0.041959
0.042033
0.044964
0.047773
0.044585
0.045825
0.045694
0.045306
0.042273
0.044333
0.0439
0.043787
0.043344
0.043191
0.050819
0.045194
0.045049
0.045092
0.044485
0.043679
0.042526
0.042198
0.047502
0.043549
0.044633
0.048719
0.056664
0.048767
0.048346
0.05008
0.048533
0.049824
0.05017
0.049043
0.049561
0.050683
0.049472
0.053596
0.053407
0.054042
0.063601
0.057519
0.055376
0.055342
0.056909
0.053747
0.049821
0.049896
0.04562
0.046476
0.045079
0.04698
0.043275
0.047152
0.043519
0.045551
0.045385
0.04537
0.046292
0.045884
0.057245
0.050038
0.046664
0.04772
0.046449
0.045906
0.046369
0.045605
0.044182
0.047794
0.045471
0.047107
0.047068
0.046023
0.0445
0.056856
0.0459
0.047267
0.045446
0.045863
0.042965
0.044329
0.042637
0.041646
0.040919
0.04041
0.040187
0.038262
0.037544
0.041128
0.040354
0.040024
0.040219
0.041171
0.040878
0.04414
0.041511
0.042359
0.041214
0.042442
0.046361
0.044035
0.043315
0.043387
0.043275
0.042499
0.046549
0.046069
0.045559
0.046726
0.043947
0.045854
0.046624
0.04634
0.045048
0.047468
0.045723
0.049354
0.047929
0.05121
0.047253
0.050627
0.047948
0.050139
0.050157
0.048867
0.048815
0.048921
0.049135
0.052415
0.048374
0.049153
0.048507
0.049953
0.048035
0.050357
0.048694
0.049209
0.048396
0.049505
0.048909
0.055303
0.056516
0.058337
0.05646
0.057107
0.05557
0.056644
0.054372
0.055901
0.055518
0.057592
0.05415
0.054279
0.053902
0.054524
0.054021
0.05352
0.052436
0.052458
0.050527
0.051316
0.05013
0.049886
0.047898
0.052867
0.051371
0.050988
0.047815
0.045092
0.051395
0.045468
0.045267
0.044078
0.041256
0.042166
0.042765
0.046702
0.040594
0.04169
0.04076
0.040159
0.042503
0.042168
0.042072
0.045186
0.039908
0.040069
0.037754
0.040127
0.038304
0.045283
0.040191
0.039033
0.038714
0.039082
0.037116
0.0361
0.040153
0.039757
0.039269
0.049175
0.045275
0.046011
0.043622
0.044342
0.041099
0.039138
0.041478
0.040419
0.042127
0.043529
0.04203
0.04667
0.044176
0.045898
0.052806
0.0454
0.044775
0.043011
0.042323
0.04027
0.039211
0.043212
0.040902
0.040395
0.041256
0.041599
0.041513
0.051966
0.046116
0.048469
0.045177
0.045827
0.042511
0.044571
0.042366
0.045045
0.042066
0.044827
0.048515
0.046283
0.044136
0.045444
0.045016
0.044058
0.043466
0.049132
0.041545
0.045613
0.040595
0.039977
0.039267
0.041524
0.040192
0.042392
0.043268
0.042109
0.040431
0.051797
0.047148
0.04902
0.04608
0.047324
0.046464
0.045117
0.044722
0.045739
0.043665
0.0469
0.043332
0.045745
0.043941
0.052697
0.044005
0.04819
0.048775
0.044513
0.041306
0.040889
0.03934
0.040558
0.039998
0.044526
0.042312
0.049606
0.044067
0.045395
0.044939
0.043821
0.044866
0.042542
0.043475
0.044975
0.043102
0.042533
0.041659
0.043763
0.04535
0.044963
0.041551
0.052623
0.042725
0.043554
0.042538
0.043174
0.03935
0.040333
0.039622
0.045195
0.04474
0.04141
0.044135
0.044012
0.054334
0.047588
0.047253
0.046307
0.044647
0.046392
0.043972
0.044733
0.042837
0.039222
0.040206
0.040529
0.037534
0.038385
0.038472
0.039072
0.036183
0.037309
0.037158
0.036805
0.039262
0.038384
0.047293
0.040506
0.038718
0.039729
0.036835
0.039008
0.037591
0.040239
0.039818
0.041367
0.048692
0.045845
0.045247
0.044483
0.044138
0.046777
0.044953
0.045144
0.046316
0.046736
0.044752
0.044381
0.045235
0.049554
0.045383
0.046251
0.044562
0.044257
0.042628
0.043857
0.041585
0.04123
0.041795
0.042107
0.039849
0.03935
0.040916
0.042825
0.041201
0.04276
0.039484
0.040696
0.040071
0.043405
0.042585
0.041512
0.040926
0.042025
0.041394
0.041787
0.040793
0.041979
0.040228
0.040795
0.043251
0.040647
0.043223
0.041804
0.042912
0.042762
0.041043
0.042331
0.041943
0.044795
0.041384
0.043446
0.044378
0.043817
0.041937
0.043478
0.040773
0.044046
0.041649
0.041787
0.043238
0.045492
0.04544
0.043659
0.042866
0.044581
0.04368
0.042601
0.04519
0.044944
0.043516
0.04483
0.046346
0.04603
0.043011
0.043139
0.043123
0.042908
0.04257
0.044386
0.043684
0.044952
0.044204
0.045516
0.046229
0.046904
0.050229
0.047214
0.045506
0.044578
0.042364
0.042015
0.041485
0.041393
0.039908
0.040828
0.040462
0.039798
0.038825
0.038353
0.03873
0.039465
0.044926
0.041784
0.039807
0.039955
0.039146
0.047819
0.042793
0.043718
0.042968
0.047262
0.043052
0.043058
0.040417
0.041703
0.046494
0.046534
0.045508
0.045096
0.045431
0.043869
0.048207
0.04551
0.045553
0.042209
0.042637
0.044302
0.045468
0.049055
0.045276
0.045315
0.045218
0.048724
0.057302
0.051763
0.049678
0.048309
0.048515
0.046268
0.048794
0.046645
0.047778
0.047672
0.049227
0.049974
0.051215
0.062178
0.049153
0.051492
0.051696
0.048787
0.051696
0.049679
0.051526
0.048438
0.047503
0.047953
0.050966
0.049843
0.050706
0.050855
0.04998
0.049028
0.048588
0.059064
0.048407
0.047796
0.047783
0.047877
0.044187
0.045053
0.042356
0.043692
0.043753
0.045392
0.04222
0.044106
0.042399
0.04213
0.043027
0.045281
0.054226
0.047833
0.047268
0.047887
0.046798
0.047815
0.045734
0.047457
0.044437
0.048067
0.046437
0.047924
0.046544
0.056414
0.048046
0.048482
0.045762
0.047299
0.04521
0.044539
0.043761
0.049751
0.046058
0.045585
0.044157
0.044538
0.052618
0.047813
0.04579
0.046355
0.044342
0.045535
0.049355
0.047202
0.04719
0.046168
0.045855
0.045496
0.051295
0.049227
0.047711
0.049024
0.046779
0.047317
0.04711
0.047416
0.04969
0.049566
0.049042
0.050389
0.049586
0.050228
0.048221
0.052985
0.050148
0.049982
0.048866
0.048316
0.049241
0.050466
0.047544
0.04719
0.047884
0.047958
0.047545
0.048598
0.046311
0.049445
0.060032
0.053338
0.051449
0.052924
0.05066
0.051682
0.049425
0.048049
0.046791
0.051861
0.04952
0.051125
0.047661
0.048972
0.055277
0.046562
0.047112
0.046812
0.051747
0.050374
0.048923
0.048888
0.047085
0.046197
0.047173
0.047543
0.048076
0.048414
0.048761
0.048882
0.049315
0.060051
0.052505
0.05123
0.051196
0.051356
0.050003
0.05159
0.052503
0.052555
0.04883
0.051538
0.048989
0.050517
0.050028
0.053316
0.051408
0.051681
0.049112
0.052853
0.050786
0.051125
0.055504
0.055679
0.052785
0.052484
0.049844
0.054789
0.052349
0.054293
0.052542
0.053413
0.058087
0.055953
0.057103
0.05674
0.056019
0.056649
0.056738
0.05697
0.055458
0.056283
0.057373
0.05561
0.055564
0.060119
0.059547
0.06105
0.060418
0.060916
0.063014
0.060682
0.062319
0.061168
0.06036
0.061701
0.061448
0.061581
0.059096
0.062724
0.060981
0.059632
0.058251
0.058833
0.058739
0.060901
0.055546
0.060384
0.061004
0.063371
0.062135
0.060448
0.060857
0.059005
0.055863
0.058005
0.056298
0.056464
0.057402
0.056114
0.053082
0.057864
0.054467
0.059029
0.059024
0.06056
0.059482
0.0583
0.058554
0.05638
0.056028
0.057151
0.057631
0.054241
0.056689
0.05614
0.057353
0.061246
0.057234
0.055611
0.053417
0.063154
0.059362
0.057044
0.055545
0.061415
0.056092
0.056524
0.06269
0.059637
0.058431
0.063107
0.056796
0.059766
0.05561
0.056988
0.058397
0.06198
0.057389
0.059981
0.058597
0.058903
0.055866
0.06202
0.059049
0.052815
0.055446
0.052251
0.052752
0.060249
0.054037
0.055063
0.053199
0.055361
0.050132
0.052632
0.055086
0.052262
0.050899
0.051695
0.04812
0.052218
0.051336
0.049241
0.051136
0.051979
0.048389
0.050999
0.048842
0.055756
0.050269
0.049943
0.057068
0.05233
0.050129
0.052102
0.048831
0.048152
0.044984
0.044963
0.044225
0.052334
0.046031
0.046794
0.046747
0.048306
0.047975
0.046567
0.054548
0.049302
0.045782
0.045525
0.044134
0.042227
0.042416
0.045649
0.043305
0.044703
0.041244
0.045296
0.046436
0.059802
0.050442
0.051367
0.050486
0.050346
0.048087
0.047679
0.045518
0.046527
0.044884
0.044268
0.045106
0.049462
0.049339
0.048824
0.049688
0.057554
0.051017
0.050769
0.048438
0.049944
0.049899
0.047826
0.048025
0.045357
0.050454
0.049157
0.048247
0.051842
0.050829
0.052645
0.050478
0.050925
0.049891
0.051013
0.050561
0.049011
0.051688
0.050605
0.047533
0.049491
0.047462
0.048576
0.047306
0.046729
0.045589
0.047138
0.048181
0.048015
0.047302
0.047094
0.052122
0.050091
0.049342
0.050385
0.049476
0.049628
0.047297
0.053866
0.052487
0.052456
0.051604
0.051485
0.052341
0.051991
0.049519
0.053922
0.052764
0.053472
0.053809
0.053031
0.054202
0.05398
0.053859
0.054351
0.053846
0.054145
0.053067
0.053912
0.053376
0.055706
0.054276
0.054002
0.05501
0.060075
0.059608
0.059781
0.059873
0.059823
0.059955
0.060138
0.060262
0.060361
0.059818
0.060093
0.060611
0.059252
0.05929
0.06064
0.059636
0.058898
0.061512
0.058314
0.058684
0.05813
0.059006
0.057494
0.059059
0.060282
0.06036
0.061065
0.059977
0.05866
0.056866
0.060322
0.058524
0.059213
0.057962
0.059968
0.058147
0.060669
0.058508
0.059689
0.057772
0.05888
0.056235
0.057158
0.056379
0.057297
0.056676
0.055597
0.057638
0.063721
0.057681
0.060436
0.058912
0.060064
0.059122
0.058988
0.059845
0.060693
0.058525
0.059078
0.058277
0.057874
0.059532
0.060603
0.059802
0.060705
0.060559
0.060665
0.058133
0.061704
0.059305
0.05994
0.057689
0.060606
0.057871
0.059136
0.058619
0.059456
0.058444
0.059914
0.059217
0.0601
0.057159
0.058164
0.056957
0.057328
0.059423
0.056789
0.055754
0.058154
0.057835
0.058241
0.057976
0.058812
0.058328
0.058215
0.058836
0.059206
0.056966
0.054959
0.057455
0.056525
0.060081
0.059185
0.058155
0.057208
0.057182
0.055685
0.053389
0.055717
0.055424
0.05937
0.053469
0.053137
0.051617
0.052004
0.051488
0.05044
0.049903
0.050726
0.051838
0.05255
0.050803
0.050497
0.05
0.049398
0.047098
0.047608
0.045354
0.044377
0.04382
0.043255
0.041908
0.042285
0.043489
0.044052
0.045088
0.048232
0.057978
0.045928
0.046838
0.048257
0.043758
0.045676
0.043709
0.046183
0.041718
0.041363
0.042155
0.044269
0.044615
0.044271
0.045813
0.045505
0.044852
0.051994
0.046146
0.047113
0.043763
0.045137
0.043963
0.050349
0.046953
0.047943
0.045084
0.052336
0.048375
0.050375
0.049433
0.048725
0.048043
0.048161
0.04636
0.050607
0.048677
0.048063
0.047416
0.049302
0.053815
0.049489
0.047684
0.051571
0.050124
0.047709
0.048518
0.054499
0.049873
0.04857
0.050671
0.04714
0.050259
0.04876
0.047904
0.051272
0.049794
0.049323
0.050395
0.051114
0.055789
0.054399
0.051827
0.049417
0.048737
0.058754
0.055538
0.055247
0.054833
0.052379
0.053695
0.054694
0.058762
0.055282
0.055874
0.053909
0.054969
0.053877
0.052828
0.053434
0.053085
0.051389
0.050179
0.049369
0.04998
0.057873
0.053847
0.051227
0.049967
0.051591
0.047951
0.047811
0.051402
0.050426
0.048304
0.049073
0.049569
0.050082
0.063577
0.053241
0.05214
0.051462
0.050846
0.051085
0.050002
0.050051
0.04889
0.050388
0.048284
0.049309
0.047893
0.047841
0.046044
0.048076
0.047771
0.046018
0.045489
0.047549
0.045046
0.048278
0.057159
0.05525
0.053257
0.053889
0.053009
0.053981
0.053043
0.054729
0.056295
0.055607
0.053691
0.064875
0.052535
0.05037
0.049469
0.051762
0.049085
0.0498
0.050698
0.049153
0.049015
0.047879
0.047427
0.047365
0.048023
0.048657
0.049073
0.049567
0.05204
0.050521
0.060528
0.054732
0.053929
0.053133
0.05131
0.051242
0.047986
0.048017
0.047309
0.048049
0.04608
0.044368
0.041184
0.042954
0.039917
0.040932
0.041019
0.040594
0.040733
0.03865
0.037874
0.043152
0.038799
0.040042
0.039044
0.03856
0.044001
0.040095
0.037951
0.035204
0.037501
0.033013
0.033448
0.034217
0.034623
0.035922
0.039022
0.037381
0.035957
0.03713
0.03911
0.043242
0.04855
0.050367
0.048456
0.048758
0.044617
0.045931
0.045913
0.045252
0.043065
0.042661
0.04385
0.045402
0.043995
0.044135
0.04614
0.046762
0.045262
0.047536
0.052443
0.05002
0.047881
0.045998
0.047354
0.046062
0.044403
0.044328
0.043307
0.042138
0.042662
0.041791
0.042117
0.042933
0.04194
0.043112
0.042108
0.042336
0.042289
0.049353
0.0436
0.042939
0.042424
0.044446
0.042605
0.043516
0.043297
0.043112
0.04662
0.046067
0.045262
0.046452
0.055609
0.050931
0.052093
0.050902
0.049655
0.053381
0.050771
0.051972
0.053981
0.052182
0.050906
0.054218
0.052548
0.053522
0.052483
0.052235
0.051243
0.048136
0.052918
0.047761
0.050035
0.047675
0.04757
0.048769
0.046633
0.045995
0.042621
0.050424
0.045769
0.045053
0.043487
0.043389
0.051475
0.045957
0.045751
0.047265
0.044076
0.045847
0.047741
0.047875
0.045427
0.045281
0.042161
0.043947
0.05122
0.043163
0.043629
0.045636
0.044611
0.044838
0.047965
0.049937
0.046472
0.046898
0.043775
0.052564
0.04774
0.046878
0.046039
0.048062
0.049208
0.04732
0.049736
0.048616
0.046378
0.048167
0.044899
0.047058
0.05122
0.047909
0.045084
