0.027864
0.105794
0.114574
0.116356
0.117668
0.119972
0.117053
0.118184
0.115749
0.119276
0.114844
0.13198
0.119351
0.119396
0.124972
0.121554
0.116471
0.123801
0.130325
0.113281
0.117834
0.115115
0.116948
0.12689
0.129158
0.122533
0.118421
0.115917
0.11283
0.113844
0.114462
0.114905
0.11361
0.113612
0.126797
0.114263
0.116341
0.122155
0.113929
0.124587
0.11624
0.117508
0.125732
0.11782
0.115343
0.127608
0.11138
0.112804
0.11263
0.111035
0.124894
0.114475
0.120041
0.121727
0.115914
0.121953
0.113802
0.116203
0.113673
0.114135
0.11362
0.122638
0.113901
0.111702
0.120952
0.115869
0.125348
0.109125
0.123467
0.115502
0.121982
0.111411
0.123348
0.114133
0.113988
0.112219
0.114844
0.116569
0.115308
0.113967
0.116562
0.114154
0.113649
0.116959
0.116699
0.11145
0.114572
0.118006
0.118636
0.117077
0.119866
0.11214
0.116023
0.126551
0.126061
0.112929
0.113642
0.116282
0.11744
0.114032
0.115973
0.116441
0.111812
0.116974
0.116284
0.112152
0.113156
0.115748
0.119511
0.124426
0.120418
0.115043
0.122581
0.115154
0.116549
0.117205
0.116035
0.120852
0.12536
0.123711
0.127317
0.119839
0.12254
0.123964
0.119053
0.125546
0.12183
0.124892
0.122999
0.1214
0.126007
0.123094
0.125352
0.125115
0.120127
0.123577
0.119173
0.121628
0.126042
0.118539
0.114125
0.117981
0.116422
0.12211
0.114537
0.113468
0.109481
0.113796
0.111104
0.114752
0.113928
0.112795
0.113828
0.112811
0.110693
0.11902
0.116381
0.109861
0.116153
0.110641
0.116245
0.115117
0.112186
0.107488
0.115892
0.11409
0.11424
0.107855
0.114114
0.112254
0.113485
0.114787
0.111721
0.111402
0.110667
0.114171
0.113025
0.115712
0.11348
0.104344
0.106332
0.105847
0.106117
0.10155
0.100158
0.101039
0.100172
0.103266
0.102608
0.104345
0.104732
0.099957
0.101491
0.102668
0.104845
0.102237
0.102895
0.099607
0.113189
0.115172
0.121276
0.125332
0.1274
0.127036
0.125024
0.127277
0.120157
0.124173
0.128356
0.129007
0.125166
0.122905
0.125174
0.125812
0.121166
0.123641
0.12414
0.12544
0.120759
0.121083
0.123469
0.121005
0.138517
0.131786
0.143686
0.141875
0.141707
0.142507
0.137656
0.135182
0.130108
0.130784
0.131109
0.129294
0.1308
0.129655
0.131379
0.144577
0.134249
0.138929
0.137918
0.134859
0.138225
0.131107
0.13137
0.12837
0.133361
0.130228
0.12517
0.124635
0.136933
0.137011
0.136768
0.128248
0.133552
0.131617
0.130518
0.128421
0.127986
0.120453
0.126911
0.12872
0.125887
0.126049
0.130568
0.125272
0.122547
0.129533
0.126203
0.121297
0.120172
0.115808
0.136564
0.126674
0.124264
0.13216
0.127776
0.129471
0.128832
0.143528
0.130598
0.13297
0.132875
0.129658
0.147262
0.136652
0.134655
0.137461
0.133041
0.135419
0.148156
0.141303
0.14309
0.135636
0.140565
0.155674
0.145563
0.14469
0.144606
0.137256
0.161952
0.148928
0.150799
0.145048
0.146918
0.145964
0.159899
0.151782
0.146943
0.151069
0.14332
0.168939
0.154722
0.151192
0.147741
0.145609
0.143092
0.159042
0.154986
0.146999
0.146419
0.146509
0.138497
0.161791
0.147296
0.148779
0.148973
0.151239
0.160734
0.161632
0.152097
0.154883
0.155227
0.151621
0.166559
0.155707
0.155145
0.149682
0.138977
0.17091
0.151235
0.150645
0.150951
0.145983
0.164261
0.156916
0.157356
0.149288
0.165674
0.157579
0.153257
0.160535
0.154808
0.168528
0.154316
0.151627
0.154007
0.169662
0.15722
0.151615
0.151061
0.149021
0.160899
0.14989
0.150218
0.14758
0.14807
0.150309
0.165628
0.15565
0.150763
0.17647
0.157868
0.153242
0.149856
0.143596
0.151128
0.149257
0.141031
0.143891
0.144167
0.143164
0.143983
0.171932
0.159552
0.145113
0.150523
0.14871
0.143295
0.147364
0.15572
0.152655
0.147073
0.149852
0.145003
0.147775
0.182745
0.158392
0.154112
0.160832
0.145329
0.151902
0.154458
0.150202
0.159845
0.151982
0.147479
0.147863
0.18594
0.160008
0.158254
0.156148
0.15046
0.148951
0.147367
0.145953
0.141908
0.150352
0.153734
0.15248
0.14563
0.147591
0.184423
0.160223
0.159086
0.153675
0.147984
0.149369
0.149512
0.14861
0.143125
0.139749
0.14347
0.136877
0.139942
0.143136
0.169533
0.145459
0.142212
0.142533
0.141852
0.136753
0.133589
0.133289
0.132262
0.131426
0.132573
0.134862
0.13503
0.163283
0.138422
0.137791
0.126638
0.126597
0.130035
0.121911
0.1201
0.122821
0.121012
0.117906
0.123107
0.143957
0.129448
0.129364
0.122815
0.118744
0.123081
0.114096
0.113524
0.118577
0.116254
0.118383
0.117336
0.141041
0.131453
0.127485
0.125167
0.124062
0.120645
0.117236
0.11728
0.121816
0.119865
0.142986
0.137274
0.133927
0.137067
0.133166
0.126714
0.123651
0.127909
0.134089
0.131193
0.132479
0.153627
0.150541
0.146145
0.142027
0.141307
0.139519
0.134614
0.132346
0.140309
0.138206
0.147165
0.149411
0.182132
0.162982
0.155814
0.156481
0.150451
0.150953
0.144438
0.143813
0.140669
0.146192
0.14254
0.156003
0.170421
0.15699
0.153059
0.14451
0.149047
0.147349
0.14213
0.139276
0.141051
0.146854
0.146692
0.150121
0.179226
0.149982
0.158226
0.151988
0.146718
0.146122
0.143419
0.135795
0.134784
0.140905
0.136044
0.133134
0.140722
0.138759
0.133983
0.156024
0.157121
0.150914
0.15229
0.147933
0.158904
0.154237
0.154425
0.146093
0.161649
0.156455
0.157151
0.146633
0.156305
0.161636
0.160136
0.158325
0.15177
0.161447
0.160636
0.156097
0.152993
0.151806
0.156464
0.148317
0.150273
0.147958
0.148297
0.151936
0.15557
0.152729
0.146183
0.154981
0.155088
0.154145
0.146733
0.149758
0.155504
0.15641
0.152511
0.150979
0.148702
0.16318
0.159413
0.153296
0.14796
0.169333
0.163303
0.15725
0.159809
0.150093
0.166429
0.162895
0.162168
0.154418
0.170482
0.172152
0.161568
0.161403
0.153836
0.165789
0.156257
0.156272
0.162292
0.174246
0.172961
0.163592
0.162129
0.154341
0.173602
0.168849
0.160436
0.162817
0.185212
0.179203
0.170522
0.164009
0.158549
0.161729
0.167754
0.159653
0.1627
0.167636
0.169828
0.161718
0.157285
0.155132
0.168695
0.165145
0.161451
0.159086
0.167821
0.16489
0.164711
0.162591
0.173713
0.167595
0.159888
0.156833
0.163935
0.156141
0.154745
0.148266
0.161704
0.149945
0.148193
0.142841
0.154439
0.148369
0.141868
0.146726
0.150923
0.159304
0.156137
0.148932
0.149245
0.157409
0.149074
0.149916
0.148236
0.15739
0.159975
0.15396
0.154844
0.139967
0.1548
0.146349
0.141259
0.143505
0.152367
0.155689
0.147161
0.144584
0.143153
0.149695
0.157224
0.150782
0.143733
0.160077
0.152257
0.149365
0.139781
0.143402
0.152614
0.158933
0.151028
0.15265
0.158406
0.154098
0.147836
0.150071
0.157662
0.152503
0.151478
0.144074
0.162507
0.155843
0.152629
0.143534
0.154077
0.151814
0.148779
0.147703
0.15273
0.158183
0.146975
0.147617
0.139284
0.149886
0.145481
0.145728
0.14096
0.143618
0.14268
0.143129
0.1342
0.134274
0.149761
0.136166
0.138615
0.133383
0.121739
0.13255
0.128044
0.127904
0.122654
0.117822
0.12376
0.118088
0.108966
0.116545
0.107005
0.104623
0.098342
0.103606
0.100624
0.097369
0.094119
0.093403
0.089842
0.08784
0.084582
0.086601
0.07964
0.081081
0.077717
0.076629
0.074193
0.074364
0.074533
0.072519
0.070213
0.074242
0.070158
0.072917
0.071515
0.077756
0.067919
0.067345
0.067959
0.065889
0.065728
0.069409
0.068486
0.065288
0.070699
0.069322
0.067137
0.068707
0.065522
0.063874
0.068599
0.068128
0.066328
0.066375
0.071912
0.066369
0.065392
0.063307
0.063878
0.065577
0.066971
0.063333
0.063305
0.062407
0.066203
0.064122
0.060626
0.059918
0.061257
0.063231
0.063538
0.061244
0.060954
0.066033
0.064236
0.063146
0.060917
0.059604
0.064612
0.060917
0.060534
0.058889
0.059484
0.063807
0.06209
0.059599
0.060256
0.059525
0.062291
0.062979
0.061419
0.060627
0.059507
0.060962
0.068929
0.061417
0.062191
0.058237
0.057356
0.056532
0.057696
0.057811
0.055864
0.055004
0.058573
0.057075
0.0566
0.064282
0.0614
0.058762
0.058531
0.058984
0.057718
0.058051
0.060372
0.058062
0.056928
0.059542
0.060205
0.059554
0.070397
0.063365
0.059322
0.061964
0.056702
0.059119
0.061572
0.061197
0.057877
0.058961
0.061955
0.062069
0.063331
0.072686
0.064302
0.063899
0.062091
0.062155
0.062982
0.065136
0.06229
0.059155
0.059269
0.065578
0.060544
0.059771
0.065115
0.063757
0.063291
0.060314
0.061056
0.058595
0.061716
0.059877
0.058531
0.063855
0.062488
0.062098
0.057824
0.063701
0.063905
0.061067
0.06085
0.06507
0.066176
0.070397
0.063867
0.068855
0.075318
0.075416
0.073808
0.071985
0.073865
0.06835
0.073865
0.071994
0.072189
0.071293
0.075944
0.077316
0.073821
0.071659
0.080023
0.075118
0.071954
0.080615
0.081443
0.079517
0.079733
0.075313
0.076695
0.076396
0.079986
0.08233
0.085266
0.096708
0.106708
0.09263
0.09261
0.091233
0.090879
0.087992
0.085991
0.085181
0.088093
0.087101
0.086475
0.08908
0.09288
0.109821
0.098533
0.09701
0.099026
0.097429
0.093936
0.097722
0.097844
0.096267
0.098161
0.103668
0.118733
0.110722
0.10447
0.099566
0.104379
0.10247
0.102966
0.099467
0.102446
0.099585
0.104805
0.097359
0.122419
0.107829
0.107058
0.104233
0.103805
0.103235
0.102512
0.104941
0.10724
0.105166
0.118758
0.107932
0.111948
0.106519
0.102085
0.100065
0.107357
0.106729
0.108856
0.110166
0.124714
0.118414
0.113681
0.115012
0.11157
0.119145
0.122014
0.113204
0.126619
0.126691
0.127424
0.123386
0.121149
0.130412
0.131905
0.122496
0.139193
0.13148
0.133396
0.125997
0.124162
0.128014
0.12706
0.125071
0.138599
0.135535
0.131532
0.12932
0.130657
0.12576
0.129829
0.126693
0.127012
0.11855
0.119889
0.118946
0.115605
0.119075
0.109534
0.104329
0.109987
0.119414
0.129307
0.133528
0.131669
0.133661
0.131804
0.132661
0.126138
0.12857
0.13657
0.159544
0.148505
0.144068
0.13926
0.142071
0.135602
0.140269
0.145052
0.143331
0.141697
0.141436
0.148026
0.140866
0.138317
0.128902
0.142741
0.137124
0.130341
0.130159
0.125408
0.132938
0.129022
0.134502
0.129214
0.124498
0.120369
0.127459
0.131747
0.129656
0.13439
0.135635
0.134788
0.134233
0.142395
0.136762
0.141547
0.13391
0.143003
0.138523
0.133149
0.12831
0.141122
0.131739
0.126284
0.133249
0.128203
0.121737
0.127814
0.127428
0.126728
0.128645
0.13227
0.132608
0.129518
0.125915
0.137092
0.139708
0.135791
0.13263
0.141176
0.142022
0.136437
0.136976
0.148424
0.145097
0.143078
0.14022
0.133701
0.145312
0.136541
0.138078
0.130939
0.139639
0.135109
0.134791
0.133708
0.134318
0.143628
0.135278
0.135275
0.131432
0.145576
0.140886
0.141105
0.130717
0.126278
0.13463
0.133835
0.128209
0.125372
0.130873
0.131058
0.13481
0.128227
0.127976
0.117231
0.131214
0.118775
0.116656
0.112387
0.10608
0.105699
0.109516
0.107596
0.104199
0.108088
0.114293
0.107054
0.104736
0.10303
0.108502
0.102975
0.100641
0.101512
0.115464
0.109127
0.104668
0.103799
0.095472
0.09846
0.097106
0.102017
0.104467
0.098284
0.09907
0.116788
0.114889
0.111574
0.107501
0.107031
0.101937
0.103321
0.105275
0.102109
0.113888
0.11366
0.108809
0.108445
0.09999
0.109623
0.103857
0.116837
0.120178
0.116908
0.115913
0.112914
0.10545
0.107842
0.118811
0.113978
0.136911
0.128994
0.130635
0.127108
0.125893
0.115358
0.116092
0.118007
0.117013
0.118803
0.114797
0.128601
0.125345
0.119393
0.11921
0.113251
0.11329
0.11268
0.114125
0.10831
0.108481
0.105818
0.10644
0.13103
0.114971
0.115167
0.113635
0.105969
0.104142
0.103216
0.101249
0.103941
0.105602
0.109824
0.121151
0.111121
0.106065
0.104196
0.105293
0.104147
0.099356
0.101857
0.095696
0.09921
0.093749
0.095332
0.089753
0.097262
0.096652
0.11451
0.096551
0.096004
0.092652
0.092532
0.089581
0.092103
0.087451
0.09008
0.09363
0.097442
0.097021
0.095731
0.097352
0.096039
0.11686
0.099644
0.101136
0.103589
0.095762
0.093976
0.096533
0.103548
0.100805
0.106948
0.107989
0.115762
0.112391
0.105604
0.107974
0.111458
0.102859
0.103817
0.107888
0.106134
0.109731
0.106468
0.110461
0.113253
0.117583
0.112552
0.144441
0.129349
0.132334
0.130679
0.128826
0.125551
0.119242
0.127166
0.131246
0.122098
0.122905
0.127947
0.125442
0.137332
0.163029
0.155667
0.144747
0.148284
0.141237
0.137917
0.133218
0.136091
0.135122
0.131885
0.144676
0.142813
0.144213
0.143149
0.168389
0.143652
0.150372
0.143922
0.145729
0.140279
0.140415
0.139924
0.138402
0.162871
0.147644
0.147274
0.146559
0.146673
0.142006
0.131345
0.135432
0.133997
0.135268
0.134951
0.146422
0.142981
0.173886
0.148145
0.146585
0.137986
0.142319
0.142116
0.139015
0.138986
0.141578
0.142937
0.139634
0.139819
0.136907
0.129672
0.133791
0.12834
0.141973
0.127007
0.125364
0.138325
0.123504
0.125213
0.122632
0.127133
0.128644
0.126053
0.131969
0.137285
0.13169
0.125811
0.142427
0.136959
0.132211
0.132349
0.127056
0.128537
0.124931
0.132137
0.130652
0.132892
0.130056
0.128151
0.120692
0.15791
0.129817
0.130111
0.130473
0.124583
0.122823
0.11921
0.128585
0.124901
0.126316
0.129568
0.131028
0.13003
0.164056
0.138363
0.136576
0.130844
0.126671
0.134445
0.126633
0.12828
0.12718
0.12365
0.125623
0.125728
0.131216
0.131124
0.13077
0.127129
0.127593
0.126468
0.127416
0.138119
0.126661
0.128171
0.131196
0.128329
0.12259
0.12382
0.121594
0.125777
0.125849
0.126501
0.125138
0.120648
0.125822
0.12818
0.128962
0.129761
0.12831
0.12781
0.125509
0.125936
0.121454
0.126483
0.124977
0.123965
0.123741
0.123667
0.123406
0.12332
0.119783
0.124424
0.121641
0.118828
0.118646
0.122513
0.122977
0.121787
0.119694
0.12031
0.12153
0.118921
0.125354
0.119548
0.11879
0.125296
0.127758
0.13612
0.128196
0.133503
0.13
0.129646
0.132483
0.128597
0.132147
0.13251
0.129303
0.132332
0.134441
0.129685
0.132197
0.132588
0.133035
0.128058
0.133891
0.133268
0.130406
0.130247
0.128956
0.134005
0.131347
0.130505
0.128264
0.136445
0.134181
0.131327
0.129516
0.129295
0.131351
0.128489
0.129309
0.13053
0.132672
0.128279
0.131904
0.121928
0.121213
0.123844
0.123149
0.125482
0.121483
0.121424
0.124014
0.119435
0.120356
0.117659
0.120366
0.124107
0.119825
0.122218
0.116029
0.119657
0.116498
0.120525
0.11759
0.117212
0.11778
0.113818
0.118182
0.122706
0.121516
0.119876
0.116137
0.121037
0.114436
0.119208
0.118605
0.118032
0.111236
0.114845
0.120888
0.124614
0.122942
0.120891
0.122291
0.119982
0.121446
0.122662
0.117173
0.122921
0.122356
0.124193
0.119764
0.122059
0.115707
0.120188
0.12577
0.122703
0.1214
0.126416
0.126374
0.133495
0.131348
0.124804
0.126316
0.128177
0.12831
0.125989
0.129794
0.131616
0.134264
0.135774
0.131977
0.131593
0.141248
0.138439
0.130983
0.134563
0.133529
0.125831
0.130529
0.142966
0.139405
0.130154
0.131088
0.130479
0.130101
0.145706
0.130169
0.127269
0.127948
0.125425
0.124819
0.128291
0.135447
0.12608
0.128476
0.12728
0.118655
0.12207
0.132371
0.127078
0.124571
0.123174
0.117753
0.114144
0.11338
0.123168
0.115178
0.109581
0.101591
0.101119
0.101916
0.102685
0.105935
0.097459
0.111324
0.095696
0.091851
0.091297
0.090513
0.090433
0.092955
0.087741
0.093819
0.096502
0.094758
0.095928
0.098009
0.094154
0.106992
0.099064
0.099831
0.102603
0.102966
0.098355
0.110423
0.112435
0.111591
0.107754
0.104922
0.120255
0.12383
0.125263
0.132691
0.12605
0.139646
0.139428
0.138281
0.139634
0.135938
0.137224
0.139012
0.159079
0.15584
0.150569
0.153419
0.145991
0.169297
0.154594
0.158963
0.153932
0.148904
0.149269
0.156868
0.154949
0.15348
0.14724
0.145122
0.152954
0.153053
0.165448
0.160766
0.147599
0.151725
0.15114
0.148771
0.146635
0.147704
0.14416
0.153806
0.1477
0.14291
0.154065
0.146901
0.144075
0.143432
0.148137
0.142435
0.148707
0.152163
0.156098
0.152721
0.15219
0.150162
0.145491
0.145144
0.148117
0.148103
0.149645
0.164958
0.166
0.161992
0.153875
0.152955
0.153767
0.155125
0.152831
0.152731
0.156774
0.157507
0.156432
0.159207
0.151945
0.153833
0.154283
0.151407
0.154535
0.147639
0.148682
0.153725
0.155348
0.159577
0.159536
0.150691
0.154813
0.155809
0.146906
0.158746
0.150192
0.150735
0.147151
0.152809
0.149298
0.147774
0.160297
0.152773
0.14923
0.150476
0.143005
0.14662
0.166176
0.158644
0.153539
0.147484
0.149567
0.152485
0.150189
0.162355
0.153728
0.155558
0.155486
0.150378
0.152706
0.150419
0.161744
0.158532
0.150255
0.145343
0.146398
0.154419
0.166279
0.155097
0.156537
0.151819
0.152772
0.149726
0.147853
0.158819
0.155275
0.153895
0.149703
0.154006
0.154862
0.168559
0.162249
0.16404
0.163897
0.161256
0.156864
0.161734
0.158472
0.151044
0.149621
0.147569
0.153197
0.159682
0.158553
0.156786
0.157041
0.151019
0.157132
0.153211
0.15928
0.156747
0.165529
0.160358
0.156703
0.159082
0.157878
0.155733
0.158764
0.160202
0.152897
0.152791
0.150885
0.153895
0.16276
0.163627
0.157759
0.155076
0.153579
0.152038
0.158136
0.152611
0.155679
0.150001
0.147382
0.148444
0.147116
0.150696
0.148406
0.148734
0.150953
0.139328
0.13295
0.138764
0.13303
0.141831
0.140072
0.13825
0.144553
0.138908
0.137692
0.148176
0.1423
0.138796
0.13717
0.136013
0.129249
0.143455
0.140324
0.13433
0.13523
0.137952
0.136642
0.142063
0.140985
0.140763
0.135737
0.130684
0.134726
0.132221
0.139271
0.136044
0.139905
0.141035
0.137822
0.142227
0.130869
0.131645
0.128489
0.123241
0.123845
0.129446
0.132041
0.136404
0.133412
0.14218
0.128845
0.132505
0.143341
0.139328
0.132941
0.130463
0.13423
0.123983
0.128963
0.142663
0.138177
0.133756
0.136699
0.132903
0.140226
0.148509
0.144087
0.139466
0.135202
0.132903
0.133329
0.134932
0.14792
0.146838
0.144213
0.140176
0.136769
0.141458
0.157511
0.147966
0.146095
0.142982
0.139975
0.147305
0.160591
0.161011
0.157019
0.155261
0.148818
0.150307
0.149269
0.164201
0.159692
0.15476
0.14787
0.154322
0.153366
0.174923
0.162675
0.16024
0.160132
0.152681
0.147302
0.143481
0.156826
0.146126
0.142499
0.141073
0.130744
0.132398
0.124931
0.12465
0.124412
0.109571
0.1052
0.116392
0.12062
0.119196
0.120536
0.119774
0.139384
0.131078
0.129681
0.130055
0.126238
0.125559
0.123979
0.124253
0.124545
0.147285
0.130433
0.12526
0.12418
0.11689
0.121176
0.112675
0.11728
0.126493
0.117759
0.117708
0.11985
0.116269
0.140643
0.116192
0.116497
0.117549
0.117773
0.117235
0.108346
0.10934
0.112794
0.112672
0.106784
0.114902
0.108494
0.107036
0.100866
0.109885
0.100337
0.098524
0.096332
0.091608
0.098609
0.09609
0.091152
0.084484
0.082465
0.089298
0.087684
0.085154
0.092524
0.084682
0.101206
0.088871
0.08513
0.084205
0.082287
0.075903
0.078062
0.086882
0.083263
0.082645
0.08972
0.09962
0.093565
0.094433
0.092717
0.090643
0.090181
0.08786
0.090867
0.090959
0.08988
0.091594
0.102602
0.098577
0.100449
0.102813
0.097658
0.102003
0.105504
0.097146
0.097841
0.097443
0.106206
0.096551
0.100099
0.095669
0.09165
0.10353
0.102183
0.095884
0.111934
0.108091
0.10173
0.10328
0.102572
0.101804
0.104724
0.107461
0.103737
0.098358
0.101123
0.097678
0.112897
0.103338
0.099508
0.115498
0.10834
0.103903
0.099159
0.098397
0.108963
0.107067
0.101718
0.103783
0.125079
0.115176
0.119566
0.118255
0.112026
0.11711
0.114108
0.121653
0.118056
0.118196
0.123225
0.123125
0.146196
0.128465
0.126954
0.123551
0.12164
0.123469
0.123119
0.118597
0.121404
0.123465
0.141131
0.137857
0.136101
0.132296
0.122407
0.125119
0.127875
0.126144
0.126298
0.128051
0.123055
0.143246
0.130222
0.128712
0.129376
0.12237
0.118763
0.118617
0.113908
0.115803
0.108574
0.107613
0.109035
0.106089
0.108278
0.101681
0.120918
0.109538
0.104186
0.103354
0.099605
0.097241
0.09849
0.100144
0.100827
0.098717
0.100365
0.118034
0.10408
0.105412
0.098923
0.101805
0.100292
0.101284
0.102271
0.106188
0.103115
0.108207
0.120419
0.120151
0.116574
0.113367
0.109323
0.121215
0.124331
0.118489
0.118259
0.120013
0.122516
0.126724
0.129745
0.125573
0.139088
0.135348
0.12916
0.129256
0.138503
0.133701
0.134146
0.132296
0.129472
0.145888
0.132919
0.131862
0.127234
0.143654
0.141092
0.139562
0.133194
0.140704
0.136263
0.136218
0.138829
0.140892
0.141619
0.139406
0.139406
0.143764
0.14348
0.134546
0.13343
0.128158
0.138534
0.136333
0.13012
0.125825
0.135154
0.129288
0.123191
0.123808
0.138784
0.139059
0.135468
0.133279
0.130241
0.135897
0.140762
0.13743
0.135395
0.130398
0.142024
0.14004
0.136436
0.129222
0.128091
0.126608
0.146486
0.143713
0.138096
0.141888
0.137412
0.157549
0.147484
0.152089
0.143107
0.145765
0.139897
0.157312
0.145657
0.137779
0.138856
0.131326
0.1358
0.129985
0.141386
0.133048
0.132563
0.126496
0.135599
0.138117
0.140042
0.14616
0.14503
0.135754
0.163327
0.153422
0.146776
0.145358
0.142836
0.140998
0.14943
0.147389
0.146758
0.140824
0.137405
0.142918
0.147638
0.163771
0.146568
0.139535
0.131616
0.131645
0.146889
0.120767
0.116433
0.106239
0.104675
0.119467
0.121911
0.133649
0.132102
0.133895
0.134319
0.127268
0.131427
0.130493
0.133871
0.138492
0.128915
0.151404
0.143173
0.144021
0.142756
0.139808
0.13371
0.132206
0.128872
0.133677
0.13113
0.131349
0.12622
0.133537
0.134135
0.134876
0.167676
0.132752
0.132815
0.123026
0.122379
0.121074
0.119982
0.127607
0.118464
0.120529
0.114532
0.120897
0.123923
0.124029
0.125332
0.119066
0.134843
0.112432
0.115295
0.113999
0.111672
0.105165
0.103348
0.11505
0.111293
0.108726
0.106015
0.09923
0.107288
0.108971
0.118006
0.108434
0.10668
0.104724
0.099591
0.115931
0.106272
0.098983
0.102506
0.097047
0.093195
0.101509
0.09903
0.104438
0.098526
0.095379
0.090495
0.097369
0.097127
0.104007
0.094417
0.091963
0.089927
0.088297
0.091563
0.089528
0.086478
0.090724
0.084388
0.080062
0.086546
0.081886
0.078493
0.091758
0.083897
0.082862
0.081564
0.081631
0.080285
0.086114
0.086322
0.080153
0.076653
0.077047
0.077404
0.073446
0.080337
0.076295
0.076418
0.087287
0.077447
0.074682
0.071005
0.067688
0.06765
0.066451
0.06686
0.067555
0.068185
0.06756
0.066703
0.066077
0.062164
0.072939
0.066532
0.064257
0.064946
0.06988
0.063335
0.063524
0.059729
0.058323
0.058714
0.062011
0.063291
0.061395
0.05699
0.057606
0.059799
0.057349
0.061353
0.052762
0.054394
0.061129
0.058824
0.056955
0.05203
0.052425
0.052449
0.054742
0.056091
0.052029
0.054475
0.053752
0.057667
0.056118
0.056139
0.061243
0.058003
0.059471
0.057897
0.060355
0.06139
0.062564
0.058918
0.057101
0.064813
0.0634
0.065151
0.06305
0.059854
0.067418
0.059058
0.059682
0.058775
0.057764
0.057872
0.055279
0.054224
0.053371
0.052052
0.054958
0.051154
0.053438
0.053687
0.051514
0.055804
0.053429
0.052309
0.054079
0.058586
0.05683
0.056791
0.057941
0.055911
0.055098
0.059877
0.056921
0.053964
0.055396
0.052908
0.051624
0.055461
0.05551
0.054951
0.05383
0.058882
0.060591
0.055438
0.055186
0.055158
0.056987
0.055182
0.058511
0.056357
0.061936
0.059905
0.057217
0.053988
0.059813
0.061054
0.058653
0.068167
0.068922
0.063142
0.062495
0.058941
0.062552
0.061904
0.059379
0.058521
0.058535
0.06122
0.060183
0.05963
0.061061
0.072952
0.060158
0.061051
0.060068
0.059673
0.060885
0.057497
0.059216
0.06133
0.060457
0.059122
0.06102
0.061
0.063223
0.072538
0.062664
0.062221
0.062655
0.060565
0.058262
0.061308
0.062281
0.062343
0.062418
0.058942
0.062355
0.062949
0.078607
0.069363
0.066814
0.067306
0.063161
0.067102
0.068583
0.075384
0.074735
0.072495
0.071912
0.069144
0.065822
0.070006
0.069828
0.068756
0.072773
0.071811
0.069289
0.070212
0.066721
0.063845
0.064943
0.067283
0.068989
0.066995
0.074424
0.08229
0.075327
0.073155
0.075705
0.07434
0.074632
0.077497
0.084805
0.083415
0.093042
0.091873
0.098218
0.095481
0.096667
0.093201
0.100144
0.106171
0.103193
0.105858
0.117892
0.112558
0.112532
0.118475
0.123712
0.136919
0.135221
0.135602
0.132097
0.138329
0.132833
0.137379
0.137767
0.14872
0.143911
0.133236
0.134416
0.130332
0.144365
0.135335
0.131818
0.129277
0.132781
0.137979
0.147396
0.140812
0.143893
0.153275
0.152578
0.147457
0.15121
0.152206
0.146437
0.15689
0.152687
0.152691
0.152098
0.160839
0.156271
0.152313
0.147642
0.150623
0.160904
0.15504
0.152006
0.145937
0.150326
0.156529
0.16324
0.152292
0.151232
0.15255
0.16457
0.161497
0.155516
0.153075
0.170135
0.163897
0.153013
0.157206
0.151383
0.15517
0.154323
0.151097
0.151642
0.150626
0.161249
0.154432
0.147995
0.145622
0.156097
0.154306
0.15398
0.152351
0.158189
0.158611
0.158543
0.151702
0.154622
0.161122
0.158944
0.15759
0.156011
0.163507
0.164754
0.170888
0.163212
0.155002
0.171952
0.169786
0.162113
0.157534
0.156238
0.178021
0.169367
0.168898
0.165951
0.178392
0.176718
0.173416
0.165008
0.163307
0.173026
0.159825
0.156927
0.151412
0.153181
0.154902
0.160777
0.162008
0.155262
0.16519
0.165564
0.15984
0.161779
0.158367
0.160057
0.155881
0.153889
0.155251
0.149695
0.153802
0.165076
0.162346
0.157219
0.170827
0.15918
0.156116
0.157994
0.151167
0.152072
0.161866
0.161905
0.155457
0.149062
0.160243
0.161612
0.156736
0.189756
0.164817
0.162091
0.15657
0.153712
0.156711
0.15011
0.162226
0.161686
0.156654
0.152686
0.161682
0.151882
0.196118
0.170298
0.168867
0.161774
0.154077
0.161923
0.158115
0.152982
0.15056
0.164001
0.156781
0.165008
0.156107
0.161323
0.161239
0.201118
0.173129
0.167709
0.170566
0.164895
0.164552
0.16076
0.166621
0.161275
0.162403
0.164206
0.165273
0.164129
0.204475
0.175445
0.165347
0.167363
0.16269
0.162765
0.161529
0.15815
0.170795
0.162447
0.166065
0.166648
0.159976
0.20845
0.179513
0.176357
0.169891
0.159366
0.157737
0.151919
0.148295
0.150004
0.153223
0.151728
0.151023
0.148637
0.152473
0.181771
0.157639
0.155271
0.150306
0.153292
0.15188
0.155842
0.162666
0.155607
0.166463
0.187125
0.171932
0.16855
0.165164
0.162036
0.16064
0.148631
0.160875
0.164126
0.159681
0.154231
0.159236
0.164067
0.189907
0.166009
0.161806
0.169717
0.160078
0.153741
0.144962
0.143288
0.150046
0.15301
0.146352
0.151661
0.161078
0.154567
0.181415
0.161425
0.15789
0.153954
0.149199
0.155199
0.1464
0.152473
0.147017
0.146441
0.145641
0.150759
0.155006
0.14918
0.17703
0.149544
0.144988
0.140062
0.13422
0.133242
0.139524
0.14172
0.130883
0.132137
0.123999
0.126676
0.132891
0.14446
0.124615
0.126918
0.12041
0.118618
0.135961
0.121162
0.123757
0.122199
0.118647
0.117884
0.115022
0.121277
0.117844
0.126721
0.11987
0.116306
0.136254
0.128538
0.12782
0.128731
0.125945
0.123996
0.124311
0.126138
0.122673
0.12602
0.122254
0.128859
0.156997
0.13883
0.146205
0.14277
0.1374
0.143531
0.142762
0.142207
0.144141
0.146738
0.148935
0.151451
0.152246
0.180131
0.165643
0.167296
0.161833
0.158092
0.156019
0.153028
0.156177
0.160349
0.160405
0.156939
0.165921
0.187235
0.164339
0.159734
0.160901
0.153412
0.157812
0.155169
0.157937
0.162356
0.160774
0.163502
0.173279
0.164603
0.170787
0.200776
0.169576
0.166899
0.16102
0.162104
0.149498
0.14978
0.14961
0.157567
0.149287
0.15027
0.150442
0.146822
0.152532
0.179252
0.161246
0.154916
0.154404
0.150263
0.151933
0.142954
0.150737
0.150636
0.147945
0.147006
0.148444
0.183268
0.164401
0.157242
0.159065
0.154663
0.152871
0.149049
0.137049
0.148822
0.14615
0.146713
0.154415
0.180208
0.163003
0.167016
0.162941
0.156436
0.158158
0.143534
0.14763
0.150032
0.150359
0.151138
0.15038
0.154431
0.185346
0.168678
0.157077
0.158679
0.162535
0.153993
0.152379
0.149822
0.151968
0.15364
0.150293
0.151216
0.199849
0.164617
0.158104
0.158551
0.157752
0.142621
0.147405
0.144051
0.146461
0.14949
0.143558
0.153662
0.182243
0.161894
0.164164
0.149172
0.152673
0.150587
0.147064
0.137386
0.140761
0.146235
0.144643
0.147736
0.144055
0.17308
0.150803
0.148318
0.145847
0.141049
0.13459
0.138106
0.134237
0.141465
0.142238
0.141435
0.136511
0.166871
0.149981
0.146888
0.142908
0.132442
0.134036
0.128864
0.129313
0.131696
0.127484
0.134086
0.132281
0.15698
0.131989
0.129631
0.131411
0.126816
0.123141
0.129959
0.125164
0.119682
0.117932
0.121909
0.123751
0.143347
0.127643
0.12617
0.118168
0.11511
0.110745
0.111033
0.112905
0.113575
0.110127
0.108007
0.11045
0.109272
0.108879
0.105325
0.108472
0.098671
0.102442
0.09758
0.095561
0.098871
0.094322
0.096286
0.095883
0.101677
0.097703
0.098345
0.093642
0.107515
0.099768
0.093384
0.091019
0.095956
0.095122
0.09965
0.096393
0.090245
0.089957
0.102055
0.096039
0.092539
0.090165
0.097333
0.092496
0.090785
0.087495
0.086559
0.086689
0.089066
0.088669
0.088507
0.103934
0.094062
0.098466
0.093317
0.095284
0.094944
0.099264
0.099437
0.096163
0.104872
0.100858
0.102215
0.102197
0.099348
0.106757
0.103749
0.103142
0.102801
0.109784
0.109478
0.107803
0.104279
0.103713
0.107725
0.109654
0.111444
0.111585
0.120376
0.116677
0.111512
0.113958
0.10668
0.112523
0.114973
0.111635
0.121575
0.117163
0.119007
0.114401
0.117201
0.115624
0.119408
0.118516
0.113576
0.116687
0.133193
0.128007
0.126412
0.137993
0.131298
0.131228
0.126428
0.127052
0.122328
0.126168
0.123734
0.122534
0.124223
0.123006
0.124135
0.142008
0.129624
0.129733
0.125636
0.127308
0.126652
0.125854
0.122986
0.123089
0.126196
0.123551
0.123961
0.118645
0.117118
0.15283
0.132199
0.128149
0.128038
0.128112
0.126733
0.127327
0.124063
0.127163
0.127008
0.126015
0.126729
0.121086
0.120604
0.143936
0.131666
0.132596
0.122937
0.124494
0.122011
0.11947
0.117417
0.114065
0.116065
0.118241
0.110975
0.111549
0.107889
0.102127
0.110151
0.108805
0.096707
0.096748
0.092599
0.086442
0.090047
0.09259
0.088815
0.089445
0.082424
0.083726
0.072782
0.077164
0.075823
0.071685
0.068232
0.068787
0.064161
0.071465
0.068683
0.069762
0.063838
0.065905
0.067792
0.061144
0.064059
0.062332
0.058595
0.059043
0.060685
0.057471
0.059056
0.056717
0.055574
0.054587
0.055584
0.053111
0.056374
0.055966
0.050396
0.055353
0.053618
0.053324
0.055754
0.054177
0.05528
0.06029
0.056655
0.057899
0.055082
0.056894
0.058283
0.058202
0.065212
0.059749
0.061449
0.055174
0.059089
0.056084
0.057966
0.057398
0.057218
0.061407
0.070223
0.068468
0.067581
0.068958
0.067801
0.064367
0.067408
0.068647
0.069483
0.067179
0.074196
0.072287
0.072506
0.079342
0.082333
0.083735
0.087897
0.089331
0.084222
0.079496
0.083279
0.080388
0.079883
0.081128
0.086675
0.084092
0.088139
0.094383
0.089705
0.091398
0.092588
0.097971
0.091263
0.099592
0.100649
0.101307
0.0991
0.10274
0.105245
0.111259
0.108804
0.104377
0.112357
0.115927
0.117819
0.112103
0.120129
0.122629
0.124692
0.121784
0.127271
0.12732
0.12913
0.127145
0.13417
0.135437
0.133578
0.129458
0.138463
0.142324
0.139051
0.134028
0.143261
0.146216
0.140834
0.148285
0.140517
0.152476
0.14548
0.152963
0.166998
0.152893
0.154401
0.149082
0.155407
0.144807
0.148734
0.147263
0.145081
0.162768
0.175324
0.16201
0.156253
0.155991
0.142336
0.147191
0.144825
0.142843
0.14648
0.142791
0.141976
0.139385
0.136333
0.131077
0.135039
0.125651
0.143888
0.130967
0.122332
0.126124
0.126582
0.122346
0.118768
0.113753
0.117043
0.115554
0.120488
0.113762
0.11061
0.129019
0.117058
0.116532
0.111501
0.113119
0.115572
0.115588
0.113408
0.114488
0.121763
0.12588
0.116019
0.118277
0.112254
0.10639
0.108542
0.110904
0.104472
0.1112
0.112853
0.121985
0.11027
0.108341
0.104073
0.106367
0.103235
0.10059
0.103659
0.099522
0.094446
0.0987
0.093417
0.097428
0.091782
0.088479
0.084029
0.075654
0.073842
0.07068
0.068502
0.063034
0.061819
0.064813
0.061245
0.057191
0.056461
0.05657
0.050633
0.052201
0.050296
0.047589
0.045731
0.048933
0.044194
0.045579
0.042582
0.042539
0.043578
0.042999
0.04111
0.04642
0.040981
0.040994
0.037828
0.042226
0.03972
0.041035
0.040495
0.040019
0.04171
0.041654
0.04214
0.043666
0.044273
0.040983
0.041905
0.044809
0.045462
0.04476
0.044586
0.047742
0.048893
0.046127
0.045455
0.051579
0.051968
0.049922
0.048872
0.053569
0.051103
0.055228
0.058079
0.059151
0.063756
0.063349
0.057775
0.061947
0.06451
0.065425
0.06455
0.066964
0.074791
0.073058
0.071578
0.068708
0.068705
0.076033
0.074655
0.073375
0.073336
0.080653
0.079844
0.07861
0.077442
0.08455
0.084774
0.081547
0.082147
0.089718
0.088131
0.087994
0.084556
0.091472
0.092439
0.089559
0.090471
0.096651
0.094533
0.091657
0.099445
0.097349
0.104273
0.100877
0.102441
0.105599
0.106644
0.105643
0.104658
0.115417
0.111381
0.114376
0.119448
0.115371
0.118724
0.114642
0.124534
0.117635
0.116289
0.119719
0.12924
0.131576
0.129572
0.129494
0.126987
0.131246
0.132111
0.131122
0.131576
0.133724
0.137715
0.134275
0.130031
0.133639
0.140017
0.145208
0.138188
0.137472
0.149425
0.149484
0.146846
0.144738
0.144118
0.148904
0.151085
0.145853
0.13853
0.152301
0.143542
0.144339
0.158352
0.145377
0.143168
0.144765
0.147993
0.149937
0.151609
0.157783
0.159006
0.1559
0.152894
0.144727
0.146069
0.151509
0.156694
0.147338
0.148855
0.147274
0.150494
0.146446
0.143016
0.140704
0.153112
0.146621
0.141271
0.142158
0.142519
0.146783
0.147949
0.145255
0.140951
0.152884
0.151431
0.144199
0.151235
0.146381
0.157678
0.146349
0.144869
0.148329
0.162252
0.1606
0.153
0.156496
0.14506
0.156539
0.150586
0.156889
0.150122
0.146049
0.159503
0.1488
0.144109
0.145998
0.159933
0.157144
0.152079
0.146661
0.140689
0.15333
0.151974
0.143553
0.149782
0.16135
0.155056
0.147035
0.148886
0.148286
0.149578
0.155788
0.152668
0.154376
0.168754
0.157769
0.150514
0.1544
0.142734
0.141885
0.155898
0.153704
0.152411
0.146291
0.143764
0.147089
0.16779
0.150122
0.137843
0.157888
0.151849
0.145435
0.142174
0.14392
0.138843
0.144966
0.154425
0.143049
0.145331
0.149135
0.144992
0.168421
0.149805
0.144951
0.149251
0.142512
0.138603
0.136905
0.14301
0.149335
0.146244
0.150734
0.150878
0.181901
0.157602
0.154308
0.15064
0.151638
0.15397
0.147662
0.144335
0.142799
0.148207
0.144862
0.146153
0.1521
0.177737
0.151685
0.145776
0.145261
0.14238
0.151123
0.139029
0.144234
0.145283
0.142251
0.145704
0.139445
0.173589
0.158134
0.15084
0.143519
0.134314
0.137227
0.135925
0.129151
0.131315
0.135898
0.132682
0.168363
0.143698
0.137106
0.131628
0.128975
0.133434
0.129543
0.132512
0.130171
0.134057
0.138678
0.132371
0.154123
0.145993
0.144824
0.135194
0.127045
0.127538
0.130863
0.136608
0.134251
0.131205
0.134317
0.131738
0.156708
0.137332
0.134785
0.13332
0.13232
0.122403
0.121127
0.132392
0.128902
0.126444
0.121081
0.128339
0.12574
0.155213
0.144564
0.136502
0.135896
0.128798
0.123474
0.128231
0.130944
0.134637
0.137001
0.131897
0.159192
0.138399
0.133077
0.133536
0.137833
0.131599
0.132335
0.138081
0.13384
0.132459
0.131967
0.164106
0.146249
0.135405
0.142928
0.140129
0.13933
0.134304
0.137974
0.139931
0.137106
0.141083
0.162946
0.144334
0.142523
0.142895
0.143608
0.138138
0.138227
0.137096
0.131857
0.136962
0.132154
0.130915
0.160986
0.142084
0.142247
0.1357
0.128116
0.121796
0.114485
0.114502
0.108565
0.116836
0.121508
0.123868
0.122586
0.123457
0.121019
0.114744
0.114899
0.12294
0.122484
0.123676
0.120904
0.126674
0.158274
0.139267
0.134384
0.134045
0.1302
0.133939
0.121401
0.123892
0.121284
0.119283
0.121307
0.115646
0.120192
0.115122
0.120507
0.143805
0.124422
0.114532
0.108639
0.10853
0.106266
0.103191
0.104318
0.101907
0.108177
0.106791
0.121737
0.106532
0.104099
0.098196
0.099318
0.094618
0.096332
0.095012
0.095072
0.094156
0.096307
0.101444
0.123656
0.112682
0.108931
0.110341
0.106647
0.103709
0.104374
0.103349
0.10243
0.110451
0.105843
0.12335
0.117611
0.117231
0.115546
0.111384
0.111606
0.109706
0.112222
0.11121
0.112388
0.11719
0.130006
0.116196
0.121515
0.119518
0.120994
0.114764
0.117418
0.119211
0.119911
0.11948
0.12608
0.126035
0.141831
0.135433
0.135851
0.132371
0.130508
0.133223
0.132546
0.122798
0.124783
0.132278
0.13203
0.131828
0.1248
0.126441
0.13162
0.127421
0.121535
0.122653
0.134524
0.147079
0.143104
0.139464
0.131822
0.127569
0.127546
0.134575
0.131485
0.12728
0.128526
0.140257
0.128985
0.156311
0.138746
0.131993
0.130407
0.134057
0.127928
0.132147
0.137073
0.130832
0.133191
0.130917
0.151442
0.13837
0.127363
0.128158
0.132873
0.129246
0.12792
0.131587
0.126652
0.124831
0.142145
0.125612
0.158777
0.138265
0.13603
0.129416
0.126515
0.122366
0.123077
0.128289
0.129218
0.132711
0.14262
0.160817
0.138883
0.145513
0.143892
0.138652
0.133923
0.129603
0.130045
0.141955
0.146279
0.142255
0.135275
0.162102
0.144935
0.145393
0.138456
0.135693
0.137822
0.138046
0.142562
0.13728
0.137493
0.142915
0.167728
0.149374
0.145032
0.142539
0.140184
0.133207
0.12753
0.133553
0.142243
0.139044
0.142483
0.135401
0.166787
0.142324
0.144568
0.137434
0.140541
0.137978
0.139628
0.133083
0.138424
0.14185
0.141859
0.142119
0.165458
0.14823
0.144025
0.138712
0.135773
0.141066
0.131102
0.134454
0.133369
0.133537
0.126485
0.134359
0.164332
0.142435
0.139011
0.136876
0.139065
0.134211
0.135716
0.135503
0.142234
0.133647
0.135332
0.13481
0.136186
0.137634
0.156699
0.136484
0.130654
0.133717
0.124232
0.124698
0.129272
0.128821
0.126313
0.1284
0.124621
0.147154
0.137525
0.133893
0.135298
0.125984
0.128269
0.128044
0.127536
0.12423
0.132407
0.157819
0.135291
0.132462
0.129769
0.133992
0.130531
0.130004
0.129477
0.135585
0.134603
0.133383
0.133972
0.133662
0.131383
0.155247
0.143424
0.134301
0.13611
0.136846
0.13052
0.132771
0.127054
0.135539
0.136197
0.128969
0.139529
0.163707
0.14347
0.141033
0.13128
0.131194
0.129813
0.135062
0.12778
0.136066
0.133788
0.136954
0.13793
0.155083
0.142982
0.138301
0.131982
0.128752
0.135112
0.138141
0.135317
0.137455
0.141741
0.137721
0.13057
0.169141
0.154304
0.147159
0.137177
0.133292
0.133148
0.134876
0.133681
0.137604
0.134313
0.131725
0.138926
0.159568
0.143621
0.13737
0.146772
0.139618
0.139134
0.129383
0.137627
0.132459
0.134227
0.136871
0.131719
0.138392
0.169105
0.150258
0.145855
0.138239
0.138298
0.133563
0.140693
0.141581
0.132915
0.130271
0.134956
0.140832
0.164093
0.145396
0.150145
0.142056
0.138636
0.13927
0.142923
0.134625
0.135566
0.134516
0.132359
0.134198
0.141753
0.132558
0.162143
0.142493
0.144521
0.139937
0.135577
0.134166
0.129228
0.132202
0.13563
0.130028
0.132113
0.128258
0.138964
0.130722
0.156763
0.147506
0.136451
0.141149
0.136558
0.139717
0.1368
0.136101
0.138653
0.135919
0.137333
0.137069
0.140872
0.140124
0.163669
0.149
0.144064
0.137438
0.136459
0.141523
0.132308
0.134523
0.136995
0.130851
0.137154
0.133379
0.137203
0.131496
0.128054
0.156064
0.130604
0.128544
0.127379
0.124437
0.114099
0.117655
0.126212
0.119545
0.117776
0.126327
0.135093
0.12651
0.162705
0.13147
0.135233
0.128966
0.129965
0.127756
0.119148
0.122113
0.119169
0.127512
0.131862
0.123459
0.12196
0.124261
0.132262
0.129365
0.125791
0.144745
0.127225
0.128367
0.12107
0.115029
0.117385
0.115022
0.123485
0.117625
0.10829
0.109468
0.106121
0.114631
0.113482
0.116897
0.113879
0.113686
0.104662
0.108437
0.127143
0.109392
0.113975
0.111218
0.110341
0.106416
0.1039
0.106606
0.109266
0.10688
0.099109
0.099639
0.10331
0.101848
0.104787
0.098756
0.100785
0.09735
0.098001
0.092451
0.092501
0.101903
0.093294
0.089173
0.086202
0.086163
0.083146
0.08491
0.088856
0.087896
0.085586
0.080221
0.079423
0.077377
0.078117
0.077205
0.0782
0.078522
0.075939
0.073825
0.084738
0.073916
0.071818
0.070919
0.068636
0.066802
0.068723
0.073101
0.070492
0.069775
0.068626
0.06737
0.069069
0.071985
0.070099
0.067842
0.071518
0.068759
0.067729
0.068658
0.078575
0.074659
0.073309
0.074816
0.070798
0.076058
0.072713
0.080229
0.085822
0.08488
0.085167
0.084561
0.0934
0.086337
0.089691
0.086816
0.089931
0.088628
0.099789
0.09877
0.092225
0.089781
0.096894
0.103865
0.102034
0.100339
0.099104
0.099076
0.093707
0.10673
0.106103
0.099413
0.100839
0.097145
0.095255
0.098643
0.099831
0.103212
0.104286
0.10181
0.10526
0.1039
0.109455
0.10864
0.106986
0.108904
0.098893
0.102508
0.102853
0.110203
0.111773
0.104932
0.101668
0.10556
0.106936
0.114898
0.11275
0.108929
0.107993
0.108916
0.110913
0.109545
0.115222
0.118898
0.110151
0.107697
0.104139
0.122515
0.113324
0.116128
0.111538
0.113164
0.107528
0.104406
0.117398
0.115208
0.114075
0.105909
0.104862
0.103048
0.113686
0.108508
0.106877
0.105012
0.105707
0.098413
0.109421
0.111704
0.110552
0.104741
0.10135
0.102616
0.105359
0.11068
0.115291
0.110057
0.109542
0.111617
0.107134
0.121809
0.110929
0.105453
0.107384
0.106176
0.103191
0.116588
0.107683
0.109948
0.110906
0.107657
0.101698
0.103872
0.11007
0.106263
0.104412
0.099561
0.099818
0.1014
0.097929
0.101202
0.099126
0.099089
0.096424
0.098478
0.098175
0.096371
0.090626
0.09921
0.092608
0.095422
0.095094
0.097255
0.092286
0.091658
0.099154
0.094206
0.094222
0.09189
0.095203
0.091437
0.091066
0.09516
0.094256
0.094308
0.091684
0.089834
0.089237
0.087872
0.096498
0.092459
0.092297
0.090014
0.089936
0.094799
0.091237
0.092591
0.096044
0.095148
0.096987
0.092224
0.097897
0.091738
0.094008
0.101643
0.097513
0.097595
0.0963
0.097025
0.095418
0.093567
0.096095
0.10075
0.09856
0.098935
0.097393
0.096576
0.095714
0.097637
0.101859
0.09854
0.098841
0.098578
0.098269
0.099163
0.098366
0.096566
0.098531
0.09761
0.097286
0.098792
0.10005
0.092982
0.093954
0.093405
0.091985
0.089736
0.088938
0.088964
0.089559
0.087036
0.094239
0.088581
0.08794
0.086673
0.083988
0.083671
0.080312
0.084469
0.085408
0.085736
0.084435
0.082393
0.083224
0.081062
0.09278
0.081774
0.080991
0.078849
0.081925
0.080206
0.078909
0.084359
0.082296
0.08107
0.079947
0.07996
0.079815
0.078162
0.077775
0.080169
0.081676
0.081516
0.079018
0.082222
0.076616
0.07921
0.082546
0.081724
0.078197
0.076949
0.075511
0.076979
0.07489
0.080718
0.076445
0.075654
0.074702
0.071767
0.070979
0.073578
0.0738
0.071136
0.069116
0.070031
0.069806
0.06931
0.069328
0.066649
0.066608
0.066038
0.066325
0.067374
0.065496
0.065973
0.063442
0.064387
0.063327
0.066479
0.06213
0.062687
0.062777
0.062468
0.062773
0.064167
0.063753
0.060848
0.06199
0.062963
0.061895
0.063073
0.060715
0.064078
0.064455
0.062919
0.06181
0.062718
0.060807
0.058578
0.05709
0.057041
0.059253
0.058352
0.055505
0.056415
0.054722
0.053946
0.054967
0.054967
0.052388
0.054212
0.052531
0.052405
0.051047
0.051096
0.05145
0.050588
0.053171
0.050701
0.052379
0.049979
0.046648
0.051711
0.04825
0.05191
0.049323
0.04864
0.045873
0.047908
0.048806
0.04729
0.04788
0.047525
0.049122
0.046239
0.045214
0.04737
0.045073
0.046481
0.046751
0.046516
0.044307
0.047898
0.046573
0.044632
0.046107
0.045299
0.046054
0.045037
0.042824
0.043483
0.041879
0.044618
0.042827
0.044058
0.045423
0.043741
0.044451
0.04357
0.04349
0.05035
0.046118
0.045168
0.04511
0.045122
0.042919
0.043428
0.046884
0.04632
0.044091
0.044715
0.045298
0.044374
0.047612
0.04405
0.045508
0.045179
0.043757
0.044532
0.04833
0.047254
0.044252
0.044363
0.046533
0.045399
0.046159
0.047507
0.047453
0.04667
0.050529
0.0468
0.046436
0.052222
0.050097
0.05027
0.048534
0.047971
0.049082
0.049858
0.052139
0.051409
0.052208
0.052396
0.05095
0.051368
0.051353
0.056374
0.055209
0.055121
0.055176
0.05471
0.054464
0.053214
0.055667
0.057948
0.060241
0.058861
0.056963
0.059829
0.061048
0.056784
0.059992
0.063243
0.064433
0.066883
0.066385
0.065637
0.068856
0.064039
0.065018
0.069373
0.070856
0.068723
0.067589
0.073411
0.069341
0.070425
0.071661
0.068941
0.068856
0.079737
0.071974
0.075517
0.07526
0.071992
0.080482
0.078433
0.078279
0.074829
0.074365
0.074632
0.076088
0.084809
0.086729
0.088221
0.089451
0.088771
0.09193
0.100476
0.098558
0.10116
0.101391
0.101529
0.096335
0.098158
0.105743
0.108209
0.109175
0.111064
0.115464
0.117936
0.123934
0.149294
0.139426
0.150118
0.149694
0.154235
0.153475
0.1507
0.155394
0.156142
0.154101
0.146407
0.149779
0.1512
0.144761
0.14225
0.140577
0.13789
0.148534
0.144888
0.146254
0.137259
0.130818
0.12372
0.119049
0.111859
0.111242
0.110652
0.104412
0.095571
0.09123
0.080611
0.079437
0.076939
0.074121
0.074908
0.07769
0.078936
0.078384
0.080263
0.07958
0.073911
0.076096
0.074547
0.074649
0.076458
0.078143
0.078781
0.082313
0.08275
0.082533
0.08073
0.083112
0.080109
0.078857
0.07413
0.078144
0.085157
0.081478
0.083871
0.08206
0.085476
0.085321
0.084511
0.078463
0.08405
0.081677
0.083117
0.085914
0.087066
0.09102
0.08771
0.08759
0.084858
0.080328
0.088239
0.086824
0.08398
0.08483
0.082108
0.087946
0.08457
0.085693
0.085062
0.085417
0.083649
0.083587
0.088164
0.085046
0.086017
0.087785
0.091715
0.090571
0.093017
0.08963
0.085541
0.085805
0.084774
0.085396
0.084935
0.085376
0.092268
0.086372
0.081132
0.08704
0.084472
0.086522
0.08428
0.083701
0.083989
0.082238
0.078942
0.08207
0.086245
0.081553
0.080815
0.081779
0.081142
0.08255
0.080352
0.081896
0.080624
0.082217
0.08718
0.087045
0.085167
0.089461
0.082715
0.085184
0.082526
0.080899
0.082062
0.084005
0.084162
0.085729
0.086379
0.086405
0.083725
0.086012
0.083123
0.082179
0.082582
0.084567
0.08258
0.085609
0.085859
0.089772
0.089385
0.081125
0.078339
0.079642
0.078759
0.079845
0.079435
0.079257
0.087396
0.087342
0.083102
0.081615
0.078965
0.07985
0.081575
0.081816
0.079134
0.084415
0.082194
0.087762
0.085601
0.082143
0.082771
0.082873
0.08318
0.080286
0.078024
0.083959
0.085705
0.085795
0.086203
0.082306
0.084981
0.085669
0.084096
0.085418
0.083935
0.084748
0.081515
0.088038
0.087491
0.084866
0.086795
0.087614
0.081582
0.084939
0.078888
0.082854
0.084005
0.088631
0.089615
0.082843
0.088119
0.084699
0.086392
0.084689
0.084779
0.081866
0.082747
0.082432
0.084098
0.088711
0.089469
0.083892
0.08162
0.08561
0.082376
0.078514
0.081627
0.076592
0.087427
0.08761
0.090371
0.083625
0.084165
0.084451
0.084763
0.087767
0.084465
0.082494
0.07903
0.084115
0.084981
0.0877
0.087617
0.082644
0.086774
0.083826
0.081564
0.087056
0.085007
0.081533
0.083293
0.08395
0.089996
0.089313
0.085503
0.085727
0.08265
0.082485
0.081414
0.082356
0.086288
0.091025
0.08706
0.086553
0.088318
0.086459
0.085064
0.087082
0.085923
0.08546
0.086118
0.080244
0.079046
0.084913
0.086044
0.084429
0.08494
0.081881
0.082937
0.08247
0.083971
0.075185
0.080554
0.081379
0.0805
0.08861
0.088626
0.083252
0.07595
0.084959
0.077439
0.072795
0.070301
0.070656
0.078122
0.079111
0.078505
0.087179
0.088077
0.083879
0.08731
0.083341
0.085438
0.077962
0.079026
0.077496
0.078736
0.080264
0.080417
0.077026
0.078628
0.079597
0.078243
0.079499
0.079707
0.081498
0.085178
0.083586
0.086755
0.079858
0.081343
0.084127
0.076829
0.079984
0.080817
0.08097
0.08229
0.083552
0.087155
0.085848
0.083843
0.087035
0.084467
0.078531
0.079621
0.082364
0.081511
0.082135
0.086752
0.086475
0.080426
0.08013
0.082834
0.0824
0.081411
0.077449
0.079075
0.078528
0.085579
0.081931
0.086829
0.08445
0.079407
0.07884
0.081526
0.075456
0.08053
0.085091
0.084328
0.088346
0.085222
0.084747
0.08646
0.085441
0.083766
0.083296
0.081678
0.090842
0.087652
0.082066
0.086989
0.083015
0.085301
0.081667
0.080263
0.079243
0.084691
0.085124
0.085661
0.084339
0.086548
0.077613
0.078503
0.079188
0.083724
0.083036
0.085212
0.081567
0.084369
0.083122
0.083674
0.08029
0.08329
0.079349
0.080684
0.080357
0.08541
0.083806
0.083779
0.079266
0.085094
0.080936
0.082505
0.084961
0.083832
0.083747
0.081991
0.082873
0.08148
0.082252
0.081347
0.077083
0.081571
0.080001
0.077426
0.078168
0.078668
0.074845
0.075324
0.076005
0.075921
0.074116
0.076204
0.083369
0.076274
0.076324
0.084686
0.086018
0.094818
0.110872
0.116685
0.118256
0.123843
0.140374
0.145348
0.150194
0.146103
0.147741
0.148403
0.136579
0.152728
0.148096
0.151057
0.139611
0.137754
0.159109
0.147672
0.149319
0.147157
0.145795
0.141139
0.146281
0.150399
0.142412
0.146421
0.141597
0.138498
0.138615
0.148418
0.149836
0.143805
0.139623
0.133847
0.133816
0.137017
0.147419
0.152226
0.151141
0.13616
0.140239
0.143085
0.155522
0.14709
0.14437
0.137592
0.140197
0.139143
0.13617
0.131997
0.139849
0.140241
0.136686
0.135567
0.135405
0.132789
0.130498
0.141018
0.139838
0.13589
0.134008
0.1257
0.130143
0.127512
0.138636
0.13315
0.135168
0.132627
0.124849
0.124591
0.137836
0.130093
0.131228
0.12628
0.124615
0.121263
0.122293
0.130916
0.128628
0.127112
0.123912
0.124698
0.115449
0.120849
0.126927
0.127828
0.119706
0.119301
0.119333
0.118942
0.116692
0.127731
0.124319
0.120681
0.116447
0.12163
0.118132
0.119272
0.125721
0.1265
0.123538
0.120847
0.120862
0.116329
0.115891
0.120192
0.123013
0.121378
0.119414
0.110536
0.110713
0.126752
0.121821
0.118409
0.120355
0.113779
0.112916
0.125703
0.118293
0.114781
0.114115
0.111434
0.10993
0.122298
0.120899
0.11845
0.118969
0.110512
0.113103
0.110044
0.122497
0.123064
0.124806
0.116001
0.116552
0.13975
0.13343
0.125336
0.127778
0.126202
0.123865
0.137959
0.126984
0.124
0.127445
0.123311
0.120496
0.115829
0.132157
0.128561
0.122364
0.122454
0.119684
0.133553
0.120705
0.118915
0.114228
0.117597
0.120237
0.125565
0.11759
0.110432
0.113016
0.113139
0.113799
0.123844
0.119572
0.112208
0.11479
0.111628
0.112336
0.122928
0.122222
0.119001
0.116876
0.113853
0.128268
0.124793
0.121977
0.120374
0.12867
0.126269
0.122299
0.122722
0.120411
0.118013
0.129156
0.124871
0.120164
0.121699
0.13566
0.12527
0.126153
0.126549
0.122744
0.123157
0.118342
0.132141
0.122363
0.12273
0.124323
0.118581
0.138336
0.125563
0.124334
0.122103
0.124167
0.120976
0.118824
0.121788
0.123422
0.125982
0.127369
0.12418
0.123864
0.136898
0.133925
0.133842
0.129292
0.128639
0.124427
0.120218
0.126634
0.129736
0.129884
0.126196
0.121412
0.119346
0.120437
0.133844
0.126902
0.119224
0.118461
0.115157
0.112868
0.116046
0.125118
0.122341
0.116531
0.1102
0.111461
0.127257
0.115544
0.117379
0.113292
0.119461
0.114527
0.109872
0.123821
0.115951
0.119045
0.114294
0.113443
0.129302
0.115592
0.11403
0.113629
0.108718
0.109201
0.11517
0.108215
0.109953
0.109785
0.106883
0.103293
0.113943
0.107026
0.103021
0.099483
0.098651
0.102533
0.101586
0.099614
0.106511
0.100615
0.104384
0.104516
0.111774
0.110529
0.1067
0.122495
0.112659
0.106812
0.110827
0.10728
0.10041
0.098165
0.106281
0.106517
0.107257
0.096137
0.100503
0.102573
0.111678
0.1036
0.102533
0.098767
0.107253
0.104959
0.104004
0.098345
0.09931
0.094509
0.104866
0.10286
0.099195
0.093163
0.093857
0.10971
0.097663
0.095236
0.093594
0.099044
0.09612
0.092857
0.091374
0.092958
0.098047
0.101049
0.10084
0.109537
0.100285
0.099592
0.096022
0.092495
0.088652
0.092261
0.102004
0.098193
0.105504
0.110255
0.096889
0.099842
0.098579
0.098832
0.094166
0.094109
0.095861
0.095993
0.093633
0.094458
0.106607
0.095537
0.095095
0.101351
0.098111
0.094334
0.093705
0.09137
0.094988
0.093461
0.089208
0.089997
0.094708
0.098662
0.088311
0.098869
0.096438
0.099913
0.091018
0.09445
0.09505
0.09443
0.094699
0.102157
0.102894
0.097664
0.097879
0.097444
0.099746
0.098522
0.09811
0.105597
0.10395
0.101461
0.102855
0.097508
0.092655
0.10078
0.10065
0.101266
0.100272
0.104899
0.116847
0.101705
0.1001
0.09502
0.09556
0.095769
0.090605
0.083751
0.0827
0.089854
0.088038
0.088242
0.090288
0.086696
0.089479
0.093899
0.089581
0.090245
0.100702
0.099204
0.093329
0.090967
0.093039
0.098489
0.093341
0.096238
0.090427
0.090701
0.087537
0.088903
0.089619
0.086837
0.091006
0.089634
0.090957
0.089713
0.091097
0.088892
0.088451
0.087779
0.088283
0.102045
0.094957
0.090403
0.098794
0.099459
0.0961
0.099024
0.09719
0.101258
0.102411
0.099712
0.095455
0.105823
0.101534
0.100789
0.093015
0.098115
0.09603
0.091423
0.09061
0.090038
0.089126
0.094599
0.092847
0.102326
0.099287
0.091645
0.091408
0.088098
0.087995
0.086166
0.082877
0.082666
0.095282
0.090032
0.088481
0.091273
0.093333
0.093621
0.094435
0.096355
0.091191
0.098858
0.097835
0.094267
0.098088
0.098227
0.095064
0.094524
0.091759
0.097844
0.094937
0.097295
0.096631
0.094708
0.109564
0.096543
0.098182
0.09438
0.092398
0.091896
0.088889
0.084655
0.083171
0.085251
0.082707
0.087556
0.080875
0.080451
0.08391
0.077664
0.079692
0.077228
0.077079
0.074659
0.077017
0.080516
0.074992
0.07965
0.079142
0.07536
0.079497
0.095098
0.090231
0.086024
0.084601
0.079501
0.076623
0.073828
0.078518
0.072623
0.072003
0.072353
0.072521
0.073975
0.067556
0.067044
0.066823
0.065121
0.061454
0.060361
0.062623
0.062988
0.062926
0.063552
0.065833
0.065783
0.069584
0.067999
0.073842
0.075423
0.075342
0.081062
0.081907
0.085626
0.083872
0.087094
0.090745
0.091946
0.088808
0.091987
0.098958
0.098091
0.096863
0.097375
0.097621
0.095867
0.097589
0.097789
0.095838
0.093908
0.089503
0.09221
0.091366
0.091679
0.097546
0.098016
0.096039
0.093953
0.093734
0.095024
0.094684
0.093455
0.091448
0.092532
0.096199
0.092597
0.099533
0.095472
0.091288
0.089016
0.087249
0.08916
0.088785
0.088236
0.086973
0.08412
0.086985
0.085505
0.095403
0.09207
0.091275
0.088826
0.089504
0.087546
0.086384
0.085832
0.083583
0.082392
0.081949
0.097275
0.093367
0.091093
0.08699
0.08552
0.084687
0.085952
0.08606
0.09153
0.088174
0.089646
0.087551
0.08406
0.08085
0.076839
0.074334
0.072944
0.075196
0.075069
0.074964
0.076764
0.079725
0.086649
0.07535
0.072828
0.0737
0.071599
0.072389
0.075903
0.075606
0.072422
0.066949
0.079915
0.075714
0.073729
0.072762
0.076392
0.071806
0.066384
0.065562
0.072864
0.070124
0.069749
0.065058
0.063788
0.067997
0.068435
0.079555
0.079391
0.076748
0.07124
0.071381
0.0683
0.06585
0.068845
0.06652
0.062724
0.065654
0.057118
0.061225
0.059695
0.06009
0.062028
0.060747
0.058754
0.060089
0.063241
0.058182
0.058963
0.058688
0.064855
0.06685
0.069753
0.069028
0.068628
0.073058
0.072403
0.076538
0.0803
0.084385
0.084601
0.088359
0.090821
0.08806
0.09057
0.095262
0.100184
0.097047
0.102463
0.104777
0.095122
0.099843
0.10052
0.099518
0.098481
0.106469
0.102651
0.104081
0.104156
0.10996
0.10369
0.103287
0.099626
0.106559
0.105094
0.102671
0.108846
0.104168
0.101945
0.10212
0.106424
0.10309
0.100006
0.096728
0.104431
0.105927
0.105972
0.111413
0.110394
0.102975
0.098115
0.107207
0.101135
0.096185
0.103468
0.099236
0.100238
0.091484
0.094472
0.093694
0.093264
0.091954
0.093287
0.093402
0.093603
0.09695
0.08991
0.105113
0.099371
0.092591
0.091652
0.097484
0.096059
0.094273
0.094484
0.091581
0.095304
0.092364
0.099413
0.089316
0.085197
0.08406
0.081113
0.081956
0.083994
0.081179
0.079539
0.078413
0.086622
0.081811
0.079402
0.07538
0.083455
0.079715
0.079176
0.074168
0.079066
0.07574
0.074147
0.075049
0.077681
0.085191
0.079918
0.075474
0.0719
0.073719
0.076209
0.076442
0.075761
0.078401
0.08357
0.083469
0.079067
0.076486
0.071241
0.073927
0.074754
0.071306
0.076596
0.08351
0.080595
0.077483
0.075769
0.073813
0.075206
0.076832
0.073482
0.075065
0.082961
0.076653
0.070751
0.071206
0.074844
0.077869
0.077932
0.074356
0.079206
0.074741
0.074311
0.0696
0.07481
0.075234
0.079419
0.079472
0.081346
0.077106
0.074973
0.076842
0.078486
0.074056
0.087434
0.084216
0.083819
0.080426
0.078443
0.077256
0.082331
0.072748
0.084802
0.083231
0.083022
0.07937
0.077531
0.075797
0.078162
0.077066
0.07709
0.085845
0.087454
0.082333
0.079829
0.078686
0.075842
0.079248
0.076591
0.079718
0.088975
0.086153
0.083116
0.081392
0.080198
0.077847
0.081535
0.078566
0.078635
0.080606
0.081593
0.082946
0.088261
0.091587
0.088042
0.084139
0.082692
0.082106
0.085427
0.082152
0.093653
0.092663
0.089784
0.086377
0.077549
0.078409
0.07626
0.078018
0.090173
0.078858
0.082272
0.078239
0.076002
0.074857
0.079228
0.078674
0.078191
0.085455
0.08228
0.078061
0.073722
0.074242
0.07217
0.07623
0.071995
0.071954
0.079945
0.074409
0.070073
0.070654
0.075171
0.07139
0.069339
0.067282
0.074018
0.067328
0.067963
0.072088
0.068854
0.066671
0.067326
0.072695
0.072812
0.077972
0.074839
0.073078
0.07058
0.070211
0.070372
0.076716
0.074947
0.077165
0.087591
0.082942
0.083213
0.080727
0.080692
0.08087
0.081304
0.08124
0.081223
0.083187
0.091261
0.089548
0.084749
0.08154
0.082108
0.08365
0.083117
0.088063
0.083461
0.085548
0.080725
0.084719
0.084321
0.082599
0.080264
0.083051
0.084456
0.080347
0.079817
0.083293
0.079775
0.079358
0.08249
0.086065
0.085634
0.079307
0.088774
0.090039
0.086473
0.082044
0.092098
0.087046
0.088113
0.089734
0.090875
0.098358
0.097057
0.095938
0.096027
0.094829
0.095789
0.099545
0.100184
0.101079
0.097688
0.09402
0.112203
0.100219
0.101173
0.101779
0.097754
0.090774
0.097883
0.101229
0.097516
0.106795
0.117203
0.105967
0.103331
0.09848
0.100638
0.096725
0.094611
0.102363
0.099412
0.115369
0.112198
0.109949
0.105941
0.103499
0.100601
0.098844
0.098175
0.098695
0.09536
0.100296
0.09553
0.118335
0.100142
0.103747
0.10139
0.099606
0.095559
0.093746
0.094505
0.09788
0.096501
0.092601
0.101501
0.089639
0.086774
0.083451
0.080477
0.076867
0.076162
0.078052
0.070385
0.069071
0.076176
0.073592
0.083803
0.076091
0.073126
0.074895
0.070758
0.06731
0.069667
0.07558
0.072191
0.073897
0.077555
0.091538
0.082186
0.079156
0.079837
0.078708
0.07967
0.08157
0.08175
0.079703
0.086069
0.105856
0.098276
0.098013
0.092715
0.09628
0.090319
0.093943
0.094362
0.097312
0.105271
0.097082
0.09691
0.09594
0.092807
0.094138
0.096878
0.093704
0.092876
0.109163
0.103102
0.099471
0.10038
0.095624
0.096274
0.092207
0.099032
0.101056
0.11832
0.105075
0.099731
0.097331
0.098327
0.09544
0.093761
0.096827
0.107541
0.105258
0.10612
0.101628
0.099634
0.099687
0.102854
0.100219
0.102829
0.101295
0.116822
0.111829
0.10512
0.106666
0.099031
0.098942
0.095226
0.097612
0.093454
0.095322
0.108128
0.097961
0.093606
0.097638
0.095824
0.094373
0.091202
0.092856
0.090034
0.093119
0.109961
0.104145
0.099744
0.097497
0.09133
0.093218
0.092374
0.092064
0.092198
0.090785
0.104901
0.094846
0.092512
0.086688
0.086795
0.083295
0.082603
0.085231
0.083119
0.085264
0.095272
0.092333
0.089718
0.084475
0.08692
0.083157
0.081231
0.085992
0.085823
0.102268
0.093081
0.096081
0.0946
0.098881
0.097586
0.096206
0.094467
0.104024
0.096355
0.102042
0.092641
0.09758
0.096444
0.096964
0.095209
0.095854
0.116173
0.113361
0.108946
0.107777
0.110653
0.115618
0.109697
0.107766
0.112166
0.112156
0.120591
0.114608
0.111425
0.112099
0.118414
0.12892
0.121038
0.11228
0.129136
0.129628
0.124035
0.11979
0.114278
0.119974
0.123515
0.119476
0.117743
0.114587
0.140168
0.115076
0.125232
0.116821
0.121111
0.114705
0.122136
0.11806
0.114988
0.118856
0.139775
0.131452
0.128878
0.128485
0.131862
0.130644
0.126642
0.131598
0.126171
0.130782
0.137492
0.15695
0.146489
0.139686
0.143334
0.137434
0.13513
0.131111
0.134449
0.136797
0.136175
0.130326
0.137276
0.141114
0.16637
0.153576
0.146413
0.143471
0.142249
0.144627
0.143354
0.143025
0.140954
0.144243
0.13827
0.142453
0.175188
0.158974
0.156156
0.152936
0.147241
0.150249
0.141872
0.150622
0.146414
0.141058
0.138596
0.14222
0.139198
0.174632
0.152157
0.155153
0.150862
0.149295
0.146857
0.142046
0.140366
0.15048
0.146814
0.146379
0.150766
0.153569
0.169029
0.152041
0.161166
0.154803
0.158089
0.143119
0.145771
0.148981
0.15034
0.142712
0.138885
0.148773
0.142366
0.165617
0.157559
0.149414
0.153526
0.147206
0.146966
0.13832
0.144002
0.138807
0.139518
0.134454
0.134408
0.136459
0.170651
0.147888
0.138126
0.136559
0.145352
0.135807
0.13812
0.126754
0.134893
0.137036
0.140677
0.136962
0.133887
0.163473
0.153163
0.150928
0.138528
0.140114
0.141185
0.134069
0.133234
0.13445
0.135
0.131352
0.133689
0.137191
0.164209
0.150102
0.142166
0.144908
0.142079
0.138169
0.137187
0.133172
0.142336
0.137666
0.127865
0.133256
0.133449
0.168983
0.148374
0.142342
0.145528
0.141284
0.132549
0.132278
0.127657
0.133763
0.133426
0.126193
0.12924
0.157019
0.14502
0.141053
0.141018
0.134358
0.135481
0.136259
0.133687
0.135586
0.133388
0.13066
0.13527
0.169094
0.151516
0.144373
0.1418
0.143546
0.135424
0.129956
0.128523
0.12806
0.133443
0.134183
0.136044
0.135049
0.171569
0.145027
0.145845
0.142238
0.143379
0.139831
0.138744
0.130651
0.132668
0.138665
0.133547
0.141499
0.139029
0.164398
0.144205
0.147515
0.144686
0.139198
0.1332
0.136895
0.140524
0.141253
0.140031
0.134348
0.142586
0.144439
0.163953
0.153406
0.149759
0.148401
0.14272
0.139249
0.137477
0.141228
0.140628
0.137577
0.122505
0.12959
0.152741
0.14772
0.141716
0.136765
0.14012
0.137459
0.138194
0.139249
0.140866
0.137452
0.133582
0.138206
0.170045
0.150242
0.145608
0.138151
0.139831
0.141594
0.144349
0.145932
0.138175
0.134069
0.132336
0.136535
0.148808
0.13974
0.135731
0.147898
0.146786
0.13816
0.142003
0.135975
0.1367
0.147387
0.136794
0.141998
0.141415
0.162036
0.150268
0.146082
0.137715
0.138568
0.13322
0.140446
0.139453
0.133035
0.14444
0.139584
0.162347
0.139778
0.145363
0.138117
0.139932
0.135377
0.130998
0.133873
0.135471
0.131012
0.13682
0.155695
0.142952
0.141589
0.135561
0.13719
0.131844
0.131989
0.131177
0.129081
0.133895
0.15359
0.134875
0.136356
0.136082
0.130784
0.128974
0.12659
0.128453
0.128114
0.138178
0.141023
0.154293
0.145101
0.142612
0.14499
0.139752
0.133189
0.138666
0.142943
0.145175
0.164977
0.148528
0.140993
0.145349
0.144904
0.136065
0.137512
0.128921
0.143574
0.129693
0.14175
0.176083
0.147751
0.141192
0.140445
0.131088
0.131607
0.132495
0.134717
0.140503
0.137856
0.144324
0.159764
0.137879
0.143614
0.135919
0.134873
0.134365
0.134239
0.137435
0.13734
0.132872
0.129993
0.144704
0.129097
0.134888
0.129341
0.12657
0.127184
0.129755
0.131566
0.129856
0.133891
0.14424
0.127993
0.129598
0.127731
0.126425
0.122843
0.13192
0.128982
0.134353
0.139069
0.13603
0.129802
0.136718
0.133345
0.130758
0.124344
0.12712
0.127045
0.12369
0.131743
0.124149
0.124108
0.12663
0.116936
0.12786
0.12273
0.121342
0.120866
0.128162
0.122916
0.127065
0.120428
0.130687
0.124479
0.125221
0.119339
0.127953
0.13158
0.12793
0.145581
0.129499
0.127671
0.122942
0.121086
0.117968
0.115795
0.107668
0.106535
0.106502
0.110317
0.111977
0.118032
0.118776
0.112359
0.113057
0.107156
0.10708
0.106592
0.113296
0.128356
0.126287
0.122512
0.120491
0.117795
0.114573
0.111857
0.119726
0.118295
0.115915
0.132396
0.132186
0.134505
0.13114
0.135009
0.12692
0.124711
0.127531
0.128072
0.130275
0.127336
0.128619
0.130809
0.163309
0.144002
0.138584
0.139328
0.139389
0.136039
0.131827
0.126304
0.129107
0.128932
0.129148
0.124755
0.131194
0.129067
0.124864
0.149662
0.131161
0.122875
0.122054
0.120254
0.120193
0.126098
0.118888
0.114704
0.111169
0.121582
0.148153
0.126273
0.12783
0.122903
0.121218
0.118319
0.11702
0.113359
0.112812
0.118127
0.129321
0.121275
0.119191
0.119028
0.117246
0.113744
0.112755
0.109735
0.10774
0.111485
0.110798
0.113746
0.117772
0.144634
0.125953
0.118619
0.118784
0.115357
0.114642
0.109419
0.106945
0.109372
0.115006
0.109678
0.10693
0.108289
0.111316
0.110713
0.137895
0.122038
0.119716
0.119356
0.111082
0.109225
0.108627
0.110867
0.109768
0.108453
0.113173
0.114128
0.134154
0.121076
0.119094
0.1183
0.116505
0.11279
0.113057
0.115179
0.109722
0.108349
0.111093
0.111488
0.116031
0.132953
0.12603
0.122223
0.121207
0.114876
0.114574
0.10882
0.110558
0.110348
0.109116
0.111367
0.109155
0.125119
0.105214
0.104375
0.101915
0.100855
0.099197
0.098415
0.103229
0.098661
0.104391
0.104305
0.122714
0.109246
0.114543
0.110359
0.110684
0.106153
0.100287
0.102617
0.106495
0.109204
0.105722
0.108059
0.120974
0.113197
0.109807
0.106575
0.104577
0.109904
0.111415
0.102753
0.106647
0.106557
0.106052
0.125202
0.112213
0.10529
0.101033
0.101459
0.098225
0.102374
0.100332
0.097454
0.096894
0.099203
0.115179
0.108512
0.107337
0.104622
0.102997
0.101554
0.101207
0.102484
0.10161
0.100758
0.106407
0.124754
0.118757
0.112616
0.109941
0.108429
0.107062
0.104378
0.102475
0.099769
0.10548
0.099632
0.108331
0.118591
0.11329
0.104707
0.102261
0.099901
0.099438
0.094489
0.103919
0.100453
0.10229
0.113751
0.109719
0.10241
0.100733
0.100379
0.101976
0.098572
0.106105
0.105372
0.103892
0.109529
0.103749
0.117048
0.113114
0.107151
0.10906
0.100561
0.103459
0.108113
0.107376
0.106319
0.109637
0.108876
0.126703
0.117905
0.114069
0.113132
0.107729
0.105064
0.103042
0.107545
0.107717
0.106986
0.108389
0.124561
0.110041
0.109592
0.104501
0.098986
0.096224
0.096218
0.102726
0.101716
0.098516
0.098504
0.122299
0.103666
0.108454
0.099627
0.104336
0.099969
0.099343
0.095962
0.107682
0.103724
0.123948
0.119025
0.108429
0.107716
0.10399
0.104929
0.09778
0.096929
0.101865
0.103502
0.123927
0.107879
0.10116
0.099006
0.091884
0.089296
0.085409
0.085976
0.092422
0.090842
0.094127
0.095167
0.094141
0.102963
0.093482
0.091257
0.093629
0.091763
0.093586
0.089747
0.091481
0.090697
0.090829
0.092661
0.092855
0.093888
0.102108
0.096238
0.093586
0.094066
0.097207
0.096554
0.104965
0.104126
0.095779
0.108977
0.114434
0.107826
0.104878
0.114716
0.135387
0.115007
0.113499
0.122227
0.125052
0.12438
0.112394
0.123024
0.116166
0.121316
0.1122
0.125676
0.124982
0.122494
0.11051
0.121946
0.116559
0.112906
0.10648
0.114434
0.112372
0.107511
0.106081
0.104457
0.11049
0.104527
0.111327
0.110573
0.111104
0.112901
0.12351
0.11612
0.114238
0.108056
0.111533
0.114885
0.113452
0.112981
0.10764
0.109553
0.111554
0.113999
0.10794
0.109694
0.106099
0.118204
0.113616
0.112864
0.106173
0.114063
0.111535
0.105723
0.102784
0.113403
0.110995
0.105861
0.104602
0.110957
0.111274
0.111905
0.100852
0.108646
0.105224
0.106169
0.10247
0.110404
0.101152
0.103274
0.103209
0.10627
0.10591
0.103187
0.100947
0.106116
0.104409
0.103258
0.100787
0.107955
0.106506
0.105909
0.105605
0.109661
0.109695
0.105437
0.105317
0.102674
0.112095
0.111796
0.113681
0.108658
0.118526
0.114648
0.11319
0.109733
0.113521
0.11584
0.116623
0.113366
0.114795
0.110175
0.122965
0.122278
0.120287
0.118218
0.128196
0.131257
0.129272
0.125078
0.130056
0.13624
0.132056
0.126852
0.135564
0.138248
0.128106
0.132329
0.12706
0.140215
0.137324
0.134463
0.128332
0.13482
0.130325
0.122044
0.12489
0.118155
0.130776
0.129554
0.126473
0.119013
0.129406
0.126798
0.125578
0.121218
0.121302
0.125915
0.122527
0.127693
0.124482
0.132805
0.127627
0.127911
0.123707
0.123501
0.1158
0.126454
0.128766
0.117859
0.11615
0.115211
0.113334
0.117336
0.127516
0.116481
0.116979
0.130308
0.116655
0.116546
0.12291
0.116456
0.116534
0.109206
0.119117
0.113318
0.114898
0.10764
0.108724
0.107066
0.135545
0.116267
0.120787
0.118434
0.107576
0.109122
0.106583
0.106659
0.102382
0.104855
0.11583
0.107756
0.111604
0.107739
0.13181
0.117422
0.112495
0.115309
0.11262
0.109326
0.106727
0.111117
0.111798
0.110143
0.109053
0.111099
0.114856
0.120522
0.143554
0.121092
0.114441
0.115771
0.110973
0.112053
0.113632
0.114583
0.106421
0.10912
0.116016
0.113614
0.115193
0.118579
0.118985
0.136752
0.133312
0.13079
0.130143
0.12324
0.117257
0.120645
0.126704
0.12322
0.120876
0.123167
0.120939
0.118462
0.120587
0.150613
0.125085
0.118897
0.124115
0.117505
0.120704
0.114028
0.113298
0.115854
0.122492
0.122082
0.115364
0.117445
0.124975
0.121712
0.149964
0.125605
0.12998
0.124253
0.118846
0.122449
0.120782
0.110977
0.116886
0.122383
0.120337
0.118551
0.120415
0.130737
0.118274
0.139692
0.129166
0.122671
0.120662
0.122703
0.109444
0.1125
0.116976
0.113698
0.108416
0.113483
0.114749
0.116994
0.119395
0.112986
0.139781
0.113854
0.114221
0.112031
0.111394
0.106149
0.103881
0.104452
0.104775
0.099473
0.098904
0.097239
0.095882
0.096627
0.094906
0.096964
0.087441
0.091812
0.087456
0.082996
0.083226
0.081245
0.080753
0.07793
0.077536
0.073276
0.072151
0.074197
0.068681
0.069741
0.067746
0.070341
0.071171
0.067428
0.07348
0.068575
0.067144
0.064763
0.06184
0.06389
0.064906
0.066766
0.07529
0.068988
0.069205
0.067766
0.06711
0.062466
0.062964
0.0669
0.063554
0.065561
0.062267
0.064698
0.068634
0.066951
0.06817
0.063763
0.07346
0.066539
0.063845
0.060765
0.063482
0.06091
0.060734
0.059466
0.057192
0.064285
0.063797
0.054583
0.058761
0.063102
0.060461
0.061524
0.059832
0.063731
0.061415
0.06309
0.062066
0.067519
0.06677
0.062836
0.067226
0.066632
0.065654
0.061592
0.057699
0.060776
0.059507
0.057254
0.054072
0.055519
0.05335
0.054344
0.050565
0.050486
0.049505
0.04633
0.04483
0.043373
0.043503
0.044044
0.042181
0.04056
0.042203
0.044813
0.050578
0.042647
0.039958
0.040904
0.03943
0.039915
0.040734
0.041338
0.04055
0.038856
0.047076
0.042556
0.039752
0.039387
0.037976
0.040209
0.041963
0.041698
0.040655
0.042425
0.047444
0.046265
0.04358
0.045188
0.047787
0.048999
0.052347
0.050679
0.055294
0.057749
0.056678
0.052579
0.05511
0.05707
0.056986
0.05474
0.057809
0.05653
0.054995
0.057874
0.054564
0.054925
0.054301
0.053815
0.058245
0.055631
0.05645
0.061298
0.060696
0.058123
0.0595
0.054913
0.059396
0.058461
0.060017
0.063824
0.063677
0.063871
0.062328
0.063076
0.06722
0.065709
0.06911
0.07107
0.067311
0.066779
0.067904
0.07177
0.069544
0.069725
0.068408
0.070178
0.066067
0.068691
0.069216
0.066318
0.070285
0.068587
0.063657
0.059515
0.067449
0.062229
0.066502
0.064913
0.062338
0.055565
0.055797
0.058705
0.056554
0.051992
0.056409
0.05577
0.055262
0.06248
0.061531
0.059075
0.061415
0.060456
0.05844
0.062096
0.061313
0.062107
0.062859
0.061592
0.058977
0.060022
0.063365
0.066444
0.063541
0.062913
0.072326
0.074563
0.070553
0.074194
0.07675
0.081574
0.080734
0.080578
0.084225
0.092346
0.091848
0.089702
0.086169
0.092253
0.094616
0.092571
0.093478
0.099343
0.105568
0.10679
0.105977
0.105843
0.108907
0.11409
0.114174
0.111486
0.108029
0.116242
0.122329
0.118232
0.116991
0.123964
0.124474
0.119824
0.123279
0.123597
0.120308
0.120869
0.120797
0.125479
0.115952
0.133026
0.134849
0.134371
0.124106
0.126308
0.121096
0.131675
0.132701
0.123534
0.12163
0.12658
0.141193
0.131465
0.126256
0.128314
0.130308
0.141124
0.136987
0.135661
0.132697
0.131324
0.144394
0.138087
0.138014
0.140865
0.134859
0.150031
0.146016
0.142192
0.138226
0.136754
0.148299
0.145521
0.142478
0.141436
0.136602
0.146862
0.140767
0.139971
0.137641
0.135159
0.150942
0.149812
0.148595
0.147471
0.143868
0.152238
0.151687
0.148597
0.146088
0.140027
0.153679
0.148854
0.144857
0.145286
0.135753
0.150934
0.148195
0.150568
0.145256
0.140161
0.152388
0.144985
0.142229
0.140521
0.140166
0.151411
0.151975
0.148873
0.144545
0.13548
0.150748
0.157218
0.149524
0.147023
0.143981
0.15792
0.147508
0.144138
0.148852
0.142243
0.156103
0.151692
0.147926
0.145898
0.14286
0.148296
0.151962
0.141856
0.139977
0.136339
0.135252
0.135445
0.140701
0.12866
0.130821
0.132525
0.153908
0.142878
0.137017
0.141655
0.139197
0.140719
0.148069
0.148671
0.145974
0.135531
0.136685
0.146054
0.166923
0.15844
0.153912
0.14909
0.164776
0.154575
0.156741
0.147101
0.140139
0.148293
0.159188
0.159984
0.14847
0.142917
0.136397
0.149292
0.177181
0.154698
0.154488
0.148587
0.148774
0.138115
0.133976
0.136088
0.133204
0.139899
0.136039
0.140981
0.143665
0.139035
0.169854
0.138435
0.132136
0.134795
0.129032
0.131361
0.129963
0.130303
0.126409
0.122019
0.128729
0.121401
0.149843
0.135109
0.12815
0.130587
0.124971
0.12611
0.125444
0.123604
0.126962
0.127411
0.141299
0.133235
0.133013
0.134338
0.128404
0.124812
0.126282
0.128593
0.127906
0.124851
0.132218
0.129859
0.158235
0.143965
0.137012
0.139503
0.133099
0.136032
0.128889
0.131319
0.130956
0.126789
0.133262
0.138381
0.159668
0.14796
0.137563
0.134138
0.132414
0.133227
0.130176
0.126463
0.129812
0.138153
0.130571
0.134828
0.15723
0.136092
0.136013
0.142518
0.135473
0.140637
0.136395
0.12794
0.133635
0.132109
0.13379
0.135424
0.133117
0.162736
0.143148
0.142289
0.142066
0.136314
0.137186
0.136194
0.133594
0.133191
0.138162
0.136257
0.137242
0.133792
0.163867
0.145548
0.147459
0.145607
0.147132
0.140643
0.137914
0.137348
0.140291
0.144898
0.138611
0.144101
0.137927
0.138915
0.158377
0.151378
0.150381
0.147271
0.139331
0.140873
0.136734
0.139248
0.142112
0.141544
0.142411
0.134308
0.140148
0.174181
0.15253
0.145353
0.147805
0.140556
0.140215
0.134332
0.135774
0.130411
0.137465
0.136742
0.138332
0.139539
0.168869
0.154504
0.14916
0.144596
0.145123
0.144144
0.139592
0.137214
0.139404
0.143012
0.143621
0.143681
0.140568
0.168367
0.155756
0.154808
0.155544
0.145136
0.148441
0.144349
0.142245
0.138414
0.141377
0.14096
0.141226
0.141259
0.167711
0.159299
0.154803
0.149239
0.145353
0.140892
0.140853
0.13859
0.139261
0.135675
0.137004
0.135087
0.163106
0.152676
0.150348
0.14077
0.141071
0.140921
0.140428
0.128976
0.131236
0.136872
0.135739
0.127723
0.132788
0.162205
0.149733
0.146189
0.146104
0.135445
0.140163
0.133378
0.137738
0.135257
0.13504
0.137104
0.136908
0.138212
0.166953
0.145525
0.136487
0.140872
0.140081
0.128058
0.137626
0.12816
0.133425
0.134854
0.126712
0.126736
0.132293
0.133798
0.132763
0.161888
0.143026
0.140435
0.137349
0.132367
0.132637
0.129248
0.123742
0.126655
0.123663
0.122652
0.126531
0.122898
0.159738
0.137574
0.130495
0.133615
0.132628
0.123597
0.126528
0.125151
0.125149
0.126654
0.128564
0.133843
0.144398
0.138094
0.129598
0.134392
0.134077
0.126618
0.130502
0.130122
0.124929
0.132774
0.125317
0.13212
0.159474
0.137119
0.137416
0.13772
0.133329
0.133494
0.128689
0.130527
0.127663
0.132017
0.128146
0.129386
0.141083
0.160764
0.146331
0.142143
0.137786
0.130341
0.129302
0.134597
0.132257
0.130117
0.133387
0.131429
0.133794
0.128685
0.164128
0.149507
0.138593
0.135825
0.140349
0.137488
0.132485
0.129835
0.129481
0.131089
0.128657
0.130564
0.132361
0.128275
0.16121
0.133128
0.129585
0.127374
0.130267
0.126322
0.126517
0.122833
0.130722
0.120808
0.12576
0.130901
0.134321
0.149716
0.137336
0.135061
0.129276
0.134054
0.128897
0.133542
0.136241
0.127889
0.134036
0.121611
0.130406
0.131373
0.161843
0.139507
0.137045
0.138875
0.134522
0.130858
0.125698
0.126727
0.133517
0.133396
0.138565
0.141488
0.139612
0.163641
0.142413
0.145987
0.143137
0.135025
0.129569
0.133371
0.138197
0.134148
0.142622
0.134391
0.141586
0.165199
0.135163
0.139065
0.137018
0.136146
0.135308
0.131413
0.139537
0.137997
0.136559
0.137923
0.132182
0.159339
0.138934
0.139435
0.136962
0.134625
0.133359
0.125567
0.123818
0.120251
0.129331
0.129701
0.131637
0.131231
0.161523
0.138822
0.136432
0.136309
0.131589
0.13128
0.124731
0.124217
0.126193
0.13261
0.13208
0.148367
0.143902
0.16904
0.14875
0.135531
0.144569
0.140847
0.140727
0.139162
0.137454
0.135951
0.131599
0.13643
0.134108
0.133299
0.162691
0.150558
0.149602
0.138821
0.136654
0.126288
0.12694
0.132428
0.134878
0.133378
0.134837
0.128421
0.131212
0.161991
0.137492
0.141512
0.140515
0.136713
0.132796
0.135261
0.137093
0.138856
0.138828
0.142147
0.16638
0.152463
0.150362
0.145052
0.145913
0.142197
0.141899
0.135198
0.130237
0.140402
0.136874
0.13275
0.149859
0.133798
0.12791
0.127128
0.126927
0.121486
0.133986
0.128468
0.133887
0.150002
0.140665
0.148059
0.146705
0.144173
0.142379
0.143286
0.143823
0.141944
0.140882
0.134241
0.138972
0.137669
0.169174
0.143983
0.137794
0.135384
0.132352
0.134038
0.129259
0.122844
0.121741
0.12036
0.119082
0.122168
0.123063
0.122648
0.156959
0.131884
0.128409
0.128486
0.124896
0.120426
0.117503
0.118613
0.119864
0.11732
0.125238
0.120929
0.134331
0.118979
0.113851
0.118698
0.116693
0.109346
0.108009
0.114574
0.112175
0.115488
0.108413
0.109115
0.112794
0.114129
0.112642
0.107012
0.126713
0.116581
0.111501
0.109648
0.105289
0.10254
0.105145
0.100331
0.099759
0.100998
0.100972
0.098617
0.095126
0.090937
0.094625
0.094949
0.087815
0.092299
0.087957
0.086349
0.081325
0.087778
0.085329
0.081665
0.079379
0.08318
0.084807
0.080091
0.081939
0.092983
0.085477
0.102095
0.098399
0.099878
0.098108
0.095268
0.094948
0.094856
0.101068
0.100408
0.098108
0.096531
0.098831
0.09883
0.107728
0.112752
0.102674
0.110673
0.104133
0.110656
0.108566
0.102033
0.103385
0.114907
0.116205
0.112908
0.11572
0.120722
0.117665
0.1116
0.113658
0.111694
0.11748
0.117566
0.113159
0.12247
0.12782
0.128028
0.127591
0.127314
0.124872
0.127264
0.125895
0.124682
0.126966
0.121929
0.117191
0.117339
0.120071
0.122767
0.13107
0.131427
0.135014
0.132295
0.132943
0.129543
0.124136
0.134336
0.127276
0.128329
0.124667
0.122443
0.125445
0.133462
0.138584
0.133461
0.130549
0.134233
0.135611
0.133408
0.129917
0.127083
0.125335
0.127242
0.134987
0.143285
0.135918
0.13925
0.133083
0.133195
0.132192
0.133724
0.129397
0.134362
0.139867
0.142871
0.137614
0.138679
0.137889
0.134242
0.137938
0.137384
0.135464
0.136612
0.136221
0.146092
0.146828
0.146387
0.142396
0.142755
0.137494
0.137078
0.140197
0.133579
0.134444
0.132793
0.140476
0.144954
0.137055
0.141411
0.143759
0.142289
0.135976
0.137358
0.133883
0.131989
0.131819
0.136472
0.14111
0.141172
0.135105
0.140161
0.137838
0.133174
0.136561
0.134121
0.136052
0.133156
0.131686
0.127177
0.132215
0.129889
0.139745
0.135323
0.140275
0.134983
0.132675
0.137568
0.138215
0.13203
0.137961
0.133125
0.137926
0.136808
0.143427
0.145518
0.140036
0.145344
0.149002
0.134822
0.132999
0.138142
0.138113
0.137153
0.132591
0.130574
0.133934
0.136215
0.139755
0.14291
0.150891
0.15129
0.148411
0.148203
0.149916
0.14773
0.148278
0.145758
0.147284
0.148006
0.148449
0.148537
0.149292
0.149572
0.151563
0.14351
0.136644
0.13967
0.143974
0.141594
0.141137
0.1413
0.13968
0.142629
0.140866
0.141341
0.13788
0.140607
0.142229
0.139733
0.149135
0.146194
0.138944
0.139866
0.140366
0.13662
0.138684
0.140762
0.136502
0.140552
0.138409
0.136374
0.143103
0.145449
0.143492
0.143687
0.143991
0.14471
0.139203
0.140116
0.137409
0.133153
0.133741
0.135997
0.135403
0.133723
0.136067
0.133981
0.133307
0.129718
0.138917
0.141584
0.156587
0.150231
0.153806
0.149477
0.148052
0.148407
0.146758
0.145063
0.144786
0.148373
0.146861
0.145536
0.13605
0.135555
0.139018
0.139718
0.138552
0.136279
0.131447
0.135872
0.132028
0.131095
0.132999
0.131361
0.135669
0.134142
0.135399
0.130526
0.132014
0.131091
0.128766
0.126478
0.119424
0.118714
0.11927
0.117557
0.1118
0.108045
0.106236
0.107434
0.109157
0.112171
0.109796
0.109108
0.104097
0.102232
0.114408
0.108527
0.107147
0.103264
0.105056
0.114613
0.103952
0.102896
0.100066
0.097695
0.106482
0.100724
0.100264
0.095965
0.093859
0.095733
0.09452
0.099325
0.098
0.099692
0.101084
0.100668
0.100903
0.096469
0.097116
0.09334
0.092312
0.095011
0.093466
0.098082
0.098857
0.097892
0.090619
0.089807
0.091548
0.091493
0.097572
0.099213
0.096752
0.095773
0.094115
0.096933
0.103475
0.098528
0.097501
0.098838
0.096807
0.103931
0.102404
0.099066
0.095752
0.097569
0.097593
0.09421
0.095083
0.088527
0.084226
0.084545
0.083899
0.088131
0.089029
0.090981
0.090516
0.094189
0.092155
0.090437
0.09079
0.095315
0.111336
0.099366
0.109011
0.108256
0.102624
0.102533
0.10338
0.098994
0.101887
0.101726
0.107244
0.105911
0.105828
0.110661
0.104951
0.110312
0.107359
0.104412
0.103059
0.108258
0.101229
0.106837
0.105529
0.104856
0.103929
0.095924
0.101046
0.102572
0.109849
0.113591
0.116006
0.107863
0.109112
0.112726
0.112759
0.115506
0.111726
0.110824
0.110889
0.110912
0.109197
0.1074
0.109469
0.107061
0.110374
0.109012
0.106792
0.102776
0.103968
0.106384
0.106277
0.103543
0.104079
0.103704
0.10494
0.104129
0.099653
0.102614
0.104256
0.102617
0.10019
0.09939
0.115971
0.110562
0.112621
0.111801
0.110881
0.117935
0.114067
0.11246
0.111497
0.107478
0.110914
0.108546
0.104365
0.107296
0.115006
0.106251
0.107814
0.111283
0.108936
0.112898
0.112606
0.113391
0.10907
0.110802
0.106673
0.10576
0.103071
0.107653
0.102916
0.103007
0.103455
0.096831
0.097705
0.099424
0.098721
0.099214
0.095356
0.097395
0.105835
0.107239
0.109904
0.106907
0.105693
0.108517
0.103047
0.105481
0.106995
0.103592
0.104229
0.101693
0.101896
0.105116
0.104878
0.101936
0.102093
0.103321
0.0996
0.101774
0.102959
0.108664
0.102834
0.102691
0.10019
0.101183
0.100245
0.101775
0.100802
0.099587
0.100029
0.094962
0.099876
0.101929
0.097742
0.100548
0.10142
0.095253
0.097834
0.102227
0.097632
0.101239
0.09721
0.105179
0.102824
0.098934
0.098925
0.102636
0.102759
0.10267
0.101831
0.099006
0.097569
0.101627
0.102333
0.102688
0.10366
0.100286
0.100307
0.101616
0.105668
0.099504
0.099689
0.095853
0.093384
0.102613
0.113385
0.117579
0.115416
0.113875
0.10965
0.112161
0.113434
0.108634
0.111627
0.110081
0.105223
0.110187
0.109956
0.108415
0.105978
0.103911
0.104561
0.109761
0.108501
0.106251
0.105144
0.107379
0.107334
0.10507
0.102166
0.106227
0.103617
0.104226
0.105306
0.104572
0.104246
0.106266
0.106797
0.100453
0.101455
0.102991
0.10032
0.098864
0.101433
0.104549
0.105723
0.100545
0.103036
0.104549
0.105969
0.100001
